4046.277344	223.259979
4043.892578	208.585602
4041.505859	234.697281
4039.119141	225.178650
4036.731445	227.183685
4034.342773	222.907959
4031.952148	239.557617
4029.561523	204.955231
4027.169922	245.640060
4024.777344	245.542969
4022.383789	245.445892
4019.989258	253.701111
4017.593750	245.251724
4015.197266	259.759613
4012.799805	250.271576
4010.401367	264.765839
4008.001953	249.031326
4005.601563	270.805359
4003.201172	252.998474
4000.798828	268.509094
3998.395508	273.604126
3995.991211	249.577652
3993.585938	262.991974
3991.180664	258.731140
3988.773438	279.401672
3986.365234	291.749664
3983.957031	266.725403
3981.546875	278.031006
3979.135742	309.030823
3976.724609	277.809692
3974.311523	295.314270
3971.898438	295.196594
3969.483398	311.644775
3967.068359	303.240875
3964.651367	323.810699
3962.234375	321.613251
3959.815430	314.248871
3957.396484	320.323181
3954.975586	337.754333
3952.554688	337.619354
3950.131836	312.714905
3947.708984	332.191193
3945.284180	309.371094
3942.859375	344.295349
3940.432617	362.704926
3938.005859	341.959686
3935.577148	341.822723
3933.148438	370.502625
3930.718750	354.922668
3928.287109	373.290619
3925.855469	349.498352
3923.421875	385.321411
3920.988281	390.302307
3918.552734	385.012085
3916.117188	414.619720
3913.680664	413.427246
3911.242188	395.828217
3908.803711	388.493683
3906.363281	396.534515
3903.922852	398.423401
3901.480469	402.358276
3899.038086	425.734467
3896.593750	442.953766
3894.149414	457.091339
3891.703125	433.397339
3889.256836	423.005066
3886.808594	442.239899
3884.360352	456.354431
3881.910156	485.765198
3879.459961	472.307709
3877.007813	476.195709
3874.555664	472.945496
3872.101563	439.131714
3869.646484	476.637024
3867.191406	476.444244
3864.734375	510.850983
3862.277344	475.041534
3859.818359	503.319855
3857.358398	493.968445
3854.897461	525.263855
3852.436523	511.848572
3849.973633	539.050415
3847.509766	539.846619
3845.044922	506.154480
3842.579102	545.492188
3840.113281	558.446472
3837.645508	586.586609
3835.176758	575.208740
3832.707031	574.975037
3830.236328	568.670166
3827.764648	590.691040
3825.291992	611.682739
3822.818359	614.465820
3820.343750	603.103333
3817.868164	628.103088
3815.390625	610.687500
3812.913086	613.465759
3810.434570	666.670410
3807.955078	653.292542
3805.473633	621.785706
3802.992188	672.906738
3800.509766	693.777832
3798.025391	679.403320
3795.541016	671.077087
3793.054688	702.985474
3790.568359	685.608398
3788.080078	706.430725
3785.591797	724.222412
3783.101563	753.043945
3780.610352	732.663025
3778.119141	732.363220
3775.625977	748.108765
3773.131836	765.845947
3770.636719	813.628601
3768.140625	795.266602
3765.643555	779.922974
3763.145508	811.628052
3760.646484	827.301086
3758.146484	833.961426
3755.645508	774.646240
3753.143555	817.291016
3750.639648	829.938904
3748.135742	841.577881
3745.630859	818.280396
3743.124023	890.761108
3740.617188	894.383362
3738.108398	849.165344
3735.599609	946.449890
3733.088867	967.969238
3730.577148	974.539001
3728.064453	946.276917
3725.551758	948.871155
3723.037109	966.376160
3720.521484	947.095703
3718.004883	968.560059
3715.487305	1035.683716
3712.967773	997.538818
3710.448242	1010.025452
3707.927734	1003.658142
3705.406250	1001.261169
3702.882813	1046.430908
3700.359375	1058.875732
3697.833984	1091.112183
3695.308594	1105.506958
3692.781250	1097.135620
3690.252930	1090.748535
3687.723633	1104.136230
3685.193359	1156.047363
3682.662109	1158.531982
3680.129883	1168.912109
3677.596680	1198.033569
3675.062500	1153.147583
3672.527344	1208.873535
3669.990234	1218.228760
3667.453125	1217.723755
3664.915039	1243.808472
3662.375000	1265.933594
3659.833984	1270.328369
3657.292969	1259.965332
3654.750000	1324.331421
3652.206055	1306.091797
3649.661133	1300.637451
3647.115234	1351.158203
3644.568359	1323.113525
3642.019531	1372.601074
3639.470703	1412.239868
3636.920898	1383.223267
3634.369141	1394.406616
3631.817383	1391.867188
3629.263672	1437.304932
3626.708984	1493.469971
3624.153320	1464.477905
3621.596680	1514.716797
3619.039063	1503.333374
3616.480469	1545.696899
3613.920898	1557.748657
3611.360352	1597.124512
3608.797852	1580.844849
3606.235352	1643.587402
3603.670898	1664.351563
3601.105469	1616.875244
3598.540039	1649.322632
3595.972656	1636.947998
3593.404297	1692.720215
3590.834961	1767.905029
3588.264648	1759.385010
3585.692383	1754.760376
3583.120117	1780.263672
3580.545898	1781.461182
3577.971680	1828.291748
3575.395508	1853.730713
3572.818359	1893.699707
3570.240234	1966.605469
3567.661133	1892.112915
3565.081055	1937.827515
3562.500000	1995.125366
3559.917969	2036.885010
3557.333984	2061.190430
3554.750000	2144.479492
3552.164063	2093.301270
3549.577148	2127.215576
3546.989258	2154.338135
3544.400391	2189.162598
3541.810547	2211.408691
3539.219727	2199.865723
3536.626953	2279.954346
3534.034180	2342.622070
3531.439453	2341.636719
3528.844727	2368.584961
3526.248047	2387.807129
3523.650391	2460.908203
3521.051758	2497.390381
3518.451172	2498.261475
3515.850586	2572.182861
3513.249023	2598.000977
3510.645508	2601.707764
3508.041016	2662.049805
3505.436523	2739.612793
3502.830078	2713.518311
3500.222656	2718.125732
3497.613281	2765.854980
3495.003906	2869.105225
3492.393555	2903.323242
3489.781250	2875.296143
3487.167969	2934.356445
3484.553711	2986.671387
3481.938477	3002.615723
3479.322266	3031.923096
3476.705078	3089.858643
3474.086914	3101.917480
3471.466797	3167.407227
3468.845703	3183.237061
3466.224609	3232.425293
3463.601563	3261.555908
3460.977539	3321.147461
3458.351563	3298.789063
3455.725586	3343.082031
3453.098633	3400.657471
3450.469727	3387.802002
3447.839844	3589.812744
3445.208984	3550.277832
3442.577148	3561.119385
3439.944336	3631.768311
3437.310547	3725.133789
3434.674805	3743.473633
3432.039063	3785.503418
3429.401367	3815.174316
3426.762695	3890.297363
3424.123047	3981.455322
3421.481445	4022.361816
3418.839844	4109.598633
3416.197266	4165.546875
3413.552734	4190.246582
3410.907227	4199.803223
3408.260742	4366.162109
3405.613281	4425.678223
3402.963867	4403.027832
3400.314453	4544.554688
3397.663086	4556.762695
3395.011719	4673.592285
3392.358398	4723.421875
3389.704102	4762.847168
3387.047852	4806.003418
3384.391602	4938.519531
3381.733398	4966.511230
3379.075195	4980.374023
3376.415039	5086.326660
3373.753906	5164.004395
3371.090820	5306.406738
3368.427734	5335.112793
3365.762695	5434.159180
3363.097656	5419.643555
3360.430664	5599.183594
3357.762695	5573.362793
3355.092773	5744.250977
3352.422852	5738.982910
3349.750977	5759.920898
3347.079102	5883.734375
3344.405273	6007.439941
3341.729492	6022.623535
3339.053711	6127.476074
3336.376953	6131.385742
3333.698242	6281.835449
3331.018555	6363.111328
3328.337891	6282.975098
3325.656250	6435.024902
3322.973633	6505.875488
3320.289063	6559.897949
3317.604492	6781.453613
3314.917969	6685.479980
3312.230469	6908.647461
3309.541016	6905.678223
3306.851563	7017.956543
3304.160156	7157.077148
3301.467773	7206.000977
3298.774414	7270.660156
3296.080078	7425.259277
3293.384766	7456.377441
3290.687500	7575.533203
3287.990234	7664.005371
3285.291016	7759.809082
3282.589844	7909.225586
3279.888672	7922.474609
3277.186523	8094.812988
3274.482422	8168.066406
3271.777344	8268.980469
3269.071289	8478.816406
3266.364258	8531.487305
3263.655273	8694.872070
3260.945313	8826.745117
3258.234375	8963.112305
3255.522461	8962.928711
3252.809570	9121.228516
3250.095703	9272.021484
3247.379883	9447.538086
3244.663086	9530.875977
3241.945313	9689.566406
3239.226563	9687.214844
3236.505859	9900.837891
3233.784180	10032.512695
3231.061523	10143.870117
3228.337891	10290.923828
3225.613281	10282.798828
3222.886719	10529.618164
3220.160156	10641.472656
3217.431641	10680.841797
3214.702148	10842.899414
3211.970703	10920.591797
3209.239258	11145.538086
3206.505859	11251.379883
3203.771484	11301.355469
3201.035156	11409.772461
3198.298828	11620.402344
3195.560547	11739.537109
3192.821289	11945.271484
3190.081055	11976.575195
3187.339844	12105.420898
3184.596680	12173.080078
3181.853516	12422.898438
3179.108398	12523.140625
3176.361328	12729.797852
3173.614258	12779.765625
3170.865234	12882.439453
3168.115234	13009.565430
3165.364258	13242.898438
3162.612305	13297.083984
3159.858398	13462.893555
3157.104492	13528.725586
3154.347656	13756.875977
3151.590820	13950.366211
3148.833008	14150.029297
3146.073242	14241.704102
3143.312500	14507.164063
3140.550781	14569.628906
3137.787109	14660.083984
3135.023438	14962.081055
3132.257813	14974.534180
3129.491211	15265.278320
3126.722656	15488.025391
3123.954102	15598.625000
3121.183594	15596.322266
3118.412109	15858.307617
3115.638672	16141.697266
3112.865234	16101.294922
3110.089844	16264.511719
3107.313477	16547.339844
3104.536133	16655.304688
3101.756836	16635.421875
3098.976563	16866.443359
3096.195313	17090.068359
3093.413086	17208.369141
3090.628906	17347.218750
3087.844727	17508.382813
3085.058594	17704.396484
3082.270508	18030.281250
3079.482422	18102.166016
3076.692383	18415.931641
3073.901367	18440.994141
3071.109375	18351.431641
3068.315430	18967.144531
3065.520508	18853.263672
3062.724609	18907.578125
3059.927734	19218.343750
3057.128906	19452.003906
3054.329102	19544.363281
3051.528320	19610.751953
3048.726563	19703.841797
3045.922852	19985.902344
3043.118164	20162.525391
3040.312500	20144.748047
3037.505859	20275.710938
3034.697266	20439.492188
3031.887695	20632.488281
3029.077148	20726.580078
3026.264648	20975.277344
3023.452148	21235.302734
3020.637695	21367.181641
3017.821289	21574.406250
3015.004883	21712.220703
3012.186523	21710.632813
3009.367188	22092.093750
3006.545898	22357.992188
3003.724609	22486.332031
3000.901367	22607.466797
2998.077148	22882.503906
2995.250977	23026.347656
2992.423828	22849.921875
2989.595703	23283.578125
2986.766602	23546.316406
2983.935547	23678.105469
2981.104492	23945.720703
2978.270508	24086.908203
2975.436523	24385.843750
2972.600586	24389.164063
2969.763672	24401.287109
2966.925781	24485.621094
2964.085938	24526.730469
2961.245117	24929.501953
2958.403320	25095.279297
2955.560547	25315.416016
2952.715820	25618.845703
2949.870117	25532.822266
2947.023438	25704.154297
2944.174805	25736.644531
2941.325195	25997.207031
2938.474609	26156.683594
2935.622070	26415.935547
2932.768555	26380.558594
2929.914063	26466.062500
2927.058594	26664.408203
2924.201172	26875.695313
2921.342773	27043.054688
2918.483398	27141.195313
2915.622070	27273.318359
2912.759766	27317.972656
2909.896484	27339.878906
2907.032227	27495.275391
2904.166016	27779.623047
2901.298828	27918.976563
2898.429688	27923.113281
2895.559570	27950.757813
2892.688477	28291.833984
2889.816406	28420.232422
2886.942383	28589.396484
2884.067383	28696.662109
2881.191406	28742.980469
2878.314453	29062.050781
2875.435547	29319.171875
2872.554688	29324.328125
2869.673828	29629.671875
2866.791016	29806.380859
2863.907227	29970.789063
2861.021484	30166.234375
2858.134766	30483.613281
2855.247070	30276.085938
2852.358398	30688.298828
2849.467773	30873.523438
2846.576172	31118.226563
2843.682617	31102.591797
2840.789063	31145.697266
2837.893555	31445.179688
2834.996094	31841.902344
2832.097656	31743.986328
2829.198242	32118.644531
2826.297852	31738.853516
2823.395508	31989.111328
2820.492188	31993.732422
2817.587891	32581.019531
2814.681641	32229.189453
2811.774414	32270.642578
2808.866211	32234.693359
2805.956055	32625.755859
2803.044922	32816.371094
2800.131836	32759.593750
2797.218750	32813.535156
2794.303711	32834.832031
2791.386719	32796.093750
2788.468750	32942.457031
2785.549805	33095.531250
2782.629883	33298.960938
2779.708008	33435.457031
2776.785156	33398.199219
2773.860352	33363.523438
2770.935547	33452.777344
2768.007813	33533.402344
2765.080078	33302.320313
2762.150391	33405.105469
2759.219727	33721.886719
2756.287109	33657.257813
2753.353516	33833.855469
2750.418945	33817.769531
2747.482422	33794.875000
2744.544922	33961.781250
2741.606445	34064.722656
2738.666016	34154.808594
2735.724609	33988.125000
2732.782227	33916.730469
2729.837891	34414.320313
2726.892578	34149.257813
2723.945313	34451.992188
2720.997070	34299.914063
2718.047852	34440.394531
2715.097656	34482.453125
2712.145508	34436.394531
2709.191406	34584.203125
2706.237305	34264.832031
2703.281250	34506.437500
2700.323242	34195.820313
2697.364258	34624.796875
2694.404297	34570.285156
2691.443359	34233.015625
2688.480469	34351.687500
2685.515625	34589.164063
2682.550781	34255.679688
2679.583984	34537.625000
2676.615234	34182.546875
2673.646484	34283.238281
2670.674805	34207.957031
2667.703125	34114.226563
2664.729492	34063.449219
2661.754883	34048.000000
2658.778320	34035.074219
2655.800781	33817.289063
2652.821289	33676.902344
2649.840820	33338.660156
2646.859375	33143.257813
2643.876953	33139.101563
2640.892578	33520.273438
2637.906250	33008.519531
2634.918945	32905.636719
2631.930664	32752.648438
2628.941406	32770.367188
2625.950195	32717.851563
2622.957031	32756.433594
2619.963867	32648.003906
2616.967773	32584.734375
2613.971680	32433.080078
2610.973633	32155.634766
2607.974609	31900.937500
2604.973633	31721.445313
2601.971680	31796.925781
2598.967773	31420.351563
2595.962891	31603.207031
2592.957031	31353.449219
2589.949219	31152.951172
2586.940430	30796.423828
2583.929688	30969.226563
2580.917969	30696.099609
2577.905273	30570.072266
2574.890625	30637.384766
2571.875000	30140.105469
2568.857422	30041.818359
2565.838867	29816.896484
2562.819336	29862.869141
2559.797852	29486.792969
2556.775391	29162.328125
2553.750977	29215.121094
2550.725586	28919.154297
2547.698242	28835.712891
2544.669922	28496.417969
2541.640625	28409.101563
2538.609375	27901.208984
2535.577148	27889.250000
2532.542969	27673.753906
2529.507813	27572.111328
2526.471680	27042.447266
2523.433594	26941.992188
2520.393555	26761.835938
2517.353516	26640.208984
2514.310547	26521.150391
2511.267578	26196.841797
2508.222656	26029.638672
2505.175781	25816.625000
2502.127930	25401.191406
2499.079102	25250.957031
2496.028320	25183.623047
2492.976563	24550.318359
2489.922852	24540.664063
2486.868164	24194.656250
2483.812500	24049.369141
2480.754883	23943.455078
2477.695313	23959.400391
2474.634766	23590.576172
2471.573242	23285.769531
2468.509766	23152.621094
2465.445313	23036.718750
2462.378906	22672.228516
2459.311523	22652.808594
2456.242188	22161.734375
2453.171875	22053.800781
2450.100586	21685.523438
2447.027344	21643.787109
2443.953125	21368.716797
2440.876953	20968.732422
2437.799805	20861.562500
2434.720703	20709.013672
2431.640625	20576.888672
2428.558594	20282.630859
2425.475586	20111.078125
2422.390625	19910.500000
2419.304688	19723.062500
2416.217773	19376.273438
2413.128906	19309.839844
2410.038086	19009.662109
2406.946289	18723.501953
2403.853516	18547.521484
2400.758789	18161.654297
2397.663086	18272.744141
2394.565430	17794.529297
2391.466797	17770.949219
2388.366211	17393.388672
2385.264648	17230.568359
2382.161133	17085.615234
2379.056641	16902.943359
2375.950195	16860.486328
2372.842773	16448.794922
2369.734375	16366.369141
2366.624023	16133.712891
2363.511719	15959.110352
2360.398438	15824.011719
2357.284180	15557.401367
2354.167969	15362.435547
2351.049805	15381.749023
2347.930664	15078.029297
2344.810547	14864.315430
2341.688477	14791.729492
2338.564453	14405.453125
2335.439453	14381.940430
2332.313477	14265.685547
2329.185547	13996.872070
2326.056641	13770.647461
2322.925781	13677.982422
2319.792969	13506.381836
2316.660156	13243.989258
2313.524414	13056.793945
2310.387695	13004.468750
2307.250000	12823.127930
2304.110352	12771.747070
2300.969727	12498.348633
2297.827148	12416.928711
2294.682617	12176.544922
2291.537109	12092.958008
2288.390625	11931.590820
2285.242188	11702.081055
2282.092773	11552.151367
2278.941406	11435.677734
2275.788086	11440.628906
2272.633789	11175.303711
2269.478516	11078.170898
2266.321289	10895.607422
2263.162109	10728.249023
2260.001953	10640.152344
2256.840820	10454.084961
2253.676758	10408.081055
2250.512695	10245.989258
2247.346680	9960.079102
2244.178711	9932.512695
2241.009766	9795.317383
2237.838867	9656.669922
2234.666992	9543.369141
2231.493164	9315.948242
2228.318359	9205.269531
2225.141602	9172.605469
2221.963867	8968.482422
2218.784180	8907.648438
2215.602539	8732.914063
2212.419922	8687.166992
2209.236328	8570.795898
2206.050781	8437.266602
2202.863281	8307.782227
2199.674805	8089.034668
2196.485352	8063.275879
2193.292969	7981.923828
2190.100586	7967.978027
2186.905273	7803.789551
2183.709961	7638.970703
2180.511719	7589.233887
2177.312500	7538.760254
2174.112305	7373.510742
2170.910156	7338.795898
2167.706055	7116.045410
2164.500977	7063.540039
2161.294922	6896.478027
2158.085938	6848.017578
2154.876953	6784.022461
2151.665039	6698.287598
2148.452148	6624.303223
2145.238281	6534.831543
2142.022461	6436.890625
2138.804688	6399.648926
2135.585938	6259.143555
2132.365234	6146.716309
2129.143555	6111.209961
2125.919922	5919.847656
2122.695313	5800.757813
2119.468750	5839.067871
2116.240234	5754.201172
2113.010742	5652.382813
2109.780273	5575.418457
2106.546875	5570.446777
2103.312500	5420.157227
2100.077148	5395.944336
2096.839844	5274.449707
2093.600586	5160.787598
2090.360352	5081.178223
2087.119141	4979.279785
2083.875000	4979.219238
2080.629883	4951.421875
2077.383789	4882.836914
2074.135742	4773.522949
2070.885742	4774.322266
2067.634766	4608.259277
2064.381836	4616.818848
2061.127930	4553.925781
2057.871094	4391.271484
2054.614258	4297.843750
2051.355469	4245.160645
2048.094727	4237.763184
2044.832031	4206.614258
2041.568359	4190.813477
2038.303711	4098.461914
2035.037109	4094.204102
2031.768555	3970.623291
2028.498047	3893.796143
2025.226563	3845.315674
2021.954102	3747.232910
2018.678711	3706.500488
2015.403320	3706.248779
2012.125000	3606.843994
2008.845703	3537.264404
2005.564453	3438.033203
2002.282227	3408.202393
1998.998047	3364.696777
1995.712891	3292.318115
1992.424805	3283.130371
1989.136719	3238.983398
1985.845703	3190.318848
1982.553711	3141.699951
1979.260742	3105.271484
1975.964844	3005.147461
1972.667969	2994.600342
1969.370117	2941.616699
1966.070313	2942.471680
1962.768555	2895.619873
1959.465820	2810.968994
1956.161133	2762.710449
1952.854492	2716.009766
1949.546875	2687.491211
1946.237305	2605.365967
1942.925781	2632.798828
1939.613281	2576.435791
1936.298828	2538.229736
1932.982422	2515.138428
1929.665039	2441.578857
1926.346680	2445.669922
1923.025391	2355.650635
1919.703125	2314.628906
1916.378906	2366.156006
1913.053711	2328.173828
1909.726563	2222.602783
1906.397461	2210.260010
1903.067383	2185.917969
1899.735352	2173.603027
1896.401367	2110.304199
1893.066406	2081.545898
1889.729492	2060.306641
1886.390625	1987.417480
1883.050781	1931.813232
1879.708984	1972.020386
1876.365234	1962.836304
1873.020508	1900.596191
1869.673828	1878.755005
1866.326172	1856.934204
1862.975586	1823.939575
1859.624023	1777.549561
1856.271484	1789.358276
1852.916016	1738.557617
1849.559570	1704.937134
1846.202148	1680.282471
1842.841797	1653.418823
1839.480469	1657.818115
1836.118164	1600.511475
1832.752930	1567.036865
1829.386719	1581.124512
1826.018555	1555.856079
1822.649414	1509.837524
1819.278320	1417.144165
1815.905273	1453.511475
1812.531250	1439.464966
1809.154297	1391.369385
1805.777344	1356.642456
1802.397461	1338.963501
1799.016602	1352.355835
1795.633789	1285.918945
1792.249023	1334.779419
1788.863281	1266.938477
1785.475586	1277.385986
1782.085938	1219.964966
1778.694336	1233.373169
1775.301758	1182.660767
1771.907227	1204.174561
1768.510742	1130.705200
1765.113281	1115.433716
1761.713867	1127.387085
1758.312500	1125.362183
1754.910156	1087.339111
1751.505859	1114.708130
1748.099609	1048.836060
1744.691406	1059.323364
1741.282227	1008.940674
1737.871094	995.984192
1734.458008	991.097717
1731.042969	968.643921
1727.626953	944.016541
1724.208984	936.967407
1720.790039	941.622070
1717.368164	923.619629
1713.945313	893.949036
1710.520508	884.747070
1707.093750	923.709290
1703.666016	875.849792
1700.236328	857.922424
1696.804688	859.683167
1693.371094	814.109802
1689.936523	818.801086
1686.500000	777.657227
1683.061523	780.179932
1679.622070	813.949646
1676.179688	767.057312
1672.736328	741.265808
1669.291016	705.340332
1665.844727	714.418701
1662.396484	702.464600
1658.945313	702.115295
1655.494141	656.140381
1652.040039	665.947815
1648.584961	648.975891
1645.126953	639.975098
1641.668945	617.250244
1638.208008	613.330505
1634.745117	594.251343
1631.281250	619.214233
1627.815430	603.757263
1624.347656	576.779846
1620.878906	571.447571
1617.408203	561.798828
1613.935547	560.798218
1610.460938	545.407654
1606.984375	516.367859
1603.506836	517.547180
1600.027344	508.666718
1596.545898	523.492065
1593.062500	501.697815
1589.577148	482.077271
1586.090820	476.816528
1582.602539	484.460693
1579.112305	470.608002
1575.620117	460.348724
1572.126953	425.054230
1568.630859	447.012604
1565.133789	434.635406
1561.634766	414.410919
1558.133789	417.059143
1554.631836	403.287506
1551.127930	395.236908
1547.621094	399.316376
1544.114258	369.181641
1540.604492	375.406799
1537.092773	366.673767
1533.580078	363.642395
1530.065430	337.853271
1526.548828	347.635559
1523.030273	358.118378
1519.509766	347.994843
1515.988281	345.689575
1512.463867	311.460022
1508.938477	326.903137
1505.411133	318.232727
1501.882813	310.987701
1498.351563	307.290100
1494.818359	314.919006
1491.284180	290.003143
1487.748047	281.372589
1484.209961	293.948883
1480.669922	284.618561
1477.128906	276.003448
1473.584961	274.452301
1470.040039	266.556030
1466.493164	245.276123
1462.944336	252.900513
1459.393555	233.761246
1455.840820	244.902222
1452.287109	235.633621
1448.730469	243.246964
1445.172852	227.664398
1441.613281	227.548431
1438.051758	230.942215
1434.488281	226.614914
1430.922852	206.163467
1427.356445	199.049484
1423.787109	224.867142
1420.216797	200.946762
1416.644531	192.446426
1413.070313	200.041992
1409.494141	194.346985
1405.916016	190.055176
1402.336914	178.085541
1398.754883	177.994370
1395.171875	186.275116
1391.585938	170.839020
1387.999023	159.600342
1384.410156	167.180954
1380.819336	170.576324
1377.226563	155.875458
1373.632813	155.795410
1370.036133	158.496017
1366.438477	141.044540
1362.837891	151.388672
1359.236328	142.981781
1355.632813	149.151764
1352.027344	140.754517
1348.419922	132.365845
1344.810547	145.458145
1341.199219	117.691139
1337.585938	137.004883
1333.970703	136.242615
1330.354492	116.817856
1326.735352	126.429756
1323.115234	120.149803
1319.493164	127.679459
1315.869141	119.335823
1312.242188	110.311302
1308.614258	113.699661
1304.984375	106.064751
1301.353516	108.763321
1297.719727	108.706963
1294.083984	103.149315
1290.446289	103.095825
1286.807617	99.607590
1283.166016	92.689964
1279.523438	96.073013
1275.877930	96.708977
1272.231445	88.432442
1268.582031	92.497459
1264.931641	96.558197
1261.279297	83.503334
1257.625000	83.459854
1253.968750	83.416382
1250.310547	86.789833
1246.650391	81.280357
1242.988281	81.920631
1239.324219	85.289459
1235.658203	86.608856
1231.990234	73.613152
1228.320313	76.980927
1224.648438	70.131775
1220.975586	65.331345
1217.299805	69.378235
1213.622070	65.262978
1209.943359	59.793068
1206.261719	55.687073
1202.578125	63.124184
1198.893555	63.091080
1195.206055	64.414063
1191.517578	54.892635
1187.826172	54.863808
1184.133789	51.450108
1180.438477	53.452919
1176.742188	58.158653
1173.042969	52.720791
1169.342773	50.666386
1165.639648	47.938919
1161.935547	60.060787
1158.228516	54.633255
1154.520508	45.840767
1150.809570	49.185448
1147.097656	50.506321
1143.382813	48.460461
1139.666992	51.125683
1135.948242	43.030449
1132.227539	38.975723
1128.505859	45.671497
1124.781250	42.962185
1121.055664	43.610363
1117.327148	39.563816
1113.596680	32.170448
1109.865234	38.182148
1106.130859	40.170410
1102.394531	36.134178
1098.657227	35.446190
1094.916992	41.443321
1091.174805	29.395756
1087.430664	36.057423
1083.684570	38.040359
1079.936523	36.019051
1076.186523	29.999887
1072.434570	37.313297
1068.680664	24.640285
1064.924805	33.279922
1061.166992	31.266434
1057.406250	31.249739
1053.644531	32.562111
1049.880859	26.567110
1046.114258	23.897615
1042.346680	30.519506
1038.576172	29.176947
1034.803711	27.173050
1031.030273	25.833689
1027.253906	29.792126
1023.475586	27.129379
1019.695313	29.760174
1015.913086	27.100269
1012.128906	21.140070
1008.342773	18.487621
1004.553711	24.416939
