4046.277344	4.192676
4043.892578	1.048169
4041.505859	2.095511
4039.119141	2.094685
4036.731445	1.046929
4034.342773	6.279098
4031.952148	1.046103
4029.561523	3.137070
4027.169922	5.226384
4024.777344	7.314046
4022.383789	7.311154
4019.989258	0.000000
4017.593750	2.087249
4015.197266	2.086423
4012.799805	8.342385
4010.401367	1.042385
4008.001953	2.083944
4005.601563	4.166236
4003.201172	3.123438
4000.798828	2.081466
3998.395508	7.282239
3995.991211	2.079814
3993.585938	8.315951
3991.180664	1.039081
3988.773438	-1.038668
3986.365234	4.153020
3983.957031	-1.037842
3981.546875	2.074858
3979.135742	5.185081
3976.724609	3.109810
3974.311523	8.289523
3971.898438	2.071555
3969.483398	2.070729
3967.068359	2.069904
3964.651367	4.138156
3962.234375	2.068252
3959.815430	4.134854
3957.396484	4.133203
3954.975586	-3.098664
3952.554688	7.227326
3950.131836	0.000000
3947.708984	0.000000
3945.284180	0.000000
3942.859375	4.123298
3940.432617	2.060823
3938.005859	0.000000
3935.577148	2.059173
3933.148438	5.145870
3930.718750	0.000000
3928.287109	2.056698
3925.855469	2.055873
3923.421875	-1.027524
3920.988281	-2.054223
3918.552734	6.160193
3916.117188	7.184005
3913.680664	6.155244
3911.242188	4.101847
3908.803711	3.075148
3906.363281	4.098548
3903.922852	4.096899
3901.480469	4.095250
3899.038086	4.093601
3896.593750	5.114940
3894.149414	6.135454
3891.703125	7.155145
3889.256836	2.043503
3886.808594	9.192054
3884.360352	2.041854
3881.910156	2.041030
3879.459961	2.040206
3877.007813	1.019691
3874.555664	3.057837
3872.101563	4.075469
3869.646484	2.036910
3867.191406	3.054130
3864.734375	4.070526
3862.277344	5.086098
3859.818359	0.000000
3857.358398	2.032792
3854.897461	3.047953
3852.436523	2.031145
3849.973633	4.060644
3847.509766	4.058997
3845.044922	7.100363
3842.579102	2.027852
3840.113281	0.000000
3837.645508	6.078618
3835.176758	4.050766
3832.707031	3.036840
3830.236328	1.011869
3827.764648	5.057286
3825.291992	0.000000
3822.818359	-2.021269
3820.343750	4.040893
3817.868164	6.058872
3815.390625	6.056405
3812.913086	10.089897
3810.434570	1.008579
3807.955078	2.016335
3805.473633	2.015513
3802.992188	0.000000
3800.509766	4.027738
3798.025391	6.039141
3795.541016	-2.012225
3793.054688	4.022807
3790.568359	4.021163
3788.080078	1.004880
3785.591797	8.035754
3783.101563	2.008117
3780.610352	1.003648
3778.119141	7.022661
3775.625977	4.011307
3773.131836	1.002416
3770.636719	4.008023
3768.140625	0.000000
3765.643555	6.007109
3763.145508	0.000000
3760.646484	-1.000364
3758.146484	2.999861
3755.645508	3.998174
3753.143555	-1.998267
3750.639648	0.000000
3748.135742	4.991565
3745.630859	3.991612
3743.124023	1.994986
3740.617188	0.000000
3738.108398	-0.996673
3735.599609	6.973841
3733.088867	0.000000
3730.577148	2.986330
3728.064453	1.990067
3725.551758	2.983871
3723.037109	-1.988428
3720.521484	3.975218
3718.004883	-1.986790
3715.487305	4.964927
3712.967773	-1.985152
3710.448242	3.968666
3707.927734	0.000000
3705.406250	2.974043
3702.882813	1.981877
3700.359375	3.962117
3697.833984	2.970360
3695.308594	3.958843
3692.781250	0.989302
3690.252930	1.977785
3687.723633	3.953934
3685.193359	3.952299
3682.662109	0.987666
3680.129883	0.987257
3677.596680	3.947392
3675.062500	2.959318
3672.527344	2.958092
3669.990234	3.942488
3667.453125	-1.970427
3664.915039	0.984805
3662.375000	3.937585
3659.833984	3.935951
3657.292969	0.000000
3654.750000	5.899027
3652.206055	6.879340
3649.661133	4.911773
3647.115234	2.945839
3644.568359	-0.981538
3642.019531	5.886781
3639.470703	-2.942167
3636.920898	2.940943
3634.369141	3.919625
3631.817383	4.897492
3629.263672	-0.979091
3626.708984	3.914731
3624.153320	0.000000
3621.596680	0.000000
3619.039063	1.954920
3616.480469	0.977052
3613.920898	2.929935
3611.360352	0.000000
3608.797852	0.000000
3606.235352	3.901691
3603.670898	0.975016
3601.105469	0.974608
3598.540039	0.000000
3595.972656	8.764148
3593.404297	0.973387
3590.834961	-1.945960
3588.264648	3.890293
3585.692383	2.916499
3583.120117	1.943519
3580.545898	3.885412
3577.971680	0.000000
3575.395508	-0.970540
3572.818359	0.970133
3570.240234	3.878906
3567.661133	0.969320
3565.081055	0.968914
3562.500000	-0.968507
3559.917969	0.968101
3557.333984	3.870780
3554.750000	3.869156
3552.164063	3.867531
3549.577148	-0.966477
3546.989258	5.796425
3544.400391	-0.965665
3541.810547	2.895777
3539.219727	-0.964853
3536.626953	0.964448
3534.034180	5.784252
3531.439453	1.927273
3528.844727	-1.926462
3526.248047	0.000000
3523.650391	0.000000
3521.051758	2.886044
3518.451172	-1.923219
3515.850586	2.883613
3513.249023	-0.960799
3510.645508	0.960394
3508.041016	5.759934
3505.436523	6.717089
3502.830078	3.836717
3500.222656	3.835098
3497.613281	3.833479
3495.003906	4.789825
3492.393555	-0.957560
3489.781250	0.000000
3487.167969	3.827005
3484.553711	3.825388
3481.938477	2.867828
3479.322266	0.955538
3476.705078	2.865402
3474.086914	1.909460
3471.466797	6.680281
3468.845703	0.953922
3466.224609	0.953518
3463.601563	0.000000
3460.977539	-0.952710
3458.351563	0.000000
3455.725586	3.807611
3453.098633	-0.951499
3450.469727	-0.951095
3447.839844	6.654844
3445.208984	-0.950289
3442.577148	-0.949885
3439.944336	2.848446
3437.310547	1.898157
3434.674805	-1.897351
3432.039063	5.689635
3429.401367	0.947869
3426.762695	6.632265
3424.123047	3.788254
3421.481445	1.893322
3418.839844	1.892516
3416.197266	-2.837566
3413.552734	-0.945453
3410.907227	2.835151
3408.260742	-1.889296
3405.613281	2.832736
3402.963867	6.606902
3400.314453	3.773763
3397.663086	-2.829116
3395.011719	2.827910
3392.358398	6.595642
3389.704102	5.650995
3387.047852	3.765723
3384.391602	0.000000
3381.733398	0.940627
3379.075195	1.880451
3376.415039	1.879648
3373.753906	1.878844
3371.090820	5.634125
3368.427734	-1.877239
3365.762695	1.876436
3363.097656	1.875634
3360.430664	-1.874831
3357.762695	3.748058
3355.092773	0.936614
3352.422852	-1.872425
3349.750977	2.807435
3347.079102	2.806233
3344.405273	5.610061
3341.729492	0.934609
3339.053711	3.736835
3336.376953	7.470467
3333.698242	0.933408
3331.018555	-0.933008
3328.337891	3.730429
3325.656250	1.864414
3322.973633	-0.931807
3320.289063	1.862814
3317.604492	0.000000
3314.917969	2.791821
3312.230469	0.930207
3309.541016	0.929807
3306.851563	0.000000
3304.160156	2.787024
3301.467773	-1.857217
3298.774414	0.000000
3296.080078	-0.927809
3293.384766	0.927410
3290.687500	7.416087
3287.990234	2.779835
3285.291016	3.704850
3282.589844	2.777441
3279.888672	5.552488
3277.186523	0.000000
3274.482422	2.773851
3271.777344	0.924218
3269.071289	5.542918
3266.364258	3.693684
3263.655273	3.692090
3260.945313	0.000000
3258.234375	2.766677
3255.522461	5.530965
3252.809570	4.607147
3250.095703	0.921031
3247.379883	5.523799
3244.663086	0.920235
3241.945313	0.919837
3239.226563	-2.758319
3236.505859	5.514251
3233.784180	-0.918644
3231.061523	3.672987
3228.337891	0.000000
3225.613281	2.752355
3222.886719	2.751163
3220.160156	4.583285
3217.431641	-0.916260
3214.702148	1.831726
3211.970703	2.746397
3209.239258	-1.830138
3206.505859	1.829344
3203.771484	4.571376
3201.035156	0.000000
3198.298828	3.653927
3195.560547	0.913085
3192.821289	-3.650755
3190.081055	5.473754
3187.339844	0.911896
3184.596680	1.823000
3181.853516	3.644415
3179.108398	0.910708
3176.361328	5.461870
3173.614258	0.909916
3170.865234	1.819040
3168.115234	1.818248
3165.364258	1.817457
3162.612305	0.908333
3159.858398	2.723812
3157.104492	0.000000
3154.347656	4.535732
3151.590820	4.533756
3148.833008	3.625424
3146.073242	6.341726
3143.312500	2.716697
3140.550781	-0.905171
3137.787109	3.619104
3135.023438	3.617524
3132.257813	0.000000
3129.491211	5.421550
3126.722656	4.515986
3123.954102	3.611211
3121.183594	2.707225
3118.412109	-0.902014
3115.638672	0.000000
3112.865234	2.703677
3110.089844	6.305820
3107.313477	1.800875
3104.536133	0.900044
3101.756836	0.899650
3098.976563	-0.899256
3096.195313	0.898862
3093.413086	-0.898469
3090.628906	1.796150
3087.844727	0.000000
3085.058594	0.000000
3082.270508	-1.793790
3079.482422	1.793004
3076.692383	-3.584435
3073.901367	1.791431
3071.109375	0.000000
3068.315430	2.684790
3065.520508	7.156297
3062.724609	1.788289
3059.927734	1.787504
3057.128906	0.893359
3054.329102	-2.678900
3051.528320	-2.677723
3048.726563	-2.676546
3045.922852	0.891790
3043.118164	0.891398
3040.312500	0.000000
3037.505859	1.781227
3034.697266	1.780444
3031.887695	5.338980
3029.077148	0.000000
3026.264648	2.667140
3023.452148	-0.888655
3020.637695	0.000000
3017.821289	3.551489
3015.004883	0.000000
3012.186523	-1.774179
3009.367188	1.773397
3006.545898	0.000000
3003.724609	0.885916
3000.901367	2.656577
2998.077148	4.425673
2995.250977	0.000000
2992.423828	0.000000
2989.595703	0.000000
2986.766602	2.650717
2983.935547	0.883182
2981.104492	6.179541
2978.270508	0.882401
2975.436523	0.000000
2972.600586	4.408105
2969.763672	1.762462
2966.925781	3.523365
2964.085938	2.641354
2961.245117	2.640185
2958.403320	1.759344
2955.560547	2.637847
2952.715820	0.878893
2949.870117	-0.878503
2947.023438	4.390570
2944.174805	3.510899
2941.325195	0.877336
2938.474609	0.876947
2935.622070	0.876557
2932.768555	2.628506
2929.914063	2.627339
2927.058594	0.875391
2924.201172	-0.875002
2921.342773	0.000000
2918.483398	0.874225
2915.622070	0.873837
2912.759766	5.240690
2909.896484	-0.873060
2907.032227	1.745344
2904.166016	1.744568
2901.298828	0.871896
2898.429688	3.486032
2895.559570	6.968960
2892.688477	0.870732
2889.816406	0.870345
2886.942383	-0.869957
2884.067383	2.608708
2881.191406	0.000000
2878.314453	4.343974
2875.435547	2.605222
2872.554688	0.868020
2869.673828	-1.735266
2866.791016	5.203477
2863.907227	5.201155
2861.021484	-0.866472
2858.134766	-1.732171
2855.247070	6.925591
2852.358398	-0.865312
2849.467773	0.864926
2846.576172	2.593618
2843.682617	6.913223
2840.789063	3.455067
2837.893555	1.726761
2834.996094	4.314971
2832.097656	-0.862608
2829.198242	4.311112
2826.297852	4.309183
2823.395508	3.445803
2820.492188	0.861065
2817.587891	-0.860679
2814.681641	-0.860294
2811.774414	-1.719817
2808.866211	-0.859523
2805.956055	-3.436551
2803.044922	2.576258
2800.131836	-0.858367
2797.218750	0.857982
2794.303711	-1.715195
2791.386719	0.857213
2788.468750	2.570483
2785.549805	2.569329
2782.629883	1.712117
2779.708008	0.000000
2776.785156	-2.565868
2773.860352	0.854905
2770.935547	0.000000
2768.007813	3.416546
2765.080078	0.853752
2762.150391	0.853368
2759.219727	4.264922
2756.287109	0.852601
2753.353516	2.556650
2750.418945	0.000000
2747.482422	4.257247
2744.544922	-0.851066
2741.606445	3.402729
2738.666016	2.550897
2735.724609	1.699831
2732.782227	-0.849532
2729.837891	1.698298
2726.892578	2.546299
2723.945313	1.696766
2720.997070	1.696001
2718.047852	4.238087
2715.097656	1.694469
2712.145508	4.234261
2709.191406	-0.846470
2706.237305	3.384348
2703.281250	-1.691409
2700.323242	2.535967
2697.364258	5.069640
2694.404297	3.378231
2691.443359	1.688352
2688.480469	4.218969
2685.515625	4.217059
2682.550781	5.058180
2679.583984	3.370593
2676.615234	1.684533
2673.646484	0.000000
2670.674805	0.841503
2667.703125	1.682244
2664.729492	1.681481
2661.754883	0.840359
2658.778320	0.000000
2655.800781	2.518791
2652.821289	7.552944
2649.840820	5.033010
2646.859375	3.353817
2643.876953	0.000000
2640.892578	1.675385
2637.906250	3.349248
2634.918945	5.021589
2631.930664	3.346204
2628.941406	1.672341
2625.950195	2.507371
2622.957031	0.000000
2619.963867	2.505090
2616.967773	-0.834650
2613.971680	-2.502810
2610.973633	3.335560
2607.974609	1.667021
2604.973633	1.666261
2601.971680	1.665502
2598.967773	3.329485
2595.962891	1.663984
2592.957031	4.158062
2589.949219	4.987398
2586.940430	-1.661708
2583.929688	0.000000
2580.917969	0.830095
2577.905273	0.829716
2574.890625	0.829337
2571.875000	4.144793
2568.857422	3.314319
2565.838867	0.000000
2562.819336	3.311290
2559.797852	6.619552
2556.775391	6.616524
2553.750977	-1.653374
2550.725586	4.131544
2547.698242	3.303722
2544.669922	-2.476657
2541.640625	3.300697
2538.609375	3.299185
2535.577148	-2.473255
2532.542969	0.000000
2529.507813	0.000000
2526.471680	4.939711
2523.433594	0.822908
2520.393555	1.645060
2517.353516	3.288610
2514.310547	5.752426
2511.267578	0.821398
2508.222656	0.000000
2505.175781	-1.641287
2502.127930	0.000000
2499.079102	0.000000
2496.028320	-0.819513
2492.976563	2.457407
2489.922852	-1.637518
2486.868164	3.273530
2483.812500	4.090029
2480.754883	3.270517
2477.695313	3.269011
2474.634766	2.450629
2471.573242	0.000000
2468.509766	4.080620
2465.445313	4.078739
2462.378906	0.815372
2459.311523	-1.629992
2456.242188	-1.629240
2453.171875	-0.814244
2450.100586	-4.069342
2447.027344	0.813493
2443.953125	0.813117
2440.876953	3.250966
2437.799805	-0.812366
2434.720703	1.623982
2431.640625	0.000000
2428.558594	1.622481
2425.475586	4.054326
2422.390625	2.431470
2419.304688	-1.620230
2416.217773	4.858441
2413.128906	1.618731
2410.038086	0.808991
2406.946289	3.234464
2403.853516	3.232965
2400.758789	-2.423600
2397.663086	1.614985
2394.565430	2.421354
2391.466797	-1.613487
2388.366211	3.225478
2385.264648	-2.417986
2382.161133	-4.833727
2379.056641	3.220989
2375.950195	-1.609747
2372.842773	3.217998
2369.734375	0.000000
2366.624023	2.411256
2363.511719	0.000000
2360.398438	4.015024
2357.284180	3.210525
2354.167969	2.406774
2351.049805	1.603769
2347.930664	-3.206045
2344.810547	3.204552
2341.688477	0.800765
2338.564453	3.201568
2335.439453	-5.600132
2332.313477	1.599292
2329.185547	3.197093
2326.056641	3.195602
2322.925781	4.791167
2319.792969	6.385242
2316.660156	3.191131
2313.524414	1.594820
2310.387695	0.797038
2307.250000	1.593331
2304.110352	0.000000
2300.969727	0.000000
2297.827148	2.386647
2294.682617	1.590354
2291.537109	0.000000
2288.390625	1.588866
2285.242188	-0.794061
2282.092773	3.174758
2278.941406	4.759907
2275.788086	3.964731
2272.633789	2.377724
2269.478516	7.129830
2266.321289	1.583664
2263.162109	0.791461
2260.001953	-3.164357
2256.840820	0.790718
2253.676758	-0.790347
2250.512695	3.949880
2247.346680	0.789605
2244.178711	0.789234
2241.009766	2.366590
2237.838867	0.000000
2234.666992	5.516854
2231.493164	0.000000
2228.318359	5.511666
2225.141602	0.787010
2221.963867	0.786640
2218.784180	0.786270
2215.602539	-2.357698
2212.419922	0.000000
2209.236328	-0.785159
2206.050781	5.493523
2202.863281	1.568838
2199.674805	-0.784049
2196.485352	2.351038
2193.292969	0.000000
2190.100586	0.782940
2186.905273	0.000000
2183.709961	0.782201
2180.511719	3.127324
2177.312500	5.470232
2174.112305	3.124369
2170.910156	3.122892
2167.706055	1.560707
2164.500977	-2.339954
2161.294922	2.338846
2158.085938	1.558493
2154.876953	1.557755
2151.665039	4.671052
2148.452148	-0.778140
2145.238281	3.111084
2142.022461	3.887011
2138.804688	1.554067
2135.585938	-3.106660
2132.365234	0.000000
2129.143555	-0.775928
2125.919922	-0.775560
2122.695313	1.550383
2119.468750	0.774823
2116.240234	0.774455
2113.010742	0.774087
2109.780273	0.000000
2106.546875	0.000000
2103.312500	1.545966
2100.077148	0.000000
2096.839844	3.088990
2093.600586	-3.087519
2090.360352	4.629072
2087.119141	-1.542289
2083.875000	1.541554
2080.629883	4.622457
2077.383789	-4.620253
2074.135742	5.387723
2070.885742	0.000000
2067.634766	-4.613642
2064.381836	0.768573
2061.127930	1.536412
2057.871094	-1.535678
2054.614258	1.534944
2051.355469	3.068421
2048.094727	1.533477
2044.832031	1.532743
2041.568359	0.766005
2038.303711	0.000000
2035.037109	-0.765272
2031.768555	0.000000
2028.498047	2.293617
2025.226563	-1.528345
2021.954102	-0.763806
2018.678711	-1.526880
2015.403320	0.763074
2012.125000	0.762708
2008.845703	0.762341
2005.564453	0.761975
2002.282227	-2.284828
1998.998047	0.761244
1995.712891	-5.326144
1992.424805	2.281536
1989.136719	-0.760146
1985.845703	-0.759781
1982.553711	0.759415
1979.260742	0.000000
1975.964844	-2.276052
1972.667969	3.033275
1969.370117	0.757953
1966.070313	-2.272764
1962.768555	0.757223
1959.465820	1.513715
1956.161133	6.051940
1952.854492	0.000000
1949.546875	3.778812
1946.237305	-0.755397
1942.925781	-0.755033
1939.613281	3.018671
1936.298828	3.017212
1932.982422	-1.507877
1929.665039	0.000000
1926.346680	0.000000
1923.025391	-2.258534
1919.703125	0.000000
1916.378906	-1.504231
1913.053711	-3.007005
1909.726563	-3.756935
1906.397461	1.502046
1903.067383	0.750659
1899.735352	1.500589
1896.401367	2.999722
1893.066406	-2.248699
1889.729492	0.000000
1886.390625	0.000000
1883.050781	2.245424
1879.708984	-0.748111
1876.365234	2.990989
1873.020508	0.747383
1869.673828	1.494040
1866.326172	1.493313
1862.975586	5.224050
1859.624023	2.237788
1856.271484	-0.745566
1852.916016	1.490405
1849.559570	-0.744839
1846.202148	2.977904
1842.841797	0.744113
1839.480469	0.743750
1836.118164	0.000000
1832.752930	2.972095
1829.386719	2.227982
1826.018555	0.000000
1822.649414	-2.225805
1819.278320	-1.483144
1815.905273	1.482419
1812.531250	-2.222540
1809.154297	-2.221452
1805.777344	2.220364
1802.397461	1.479518
1799.016602	0.739396
1795.633789	-0.739034
1792.249023	-1.477343
1788.863281	3.691546
1785.475586	-2.213840
1782.085938	1.475169
1778.694336	1.474445
1775.301758	1.473721
1771.907227	2.209495
1768.510742	0.736136
1765.113281	2.943097
1761.713867	1.470825
1758.312500	1.470101
1754.910156	2.204066
1751.505859	-0.734327
1748.099609	1.467930
1744.691406	-0.733603
1741.282227	-0.733242
1737.871094	-2.931521
1734.458008	-1.465037
1731.042969	0.000000
1727.626953	0.731796
1724.208984	0.000000
1720.790039	1.462146
1717.368164	2.192135
1713.945313	2.191051
1710.520508	0.729989
1707.093750	-1.459256
1703.666016	2.917068
1700.236328	-0.728906
1696.804688	4.371270
1693.371094	-0.728184
1689.936523	-0.727823
1686.500000	3.637312
1683.061523	2.908406
1679.622070	-0.726741
1676.179688	-2.905520
1672.736328	0.000000
1669.291016	-0.725659
1665.844727	3.626491
1662.396484	2.899751
1658.945313	0.724577
1655.494141	-2.172650
1652.040039	2.171569
1648.584961	0.723496
1645.126953	-1.446271
1641.668945	1.445551
1638.208008	5.056907
1634.745117	-1.444110
1631.281250	-1.443390
1627.815430	1.442670
1624.347656	0.000000
1620.878906	-1.441230
1617.408203	-1.440510
1613.935547	-2.159685
1610.460938	2.878140
1606.984375	2.876701
1603.506836	2.156447
1600.027344	-2.155367
1596.545898	1.436192
1593.062500	0.000000
1589.577148	0.000000
1586.090820	4.302104
1582.602539	2.866631
1579.112305	4.297790
1575.620117	-1.431878
1572.126953	2.146739
1568.630859	1.430440
1565.133789	0.000000
1561.634766	1.429003
1558.133789	2.856570
1554.631836	2.855133
1551.127930	-0.713424
1547.621094	3.565325
1544.114258	2.138118
1540.604492	2.137041
1537.092773	-3.559939
1533.580078	2.134887
1530.065430	0.000000
1526.548828	0.710911
1523.030273	2.131657
1519.509766	4.261161
1515.988281	2.129504
1512.463867	1.418952
1508.938477	-0.709117
1505.411133	1.417518
1501.882813	2.125201
1498.351563	0.708042
1494.818359	1.415366
1491.284180	1.414649
1487.748047	3.534831
1484.209961	4.239647
1480.669922	2.824998
1477.128906	2.823565
1473.584961	-0.705533
1470.040039	0.705175
1466.493164	-1.409633
1462.944336	-0.704458
1459.393555	0.704100
1455.840820	2.814968
1452.287109	1.406768
1448.730469	1.406052
1445.172852	0.000000
1441.613281	2.106930
1438.051758	-0.701952
1434.488281	0.000000
1430.922852	-1.402473
1427.356445	0.700878
1423.787109	0.700521
1420.216797	0.000000
1416.644531	2.099416
1413.070313	-0.699448
1409.494141	2.097270
1405.916016	-2.794929
1402.336914	-2.095124
1398.754883	2.094051
1395.171875	-0.697660
1391.585938	0.697302
1387.999023	-1.393889
1384.410156	1.393175
1380.819336	-1.392460
1377.226563	0.000000
1373.632813	-0.695515
1370.036133	4.170948
1366.438477	4.863605
1362.837891	1.388887
1359.236328	0.694086
1355.632813	0.693729
1352.027344	0.000000
1348.419922	2.772060
1344.810547	2.077974
1341.199219	-0.692301
1337.585938	1.383888
1333.970703	-1.383174
1330.354492	0.691230
1326.735352	3.454365
1323.115234	0.690516
1319.493164	3.450796
1315.869141	2.069407
1312.242188	2.757782
1308.614258	-0.689089
1304.984375	0.000000
1301.353516	0.688375
1297.719727	-0.688019
1294.083984	-1.375324
1290.446289	0.687306
1286.807617	0.000000
1283.166016	2.746369
1279.523438	-0.686236
1275.877930	0.000000
1272.231445	0.685523
1268.582031	0.685166
1264.931641	1.369620
1261.279297	-1.368907
1257.625000	1.368194
1253.968750	0.683741
1250.310547	2.050153
1246.650391	0.683028
1242.988281	1.365344
1239.324219	3.411578
1235.658203	2.045878
1231.990234	3.408016
1228.320313	-1.362494
1224.648438	2.042673
1220.975586	1.361070
1217.299805	0.680179
1213.622070	1.359645
1209.943359	0.000000
1206.261719	2.716443
1202.578125	2.715019
1198.893555	0.000000
1195.206055	2.712171
1191.517578	-0.677687
1187.826172	1.354662
1184.133789	4.061851
1180.438477	0.000000
1176.742188	2.028790
1173.042969	4.731353
1169.342773	-1.351104
1165.639648	4.051177
1161.935547	-4.049042
1158.228516	0.000000
1154.520508	2.696516
1150.809570	0.673773
1147.097656	0.673418
1143.382813	2.019186
1139.666992	-2.690825
1135.948242	-0.672351
1132.227539	-2.015986
1128.505859	-4.029838
1124.781250	0.000000
1121.055664	3.354643
1117.327148	2.682293
1113.596680	3.351089
1109.865234	2.679449
1106.130859	0.669507
1102.394531	0.000000
1098.657227	2.006388
1094.916992	-2.005322
1091.174805	-1.336171
1087.430664	0.667730
1083.684570	4.004248
1079.936523	0.667019
1076.186523	0.666664
1072.434570	-1.998927
1068.680664	1.331907
1064.924805	1.996795
1061.166992	-1.330487
1057.406250	-0.664888
1053.644531	1.993599
1049.880859	1.992533
1046.114258	1.991468
1042.346680	-1.990403
1038.576172	-0.663112
1034.803711	1.988272
1031.030273	1.324805
1027.253906	-0.662047
1023.475586	2.646769
1019.695313	0.661337
1015.913086	0.660982
1012.128906	2.642509
1008.342773	1.320544
1004.553711	-1.319834
