4046.277344	-2.096338
4043.892578	0.000000
4041.505859	8.382046
4039.119141	3.142028
4036.731445	6.281577
4034.342773	7.325614
4031.952148	5.230515
4029.561523	5.228450
4027.169922	1.045277
4024.777344	7.314046
4022.383789	5.222253
4019.989258	7.308262
4017.593750	1.043624
4015.197266	2.086423
4012.799805	3.128395
4010.401367	2.084770
4008.001953	1.041972
4005.601563	8.332472
4003.201172	1.041146
4000.798828	2.081466
3998.395508	4.161280
3995.991211	5.199534
3993.585938	6.236963
3991.180664	8.312648
3988.773438	-3.116004
3986.365234	4.153020
3983.957031	4.151368
3981.546875	3.112287
3979.135742	0.000000
3976.724609	2.073207
3974.311523	6.217143
3971.898438	6.214665
3969.483398	0.000000
3967.068359	2.069904
3964.651367	-2.069078
3962.234375	2.068252
3959.815430	3.101140
3957.396484	3.099902
3954.975586	-3.098664
3952.554688	8.259801
3950.131836	7.224437
3947.708984	-1.031650
3945.284180	2.062474
3942.859375	0.000000
3940.432617	2.060823
3938.005859	2.059998
3935.577148	1.029587
3933.148438	4.116696
3930.718750	1.028761
3928.287109	7.198442
3925.855469	4.111745
3923.421875	0.000000
3920.988281	3.081334
3918.552734	2.053398
3916.117188	2.052573
3913.680664	3.077622
3911.242188	4.101847
3908.803711	-2.050099
3906.363281	-1.024637
3903.922852	5.121123
3901.480469	-2.047625
3899.038086	4.093601
3896.593750	3.068964
3894.149414	7.158030
3891.703125	6.132981
3889.256836	3.065254
3886.808594	4.085357
3884.360352	-1.020927
3881.910156	3.061545
3879.459961	9.180927
3877.007813	4.078764
3874.555664	0.000000
3872.101563	5.094336
3869.646484	-1.018455
3867.191406	2.036087
3864.734375	2.035263
3862.277344	6.103318
3859.818359	3.050423
3857.358398	6.098376
3854.897461	4.063937
3852.436523	0.000000
3849.973633	5.075804
3847.509766	1.014749
3845.044922	1.014338
3842.579102	3.041778
3840.113281	0.000000
3837.645508	7.091721
3835.176758	2.025383
3832.707031	5.061400
3830.236328	5.059343
3827.764648	4.045829
3825.291992	0.000000
3822.818359	2.021269
3820.343750	0.000000
3817.868164	1.009812
3815.390625	2.018802
3812.913086	7.062928
3810.434570	2.017157
3807.955078	-2.016335
3805.473633	4.031026
3802.992188	5.036727
3800.509766	6.041606
3798.025391	6.039141
3795.541016	9.055013
3793.054688	2.011403
3790.568359	3.015873
3788.080078	2.009760
3785.591797	7.031285
3783.101563	0.000000
3780.610352	5.018240
3778.119141	6.019424
3775.625977	3.008480
3773.131836	4.009665
3770.636719	4.008023
3768.140625	1.001595
3765.643555	4.004739
3763.145508	-1.000774
3760.646484	2.000728
3758.146484	0.999954
3755.645508	0.999543
3753.143555	4.995667
3750.639648	0.998723
3748.135742	0.998313
3745.630859	0.997903
3743.124023	-6.982450
3740.617188	2.991249
3738.108398	1.993346
3735.599609	6.973841
3733.088867	2.987560
3730.577148	6.968103
3728.064453	4.975168
3725.551758	-1.989248
3723.037109	0.994214
3720.521484	1.987609
3718.004883	1.986790
3715.487305	8.936869
3712.967773	9.925759
3710.448242	1.984333
3707.927734	5.950542
3705.406250	6.939434
3702.882813	3.963754
3700.359375	1.981058
3697.833984	1.980240
3695.308594	0.989711
3692.781250	0.000000
3690.252930	7.911141
3687.723633	-0.988484
3685.193359	-0.988075
3682.662109	3.950663
3680.129883	0.000000
3677.596680	1.973696
3675.062500	3.945757
3672.527344	8.874275
3669.990234	-4.928110
3667.453125	-0.985213
3664.915039	-2.954414
3662.375000	3.937585
3659.833984	6.887915
3657.292969	0.983579
3654.750000	0.983171
3652.206055	-1.965526
3649.661133	2.947064
3647.115234	0.981946
3644.568359	0.981538
3642.019531	0.981130
3639.470703	0.000000
3636.920898	-0.980314
3634.369141	0.000000
3631.817383	3.917994
3629.263672	3.916362
3626.708984	3.914731
3624.153320	3.913100
3621.596680	5.867205
3619.039063	0.000000
3616.480469	1.954105
3613.920898	3.906579
3611.360352	0.976237
3608.797852	5.854980
3606.235352	-0.975423
3603.670898	6.825109
3601.105469	0.974608
3598.540039	5.845207
3595.972656	4.868971
3593.404297	1.946774
3590.834961	-1.945960
3588.264648	-2.917720
3585.692383	-0.972166
3583.120117	-1.943519
3580.545898	-3.885412
3577.971680	0.000000
3575.395508	0.970540
3572.818359	1.940266
3570.240234	-3.878906
3567.661133	-0.969320
3565.081055	0.000000
3562.500000	1.937015
3559.917969	6.776709
3557.333984	5.806170
3554.750000	-1.934578
3552.164063	0.000000
3549.577148	-3.865907
3546.989258	3.864284
3544.400391	0.000000
3541.810547	-0.965259
3539.219727	6.753973
3536.626953	-0.964448
3534.034180	2.892126
3531.439453	-1.927273
3528.844727	4.816155
3526.248047	-0.962825
3523.650391	2.887260
3521.051758	5.772089
3518.451172	0.000000
3515.850586	0.961204
3513.249023	0.960799
3510.645508	1.920788
3508.041016	3.839957
3505.436523	0.000000
3502.830078	2.877538
3500.222656	4.793872
3497.613281	0.958370
3495.003906	5.747790
3492.393555	0.000000
3489.781250	5.742935
3487.167969	1.913503
3484.553711	2.869041
3481.938477	-0.955943
3479.322266	2.866615
3476.705078	-0.955134
3474.086914	-2.864190
3471.466797	-1.908652
3468.845703	1.907844
3466.224609	-0.953518
3463.601563	1.906228
3460.977539	2.858130
3458.351563	0.000000
3455.725586	0.951903
3453.098633	-1.902998
3450.469727	0.951095
3447.839844	0.950692
3445.208984	2.850866
3442.577148	0.949885
3439.944336	3.797928
3437.310547	0.949079
3434.674805	1.897351
3432.039063	1.896545
3429.401367	-1.895739
3426.762695	0.947466
3424.123047	-0.947064
3421.481445	0.000000
3418.839844	0.946258
3416.197266	0.945855
3413.552734	2.836358
3410.907227	4.725251
3408.260742	3.778591
3405.613281	3.776982
3402.963867	0.000000
3400.314453	-2.830323
3397.663086	2.829116
3395.011719	0.942637
3392.358398	0.000000
3389.704102	0.000000
3387.047852	0.941431
3384.391602	9.410289
3381.733398	4.703135
3379.075195	1.880451
3376.415039	2.819471
3373.753906	3.757689
3371.090820	-1.878042
3368.427734	4.693097
3365.762695	4.691091
3363.097656	1.875634
3360.430664	0.937416
3357.762695	0.937015
3355.092773	0.936614
3352.422852	1.872425
3349.750977	0.000000
3347.079102	4.677054
3344.405273	2.805030
3341.729492	0.934609
3339.053711	-0.934209
3336.376953	1.867617
3333.698242	0.000000
3331.018555	1.866015
3328.337891	-0.932607
3325.656250	0.000000
3322.973633	3.727227
3320.289063	0.931407
3317.604492	3.724027
3314.917969	0.930607
3312.230469	6.511449
3309.541016	-3.719229
3306.851563	3.717630
3304.160156	2.787024
3301.467773	1.857217
3298.774414	-0.928209
3296.080078	4.639047
3293.384766	-0.927410
3290.687500	0.927011
3287.990234	-3.706447
3285.291016	4.631063
3282.589844	0.925814
3279.888672	-0.925415
3277.186523	3.700063
3274.482422	0.000000
3271.777344	0.000000
3269.071289	-1.847639
3266.364258	0.000000
3263.655273	-1.846045
3260.945313	0.922624
3258.234375	5.533355
3255.522461	1.843655
3252.809570	0.921429
3250.095703	0.000000
3247.379883	-1.841266
3244.663086	3.680941
3241.945313	-2.759512
3239.226563	-1.838879
3236.505859	3.676167
3233.784180	4.593221
3231.061523	1.836493
3228.337891	6.424944
3225.613281	2.752355
3222.886719	-3.668217
3220.160156	3.666628
3217.431641	4.581300
3214.702148	0.915863
3211.970703	3.661863
3209.239258	1.830138
3206.505859	7.317376
3203.771484	4.571376
3201.035156	1.827757
3198.298828	2.740446
3195.560547	2.739256
3192.821289	-2.738066
3190.081055	1.824585
3187.339844	4.559481
3184.596680	0.911500
3181.853516	1.822207
3179.108398	2.732123
3176.361328	1.820623
3173.614258	1.819831
3170.865234	0.000000
3168.115234	1.818248
3165.364258	0.908728
3162.612305	1.816666
3159.858398	3.631749
3157.104492	0.907542
3154.347656	7.257172
3151.590820	7.254009
3148.833008	3.625424
3146.073242	4.529804
3143.312500	-0.905566
3140.550781	-1.810342
3137.787109	2.714328
3135.023438	3.617524
3132.257813	-1.807973
3129.491211	-0.903592
3126.722656	-3.612789
3123.954102	0.902803
3121.183594	0.000000
3118.412109	0.902014
3115.638672	2.704859
3112.865234	3.604902
3110.089844	3.603326
3107.313477	0.900437
3104.536133	0.900044
3101.756836	0.899650
3098.976563	0.899256
3096.195313	7.190898
3093.413086	1.796937
3090.628906	2.694225
3087.844727	-0.897682
3085.058594	0.897288
3082.270508	1.793790
3079.482422	1.793004
3076.692383	3.584435
3073.901367	3.582863
3071.109375	-0.895323
3068.315430	2.684790
3065.520508	0.894537
3062.724609	1.788289
3059.927734	1.787504
3057.128906	1.786718
3054.329102	1.785933
3051.528320	1.785149
3048.726563	-0.892182
3045.922852	0.891790
3043.118164	1.782795
3040.312500	-0.891006
3037.505859	2.671841
3034.697266	2.670666
3031.887695	6.228810
3029.077148	3.557753
3026.264648	3.556187
3023.452148	-1.777310
3020.637695	-1.776527
3017.821289	-1.775744
3015.004883	0.887481
3012.186523	4.435448
3009.367188	-1.773397
3006.545898	-0.886307
3003.724609	-1.771833
3000.901367	3.542102
2998.077148	0.885135
2995.250977	-3.538976
2992.423828	3.537413
2989.595703	4.419814
2986.766602	-1.767145
2983.935547	3.532727
2981.104492	3.531166
2978.270508	2.647204
2975.436523	1.764022
2972.600586	-1.763242
2969.763672	-2.643693
2966.925781	1.761682
2964.085938	-1.760903
2961.245117	7.040492
2958.403320	1.759344
2955.560547	3.517129
2952.715820	-0.878893
2949.870117	2.635510
2947.023438	-2.634342
2944.174805	-0.877725
2941.325195	1.754671
2938.474609	3.507786
2935.622070	-0.876557
2932.768555	1.752337
2929.914063	0.875780
2927.058594	-0.875391
2924.201172	2.625007
2921.342773	1.749227
2918.483398	-1.748450
2915.622070	3.495347
2912.759766	-5.240690
2909.896484	4.365301
2907.032227	-1.745344
2904.166016	4.361419
2901.298828	3.487583
2898.429688	1.743016
2895.559570	0.871120
2892.688477	-0.870732
2889.816406	-2.611034
2886.942383	0.000000
2884.067383	2.608708
2881.191406	-0.869182
2878.314453	-0.868795
2875.435547	5.210444
2872.554688	6.076142
2869.673828	0.867633
2866.791016	3.468984
2863.907227	0.866859
2861.021484	1.732945
2858.134766	0.000000
2855.247070	-1.731398
2852.358398	-0.865312
2849.467773	1.729851
2846.576172	4.322696
2843.682617	-1.728306
2840.789063	2.591300
2837.893555	0.000000
2834.996094	-1.725989
2832.097656	0.862608
2829.198242	0.862222
2826.297852	3.447346
2823.395508	0.000000
2820.492188	-0.861065
2817.587891	-1.721359
2814.681641	1.720588
2811.774414	3.439634
2808.866211	1.719046
2805.956055	0.859138
2803.044922	0.858753
2800.131836	-3.433470
2797.218750	6.863859
2794.303711	0.000000
2791.386719	0.857213
2788.468750	2.570483
2785.549805	3.425772
2782.629883	0.856058
2779.708008	0.000000
2776.785156	1.710579
2773.860352	3.419620
2770.935547	4.272604
2768.007813	3.416546
2765.080078	0.853752
2762.150391	-2.560105
2759.219727	3.411938
2756.287109	3.410402
2753.353516	3.408867
2750.418945	4.259165
2747.482422	5.108696
2744.544922	0.000000
2741.606445	4.253412
2738.666016	1.700598
2735.724609	4.249578
2732.782227	-3.398129
2729.837891	0.849149
2726.892578	0.848766
2723.945313	0.000000
2720.997070	4.240001
2718.047852	-4.238087
2715.097656	2.541704
2712.145508	0.846852
2709.191406	3.385878
2706.237305	3.384348
2703.281250	3.382818
2700.323242	5.917256
2697.364258	1.689880
2694.404297	0.000000
2691.443359	3.376703
2688.480469	2.531381
2685.515625	3.373647
2682.550781	1.686060
2679.583984	0.000000
2676.615234	0.842267
2673.646484	-0.841885
2670.674805	0.841503
2667.703125	3.364488
2664.729492	3.362963
2661.754883	-0.840359
2658.778320	0.839978
2655.800781	-0.839597
2652.821289	0.000000
2649.840820	5.033010
2646.859375	-1.676908
2643.876953	1.676147
2640.892578	0.837693
2637.906250	1.674624
2634.918945	0.000000
2631.930664	2.509653
2628.941406	0.836171
2625.950195	3.343162
2622.957031	0.835410
2619.963867	0.835030
2616.967773	3.338600
2613.971680	0.000000
2610.973633	3.335560
2607.974609	3.334041
2604.973633	4.998783
2601.971680	-0.832751
2598.967773	4.994227
2595.962891	0.831992
2592.957031	2.494837
2589.949219	0.831233
2586.940430	1.661708
2583.929688	-0.830475
2580.917969	0.830095
2577.905273	3.318866
2574.890625	0.000000
2571.875000	0.828959
2568.857422	0.000000
2565.838867	2.484603
2562.819336	4.139112
2559.797852	-1.654888
2556.775391	2.481196
2553.750977	1.653374
2550.725586	4.957853
2547.698242	-2.477792
2544.669922	4.127762
2541.640625	-0.825174
2538.609375	1.649593
2535.577148	2.473255
2532.542969	4.944243
2529.507813	1.647326
2526.471680	5.762996
2523.433594	1.645815
2520.393555	0.822530
2517.353516	1.644305
2514.310547	-1.643550
2511.267578	-2.464194
2508.222656	0.000000
2505.175781	0.820644
2502.127930	2.460799
2499.079102	-0.819889
2496.028320	3.278050
2492.976563	1.638272
2489.922852	2.456277
2486.868164	0.000000
2483.812500	0.818006
2480.754883	1.635259
2477.695313	7.355276
2474.634766	2.450629
2471.573242	0.816500
2468.509766	3.264496
2465.445313	1.631496
2462.378906	-4.892231
2459.311523	0.814996
2456.242188	-0.814620
2453.171875	0.000000
2450.100586	1.627737
2447.027344	-1.626985
2443.953125	-0.813117
2440.876953	4.876450
2437.799805	2.437099
2434.720703	1.623982
2431.640625	3.246462
2428.558594	0.000000
2425.475586	3.243461
2422.390625	2.431470
2419.304688	0.810115
2416.217773	-2.429221
2413.128906	-0.809365
2410.038086	3.235963
2406.946289	0.000000
2403.853516	1.616483
2400.758789	-3.231467
2397.663086	1.614985
2394.565430	1.614236
2391.466797	6.453949
2388.366211	1.612739
2385.264648	-6.447962
2382.161133	4.833727
2379.056641	2.415742
2375.950195	1.609747
2372.842773	-0.804499
2369.734375	-2.412377
2366.624023	0.803752
2363.511719	0.000000
2360.398438	0.000000
2357.284180	0.802631
2354.167969	1.604516
2351.049805	2.405653
2347.930664	5.610579
2344.810547	3.204552
2341.688477	2.402295
2338.564453	0.800392
2335.439453	-3.200076
2332.313477	0.799646
2329.185547	0.799273
2326.056641	4.793403
2322.925781	-2.395583
2319.792969	3.192621
2316.660156	3.191131
2313.524414	1.594820
2310.387695	3.188151
2307.250000	-1.593331
2304.110352	-0.796293
2300.969727	-2.387763
2297.827148	6.364392
2294.682617	0.000000
2291.537109	0.000000
2288.390625	-0.794433
2285.242188	1.588123
2282.092773	0.793690
2278.941406	0.793318
2275.788086	3.964731
2272.633789	1.585150
2269.478516	2.376610
2266.321289	3.959160
2263.162109	3.165843
2260.001953	3.164357
2256.840820	3.162873
2253.676758	1.580694
2250.512695	0.789976
2247.346680	0.789605
2244.178711	2.367703
2241.009766	2.366590
2237.838867	3.153971
2234.666992	-1.576244
2231.493164	0.787751
2228.318359	1.574762
2225.141602	3.148041
2221.963867	3.146560
2218.784180	-1.572539
2215.602539	4.715396
2212.419922	2.356588
2209.236328	-0.785159
2206.050781	0.000000
2202.863281	-0.784419
2199.674805	-1.568098
2196.485352	-3.918396
2193.292969	1.566619
2190.100586	3.131759
2186.905273	0.782570
2183.709961	4.693203
2180.511719	0.781831
2177.312500	-2.344385
2174.112305	3.124369
2170.910156	2.342169
2167.706055	-0.780354
2164.500977	2.339954
2161.294922	3.118462
2158.085938	0.000000
2154.876953	0.000000
2151.665039	3.114034
2148.452148	-0.778140
2145.238281	-3.888855
2142.022461	3.109609
2138.804688	0.777034
2135.585938	0.000000
2132.365234	2.328890
2129.143555	3.103713
2125.919922	0.775560
2122.695313	0.000000
2119.468750	3.874116
2116.240234	0.000000
2113.010742	2.322261
2109.780273	0.773719
2106.546875	-1.546702
2103.312500	-0.772983
2100.077148	0.772615
2096.839844	-1.544495
2093.600586	-3.087519
2090.360352	1.543024
2087.119141	-0.771144
2083.875000	2.312331
2080.629883	2.311229
2077.383789	-1.540084
2074.135742	3.848374
2070.885742	-3.077230
2067.634766	-1.537881
2064.381836	0.768573
2061.127930	2.304618
2057.871094	3.071356
2054.614258	0.767472
2051.355469	3.835526
2048.094727	2.300215
2044.832031	1.532743
2041.568359	2.298015
2038.303711	1.531277
2035.037109	3.826359
2031.768555	3.059621
2028.498047	1.529078
2025.226563	-0.764172
2021.954102	-0.763806
2018.678711	1.526880
2015.403320	-0.763074
2012.125000	0.000000
2008.845703	-0.762341
2005.564453	1.523951
2002.282227	1.523219
1998.998047	3.806218
1995.712891	-1.521756
1992.424805	-1.521024
1989.136719	1.520293
1985.845703	3.798903
1982.553711	0.759415
1979.260742	0.759050
1975.964844	3.034736
1972.667969	-3.791593
1969.370117	0.000000
1966.070313	5.303116
1962.768555	0.000000
1959.465820	-2.270573
1956.161133	0.756492
1952.854492	1.512255
1949.546875	2.267287
1946.237305	-3.021590
1942.925781	0.755033
1939.613281	2.264004
1936.298828	3.017212
1932.982422	1.507877
1929.665039	5.275016
1926.346680	-1.506418
1923.025391	1.505689
1919.703125	0.752480
1916.378906	-0.752116
1913.053711	2.255254
1909.726563	-1.502774
1906.397461	3.755114
1903.067383	0.000000
1899.735352	6.002356
1896.401367	-1.499861
1893.066406	1.499133
1889.729492	-1.498405
1886.390625	2.995354
1883.050781	-2.993899
1879.708984	-1.496222
1876.365234	0.747747
1873.020508	1.494767
1869.673828	0.000000
1866.326172	-0.746656
1862.975586	-1.492586
1859.624023	-1.491859
1856.271484	0.745566
1852.916016	0.745203
1849.559570	0.744839
1846.202148	0.744476
1842.841797	2.232339
1839.480469	0.000000
1836.118164	-1.486773
1832.752930	0.743024
1829.386719	5.198625
1826.018555	2.226893
1822.649414	4.451609
1819.278320	0.741572
1815.905273	2.964837
1812.531250	0.740847
1809.154297	2.221452
1805.777344	2.960485
1802.397461	-0.739759
1799.016602	0.739396
1795.633789	3.695169
1792.249023	2.954686
1788.863281	3.691546
1785.475586	0.737947
1782.085938	0.737585
1778.694336	2.948890
1775.301758	4.421162
1771.907227	0.736498
1768.510742	-0.736136
1765.113281	0.000000
1761.713867	-2.941649
1758.312500	2.940202
1754.910156	1.469377
1751.505859	4.405961
1748.099609	0.733965
1744.691406	0.000000
1741.282227	1.466484
1737.871094	2.931521
1734.458008	2.930075
1731.042969	0.000000
1727.626953	4.390774
1724.208984	0.731434
1720.790039	2.193219
1717.368164	1.461424
1713.945313	2.921402
1710.520508	2.919957
1707.093750	-0.729628
1703.666016	2.917068
1700.236328	2.186718
1696.804688	2.914180
1693.371094	1.456368
1689.936523	2.183470
1686.500000	2.909849
1683.061523	3.635508
1679.622070	-0.726741
1676.179688	0.000000
1672.736328	1.452039
1669.291016	0.725659
1665.844727	1.450596
1662.396484	1.449875
1658.945313	-0.724577
1655.494141	3.621084
1652.040039	1.447713
1648.584961	2.893984
1645.126953	0.000000
1641.668945	0.000000
1638.208008	0.000000
1634.745117	0.000000
1631.281250	1.443390
1627.815430	2.164005
1624.347656	3.604874
1620.878906	3.603074
1617.408203	0.000000
1613.935547	0.000000
1610.460938	1.439070
1606.984375	3.595876
1603.506836	-2.156447
1600.027344	-0.718456
1596.545898	0.718096
1593.062500	2.870946
1589.577148	0.717377
1586.090820	0.000000
1582.602539	1.433316
1579.112305	1.432597
1575.620117	2.863756
1572.126953	4.293477
1568.630859	1.430440
1565.133789	-2.144583
1561.634766	0.000000
1558.133789	0.000000
1554.631836	3.568916
1551.127930	1.426848
1547.621094	4.278389
1544.114258	3.563529
1540.604492	2.137041
1537.092773	1.423976
1533.580078	1.423258
1530.065430	4.267620
1526.548828	0.710911
1523.030273	7.105524
1519.509766	2.840774
1515.988281	0.000000
1512.463867	2.837904
1508.938477	2.127352
1505.411133	0.708759
1501.882813	0.708400
1498.351563	2.124125
1494.818359	1.415366
1491.284180	1.414649
1487.748047	2.120899
1484.209961	0.706608
1480.669922	0.706250
1477.128906	2.117674
1473.584961	0.000000
1470.040039	2.115524
1466.493164	0.704816
1462.944336	2.113375
1459.393555	1.408200
1455.840820	0.000000
1452.287109	3.516920
1448.730469	2.109078
1445.172852	2.810672
1441.613281	3.511550
1438.051758	-1.403904
1434.488281	-4.911159
1430.922852	2.804945
1427.356445	1.401757
1423.787109	0.700521
1420.216797	-2.100489
1416.644531	0.699805
1413.070313	1.398895
1409.494141	0.000000
1405.916016	0.000000
1402.336914	1.396749
1398.754883	0.698017
1395.171875	2.092979
1391.585938	-2.789209
1387.999023	0.000000
1384.410156	2.089762
1380.819336	2.784920
1377.226563	0.695873
1373.632813	-2.086546
1370.036133	1.390316
1366.438477	0.694801
1362.837891	1.388887
1359.236328	0.694086
1355.632813	2.081187
1352.027344	0.693372
1348.419922	-1.386030
1344.810547	-0.692658
1341.199219	-2.769203
1337.585938	0.000000
1333.970703	1.383174
1330.354492	-0.691230
1326.735352	0.000000
1323.115234	-0.690516
1319.493164	-1.380319
1315.869141	-1.379605
1312.242188	0.000000
1308.614258	-1.378178
1304.984375	4.132393
1301.353516	0.000000
1297.719727	-2.752075
1294.083984	1.375324
1290.446289	0.687306
1286.807617	4.121694
1283.166016	0.686592
1279.523438	2.744943
1275.877930	0.685879
1272.231445	1.371046
1268.582031	-1.370333
1264.931641	1.369620
1261.279297	0.684454
1257.625000	1.368194
1253.968750	3.418704
1250.310547	0.000000
1246.650391	1.366056
1242.988281	0.682672
1239.324219	-0.682316
1235.658203	2.045878
1231.990234	0.681603
1228.320313	0.681247
1224.648438	0.680891
1220.975586	3.402674
1217.299805	0.680179
1213.622070	-1.359645
1209.943359	0.000000
1206.261719	2.716443
1202.578125	-2.715019
1198.893555	0.000000
1195.206055	0.678043
1191.517578	-0.677687
1187.826172	0.677331
1184.133789	1.353950
1180.438477	1.353238
1176.742188	0.000000
1173.042969	0.675908
1169.342773	-2.702207
1165.639648	1.350392
1161.935547	-0.674840
1158.228516	-0.674485
1154.520508	0.674129
1150.809570	0.673773
1147.097656	2.020253
1143.382813	-1.346124
1139.666992	-1.345413
1135.948242	-0.672351
1132.227539	2.687981
1128.505859	-0.671640
1124.781250	0.671284
1121.055664	0.670929
1117.327148	1.341146
1113.596680	0.000000
1109.865234	5.358898
1106.130859	1.339014
1102.394531	1.338303
1098.657227	0.668796
1094.916992	0.000000
1091.174805	-2.672341
1087.430664	1.335460
1083.684570	2.669499
1079.936523	1.334039
1076.186523	-0.666664
1072.434570	1.332618
1068.680664	-1.331907
1064.924805	0.000000
1061.166992	0.665243
1057.406250	1.329776
1053.644531	-0.664533
1049.880859	0.000000
1046.114258	0.000000
1042.346680	1.326935
1038.576172	2.652450
1034.803711	2.651029
1031.030273	1.324805
1027.253906	3.310236
1023.475586	1.985077
1019.695313	-0.661337
1015.913086	0.000000
1012.128906	1.981882
1008.342773	-0.660272
1004.553711	-0.659917
