4046.277344	209.633774
4043.892578	218.019135
4041.505859	208.503387
4039.119141	213.657883
4036.731445	221.949036
4034.342773	199.884598
4031.952148	203.990112
4029.561523	203.909546
4027.169922	226.825073
4024.777344	215.241928
4022.383789	220.379074
4019.989258	229.688248
4017.593750	222.291992
4015.197266	226.376846
4012.799805	228.372803
4010.401367	208.477020
4008.001953	233.401749
4005.601563	245.807922
4003.201172	249.875031
4000.798828	232.083450
3998.395508	219.507507
3995.991211	217.340546
3993.585938	247.399551
3991.180664	252.496658
3988.773438	258.628326
3986.365234	247.104691
3983.957031	244.930725
3981.546875	263.506989
3979.135742	269.624207
3976.724609	293.358734
3974.311523	292.205688
3971.898438	279.659943
3969.483398	277.477722
3967.068359	263.912720
3964.651367	273.118286
3962.234375	271.975189
3959.815430	286.338623
3957.396484	285.190979
3954.975586	290.241486
3952.554688	304.580170
3950.131836	300.330170
3947.708984	281.640381
3945.284180	305.246155
3942.859375	321.617188
3940.432617	314.275574
3938.005859	318.269714
3935.577148	306.816772
3933.148438	318.014740
3930.718750	316.858490
3928.287109	344.496857
3925.855469	309.408813
3923.421875	341.137909
3920.988281	325.594299
3918.552734	331.623749
3916.117188	343.805969
3913.680664	364.185303
3911.242188	347.631500
3908.803711	369.017761
3906.363281	351.450500
3903.922852	347.212158
3901.480469	366.524841
3899.038086	360.236847
3896.593750	365.206696
3894.149414	371.194977
3891.703125	365.934540
3889.256836	365.786987
3886.808594	388.108917
3884.360352	398.161591
3881.910156	399.021393
3879.459961	406.001007
3877.007813	410.935486
3874.555664	400.576660
3872.101563	417.735504
3869.646484	443.028015
3867.191406	442.848816
3864.734375	423.334686
3862.277344	430.283875
3859.818359	433.160126
3857.358398	431.968292
3854.897461	453.128967
3852.436523	447.867493
3849.973633	479.155945
3847.509766	442.430664
3845.044922	496.011078
3842.579102	469.447754
3840.113281	497.635620
3837.645508	498.446655
3835.176758	480.015778
3832.707031	462.611969
3830.236328	491.768158
3827.764648	505.728607
3825.291992	532.821167
3822.818359	529.572510
3820.343750	514.203674
3817.868164	506.925659
3815.390625	522.869629
3812.913086	516.602722
3810.434570	542.615295
3807.955078	548.443115
3805.473633	552.250488
3802.992188	559.076721
3800.509766	543.744568
3798.025391	578.750977
3795.541016	553.361938
3793.054688	564.198669
3790.568359	607.195679
3788.080078	620.010986
3785.591797	587.614563
3783.101563	631.552856
3780.610352	653.374817
3778.119141	606.958557
3775.625977	628.772339
3773.131836	654.577759
3770.636719	658.317749
3768.140625	645.027344
3765.643555	698.826965
3763.145508	681.527344
3760.646484	688.250488
3758.146484	671.968933
3755.645508	707.676819
3753.143555	746.352539
3750.639648	725.072998
3748.135742	711.797180
3745.630859	742.439758
3743.124023	739.142212
3740.617188	770.745056
3738.108398	737.537964
3735.599609	764.133728
3733.088867	799.670105
3730.577148	780.427551
3728.064453	795.031799
3725.551758	823.548523
3723.037109	801.336609
3720.521484	803.987854
3718.004883	837.431946
3715.487305	850.988464
3712.967773	824.830566
3710.448242	837.388489
3707.927734	863.820435
3705.406250	845.619629
3702.882813	848.243286
3700.359375	894.447815
3697.833984	890.117859
3695.308594	903.605957
3692.781250	926.975708
3690.252930	885.058899
3687.723633	944.990356
3685.193359	935.706726
3682.662109	932.356445
3680.129883	916.174377
3677.596680	987.834961
3675.062500	963.751221
3672.527344	966.309998
3669.990234	1006.320007
3667.453125	1029.547974
3664.915039	1024.197021
3662.375000	1035.584961
3659.833984	1085.338623
3657.292969	1047.512085
3654.750000	1047.077271
3652.206055	1108.556396
3649.661133	1078.625366
3647.115234	1122.364746
3644.568359	1127.787476
3642.019531	1124.375122
3639.470703	1130.772583
3636.920898	1159.711670
3634.369141	1178.827271
3631.817383	1211.639526
3629.263672	1177.845947
3626.708984	1186.163574
3624.153320	1191.539063
3621.596680	1255.581909
3619.039063	1249.193726
3616.480469	1249.650024
3613.920898	1276.474854
3611.360352	1307.182007
3608.797852	1356.403809
3606.235352	1328.525879
3603.670898	1359.171753
3601.105469	1361.527832
3598.540039	1336.604126
3595.972656	1344.809692
3593.404297	1373.449219
3590.834961	1392.334595
3588.264648	1395.642700
3585.692383	1408.669189
3583.120117	1448.893677
3580.545898	1433.716919
3577.971680	1510.792358
3575.395508	1482.984497
3572.818359	1491.094482
3570.240234	1535.077148
3567.661133	1572.237305
3565.081055	1651.998047
3562.500000	1583.509766
3559.917969	1622.537598
3557.333984	1657.661621
3554.750000	1716.937744
3552.164063	1673.674194
3549.577148	1728.060547
3546.989258	1744.723999
3544.400391	1750.750610
3541.810547	1766.424194
3539.219727	1839.010498
3536.626953	1873.921875
3534.034180	1824.931641
3531.439453	1915.709351
3528.844727	1941.873657
3526.248047	1927.576660
3523.650391	1918.103271
3521.051758	2008.686890
3518.451172	2000.147827
3515.850586	2039.675537
3513.249023	2045.541504
3510.645508	2031.233521
3508.041016	2087.016357
3505.436523	2136.034424
3502.830078	2132.255615
3500.222656	2173.541748
3497.613281	2181.249512
3495.003906	2240.680176
3492.393555	2245.479248
3489.781250	2273.245117
3487.167969	2343.083984
3484.553711	2293.320068
3481.938477	2348.750977
3479.322266	2320.046875
3476.705078	2444.187988
3474.086914	2419.285645
3471.466797	2473.612549
3468.845703	2501.182861
3466.224609	2543.031982
3463.601563	2554.345215
3460.977539	2612.331055
3458.351563	2671.219238
3455.725586	2687.221191
3453.098633	2746.977539
3450.469727	2755.323486
3447.839844	2832.111328
3445.208984	2808.102539
3442.577148	2881.001709
3439.944336	2925.353760
3437.310547	2921.264160
3434.674805	2979.789795
3432.039063	3044.902832
3429.401367	3048.348145
3426.762695	3105.795166
3424.123047	3142.356934
3421.481445	3244.206543
3418.839844	3279.730469
3416.197266	3234.825439
3413.552734	3314.757568
3410.907227	3361.543701
3408.260742	3402.621338
3405.613281	3385.119873
3402.963867	3498.826416
3400.314453	3525.638428
3397.663086	3557.141846
3395.011719	3654.602051
3392.358398	3564.473145
3389.704102	3640.182861
3387.047852	3753.484131
3384.391602	3764.115479
3381.733398	3822.708496
3379.075195	3853.043701
3376.415039	3923.764404
3373.753906	3932.421631
3371.090820	3996.472656
3368.427734	4098.951172
3365.762695	4106.580566
3363.097656	4117.016113
3360.430664	4176.187012
3357.762695	4249.360840
3355.092773	4430.182129
3352.422852	4521.906738
3349.750977	4469.436523
3347.079102	4584.448730
3344.405273	4631.105469
3341.729492	4761.835449
3339.053711	4778.478516
3336.376953	4826.855469
3333.698242	4876.123047
3331.018555	4920.681641
3328.337891	5120.013672
3325.656250	5170.020020
3322.973633	5218.118652
3320.289063	5090.138184
3317.604492	5272.291504
3314.917969	5304.458984
3312.230469	5326.365234
3309.541016	5417.057129
3306.851563	5551.351074
3304.160156	5640.006836
3301.467773	5597.651367
3298.774414	5648.150879
3296.080078	5730.151367
3293.384766	5846.393555
3290.687500	6020.008789
3287.990234	5963.672852
3285.291016	5963.882813
3282.589844	6063.153320
3279.888672	6124.394043
3277.186523	6186.505371
3274.482422	6420.540039
3271.777344	6387.272461
3269.071289	6545.261719
3266.364258	6543.361328
3263.655273	6645.762207
3260.945313	6806.198242
3258.234375	6952.660156
3255.522461	6987.452637
3252.809570	7049.855957
3250.095703	7155.491699
3247.379883	7288.652832
3244.663086	7253.293945
3241.945313	7324.664551
3239.226563	7589.973633
3236.505859	7707.084473
3233.784180	7790.102539
3231.061523	7931.813965
3228.337891	7955.916016
3225.613281	8017.610352
3222.886719	8061.824707
3220.160156	8296.663086
3217.431641	8473.571289
3214.702148	8411.284180
3211.970703	8595.308594
3209.239258	8793.811523
3206.505859	8820.181641
3203.771484	8885.840820
3201.035156	8917.625977
3198.298828	9114.721680
3195.560547	9148.201172
3192.821289	9226.371094
3190.081055	9395.699219
3187.339844	9571.261719
3184.596680	9588.978516
3181.853516	9676.832031
3179.108398	9792.838867
3176.361328	9883.252930
3173.614258	9939.918945
3170.865234	10162.974609
3168.115234	10305.830078
3165.364258	10369.500000
3162.612305	10537.568359
3159.858398	10615.602539
3157.104492	10701.733398
3154.347656	10923.857422
3151.590820	11040.602539
3148.833008	11234.282227
3146.073242	11359.842773
3143.312500	11479.857422
3140.550781	11617.867188
3137.787109	11757.563477
3135.023438	11926.073242
3132.257813	12118.841797
3129.491211	12170.476563
3126.722656	12343.996094
3123.954102	12467.705078
3121.183594	12611.155273
3118.412109	12849.188477
3115.638672	12883.244141
3112.865234	13038.030273
3110.089844	13185.469727
3107.313477	13336.378906
3104.536133	13233.339844
3101.756836	13588.308594
3098.976563	13549.988281
3096.195313	13615.066406
3093.413086	13776.219727
3090.628906	14030.627930
3087.844727	14046.922852
3085.058594	14220.225586
3082.270508	14654.368164
3079.482422	14663.184570
3076.692383	14825.222656
3073.901367	14887.690430
3071.109375	15057.538086
3068.315430	15176.220703
3065.520508	15181.189453
3062.724609	15525.923828
3059.927734	15654.062500
3057.128906	15901.793945
3054.329102	15921.597656
3051.528320	16204.688477
3048.726563	16435.779297
3045.922852	16580.158203
3043.118164	16751.146484
3040.312500	16831.097656
3037.505859	17004.488281
3034.697266	17227.572266
3031.887695	17578.591797
3029.077148	17777.203125
3026.264648	17892.953125
3023.452148	18051.250000
3020.637695	18144.560547
3017.821289	18407.367188
3015.004883	18688.572266
3012.186523	18641.302734
3009.367188	19045.396484
3006.545898	19239.076172
3003.724609	19180.976563
3000.901367	19485.990234
2998.077148	19635.828125
2995.250977	19741.292969
2992.423828	19781.214844
2989.595703	20110.152344
2986.766602	20351.320313
2983.935547	20408.566406
2981.104492	20679.390625
2978.270508	20670.250000
2975.436523	20798.703125
2972.600586	20927.919922
2969.763672	21173.337891
2966.925781	21190.394531
2964.085938	21568.414063
2961.245117	21761.281250
2958.403320	21897.671875
2955.560547	22069.984375
2952.715820	22516.353516
2949.870117	22662.750000
2947.023438	22917.019531
2944.174805	22953.380859
2941.325195	23236.232422
2938.474609	23328.531250
2935.622070	23594.296875
2932.768555	23743.291016
2929.914063	24240.707031
2927.058594	24348.125000
2924.201172	24431.814453
2921.342773	24725.328125
2918.483398	24708.226563
2915.622070	24887.744141
2912.759766	25314.281250
2909.896484	25612.091797
2907.032227	25597.212891
2904.166016	25825.708984
2901.298828	26181.289063
2898.429688	26165.281250
2895.559570	26332.216797
2892.688477	26592.164063
2889.816406	26950.220703
2886.942383	26942.568359
2884.067383	27310.568359
2881.191406	27424.431641
2878.314453	27490.402344
2875.435547	27716.958984
2872.554688	27727.169922
2869.673828	28080.078125
2866.791016	28392.771484
2863.907227	28620.222656
2861.021484	28716.625000
2858.134766	28785.218750
2855.247070	29159.333984
2852.358398	29415.423828
2849.467773	29692.035156
2846.576172	29796.345703
2843.682617	29968.824219
2840.789063	30275.884766
2837.893555	30645.689453
2834.996094	30646.654297
2832.097656	30950.386719
2829.198242	31216.759766
2826.297852	31290.697266
2823.395508	31517.035156
2820.492188	31907.625000
2817.587891	31994.896484
2814.681641	31982.285156
2811.774414	32346.314453
2808.866211	32484.814453
2805.956055	32654.966797
2803.044922	32886.789063
2800.131836	32999.078125
2797.218750	33391.816406
2794.303711	33430.863281
2791.386719	33451.007813
2788.468750	33607.355469
2785.549805	33468.937500
2782.629883	33942.718750
2779.708008	34039.562500
2776.785156	34345.003906
2773.860352	34091.050781
2770.935547	34590.144531
2768.007813	34658.296875
2765.080078	34581.242188
2762.150391	34354.050781
2759.219727	34974.917969
2756.287109	34890.972656
2753.353516	34896.570313
2750.418945	35352.773438
2747.482422	35179.332031
2744.544922	35343.910156
2741.606445	35476.003906
2738.666016	35435.355469
2735.724609	35463.578125
2732.782227	35999.785156
2729.837891	36128.753906
2726.892578	36120.093750
2723.945313	36555.136719
2720.997070	36252.859375
2718.047852	36542.484375
2715.097656	36773.375000
2712.145508	36669.542969
2709.191406	36649.589844
2706.237305	36825.937500
2703.281250	36887.941406
2700.323242	36446.070313
2697.364258	36926.414063
2694.404297	36999.234375
2691.443359	37033.148438
2688.480469	36953.105469
2685.515625	36749.140625
2682.550781	36829.453125
2679.583984	37088.320313
2676.615234	36908.960938
2673.646484	36750.804688
2670.674805	36742.566406
2667.703125	36662.824219
2664.729492	36571.378906
2661.754883	36525.378906
2658.778320	36449.171875
2655.800781	36366.308594
2652.821289	36371.625000
2649.840820	36255.292969
2646.859375	36234.636719
2643.876953	35965.921875
2640.892578	36122.984375
2637.906250	36305.851563
2634.918945	36018.187500
2631.930664	35748.335938
2628.941406	35954.503906
2625.950195	35669.863281
2622.957031	35980.281250
2619.963867	35973.093750
2616.967773	35875.757813
2613.971680	35765.156250
2610.973633	35547.066406
2607.974609	35076.613281
2604.973633	35325.566406
2601.971680	35143.750000
2598.967773	34879.687500
2595.962891	34667.433594
2592.957031	34396.316406
2589.949219	34395.589844
2586.940430	34168.027344
2583.929688	33960.597656
2580.917969	33926.000000
2577.905273	33723.824219
2574.890625	33399.078125
2571.875000	33238.753906
2568.857422	33218.593750
2565.838867	32715.601563
2562.819336	32853.792969
2559.797852	32381.191406
2556.775391	32350.666016
2553.750977	32068.845703
2550.725586	31863.292969
2547.698242	31434.916016
2544.669922	31181.939453
2541.640625	31449.869141
2538.609375	30905.117188
2535.577148	30758.226563
2532.542969	30688.093750
2529.507813	30188.064453
2526.471680	29920.650391
2523.433594	29803.242188
2520.393555	29650.560547
2517.353516	29434.705078
2514.310547	29546.925781
2511.267578	28993.703125
2508.222656	28720.945313
2505.175781	28691.339844
2502.127930	28397.625000
2499.079102	28122.208984
2496.028320	27683.955078
2492.976563	27554.908203
2489.922852	27359.652344
2486.868164	27196.482422
2483.812500	26840.406250
2480.754883	26615.466797
2477.695313	26347.414063
2474.634766	26036.302734
2471.573242	25713.224609
2468.509766	25558.554688
2465.445313	25533.722656
2462.378906	25231.679688
2459.311523	25017.111328
2456.242188	24601.521484
2453.171875	24189.564453
2450.100586	23971.679688
2447.027344	23642.539063
2443.953125	23525.917969
2440.876953	23188.330078
2437.799805	23008.646484
2434.720703	23041.863281
2431.640625	22645.695313
2428.558594	22425.115234
2425.475586	22164.187500
2422.390625	21933.482422
2419.304688	21842.324219
2416.217773	21411.150391
2413.128906	21294.404297
2410.038086	21019.195313
2406.946289	20831.564453
2403.853516	20353.132813
2400.758789	20387.326172
2397.663086	20152.587891
2394.565430	19882.544922
2391.466797	19697.453125
2388.366211	19467.371094
2385.264648	19222.181641
2382.161133	19058.582031
2379.056641	18933.777344
2375.950195	18538.646484
2372.842773	18361.894531
2369.734375	18142.683594
2366.624023	17823.199219
2363.511719	17790.812500
2360.398438	17466.958984
2357.284180	17249.347656
2354.167969	17199.605469
2351.049805	16985.517578
2347.930664	16777.232422
2344.810547	16567.535156
2341.688477	16383.650391
2338.564453	16030.249023
2335.439453	15821.974609
2332.313477	15730.636719
2329.185547	15632.185547
2326.056641	15401.203125
2322.925781	15195.184570
2319.792969	14804.980469
2316.660156	14878.646484
2313.524414	14577.455078
2310.387695	14355.447266
2307.250000	14234.022461
2304.110352	14091.205078
2300.969727	13950.904297
2297.827148	13751.859375
2294.682617	13647.622070
2291.537109	13301.856445
2288.390625	13350.448242
2285.242188	13136.156250
2282.092773	12842.690430
2278.941406	12667.700195
2275.788086	12602.294922
2272.633789	12383.980469
2269.478516	12293.411133
2266.321289	12015.257813
2263.162109	11834.710938
2260.001953	11720.780273
2256.840820	11674.164063
2253.676758	11531.955078
2250.512695	11325.096680
2247.346680	11158.699219
2244.178711	11076.113281
2241.009766	10758.519531
2237.838867	10670.670898
2234.666992	10537.191406
2231.493164	10316.391602
2228.318359	10320.988281
2225.141602	10168.173828
2221.963867	9874.691406
2218.784180	9905.424805
2215.602539	9789.163086
2212.419922	9651.796875
2209.236328	9495.713867
2206.050781	9433.949219
2202.863281	9249.869141
2199.674805	9095.753906
2196.485352	8988.800781
2193.292969	8821.631836
2190.100586	8718.034180
2186.905273	8639.574219
2183.709961	8530.679688
2180.511719	8431.266602
2177.312500	8288.181641
2174.112305	8284.264648
2170.910156	8069.552246
2167.706055	7890.156250
2164.500977	7763.966309
2161.294922	7690.906250
2158.085938	7558.690430
2154.876953	7532.523926
2151.665039	7457.333496
2148.452148	7343.304688
2145.238281	7260.491699
2142.022461	7187.083984
2138.804688	7072.560059
2135.585938	6936.395508
2132.365234	6784.055664
2129.143555	6734.280273
2125.919922	6651.976074
2122.695313	6539.515137
2119.468750	6424.833984
2116.240234	6300.191895
2113.010742	6308.034668
2109.780273	6146.422852
2106.546875	6054.564453
2103.312500	6073.327637
2100.077148	5964.589355
2096.839844	5886.841797
2093.600586	5764.397461
2090.360352	5673.699707
2087.119141	5597.737793
2083.875000	5594.298828
2080.629883	5394.407227
2077.383789	5451.897949
2074.135742	5291.514160
2070.885742	5255.908691
2067.634766	5124.218262
2064.381836	5001.874023
2061.127930	4990.266602
2057.871094	4898.045410
2054.614258	4874.982910
2051.355469	4759.121094
2048.094727	4707.773926
2044.832031	4660.306152
2041.568359	4588.369629
2038.303711	4567.032715
2035.037109	4467.656738
2031.768555	4332.423340
2028.498047	4335.699707
2025.226563	4246.506348
2021.954102	4189.476563
2018.678711	4164.564453
2015.403320	4121.360840
2012.125000	3985.146729
2008.845703	3906.237549
2005.564453	3918.077637
2002.282227	3808.809082
1998.998047	3724.003662
1995.712891	3697.865967
1992.424805	3561.477539
1989.136719	3562.805664
1985.845703	3520.063721
1982.553711	3443.187744
1979.260742	3393.710449
1975.964844	3308.621094
1972.667969	3339.635254
1969.370117	3268.294678
1966.070313	3231.112793
1962.768555	3203.809570
1959.465820	3122.794434
1956.161133	3043.369141
1952.854492	3004.094238
1949.546875	2947.473389
1946.237305	2911.302002
1942.925781	2950.667480
1939.613281	2882.076416
1936.298828	2772.063721
1932.982422	2788.063965
1929.665039	2751.297607
1926.346680	2685.943604
1923.025391	2637.214600
1919.703125	2680.334229
1916.378906	2594.047119
1913.053711	2586.024658
1909.726563	2488.593994
1906.397461	2485.885498
1903.067383	2402.858154
1899.735352	2355.924805
1896.401367	2369.780029
1893.066406	2321.407227
1889.729492	2297.054688
1886.390625	2256.999268
1883.050781	2212.491211
1879.708984	2166.529297
1876.365234	2140.052490
1873.020508	2133.032471
1869.673828	2095.390625
1866.326172	2064.504639
1862.975586	2077.679199
1859.624023	1975.966797
1856.271484	1973.513062
1852.916016	1916.661011
1849.559570	1909.767944
1846.202148	1853.000854
1842.841797	1822.332397
1839.480469	1810.286865
1836.118164	1786.358154
1832.752930	1775.083496
1829.386719	1748.965820
1826.018555	1707.284790
1822.649414	1661.192139
1819.278320	1641.098999
1815.905273	1629.919312
1812.531250	1549.110229
1809.154297	1531.320801
1805.777344	1539.452393
1802.397461	1507.628418
1799.016602	1495.059326
1795.633789	1489.892334
1792.249023	1441.886719
1788.863281	1383.591309
1785.475586	1372.581177
1782.085938	1326.177124
1778.694336	1343.956543
1775.301758	1338.875122
1771.907227	1339.690308
1768.510742	1258.056763
1765.113281	1247.137329
1761.713867	1253.877930
1758.312500	1234.149658
1754.910156	1229.134033
1751.505859	1194.015381
1748.099609	1170.674316
1744.691406	1125.347656
1741.282227	1165.854370
1737.871094	1122.772461
1734.458008	1070.942261
1731.042969	1049.913452
1727.626953	1031.832031
1724.208984	1053.265503
1720.790039	996.452515
1717.368164	1005.459351
1713.945313	1008.614075
1710.520508	977.455688
1707.093750	972.594360
1703.666016	956.798401
1700.236328	919.879456
1696.804688	944.194397
1693.371094	920.424683
1689.936523	895.950378
1686.500000	874.409729
1683.061523	871.794739
1679.622070	839.385559
1676.179688	838.242554
1672.736328	827.662109
1669.291016	807.658203
1665.844727	778.970276
1662.396484	775.683289
1658.945313	773.123840
1655.494141	732.907349
1652.040039	727.475647
1648.584961	702.514587
1645.126953	729.643921
1641.668945	688.804993
1638.208008	679.070313
1634.745117	683.786133
1631.281250	671.898010
1627.815430	644.873352
1624.347656	616.433472
1620.878906	606.037048
1617.408203	618.698975
1613.935547	603.271973
1610.460938	606.568115
1606.984375	578.936157
1603.506836	578.646484
1600.027344	558.958618
1596.545898	565.141663
1593.062500	551.939331
1589.577148	525.837280
1586.090820	531.309814
1582.602539	511.693665
1579.112305	494.962158
1575.620117	501.157227
1572.126953	490.887543
1568.630859	489.210602
1565.133789	462.514984
1561.634766	464.426025
1558.133789	441.339996
1554.631836	422.559662
1551.127930	433.761810
1547.621094	430.691223
1544.114258	429.048950
1540.604492	424.558716
1537.092773	413.664948
1533.580078	412.033142
1530.065430	418.226776
1526.548828	398.821167
1523.030273	394.356567
1519.509766	360.778320
1515.988281	357.046906
1512.463867	336.291687
1508.938477	347.467560
1505.411133	332.407898
1501.882813	344.282532
1498.351563	324.283081
1494.818359	321.288177
1491.284180	328.198669
1487.748047	317.427856
1484.209961	298.895142
1480.669922	306.512299
1477.128906	306.356781
1473.584961	299.851471
1470.040039	283.480194
1466.493164	272.763947
1462.944336	286.010040
1459.393555	271.782654
1455.840820	269.533203
1452.287109	264.472351
1448.730469	260.822601
1445.172852	247.339111
1441.613281	244.403870
1438.051758	256.914429
1434.488281	236.437225
1430.922852	238.420334
1427.356445	231.990768
1423.787109	217.861938
1420.216797	213.549698
1416.644531	225.337280
1413.070313	196.544754
1409.494141	209.027878
1405.916016	198.439972
1402.336914	195.544907
1398.754883	196.142822
1395.171875	191.856400
1391.585938	177.114746
1387.999023	160.994232
1384.410156	187.381973
1380.819336	173.361252
1377.226563	169.792908
1373.632813	172.487778
1370.036133	161.971802
1366.438477	154.940552
1362.837891	161.110886
1359.236328	160.333939
1355.632813	158.863968
1352.027344	162.942429
1348.419922	143.454086
1344.810547	144.765488
1341.199219	143.306274
1337.585938	134.237106
1333.970703	145.924820
1330.354492	138.937210
1326.735352	128.502380
1323.115234	117.387741
1319.493164	123.538506
1315.869141	126.233849
1312.242188	117.895203
1308.614258	126.792351
1304.984375	119.839394
1301.353516	119.777328
1297.719727	120.403282
1294.083984	103.836975
1290.446289	115.467323
1286.807617	107.850975
1283.166016	118.093880
1279.523438	96.759247
1275.877930	109.054810
1272.231445	85.004829
1268.582031	88.386459
1264.931641	101.351868
1261.279297	96.507950
1257.625000	76.618881
1253.968750	86.151344
1250.310547	89.523369
1246.650391	80.597328
1242.988281	86.016663
1239.324219	78.466301
1235.658203	75.697502
1231.990234	85.200409
1228.320313	77.662170
1224.648438	79.664246
1220.975586	69.414558
1217.299805	78.220558
1213.622070	71.381386
1209.943359	73.382401
1206.261719	76.739502
1202.578125	65.160446
1198.893555	59.020687
1195.206055	63.057976
1191.517578	52.859573
1187.826172	56.218468
1184.133789	62.958683
1180.438477	56.159397
1176.742188	64.245026
1173.042969	54.748516
1169.342773	56.070801
1165.639648	57.391666
1161.935547	57.361427
1158.228516	44.515984
1154.520508	56.626827
1150.809570	49.185448
1147.097656	56.567078
1143.382813	57.883331
1139.666992	54.489216
1135.948242	45.047501
1132.227539	50.399643
1128.505859	44.328220
1124.781250	41.619617
1121.055664	36.230148
1117.327148	40.234390
1113.596680	39.542843
1109.865234	39.521873
1106.130859	43.517944
1102.394531	36.803329
1098.657227	40.127762
1094.916992	44.785526
1091.174805	32.736183
1087.430664	39.396072
1083.684570	33.368736
1079.936523	40.688187
1076.186523	31.333216
1072.434570	39.312225
1068.680664	41.289127
1064.924805	40.601505
1061.166992	33.927406
1057.406250	33.244404
1053.644531	36.549309
1049.880859	32.544712
1046.114258	32.527309
1042.346680	25.211765
1038.576172	21.219597
1034.803711	30.486837
1031.030273	27.820896
1027.253906	27.143936
1023.475586	27.791073
1019.695313	24.469475
1015.913086	27.100269
1012.128906	28.406969
1008.342773	25.090343
1004.553711	25.736773
