4046.277344	60.793797
4043.892578	57.649288
4041.505859	53.435543
4039.119141	65.982582
4036.731445	64.909622
4034.342773	65.930527
4031.952148	55.443466
4029.561523	61.695709
4027.169922	58.535503
4024.777344	62.691822
4022.383789	64.755936
4019.989258	54.289948
4017.593750	62.617462
4015.197266	65.722313
4012.799805	67.781883
4010.401367	70.882187
4008.001953	60.434380
4005.601563	69.784454
4003.201172	62.468758
4000.798828	79.095703
3998.395508	75.943352
3995.991211	70.713669
3993.585938	81.080528
3991.180664	68.579338
3988.773438	85.170769
3986.365234	65.410065
3983.957031	85.103050
3981.546875	74.694893
3979.135742	93.331459
3976.724609	76.708641
3974.311523	70.460945
3971.898438	81.826424
3969.483398	81.793808
3967.068359	74.516533
3964.651367	83.797661
3962.234375	97.207863
3959.815430	95.101631
3957.396484	96.096962
3954.975586	90.894135
3952.554688	83.630486
3950.131836	89.789429
3947.708984	99.038376
3945.284180	89.717621
3942.859375	96.897491
3940.432617	110.254051
3938.005859	95.789917
3935.577148	99.869888
3933.148438	109.092438
3930.718750	100.818611
3928.287109	96.664787
3925.855469	95.598076
3923.421875	98.642288
3920.988281	116.063583
3918.552734	101.643188
3916.117188	111.865227
3913.680664	107.716774
3911.242188	106.648010
3908.803711	112.755424
3906.363281	113.734703
3903.922852	101.398247
3901.480469	106.476486
3899.038086	113.597412
3896.593750	104.344765
3894.149414	116.573631
3891.703125	99.149864
3889.256836	112.392654
3886.808594	123.582054
3884.360352	132.720535
3881.910156	123.482330
3879.459961	134.653610
3877.007813	124.402306
3874.555664	138.621948
3872.101563	139.584793
3869.646484	126.288445
3867.191406	122.165192
3864.734375	137.380249
3862.277344	134.272980
3859.818359	148.453934
3857.358398	148.393814
3854.897461	148.333710
3852.436523	146.242447
3849.973633	154.304459
3847.509766	171.492615
3845.044922	158.236664
3842.579102	165.269943
3840.113281	160.135284
3837.645508	155.004761
3835.176758	163.043335
3832.707031	156.903412
3830.236328	167.970184
3827.764648	157.787323
3825.291992	171.877808
3822.818359	169.786606
3820.343750	187.901535
3817.868164	161.569931
3815.390625	160.494736
3812.913086	164.465317
3810.434570	179.526993
3807.955078	187.519150
3805.473633	186.434937
3802.992188	179.307480
3800.509766	193.331406
3798.025391	186.206848
3795.541016	199.210281
3793.054688	198.123230
3790.568359	211.111084
3788.080078	199.971130
3785.591797	201.898331
3783.101563	194.787369
3780.610352	207.755127
3778.119141	213.689545
3775.625977	227.641663
3773.131836	227.548477
3770.636719	220.441254
3768.140625	210.334991
3765.643555	216.255920
3763.145508	233.180435
3760.646484	245.089188
3758.146484	219.989822
3755.645508	232.893631
3753.143555	231.798920
3750.639648	253.675674
3748.135742	242.590057
3745.630859	254.465240
3743.124023	264.335602
3740.617188	258.244476
3738.108398	255.148270
3735.599609	266.002228
3733.088867	277.843018
3730.577148	273.746918
3728.064453	262.688873
3725.551758	269.543060
3723.037109	258.495697
3720.521484	283.234283
3718.004883	309.939209
3715.487305	288.958740
3712.967773	301.743073
3710.448242	283.759613
3707.927734	288.601318
3705.406250	305.335083
3702.882813	297.281525
3700.359375	308.054565
3697.833984	292.085388
3695.308594	295.923523
3692.781250	303.715607
3690.252930	318.423431
3687.723633	316.314758
3685.193359	309.267365
3682.662109	323.954376
3680.129883	339.616364
3677.596680	357.239014
3675.062500	350.185974
3672.527344	343.138641
3669.990234	354.823914
3667.453125	349.750732
3664.915039	349.605713
3662.375000	340.601105
3659.833984	349.315674
3657.292969	363.924408
3654.750000	371.638672
3652.206055	363.622253
3649.661133	371.330017
3647.115234	392.778564
3644.568359	383.781464
3642.019531	382.640778
3639.470703	390.327423
3636.920898	407.810699
3634.369141	390.002686
3631.817383	377.106873
3629.263672	409.259857
3626.708984	423.769653
3624.153320	423.593140
3621.596680	437.106781
3619.039063	405.645874
3616.480469	425.017792
3613.920898	434.606995
3611.360352	435.401917
3608.797852	433.268585
3606.235352	444.792816
3603.670898	458.257324
3601.105469	444.421417
3598.540039	486.126404
3595.972656	467.421204
3593.404297	479.879852
3590.834961	465.084534
3588.264648	483.368927
3585.692383	497.749207
3583.120117	486.851593
3580.545898	502.189453
3577.971680	534.020447
3575.395508	536.708435
3572.818359	527.752380
3570.240234	542.077148
3567.661133	533.126099
3565.081055	547.436279
3562.500000	570.450867
3559.917969	548.913391
3557.333984	578.681641
3554.750000	543.616333
3552.164063	580.129700
3549.577148	573.120728
3546.989258	611.522827
3544.400391	635.407532
3541.810547	645.758362
3539.219727	644.522034
3536.626953	594.099792
3534.034180	643.980103
3531.439453	619.618225
3528.844727	642.475037
3526.248047	670.126526
3523.650391	665.994690
3521.051758	680.144470
3518.451172	688.512390
3515.850586	667.075806
3513.249023	709.069824
3510.645508	721.255981
3508.041016	718.071838
3505.436523	740.798950
3502.830078	705.955933
3500.222656	708.534302
3497.613281	729.319336
3495.003906	737.633057
3492.393555	752.642456
3489.781250	774.339111
3487.167969	784.536133
3484.553711	816.720276
3481.938477	801.079895
3479.322266	821.762939
3476.705078	814.729370
3474.086914	832.524475
3471.466797	825.491821
3468.845703	846.128601
3466.224609	859.119568
3463.601563	883.536621
3460.977539	866.013489
3458.351563	869.455688
3455.725586	900.499878
3453.098633	917.245056
3450.469727	941.584473
3447.839844	954.494690
3445.208984	952.189087
3442.577148	1003.078735
3439.944336	959.926208
3437.310547	944.333252
3434.674805	995.160583
3432.039063	997.582581
3429.401367	1040.760620
3426.762695	1022.316345
3424.123047	1021.881592
3421.481445	1022.393677
3418.839844	1047.507690
3416.197266	1077.329224
3413.552734	1126.979736
3410.907227	1138.785522
3408.260742	1113.739746
3405.613281	1119.875122
3402.963867	1122.229492
3400.314453	1153.828125
3397.663086	1179.741333
3395.011719	1187.722046
3392.358398	1190.984497
3389.704102	1238.509766
3387.047852	1221.035522
3384.391602	1241.217041
3381.733398	1275.490356
3379.075195	1271.184814
3376.415039	1270.641846
3373.753906	1234.400879
3371.090820	1344.677856
3368.427734	1332.839600
3365.762695	1381.995239
3363.097656	1353.269653
3360.430664	1358.315308
3357.762695	1328.686646
3355.092773	1388.997925
3352.422852	1444.576050
3349.750977	1410.268188
3347.079102	1476.078369
3344.405273	1517.521484
3341.729492	1461.729248
3339.053711	1520.892090
3336.376953	1536.114746
3333.698242	1508.387207
3331.018555	1559.055664
3328.337891	1548.128052
3325.656250	1586.616333
3322.973633	1551.458496
3320.289063	1581.528809
3317.604492	1627.399902
3314.917969	1665.786255
3312.230469	1655.768555
3309.541016	1660.635742
3306.851563	1711.968628
3304.160156	1742.818848
3301.467773	1729.068726
3298.774414	1784.017456
3296.080078	1757.271118
3293.384766	1770.426025
3290.687500	1803.036133
3287.990234	1830.058105
3285.291016	1855.203857
3282.589844	1852.552979
3279.888672	1851.754639
3277.186523	1867.606812
3274.482422	1915.806396
3271.777344	1935.312988
3269.071289	1946.487915
3266.364258	1990.895752
3263.655273	1947.577515
3260.945313	2012.243164
3258.234375	2044.574585
3255.522461	2004.052979
3252.809570	2040.044556
3250.095703	2080.609619
3247.379883	2055.773926
3244.663086	2052.124512
3241.945313	2180.014404
3239.226563	2127.583008
3236.505859	2174.452881
3233.784180	2167.081543
3231.061523	2210.219482
3228.337891	2224.866211
3225.613281	2171.608154
3222.886719	2289.884766
3220.160156	2291.642822
3217.431641	2352.039307
3214.702148	2307.058350
3211.970703	2344.507813
3209.239258	2413.951660
3206.505859	2358.938965
3203.771484	2312.201904
3201.035156	2398.017090
3198.298828	2416.159424
3195.560547	2412.371338
3192.821289	2484.338867
3190.081055	2517.927002
3187.339844	2525.952148
3184.596680	2553.111084
3181.853516	2601.200928
3179.108398	2609.177246
3176.361328	2644.455322
3173.614258	2628.746338
3170.865234	2683.993164
3168.115234	2670.097412
3165.364258	2704.375732
3162.612305	2646.881836
3159.858398	2662.979980
3157.104492	2661.820068
3154.347656	2688.781982
3151.590820	2737.481689
3148.833008	2724.505859
3146.073242	2736.907715
3143.312500	2806.348389
3140.550781	2836.805176
3137.787109	2857.282227
3135.023438	2799.963867
3132.257813	2846.653076
3129.491211	2857.156982
3126.722656	2944.422852
3123.954102	2866.398438
3121.183594	2912.071533
3118.412109	2911.700928
3115.638672	2941.985107
3112.865234	3000.179688
3110.089844	2981.752197
3107.313477	2947.131836
3104.536133	3007.945557
3101.756836	2994.034180
3098.976563	3050.276123
3096.195313	3013.885010
3093.413086	3039.519287
3090.628906	3016.634277
3087.844727	3108.671631
3085.058594	3052.574951
3082.270508	3125.679199
3079.482422	3152.997070
3076.692383	3163.263916
3073.901367	3151.127930
3071.109375	3223.161865
3068.315430	3153.732910
3065.520508	3217.649902
3062.724609	3171.530273
3059.927734	3139.750000
3057.128906	3259.867920
3054.329102	3193.249268
3051.528320	3278.425781
3048.726563	3270.739502
3045.922852	3268.409912
3043.118164	3250.036133
3040.312500	3212.075439
3037.505859	3334.457764
3034.697266	3296.491455
3031.887695	3365.337158
3029.077148	3300.705566
3026.264648	3359.707275
3023.452148	3320.015381
3020.637695	3354.083496
3017.821289	3338.399414
3015.004883	3325.390869
3012.186523	3339.005371
3009.367188	3347.286865
3006.545898	3387.467041
3003.724609	3395.717773
3000.901367	3370.310303
2998.077148	3351.120117
2995.250977	3394.762695
2992.423828	3425.100342
2989.595703	3381.157471
2986.766602	3386.732422
2983.935547	3466.488770
2981.104492	3388.153809
2978.270508	3401.656982
2975.436523	3465.421631
2972.600586	3477.994873
2969.763672	3453.544434
2966.925781	3401.808350
2964.085938	3435.520996
2961.245117	3444.560791
2958.403320	3403.450439
2955.560547	3456.458740
2952.715820	3470.747559
2949.870117	3475.359131
2947.023438	3411.472900
2944.174805	3474.034668
2941.325195	3405.816650
2938.474609	3465.692627
2935.622070	3486.069092
2932.768555	3451.228027
2929.914063	3504.870361
2927.058594	3488.432861
2924.201172	3490.384033
2921.342773	3493.207031
2918.483398	3449.692627
2915.622070	3509.328369
2912.759766	3491.173340
2909.896484	3463.429443
2907.032227	3527.340088
2904.166016	3487.390869
2901.298828	3466.657959
2898.429688	3465.987061
2895.559570	3467.057861
2892.688477	3528.207275
2889.816406	3524.895752
2886.942383	3474.608398
2884.067383	3514.799805
2881.191406	3534.963379
2878.314453	3467.359619
2875.435547	3515.313232
2872.554688	3456.456543
2869.673828	3473.135498
2866.791016	3579.124756
2863.907227	3546.320801
2861.021484	3464.156250
2858.134766	3513.708984
2855.247070	3520.797363
2852.358398	3537.396484
2849.467773	3477.866211
2846.576172	3516.081299
2843.682617	3541.298584
2840.789063	3518.121582
2837.893555	3475.969727
2834.996094	3476.141113
2832.097656	3466.822754
2829.198242	3491.138428
2826.297852	3496.470703
2823.395508	3547.454102
2820.492188	3470.953125
2817.587891	3502.965088
2814.681641	3423.969482
2811.774414	3468.010742
2808.866211	3475.051758
2805.956055	3467.479980
2803.044922	3428.140137
2800.131836	3411.152100
2797.218750	3429.355713
2794.303711	3448.399414
2791.386719	3398.847900
2788.468750	3426.454346
2785.549805	3460.886475
2782.629883	3467.892822
2779.708008	3414.138916
2776.785156	3362.998047
2773.860352	3365.761230
2770.935547	3318.958740
2768.007813	3381.526611
2765.080078	3449.159668
2762.150391	3398.966309
2759.219727	3380.377197
2756.287109	3358.393311
2753.353516	3363.699463
2750.418945	3355.370117
2747.482422	3311.286621
2744.544922	3337.880127
2741.606445	3305.751465
2738.666016	3297.459229
2735.724609	3278.124512
2732.782227	3295.336182
2729.837891	3325.268311
2726.892578	3314.431885
2723.945313	3304.452637
2720.997070	3225.792969
2718.047852	3230.270264
2715.097656	3168.657959
2712.145508	3197.713379
2709.191406	3197.115234
2706.237305	3144.905273
2703.281250	3195.917725
2700.323242	3147.134766
2697.364258	3162.610352
2694.404297	3181.449463
2691.443359	3087.994873
2688.480469	3132.162354
2685.515625	3078.453125
2682.550781	3099.821289
2679.583984	3049.543945
2676.615234	3083.537842
2673.646484	3068.670654
2670.674805	3058.023438
2667.703125	3021.310303
2664.729492	2964.451416
2661.754883	2978.233643
2658.778320	2947.483398
2655.800781	2936.071045
2652.821289	2899.491455
2649.840820	2904.885986
2646.859375	2876.736328
2643.876953	2881.296387
2640.892578	2864.909180
2637.906250	2874.492432
2634.918945	2831.339355
2631.930664	2827.542725
2628.941406	2774.414307
2625.950195	2827.479004
2622.957031	2819.509277
2619.963867	2725.538086
2616.967773	2722.628174
2613.971680	2697.194824
2610.973633	2716.813965
2607.974609	2663.898682
2604.973633	2639.357422
2601.971680	2557.377930
2598.967773	2586.177490
2595.962891	2595.814209
2592.957031	2577.166748
2589.949219	2572.666260
2586.940430	2537.427246
2583.929688	2517.168457
2580.917969	2489.456299
2577.905273	2481.681885
2574.890625	2533.625977
2571.875000	2432.164551
2568.857422	2423.595947
2565.838867	2376.109131
2562.819336	2357.638428
2559.797852	2340.011475
2556.775391	2330.670410
2553.750977	2365.978516
2550.725586	2254.170410
2547.698242	2295.260986
2544.669922	2218.259277
2541.640625	2243.648926
2538.609375	2191.483887
2535.577148	2145.136719
2532.542969	2224.909424
2529.507813	2139.875977
2526.471680	2114.196289
2523.433594	2063.852051
2520.393555	2072.775635
2517.353516	2068.535889
2514.310547	2054.437988
2511.267578	1952.462769
2508.222656	1998.364258
2505.175781	1987.598633
2502.127930	1943.211304
2499.079102	1945.597778
2496.028320	1936.508301
2492.976563	1883.193115
2489.922852	1858.583008
2486.868164	1877.369141
2483.812500	1869.143188
2480.754883	1801.237305
2477.695313	1757.093628
2474.634766	1749.749390
2471.573242	1733.429932
2468.509766	1775.069702
2465.445313	1775.067383
2462.378906	1722.065186
2459.311523	1639.771606
2456.242188	1701.741089
2453.171875	1617.903076
2450.100586	1566.696655
2447.027344	1604.207642
2443.953125	1589.643921
2440.876953	1555.587402
2437.799805	1528.060791
2434.720703	1549.278442
2431.640625	1447.922119
2428.558594	1510.529419
2425.475586	1484.694092
2422.390625	1458.882202
2419.304688	1449.295898
2416.217773	1413.806396
2413.128906	1403.439575
2410.038086	1410.879639
2406.946289	1383.541870
2403.853516	1382.901001
2400.758789	1381.452271
2397.663086	1355.779663
2394.565430	1339.815796
2391.466797	1283.529175
2388.366211	1247.453491
2385.264648	1228.336792
2382.161133	1227.766724
2379.056641	1211.091797
2375.950195	1212.944092
2372.842773	1196.290649
2369.734375	1207.796753
2366.624023	1174.281616
2363.511719	1146.420898
2360.398438	1149.099731
2357.284180	1139.736328
2354.167969	1132.788086
2351.049805	1058.487549
2347.930664	1072.421997
2344.810547	1068.718140
2341.688477	1044.197510
2338.564453	1022.100464
2335.439453	1040.024658
2332.313477	1047.536255
2329.185547	1017.474792
2326.056641	986.642090
2322.925781	979.793579
2319.792969	945.015747
2316.660156	959.732544
2313.524414	964.866333
2310.387695	936.519409
2307.250000	907.401978
2304.110352	905.385437
2300.969727	872.329468
2297.827148	916.472412
2294.682617	871.513916
2291.537109	851.236145
2288.390625	866.726501
2285.242188	874.261475
2282.092773	834.961426
2278.941406	810.770874
2275.788086	781.052124
2272.633789	797.330200
2269.478516	749.424316
2266.321289	787.872742
2263.162109	727.352295
2260.001953	747.579468
2256.840820	753.554443
2253.676758	746.087646
2250.512695	746.527405
2247.346680	735.122375
2244.178711	715.046204
2241.009766	713.132507
2237.838867	687.565613
2234.666992	686.454224
2231.493164	644.380615
2228.318359	662.974670
2225.141602	651.644592
2221.963867	653.697815
2218.784180	640.809753
2215.602539	635.006714
2212.419922	596.216675
2209.236328	601.431824
2206.050781	579.959106
2202.863281	610.278015
2199.674805	586.468750
2196.485352	576.787964
2193.292969	562.416199
2190.100586	559.018982
2186.905273	569.711060
2183.709961	539.718384
2180.511719	552.754578
2177.312500	541.552917
2174.112305	507.709961
2170.910156	515.277161
2167.706055	523.617371
2164.500977	460.190887
2161.294922	497.394653
2158.085938	483.912018
2154.876953	509.385864
2151.665039	486.567841
2148.452148	446.652191
2145.238281	477.551361
2142.022461	447.006287
2138.804688	469.328308
2135.585938	462.892365
2132.365234	421.529022
2129.143555	421.328979
2125.919922	418.802277
2122.695313	431.006439
2119.468750	412.205963
2116.240234	394.972076
2113.010742	390.913910
2109.780273	384.538300
2106.546875	389.768860
2103.312500	382.626587
2100.077148	387.080200
2096.839844	371.450989
2093.600586	402.921204
2090.360352	380.355438
2087.119141	344.701569
2083.875000	349.932739
2080.629883	361.322052
2077.383789	335.738342
2074.135742	349.432343
2070.885742	343.111145
2067.634766	327.568573
2064.381836	331.255035
2061.127930	321.110138
2057.871094	314.046173
2054.614258	297.779175
2051.355469	308.376312
2048.094727	293.660828
2044.832031	306.548676
2041.568359	282.655823
2038.303711	300.130219
2035.037109	277.028381
2031.768555	276.130798
2028.498047	281.350281
2025.226563	277.394592
2021.954102	275.734009
2018.678711	269.494263
2015.403320	266.312714
2012.125000	251.693481
2008.845703	246.236282
2005.564453	244.594116
2002.282227	239.145370
1998.998047	247.404175
1995.712891	241.198257
1992.424805	230.435135
1989.136719	204.479355
1985.845703	243.129807
1982.553711	227.824509
1979.260742	233.787247
1975.964844	212.431534
1972.667969	195.646210
1969.370117	200.857620
1966.070313	206.821518
1962.768555	187.034027
1959.465820	201.324127
1956.161133	190.636108
1952.854492	198.861511
1949.546875	212.369247
1946.237305	182.806198
1942.925781	177.432663
1939.613281	197.722961
1936.298828	178.769821
1932.982422	177.175507
1929.665039	186.132706
1926.346680	177.757355
1923.025391	183.694077
1919.703125	183.605148
1916.378906	163.209106
1913.053711	170.647552
1909.726563	155.537125
1906.397461	170.482178
1903.067383	162.892914
1899.735352	164.314499
1896.401367	156.735458
1893.066406	138.669785
1889.729492	143.097672
1886.390625	145.274673
1883.050781	147.449509
1879.708984	153.362732
1876.365234	138.333221
1873.020508	130.044724
1869.673828	130.728470
1866.326172	114.238411
1862.975586	132.840118
1859.624023	120.840553
1856.271484	129.728470
1852.916016	125.939232
1849.559570	124.388161
1846.202148	121.349594
1842.841797	119.802170
1839.480469	129.412445
1836.118164	108.534454
1832.752930	116.654709
1829.386719	106.943130
1826.018555	124.706017
1822.649414	103.128944
1819.278320	126.067253
1815.905273	111.181396
1812.531250	109.645294
1809.154297	100.705818
1805.777344	88.814560
1802.397461	102.826477
1799.016602	92.424538
1795.633789	90.162132
1792.249023	90.856590
1788.863281	87.120476
1785.475586	93.719254
1782.085938	83.347061
1778.694336	81.831688
1775.301758	84.002075
1771.907227	93.535278
1768.510742	82.447250
1765.113281	75.048973
1761.713867	86.778648
1758.312500	85.265846
1754.910156	80.081055
1751.505859	65.355087
1748.099609	72.662544
1744.691406	82.163582
1741.282227	72.590935
1737.871094	72.555138
1734.458008	76.914459
1731.042969	66.626305
1727.626953	76.106758
1724.208984	70.217697
1720.790039	70.183014
1717.368164	64.302635
1713.945313	68.652946
1710.520508	61.319103
1707.093750	66.396164
1703.666016	64.904770
1700.236328	62.685921
1696.804688	53.912334
1693.371094	58.254726
1689.936523	61.137150
1686.500000	53.832214
1683.061523	64.712036
1679.622070	58.866001
1676.179688	58.110405
1672.736328	47.191261
1669.291016	52.247433
1665.844727	51.496170
1662.396484	59.444889
1658.945313	53.618710
1655.494141	51.419388
1652.040039	60.803932
1648.584961	48.474232
1645.126953	49.896362
1641.668945	44.812077
1638.208008	44.789745
1634.745117	45.489468
1631.281250	44.745087
1627.815430	41.837421
1624.347656	49.747261
1620.878906	35.310127
1617.408203	46.096313
1613.935547	42.473804
1610.460938	37.415825
1606.984375	41.712170
1603.506836	35.940777
1600.027344	38.078159
1596.545898	37.341000
1593.062500	38.040035
1589.577148	39.455730
1586.090820	32.982796
1582.602539	35.832890
1579.112305	29.368233
1575.620117	35.796944
1572.126953	37.925713
1568.630859	36.476227
1565.133789	37.887627
1561.634766	32.867073
1558.133789	33.564690
1554.631836	36.402943
1551.127930	34.244354
1547.621094	35.653248
1544.114258	24.944706
1540.604492	29.918568
1537.092773	24.919577
1533.580078	24.907013
1530.065430	24.894451
1526.548828	26.303713
1523.030273	24.869333
1519.509766	22.726194
1515.988281	26.973724
1512.463867	28.379045
1508.938477	24.109993
1505.411133	23.389042
1501.882813	23.377209
1498.351563	24.781460
1494.818359	24.768911
1491.284180	19.805092
1487.748047	28.278650
1484.209961	24.731276
1480.669922	24.718733
1477.128906	23.294409
1473.584961	19.754921
1470.040039	17.629366
1466.493164	18.325228
1462.944336	21.838205
1459.393555	24.643503
1455.840820	20.408518
1452.287109	12.660911
1448.730469	20.387751
1445.172852	23.890709
1441.613281	23.176229
1438.051758	17.548801
1434.488281	16.136665
1430.922852	14.024726
1427.356445	19.624598
1423.787109	9.106769
1420.216797	12.602933
1416.644531	9.797273
1413.070313	18.185637
1409.494141	14.680887
1405.916016	11.878448
1402.336914	18.856117
1398.754883	19.544479
1395.171875	18.836809
1391.585938	18.129856
1387.999023	11.848060
1384.410156	16.021507
1380.819336	13.228368
1377.226563	18.788559
1373.632813	4.868607
1370.036133	6.951580
1366.438477	12.506413
1362.837891	11.805539
1359.236328	11.105381
1355.632813	15.955770
1352.027344	15.947556
1348.419922	11.781254
1344.810547	8.311894
1341.199219	11.076813
1337.585938	11.763045
1333.970703	13.831737
1330.354492	8.294759
1326.735352	13.126587
1323.115234	8.286193
1319.493164	10.352388
1315.869141	9.657234
1312.242188	5.515565
1308.614258	6.890889
1304.984375	5.509857
1301.353516	8.948880
1297.719727	12.384337
1294.083984	14.440905
1290.446289	9.622277
1286.807617	12.365080
1283.166016	6.179331
1279.523438	8.234830
1275.877930	11.659948
1272.231445	4.113137
1268.582031	6.851664
1264.931641	9.587339
1261.279297	9.582350
1257.625000	7.525069
1253.968750	8.204889
1250.310547	8.200614
1246.650391	2.049085
1242.988281	3.413360
1239.324219	8.187788
1235.658203	8.183514
1231.990234	8.179239
1228.320313	8.174966
1224.648438	6.128019
1220.975586	4.083209
1217.299805	8.162146
1213.622070	8.157872
1209.943359	9.512533
1206.261719	6.791107
1202.578125	5.430037
1198.893555	8.140784
1195.206055	4.746299
1191.517578	3.388434
1187.826172	8.127972
1184.133789	4.738825
1180.438477	5.412954
1176.742188	4.057580
1173.042969	5.407261
1169.342773	8.106622
1165.639648	0.000000
1161.935547	5.398723
1158.228516	8.093815
1154.520508	2.696516
1150.809570	4.716413
1147.097656	5.387341
1143.382813	1.346124
1139.666992	2.690825
1135.948242	5.378806
1132.227539	1.343990
1128.505859	9.402955
1124.781250	3.356421
1121.055664	6.709287
1117.327148	6.705732
1113.596680	6.702177
1109.865234	2.679449
1106.130859	2.678027
1102.394531	3.345757
1098.657227	6.687961
1094.916992	5.347526
1091.174805	4.008512
1087.430664	3.338650
1083.684570	6.006372
1079.936523	1.334039
1076.186523	0.666664
1072.434570	5.996780
1068.680664	1.997861
1064.924805	0.665598
1061.166992	1.330487
1057.406250	5.319105
1053.644531	0.000000
1049.880859	3.320889
1046.114258	3.982936
1042.346680	3.317338
1038.576172	6.631124
1034.803711	3.313787
1031.030273	4.636816
1027.253906	2.648189
1023.475586	4.631845
1019.695313	2.645349
1015.913086	2.643929
1012.128906	5.945645
1008.342773	1.980817
1004.553711	3.299586
