4046.277344	209.633774
4043.892578	188.670395
4041.505859	194.882568
4039.119141	195.853058
4036.731445	216.714386
4034.342773	222.907959
4031.952148	219.681656
4029.561523	226.914719
4027.169922	215.327026
4024.777344	216.286789
4022.383789	217.245728
4019.989258	227.600174
4017.593750	228.553741
4015.197266	225.333633
4012.799805	258.613953
4010.401367	241.833344
4008.001953	218.814133
4005.601563	232.267654
4003.201172	224.887527
4000.798828	246.653702
3998.395508	274.644470
3995.991211	259.976715
3993.585938	255.715500
3991.180664	252.496658
3988.773438	259.666992
3986.365234	272.022797
3983.957031	273.990295
3981.546875	282.180725
3979.135742	273.772278
3976.724609	277.809692
3974.311523	271.481873
3971.898438	292.089264
3969.483398	278.513092
3967.068359	297.031189
3964.651367	276.221924
3962.234375	292.657715
3959.815430	290.473480
3957.396484	301.723785
3954.975586	300.570374
3952.554688	291.157990
3950.131836	304.458405
3947.708984	299.178406
3945.284180	285.652649
3942.859375	329.863800
3940.432617	339.005463
3938.005859	321.359711
3935.577148	329.467682
3933.148438	322.131439
3930.718750	325.088593
3928.287109	318.788147
3925.855469	349.498352
3923.421875	355.523224
3920.988281	346.136505
3918.552734	324.436859
3916.117188	364.331696
3913.680664	365.211151
3911.242188	369.166199
3908.803711	377.218140
3906.363281	385.263519
3903.922852	398.423401
3901.480469	384.953461
3899.038086	385.821869
3896.593750	372.367615
3894.149414	374.262695
3891.703125	396.599457
3889.256836	409.722290
3886.808594	405.471680
3884.360352	418.580139
3881.910156	406.165009
3879.459961	407.021118
3877.007813	401.758270
3874.555664	415.865845
3872.101563	422.829834
3869.646484	438.954193
3867.191406	448.957092
3864.734375	453.863617
3862.277344	456.731598
3859.818359	467.731567
3857.358398	429.935516
3854.897461	475.480621
3852.436523	495.599396
3849.973633	482.201416
3847.509766	500.271362
3845.044922	497.025421
3842.579102	523.185852
3840.113281	504.730225
3837.645508	491.354950
3835.176758	510.396515
3832.707031	559.790833
3830.236328	544.385315
3827.764648	532.026489
3825.291992	535.854309
3822.818359	548.774597
3820.343750	563.704590
3817.868164	548.327942
3815.390625	541.038879
3812.913086	571.088196
3810.434570	557.743958
3807.955078	584.737122
3805.473633	576.436646
3802.992188	632.612915
3800.509766	587.042786
3798.025391	590.829285
3795.541016	600.649231
3793.054688	655.717529
3790.568359	633.333252
3788.080078	620.010986
3785.591797	656.922974
3783.101563	658.662476
3780.610352	687.498840
3778.119141	665.146362
3775.625977	689.944763
3773.131836	698.684082
3770.636719	713.428040
3768.140625	685.091125
3765.643555	696.824585
3763.145508	721.558350
3760.646484	720.262146
3758.146484	733.966064
3755.645508	736.663574
3753.143555	757.343018
3750.639648	779.004028
3748.135742	793.658813
3745.630859	768.385254
3743.124023	779.041931
3740.617188	826.581726
3738.108398	839.198608
3735.599609	824.905762
3733.088867	874.359070
3730.577148	841.149597
3728.064453	863.689148
3725.551758	889.193726
3723.037109	846.076233
3720.521484	866.597534
3718.004883	865.247009
3715.487305	898.651794
3712.967773	909.199524
3710.448242	928.667786
3707.927734	965.971375
3705.406250	923.936096
3702.882813	964.183105
3700.359375	929.116333
3697.833984	974.278015
3695.308594	988.721069
3692.781250	976.440796
3690.252930	1057.126221
3687.723633	1014.184204
3685.193359	1019.693054
3682.662109	1020.258728
3680.129883	1084.008057
3677.596680	1085.532837
3675.062500	1080.151001
3672.527344	1059.982910
3669.990234	1100.939697
3667.453125	1113.291138
3664.915039	1148.282349
3662.375000	1152.728027
3659.833984	1190.625244
3657.292969	1141.935791
3654.750000	1201.435059
3652.206055	1228.453491
3649.661133	1248.572632
3647.115234	1267.692749
3644.568359	1214.162842
3642.019531	1254.865479
3639.470703	1281.803833
3636.920898	1313.620972
3634.369141	1296.416016
3631.817383	1342.892334
3629.263672	1350.165894
3626.708984	1394.623047
3624.153320	1372.520020
3621.596680	1417.907837
3619.039063	1430.023804
3616.480469	1432.358765
3613.920898	1437.621338
3611.360352	1474.118652
3608.797852	1488.140869
3606.235352	1503.126587
3603.670898	1543.449585
3601.105469	1541.830444
3598.540039	1601.586792
3595.972656	1579.494141
3593.404297	1645.997681
3590.834961	1668.661011
3588.264648	1618.361938
3585.692383	1654.627197
3583.120117	1636.443237
3580.545898	1652.271240
3577.971680	1694.301147
3575.395508	1692.621094
3572.818359	1775.343506
3570.240234	1798.842773
3567.661133	1783.549072
3565.081055	1876.786011
3562.500000	1770.431641
3559.917969	1883.924927
3557.333984	1896.682251
3554.750000	1908.460938
3552.164063	1937.633179
3549.577148	1926.188232
3546.989258	1966.920288
3544.400391	1994.098145
3541.810547	2042.488403
3539.219727	2044.524292
3536.626953	2060.060303
3534.034180	2095.827393
3531.439453	2129.636475
3528.844727	2172.085693
3526.248047	2227.978271
3523.650391	2267.461670
3521.051758	2288.633057
3518.451172	2310.747803
3515.850586	2362.640137
3513.249023	2376.056396
3510.645508	2446.123779
3508.041016	2455.652100
3505.436523	2463.252441
3502.830078	2510.172119
3500.222656	2543.628662
3497.613281	2621.141113
3495.003906	2673.680420
3492.393555	2627.545654
3489.781250	2710.665283
3487.167969	2737.265625
3484.553711	2815.485352
3481.938477	2838.193604
3479.322266	2885.725586
3476.705078	2857.760986
3474.086914	2890.922119
3471.466797	2946.958008
3468.845703	2960.019287
3466.224609	3016.930420
3463.601563	3045.198975
3460.977539	3076.300781
3458.351563	3159.752441
3455.725586	3168.883789
3453.098633	3198.939697
3450.469727	3208.996094
3447.839844	3283.689941
3445.208984	3313.656006
3442.577148	3393.939697
3439.944336	3445.669678
3437.310547	3465.086182
3434.674805	3479.741699
3432.039063	3559.814697
3429.401367	3688.159912
3426.762695	3662.905273
3424.123047	3722.906982
3421.481445	3754.456787
3418.839844	3852.216553
3416.197266	3903.545166
3413.552734	3929.301758
3410.907227	3980.551758
3408.260742	3985.468994
3405.613281	4109.355957
3402.963867	4088.728271
3400.314453	4092.646484
3397.663086	4271.965332
3395.011719	4331.415039
3392.358398	4418.137695
3389.704102	4465.228027
3387.047852	4504.745605
3384.391602	4596.925781
3381.733398	4626.003906
3379.075195	4687.023926
3376.415039	4799.680176
3373.753906	4781.659180
3371.090820	4896.054688
3368.427734	4972.805664
3365.762695	5041.983887
3363.097656	5221.764160
3360.430664	5216.718262
3357.762695	5254.777832
3355.092773	5349.936523
3352.422852	5385.094727
3349.750977	5513.802734
3347.079102	5496.474121
3344.405273	5596.970703
3341.729492	5659.995117
3339.053711	5710.818848
3336.376953	5784.942871
3333.698242	5879.536621
3331.018555	5807.039063
3328.337891	5958.427734
3325.656250	6134.854492
3322.973633	6175.083984
3320.289063	6209.688965
3317.604492	6312.226074
3314.917969	6356.975586
3312.230469	6427.730469
3309.541016	6494.703613
3306.851563	6608.087402
3304.160156	6638.690430
3301.467773	6748.196777
3298.774414	6829.760742
3296.080078	6891.768555
3293.384766	7038.115723
3290.687500	7135.202637
3287.990234	7356.370605
3285.291016	7244.834961
3282.589844	7526.864258
3279.888672	7636.521484
3277.186523	7687.806152
3274.482422	7746.440918
3271.777344	7789.311523
3269.071289	8020.601563
3266.364258	8042.997070
3263.655273	8166.903320
3260.945313	8227.961914
3258.234375	8402.399414
3255.522461	8502.936523
3252.809570	8628.264648
3250.095703	8917.423828
3247.379883	8903.443359
3244.663086	8986.096680
3241.945313	9203.892578
3239.226563	9223.817383
3236.505859	9340.221680
3233.784180	9447.336914
3231.061523	9584.658203
3228.337891	9713.596680
3225.613281	9766.273438
3222.886719	9877.592773
3220.160156	10096.061523
3217.431641	10188.810547
3214.702148	10295.213867
3211.970703	10389.621094
3209.239258	10442.765625
3206.505859	10619.341797
3203.771484	10726.276367
3201.035156	11035.083008
3198.298828	10968.176758
3195.560547	11126.857422
3192.821289	11339.246094
3190.081055	11523.165039
3187.339844	11758.900391
3184.596680	11772.931641
3181.853516	11800.615234
3179.108398	12037.733398
3176.361328	12201.816406
3173.614258	12199.239258
3170.865234	12343.093750
3168.115234	12703.190430
3165.364258	12561.352539
3162.612305	12850.183594
3159.858398	12970.791992
3157.104492	12985.108398
3154.347656	13308.745117
3151.590820	13445.305664
3148.833008	13378.719727
3146.073242	13719.871094
3143.312500	14038.986328
3140.550781	14247.388672
3137.787109	14380.508789
3135.023438	14440.252930
3132.257813	14653.619141
3129.491211	14825.229492
3126.722656	15114.101563
3123.954102	15223.058594
3121.183594	15374.330078
3118.412109	15377.534180
3115.638672	15682.773438
3112.865234	15822.816406
3110.089844	15727.616211
3107.313477	16169.155273
3104.536133	16205.283203
3101.756836	16312.448242
3098.976563	16357.464844
3096.195313	16637.041016
3093.413086	16585.730469
3090.628906	16705.095703
3087.844727	17189.707031
3085.058594	17121.158203
3082.270508	17654.482422
3079.482422	17787.494141
3076.692383	17784.173828
3073.901367	17908.939453
3071.109375	17991.511719
3068.315430	18423.921875
3065.520508	18424.781250
3062.724609	18574.955078
3059.927734	18779.511719
3057.128906	19004.431641
3054.329102	19214.859375
3051.528320	19183.208984
3048.726563	19531.650391
3045.922852	19592.623047
3043.118164	19821.121094
3040.312500	19954.962891
3037.505859	20249.884766
3034.697266	20126.134766
3031.887695	20574.650391
3029.077148	20710.570313
3026.264648	20847.255859
3023.452148	20979.369141
3020.637695	21249.929688
3017.821289	21377.298828
3015.004883	21710.445313
3012.186523	21692.890625
3009.367188	21971.501953
3006.545898	22229.476563
3003.724609	22611.246094
3000.901367	22555.220703
2998.077148	22763.894531
2995.250977	23128.091797
2992.423828	23011.757813
2989.595703	23315.402344
2986.766602	23611.701172
2983.935547	23690.470703
2981.104492	23853.027344
2978.270508	23928.076172
2975.436523	24369.966797
2972.600586	24473.798828
2969.763672	24291.132813
2966.925781	24577.228516
2964.085938	24615.656250
2961.245117	24732.369141
2958.403320	25088.242188
2955.560547	25209.023438
2952.715820	25390.333984
2949.870117	25490.652344
2947.023438	25656.734375
2944.174805	25701.537109
2941.325195	25791.033203
2938.474609	26158.437500
2935.622070	26092.486328
2932.768555	26178.164063
2929.914063	26306.671875
2927.058594	26623.265625
2924.201172	26719.945313
2921.342773	26911.863281
2918.483398	27124.583984
2915.622070	27328.371094
2912.759766	27485.673828
2909.896484	27670.767578
2907.032227	27833.871094
2904.166016	27981.994141
2901.298828	28197.984375
2898.429688	28106.130859
2895.559570	28213.835938
2892.688477	28702.818359
2889.816406	28696.132813
2886.942383	29046.994141
2884.067383	29044.490234
2881.191406	29145.412109
2878.314453	29480.810547
2875.435547	29413.828125
2872.554688	29662.855469
2869.673828	29830.962891
2866.791016	30200.111328
2863.907227	30140.693359
2861.021484	30478.164063
2858.134766	30557.230469
2855.247070	30653.531250
2852.358398	30775.695313
2849.467773	30844.115234
2846.576172	31003.242188
2843.682617	31061.976563
2840.789063	31311.541016
2837.893555	31496.119141
2834.996094	31317.201172
2832.097656	31632.708984
2829.198242	31800.484375
2826.297852	31685.417969
2823.395508	31806.482422
2820.492188	31587.308594
2817.587891	32029.322266
2814.681641	31967.660156
2811.774414	32009.230469
2808.866211	31955.347656
2805.956055	32085.359375
2803.044922	32477.162109
2800.131836	32390.496094
2797.218750	32542.414063
2794.303711	32261.958984
2791.386719	32666.656250
2788.468750	32573.164063
2785.549805	32608.212891
2782.629883	32949.691406
2779.708008	32953.714844
2776.785156	33031.277344
2773.860352	33417.382813
2770.935547	33333.144531
2768.007813	33378.800781
2765.080078	33277.562500
2762.150391	33369.261719
2759.219727	33468.550781
2756.287109	33618.039063
2753.353516	33735.851563
2750.418945	33645.699219
2747.482422	33808.500000
2744.544922	33682.632813
2741.606445	33837.589844
2738.666016	33828.292969
2735.724609	34002.574219
2732.782227	33891.246094
2729.837891	34021.164063
2726.892578	34103.425781
2723.945313	34053.253906
2720.997070	33908.140625
2718.047852	33867.402344
2715.097656	33938.527344
2712.145508	33830.894531
2709.191406	33796.140625
2706.237305	33895.937500
2703.281250	33970.261719
2700.323242	33605.785156
2697.364258	33731.695313
2694.404297	33699.546875
2691.443359	33525.597656
2688.480469	33483.425781
2685.515625	33553.453125
2682.550781	33659.660156
2679.583984	33657.898438
2676.615234	33588.746094
2673.646484	33386.632813
2670.674805	33369.820313
2667.703125	33312.636719
2664.729492	33378.246094
2661.754883	32896.707031
2658.778320	33037.183594
2655.800781	32893.734375
2652.821289	32940.070313
2649.840820	32834.523438
2646.859375	32726.544922
2643.876953	32512.220703
2640.892578	32540.173828
2637.906250	32728.017578
2634.918945	32455.369141
2631.930664	32281.669922
2628.941406	32296.257813
2625.950195	31953.103516
2622.957031	32175.822266
2619.963867	32103.564453
2616.967773	32000.480469
2613.971680	31850.759766
2610.973633	31742.025391
2607.974609	31552.531250
2604.973633	31439.013672
2601.971680	31160.705078
2598.967773	31115.703125
2595.962891	30911.822266
2592.957031	30614.976563
2589.949219	30643.404297
2586.940430	30235.597656
2583.929688	30255.017578
2580.917969	29994.669922
2577.905273	29736.207031
2574.890625	29746.677734
2571.875000	29684.179688
2568.857422	29311.011719
2565.838867	29167.587891
2562.819336	29226.273438
2559.797852	28512.064453
2556.775391	28593.308594
2553.750977	28287.578125
2550.725586	27950.720703
2547.698242	27879.285156
2544.669922	27826.068359
2541.640625	27495.632813
2538.609375	27223.226563
2535.577148	27278.355469
2532.542969	26988.152344
2529.507813	26850.583984
2526.471680	26477.671875
2523.433594	26193.968750
2520.393555	26250.222656
2517.353516	26142.806641
2514.310547	25928.650391
2511.267578	25509.332031
2508.222656	25486.123047
2505.175781	25436.667969
2502.127930	24970.552734
2499.079102	24824.615234
2496.028320	24763.212891
2492.976563	24139.111328
2489.922852	24173.041016
2486.868164	23962.236328
2483.812500	23753.251953
2480.754883	23340.044922
2477.695313	23363.623047
2474.634766	22967.298828
2471.573242	22780.355469
2468.509766	22658.050781
2465.445313	22558.691406
2462.378906	22308.572266
2459.311523	22087.201172
2456.242188	21654.226563
2453.171875	21587.240234
2450.100586	21380.322266
2447.027344	21026.345703
2443.953125	20840.191406
2440.876953	20471.335938
2437.799805	20266.910156
2434.720703	20219.382813
2431.640625	20190.558594
2428.558594	19956.511719
2425.475586	19649.695313
2422.390625	19365.851563
2419.304688	19252.386719
2416.217773	18865.328125
2413.128906	18794.273438
2410.038086	18431.234375
2406.946289	18305.447266
2403.853516	18055.302734
2400.758789	17938.683594
2397.663086	17702.654297
2394.565430	17424.871094
2391.466797	17390.972656
2388.366211	16900.697266
2385.264648	16723.595703
2382.161133	16638.494141
2379.056641	16489.046875
2375.950195	16330.074219
2372.842773	15993.448242
2369.734375	16018.987305
2366.624023	15922.326172
2363.511719	15623.297852
2360.398438	15453.023438
2357.284180	15360.756836
2354.167969	15142.617188
2351.049805	14947.126953
2347.930664	14767.844727
2344.810547	14513.416992
2341.688477	14267.228516
2338.564453	14076.492188
2335.439453	14019.531250
2332.313477	13748.314453
2329.185547	13773.875000
2326.056641	13564.531250
2322.925781	13407.281250
2319.792969	13050.634766
2316.660156	12953.596680
2313.524414	12856.644531
2310.387695	12601.964844
2307.250000	12712.390625
2304.110352	12357.674805
2300.969727	12295.388672
2297.827148	12104.277344
2294.682617	11799.630859
2291.537109	11854.516602
2288.390625	11706.766602
2285.242188	11444.011719
2282.092773	11314.837891
2278.941406	11225.448242
2275.788086	11078.252930
2272.633789	10899.488281
2269.478516	10766.042969
2266.321289	10761.788086
2263.162109	10402.958008
2260.001953	10363.270508
2256.840820	10205.799805
2253.676758	10015.278320
2250.512695	9997.937500
2247.346680	9909.543945
2244.178711	9765.984375
2241.009766	9533.414063
2237.838867	9401.198242
2234.666992	9425.938477
2231.493164	9243.474609
2228.318359	8997.400391
2225.141602	8933.354492
2221.963867	8891.391602
2218.784180	8718.158203
2215.602539	8599.310547
2212.419922	8365.885742
2209.236328	8303.842773
2206.050781	8259.904297
2202.863281	8167.371094
2199.674805	8045.912109
2196.485352	7872.058105
2193.292969	7802.545898
2190.100586	7684.553711
2186.905273	7658.231445
2183.709961	7401.181641
2180.511719	7367.976074
2177.312500	7339.487305
2174.112305	7181.362305
2170.910156	7059.296875
2167.706055	6961.535645
2164.500977	6858.404297
2161.294922	6845.023438
2158.085938	6740.481445
2154.876953	6688.220703
2151.665039	6499.768066
2148.452148	6440.662598
2145.238281	6366.055176
2142.022461	6243.317383
2138.804688	6170.423828
2135.585938	6132.547363
2132.365234	5951.865723
2129.143555	6007.235352
2125.919922	5893.478516
2122.695313	5811.610352
2119.468750	5699.599609
2116.240234	5679.079102
2113.010742	5520.014160
2109.780273	5452.396973
2106.546875	5342.308105
2103.312500	5319.669434
2100.077148	5317.910156
2096.839844	5126.178223
2093.600586	5114.475098
2090.360352	5024.086426
2087.119141	4903.707520
2083.875000	4894.433594
2080.629883	4792.717285
2077.383789	4731.138672
2074.135742	4676.543945
2070.885742	4627.384766
2067.634766	4492.149414
2064.381836	4480.013184
2061.127930	4437.158203
2057.871094	4342.897949
2054.614258	4322.402832
2051.355469	4196.833008
2048.094727	4117.385254
2044.832031	4104.686523
2041.568359	3974.799805
2038.303711	3975.194336
2035.037109	3958.750977
2031.768555	3851.298096
2028.498047	3829.574951
2025.226563	3759.728516
2021.954102	3700.640625
2018.678711	3689.704834
2015.403320	3612.390625
2012.125000	3517.607178
2008.845703	3437.397705
2005.564453	3407.554199
2002.282227	3347.273682
1998.998047	3250.510254
1995.712891	3257.317627
1992.424805	3232.936523
1989.136719	3210.097656
1985.845703	3150.810303
1982.553711	3021.712402
1979.260742	3024.812256
1975.964844	2876.929932
1972.667969	2856.586182
1969.370117	2911.298584
1966.070313	2849.288330
1962.768555	2800.967041
1959.465820	2720.146240
1956.161133	2708.999512
1952.854492	2634.347900
1949.546875	2565.813477
1946.237305	2578.171631
1942.925781	2554.275391
1939.613281	2491.158447
1936.298828	2470.342529
1932.982422	2435.974854
1929.665039	2446.853760
1926.346680	2365.076660
1923.025391	2348.875000
1919.703125	2295.816895
1916.378906	2230.775146
1913.053711	2209.397217
1909.726563	2171.508545
1906.397461	2132.153809
1903.067383	2135.623779
1899.735352	2097.823486
1896.401367	2108.054443
1893.066406	2022.330200
1889.729492	2023.595825
1886.390625	1980.677979
1883.050781	1972.979248
1879.708984	1900.949829
1876.365234	1865.629150
1873.020508	1876.679932
1869.673828	1837.668823
1866.326172	1766.588867
1862.975586	1799.311890
1859.624023	1770.836182
1856.271484	1737.914185
1852.916016	1681.177002
1849.559570	1646.094849
1846.202148	1641.569702
1842.841797	1597.610352
1839.480469	1600.549438
1836.118164	1581.183350
1832.752930	1533.600708
1829.386719	1474.181396
1826.018555	1516.514282
1822.649414	1451.966553
1819.278320	1417.144165
1815.905273	1428.310303
1812.531250	1423.907227
1809.154297	1387.666870
1805.777344	1364.783813
1802.397461	1285.700806
1799.016602	1280.634399
1795.633789	1290.353149
1792.249023	1288.243042
1788.863281	1249.219116
1785.475586	1213.922607
1782.085938	1169.071655
1778.694336	1172.183716
1775.301758	1164.239258
1771.907227	1140.835693
1768.510742	1129.969116
1765.113281	1119.848389
1761.713867	1100.176758
1758.312500	1107.720947
1754.910156	1081.461548
1751.505859	1014.105286
1748.099609	1033.422852
1744.691406	1047.585693
1741.282227	991.342896
1737.871094	990.854004
1734.458008	990.365234
1731.042969	943.750610
1727.626953	938.893921
1724.208984	916.487244
1720.790039	886.791565
1717.368164	914.851135
1713.945313	897.600769
1710.520508	852.627502
1707.093750	832.505737
1703.666016	854.701050
1700.236328	839.699768
1696.804688	825.441528
1693.371094	802.458862
1689.936523	775.131714
1686.500000	785.659302
1683.061523	808.536926
1679.622070	715.839661
1676.179688	706.767822
1672.736328	726.019409
1669.291016	731.464050
1665.844727	690.483887
1662.396484	675.641907
1658.945313	671.683044
1655.494141	660.485657
1652.040039	629.031189
1648.584961	631.612000
1645.126953	641.421387
1641.668945	621.586853
1638.208008	623.444336
1634.745117	612.302673
1631.281250	598.285095
1627.815430	584.281250
1624.347656	554.429626
1620.878906	541.902344
1617.408203	553.155762
1613.935547	521.203979
1610.460938	520.943420
1606.984375	501.984375
1603.506836	499.576813
1600.027344	497.171417
1596.545898	483.996796
1593.062500	508.875153
1589.577148	474.903503
1586.090820	458.174072
1582.602539	443.611176
1579.112305	441.239777
1575.620117	469.655914
1572.126953	410.027069
1568.630859	417.688568
1565.133789	407.470703
1561.634766	412.981934
1558.133789	394.920746
1554.631836	386.156708
1551.127930	387.389252
1547.621094	398.603302
1544.114258	379.159515
1540.604492	391.790771
1537.092773	360.265869
1533.580078	352.256317
1530.065430	342.832153
1526.548828	329.862793
1523.030273	343.907349
1519.509766	327.399231
1515.988281	326.524017
1512.463867	319.973724
1508.938477	309.884338
1505.411133	299.096222
1501.882813	289.027313
1498.351563	296.669464
1494.818359	290.857788
1491.284180	282.222565
1487.748047	277.837738
1484.209961	273.457245
1480.669922	269.787323
1477.128906	259.767944
1473.584961	269.513580
1470.040039	251.747345
1466.493164	247.390564
1462.944336	244.447021
1459.393555	238.689941
1455.840820	237.864807
1452.287109	243.370850
1448.730469	224.968292
1445.172852	230.475082
1441.613281	230.357666
1438.051758	210.585602
1434.488281	219.598969
1430.922852	216.682007
1427.356445	199.750366
1423.787109	206.653595
1420.216797	210.749039
1416.644531	198.044876
1413.070313	190.949173
1409.494141	198.541534
1405.916016	181.670395
1402.336914	174.593674
1398.754883	191.954712
1395.171875	170.228943
1391.585938	167.352509
1387.999023	169.357559
1384.410156	158.125320
1380.819336	161.525345
1377.226563	162.138306
1373.632813	153.708862
1370.036133	157.105698
1366.438477	143.823746
1362.837891	150.694229
1359.236328	131.876389
1355.632813	123.483788
1352.027344	118.566612
1348.419922	122.663643
1344.810547	135.760941
1341.199219	133.614059
1337.585938	128.701553
1333.970703	125.868805
1330.354492	114.052933
1326.735352	118.139282
1323.115234	118.078255
1319.493164	122.158188
1315.869141	124.164436
1312.242188	117.205757
1308.614258	113.010574
1304.984375	114.329536
1301.353516	99.814438
1297.719727	108.018944
1294.083984	97.648018
1290.446289	93.473549
1286.807617	100.294540
1283.166016	88.570412
1279.523438	92.641830
1275.877930	94.651344
1272.231445	100.771851
1268.582031	81.534798
1264.931641	82.177193
1261.279297	82.818878
1257.625000	85.512146
1253.968750	83.416382
1250.310547	86.789833
1246.650391	88.793663
1242.988281	76.459259
1239.324219	73.007782
1235.658203	75.697502
1231.990234	72.931549
1228.320313	70.849701
1224.648438	71.493553
1220.975586	64.650810
1217.299805	68.698059
1213.622070	63.903336
1209.943359	55.716267
1206.261719	61.119961
1202.578125	65.839203
1198.893555	59.699085
1195.206055	59.667763
1191.517578	53.537262
1187.826172	53.509144
1184.133789	58.896832
1180.438477	52.099682
1176.742188	58.158653
1173.042969	54.748516
1169.342773	46.613075
1165.639648	49.289310
1161.935547	48.588505
1158.228516	46.539436
1154.520508	49.211411
1150.809570	43.795261
1147.097656	45.118980
1143.382813	47.114338
1139.666992	43.053207
1135.948242	49.081608
1132.227539	43.007694
1128.505859	38.283463
1124.781250	42.962185
1121.055664	44.281292
1117.327148	38.222672
1113.596680	38.202408
1109.865234	40.191734
1106.130859	45.526466
1102.394531	40.149086
1098.657227	38.121376
1094.916992	38.101120
1091.174805	32.068096
1087.430664	34.054230
1083.684570	30.699238
1079.936523	35.352028
1076.186523	29.999887
1072.434570	29.983900
1068.680664	33.963638
1064.924805	27.955135
1061.166992	26.609730
1057.406250	30.584850
1053.644531	30.568514
1049.880859	33.873066
1046.114258	33.191132
1042.346680	32.509907
1038.576172	26.524496
1034.803711	25.184778
1031.030273	31.132906
1027.253906	26.481890
1023.475586	20.512459
1019.695313	23.146801
1015.913086	27.761251
1012.128906	26.425087
1008.342773	20.468439
1004.553711	23.757021
