4046.277344	218.019135
4043.892578	226.404480
4041.505859	213.742172
4039.119141	246.125504
4036.731445	228.230606
4034.342773	228.140549
4031.952148	240.603714
4029.561523	224.823349
4027.169922	231.006180
4024.777344	247.632706
4022.383789	227.690231
4019.989258	234.908432
4017.593750	254.644348
4015.197266	237.852173
4012.799805	267.999146
4010.401367	259.553894
4008.001953	260.493011
4005.601563	266.639099
4003.201172	283.191711
4000.798828	266.427643
3998.395508	273.604126
3995.991211	273.495514
3993.585938	298.334747
3991.180664	287.825409
3988.773438	287.711029
3986.365234	297.979187
3983.957031	278.141663
3981.546875	315.378448
3979.135742	300.734711
3976.724609	292.322144
3974.311523	301.531403
3971.898438	316.947937
3969.483398	309.574036
3967.068359	323.939911
3964.651367	325.879791
3962.234375	320.579132
3959.815430	330.788300
3957.396484	330.656189
3954.975586	317.096588
3952.554688	344.846680
3950.131836	341.612671
3947.708984	330.127899
3945.284180	367.120392
3942.859375	354.603577
3940.432617	349.309570
3938.005859	360.499695
3935.577148	368.591980
3933.148438	373.590118
3930.718750	344.635040
3928.287109	366.092163
3925.855469	360.805634
3923.421875	382.238861
3920.988281	388.248077
3918.552734	365.504791
3916.117188	398.199158
3913.680664	395.987396
3911.242188	404.031891
3908.803711	412.069824
3906.363281	397.559143
3903.922852	388.181152
3901.480469	408.501160
3899.038086	404.243042
3896.593750	423.516998
3894.149414	424.368927
3891.703125	402.732422
3889.256836	447.527100
3886.808594	445.303925
3884.360352	449.207947
3881.910156	408.206024
3879.459961	432.523682
3877.007813	426.230865
3874.555664	461.733429
3872.101563	470.716614
3869.646484	475.618561
3867.191406	472.372070
3864.734375	485.410187
3862.277344	497.420380
3859.818359	487.050934
3857.358398	483.804504
3854.897461	511.040100
3852.436523	507.786285
3849.973633	481.186249
3847.509766	494.182861
3845.044922	516.297852
3842.579102	513.046570
3840.113281	536.149170
3837.645508	537.957703
3835.176758	549.891479
3832.707031	559.790833
3830.236328	552.480286
3827.764648	588.668091
3825.291992	572.251953
3822.818359	557.870300
3820.343750	586.939758
3817.868164	583.671387
3815.390625	601.602905
3812.913086	612.456726
3810.434570	643.473145
3807.955078	625.063843
3805.473633	670.158020
3802.992188	644.701050
3800.509766	623.292419
3798.025391	636.122864
3795.541016	690.193237
3793.054688	670.803040
3790.568359	698.677185
3788.080078	691.357483
3785.591797	699.110657
3783.101563	723.926270
3780.610352	727.644775
3778.119141	729.353516
3775.625977	729.055054
3773.131836	729.758972
3770.636719	769.540344
3768.140625	756.204407
3765.643555	744.881470
3763.145508	776.600952
3760.646484	761.277039
3758.146484	798.963074
3755.645508	787.640259
3753.143555	734.362976
3750.639648	810.963196
3748.135742	796.653748
3745.630859	815.286682
3743.124023	853.853882
3740.617188	862.476685
3738.108398	881.058838
3735.599609	885.677795
3733.088867	880.334167
3730.577148	882.958252
3728.064453	892.545105
3725.551758	881.236694
3723.037109	885.844788
3720.521484	902.374512
3718.004883	909.949768
3715.487305	945.322083
3712.967773	932.028809
3710.448242	926.683472
3707.927734	973.905457
3705.406250	954.667847
3702.882813	969.137756
3700.359375	1009.349243
3697.833984	979.228638
3695.308594	1009.505005
3692.781250	1026.895142
3690.252930	1042.292847
3687.723633	1047.792603
3685.193359	1054.275635
3682.662109	1098.284302
3680.129883	1072.161011
3677.596680	1083.559204
3675.062500	1120.595093
3672.527344	1112.242554
3669.990234	1105.867798
3667.453125	1132.995361
3664.915039	1154.191284
3662.375000	1193.088257
3659.833984	1202.433105
3657.292969	1248.162354
3654.750000	1234.862915
3652.206055	1219.608643
3649.661133	1219.102051
3647.115234	1251.981689
3644.568359	1277.962769
3642.019531	1265.657959
3639.470703	1278.861694
3636.920898	1299.896606
3634.369141	1336.592163
3631.817383	1314.486816
3629.263672	1362.894043
3626.708984	1431.812988
3624.153320	1397.955200
3621.596680	1427.686523
3619.039063	1462.280029
3616.480469	1474.372070
3613.920898	1414.181763
3611.360352	1479.976074
3608.797852	1493.020020
3606.235352	1531.413818
3603.670898	1564.900024
3601.105469	1578.865601
3598.540039	1562.618774
3595.972656	1624.288696
3593.404297	1613.875854
3590.834961	1630.714722
3588.264648	1676.716309
3585.692383	1636.156128
3583.120117	1700.579346
3580.545898	1737.750366
3577.971680	1731.197144
3575.395508	1757.647217
3572.818359	1816.089111
3570.240234	1817.267578
3567.661133	1796.150269
3565.081055	1846.749634
3562.500000	1847.912231
3559.917969	1855.849976
3557.333984	1946.034668
3554.750000	1922.970337
3552.164063	1937.633179
3549.577148	1976.445068
3546.989258	1955.327393
3544.400391	2028.862061
3541.810547	2030.905273
3539.219727	2036.805542
3536.626953	2115.033691
3534.034180	2108.359863
3531.439453	2090.127441
3528.844727	2150.894775
3526.248047	2185.613770
3523.650391	2258.800049
3521.051758	2227.064209
3518.451172	2229.010986
3515.850586	2251.140625
3513.249023	2282.858887
3510.645508	2406.747559
3508.041016	2368.293213
3505.436523	2395.122070
3502.830078	2413.295166
3500.222656	2484.184570
3497.613281	2480.260742
3495.003906	2582.673828
3492.393555	2558.601318
3489.781250	2631.221436
3487.167969	2660.725586
3484.553711	2712.199951
3481.938477	2740.687256
3479.322266	2729.017334
3476.705078	2810.004395
3474.086914	2804.041748
3471.466797	2876.337891
3468.845703	2907.553467
3466.224609	2915.857422
3463.601563	3049.964600
3460.977539	3091.544189
3458.351563	3048.332520
3455.725586	3119.385010
3453.098633	3163.734131
3450.469727	3261.306152
3447.839844	3238.056885
3445.208984	3241.434082
3442.577148	3373.042236
3439.944336	3421.932617
3437.310547	3419.530518
3434.674805	3488.279785
3432.039063	3473.521973
3429.401367	3638.870605
3426.762695	3598.477539
3424.123047	3652.824219
3421.481445	3695.763672
3418.839844	3805.849854
3416.197266	3794.771729
3413.552734	3871.629150
3410.907227	3877.541260
3408.260742	3965.631592
3405.613281	4028.150879
3402.963867	4109.492676
3400.314453	4134.157715
3397.663086	4124.851074
3395.011719	4170.224121
3392.358398	4275.860352
3389.704102	4337.139160
3387.047852	4396.481445
3384.391602	4415.307129
3381.733398	4542.288086
3379.075195	4542.229004
3376.415039	4615.474609
3373.753906	4609.745117
3371.090820	4752.384277
3368.427734	4771.940918
3365.762695	4828.070313
3363.097656	4954.486328
3360.430664	5005.799805
3357.762695	5065.500977
3355.092773	5078.318848
3352.422852	5190.362793
3349.750977	5281.721191
3347.079102	5256.073730
3344.405273	5489.444336
3341.729492	5407.650391
3339.053711	5540.792969
3336.376953	5548.689453
3333.698242	5652.718262
3331.018555	5685.748047
3328.337891	5703.826172
3325.656250	5873.836426
3322.973633	5908.587402
3320.289063	6063.458496
3317.604492	6129.748535
3314.917969	6250.886230
3312.230469	6326.337891
3309.541016	6426.827637
3306.851563	6517.005859
3304.160156	6555.079590
3301.467773	6668.336426
3298.774414	6879.884277
3296.080078	6878.779297
3293.384766	7063.155762
3290.687500	7095.341309
3287.990234	7157.148926
3285.291016	7288.367188
3282.589844	7367.624512
3279.888672	7272.833496
3277.186523	7606.404785
3274.482422	7543.949707
3271.777344	7688.571777
3269.071289	7852.466797
3266.364258	8029.145996
3263.655273	8084.754395
3260.945313	8216.890625
3258.234375	8272.365234
3255.522461	8468.829102
3252.809570	8508.478516
3250.095703	8649.404297
3247.379883	8666.840820
3244.663086	8740.394531
3241.945313	8893.907227
3239.226563	8931.435547
3236.505859	9099.432617
3233.784180	9244.316406
3231.061523	9221.032227
3228.337891	9429.981445
3225.613281	9498.376953
3222.886719	9797.808594
3220.160156	9898.063477
3217.431641	9991.814453
3214.702148	9913.298828
3211.970703	10114.066406
3209.239258	10160.009766
3206.505859	10442.809570
3203.771484	10498.622070
3201.035156	10588.196289
3198.298828	10776.345703
3195.560547	10916.847656
3192.821289	11098.295898
3190.081055	11386.321289
3187.339844	11298.392578
3184.596680	11472.136719
3181.853516	11571.927734
3179.108398	11739.021484
3176.361328	11766.687500
3173.614258	11865.300781
3170.865234	12328.541016
3168.115234	12411.362305
3165.364258	12542.269531
3162.612305	12571.326172
3159.858398	12578.562500
3157.104492	12776.374023
3154.347656	13048.394531
3151.590820	13170.560547
3148.833008	13419.505859
3146.073242	13501.534180
3143.312500	13672.232422
3140.550781	13815.622070
3137.787109	14044.836914
3135.023438	14226.819336
3132.257813	14365.247070
3129.491211	14415.902344
3126.722656	14806.111328
3123.954102	14802.352539
3121.183594	14933.954102
3118.412109	15085.281250
3115.638672	15224.750000
3112.865234	15472.240234
3110.089844	15565.466797
3107.313477	15789.170898
3104.536133	15891.167969
3101.756836	16047.951172
3098.976563	16327.790039
3096.195313	16333.225586
3093.413086	16506.666016
3090.628906	16706.890625
3087.844727	16893.470703
3085.058594	17102.316406
3082.270508	17707.398438
3079.482422	17583.988281
3076.692383	17813.746094
3073.901367	18123.912109
3071.109375	18231.457031
3068.315430	18388.125000
3065.520508	18535.703125
3062.724609	18702.818359
3059.927734	18924.300781
3057.128906	19234.917969
3054.329102	19203.250000
3051.528320	19312.632813
3048.726563	19541.464844
3045.922852	19790.601563
3043.118164	20095.669922
3040.312500	20102.871094
3037.505859	20209.806641
3034.697266	20291.716797
3031.887695	20636.937500
3029.077148	20762.158203
3026.264648	21014.396484
3023.452148	21076.232422
3020.637695	21148.667969
3017.821289	21419.029297
3015.004883	21629.683594
3012.186523	21646.761719
3009.367188	22072.585938
3006.545898	22186.048828
3003.724609	22370.277344
3000.901367	22659.712891
2998.077148	22736.455078
2995.250977	23059.966797
2992.423828	23030.330078
2989.595703	23239.380859
2986.766602	23427.035156
2983.935547	23761.125000
2981.104492	24083.435547
2978.270508	24036.611328
2975.436523	24323.220703
2972.600586	24644.833984
2969.763672	24711.480469
2966.925781	24850.289063
2964.085938	25122.796875
2961.245117	25405.617188
2958.403320	25629.240234
2955.560547	25815.728516
2952.715820	25974.796875
2949.870117	26309.417969
2947.023438	26482.162109
2944.174805	26395.816406
2941.325195	26597.304688
2938.474609	27020.474609
2935.622070	27178.541016
2932.768555	27358.363281
2929.914063	27765.720703
2927.058594	27840.058594
2924.201172	28065.697266
2921.342773	28331.361328
2918.483398	28328.392578
2915.622070	28688.933594
2912.759766	28655.220703
2909.896484	29099.093750
2907.032227	29309.560547
2904.166016	29535.531250
2901.298828	29613.941406
2898.429688	29850.017578
2895.559570	30030.992188
2892.688477	30221.376953
2889.816406	30630.908203
2886.942383	30545.060547
2884.067383	30714.933594
2881.191406	30900.291016
2878.314453	31197.548828
2875.435547	31405.085938
2872.554688	31542.988281
2869.673828	31658.197266
2866.791016	32030.000000
2863.907227	32140.537109
2861.021484	32234.503906
2858.134766	32616.781250
2855.247070	32570.187500
2852.358398	32912.152344
2849.467773	32974.429688
2846.576172	33071.222656
2843.682617	33441.855469
2840.789063	33369.898438
2837.893555	33670.109375
2834.996094	33757.750000
2832.097656	33976.414063
2829.198242	34294.894531
2826.297852	34233.871094
2823.395508	34470.949219
2820.492188	34639.785156
2817.587891	34853.210938
2814.681641	34714.578125
2811.774414	34974.195313
2808.866211	35090.886719
2805.956055	35069.144531
2803.044922	35639.089844
2800.131836	35605.082031
2797.218750	35855.941406
2794.303711	35886.164063
2791.386719	36050.933594
2788.468750	36289.226563
2785.549805	36183.863281
2782.629883	36554.550781
2779.708008	36745.203125
2776.785156	36762.906250
2773.860352	37100.316406
2770.935547	37119.527344
2768.007813	37148.105469
2765.080078	37198.847656
2762.150391	37112.136719
2759.219727	37459.664063
2756.287109	37667.890625
2753.353516	37715.703125
2750.418945	38102.488281
2747.482422	37880.980469
2744.544922	37808.597656
2741.606445	38115.671875
2738.666016	38207.332031
2735.724609	38189.257813
2732.782227	37939.265625
2729.837891	38542.882813
2726.892578	38307.363281
2723.945313	38427.515625
2720.997070	38528.046875
2718.047852	38658.136719
2715.097656	38413.621094
2712.145508	38602.058594
2709.191406	38395.011719
2706.237305	38579.027344
2703.281250	38583.582031
2700.323242	38392.847656
2697.364258	38557.992188
2694.404297	38364.039063
2691.443359	38525.648438
2688.480469	38450.835938
2685.515625	38800.316406
2682.550781	38319.929688
2679.583984	38500.597656
2676.615234	38275.117188
2673.646484	38207.265625
2670.674805	38234.550781
2667.703125	38015.351563
2664.729492	37969.527344
2661.754883	37700.203125
2658.778320	37888.894531
2655.800781	37932.156250
2652.821289	37561.632813
2649.840820	37332.355469
2646.859375	37489.804688
2643.876953	37286.726563
2640.892578	37463.292969
2637.906250	37459.667969
2634.918945	37165.621094
2631.930664	37004.000000
2628.941406	37018.949219
2625.950195	36763.078125
2622.957031	36674.507813
2619.963867	36707.921875
2616.967773	36727.937500
2613.971680	36397.531250
2610.973633	36402.636719
2607.974609	35957.632813
2604.973633	35795.453125
2601.971680	35684.207031
2598.967773	35752.843750
2595.962891	35473.632813
2592.957031	35533.964844
2589.949219	35137.882813
2586.940430	34900.843750
2583.929688	34782.765625
2580.917969	34649.015625
2577.905273	34606.640625
2574.890625	34242.515625
2571.875000	34231.015625
2568.857422	34109.316406
2565.838867	33714.410156
2562.819336	33614.558594
2559.797852	33253.316406
2556.775391	33022.242188
2553.750977	32654.140625
2550.725586	32520.208984
2547.698242	32321.140625
2544.669922	32037.210938
2541.640625	32015.937500
2538.609375	31568.253906
2535.577148	31465.576172
2532.542969	31237.730469
2529.507813	30925.244141
2526.471680	30772.751953
2523.433594	30318.380859
2520.393555	30215.638672
2517.353516	29856.468750
2514.310547	29754.835938
2511.267578	29680.390625
2508.222656	29372.835938
2505.175781	29260.865234
2502.127930	28879.941406
2499.079102	28450.986328
2496.028320	28062.570313
2492.976563	27799.011719
2489.922852	27579.898438
2486.868164	27255.406250
2483.812500	27124.253906
2480.754883	27085.605469
2477.695313	26575.427734
2474.634766	26357.335938
2471.573242	26159.849609
2468.509766	26195.130859
2465.445313	25773.552734
2462.378906	25337.679688
2459.311523	25268.130859
2456.242188	24893.970703
2453.171875	24599.943359
2450.100586	24321.642578
2447.027344	24061.486328
2443.953125	23877.183594
2440.876953	23593.076172
2437.799805	23518.812500
2434.720703	23136.052734
2431.640625	23186.232422
2428.558594	22666.865234
2425.475586	22349.066406
2422.390625	22340.349609
2419.304688	21957.359375
2416.217773	21831.406250
2413.128906	21686.136719
2410.038086	21155.914063
2406.946289	21036.144531
2403.853516	20812.214844
2400.758789	20632.111328
2397.663086	20353.652344
2394.565430	20029.439453
2391.466797	19848.314453
2388.366211	19667.351563
2385.264648	19371.291016
2382.161133	19090.000000
2379.056641	18938.609375
2375.950195	18689.158203
2372.842773	18587.958984
2369.734375	18293.859375
2366.624023	18045.837891
2363.511719	17796.435547
2360.398438	17805.828125
2357.284180	17438.769531
2354.167969	17246.939453
2351.049805	17137.074219
2347.930664	16936.734375
2344.810547	16601.984375
2341.688477	16440.505859
2338.564453	16137.500977
2335.439453	16121.181641
2332.313477	15980.925781
2329.185547	15707.317383
2326.056641	15557.787109
2322.925781	15215.946289
2319.792969	15236.782227
2316.660156	14829.183594
2313.524414	14713.015625
2310.387695	14574.632813
2307.250000	14477.004883
2304.110352	14183.575195
2300.969727	13935.782227
2297.827148	13900.626953
2294.682617	13669.091797
2291.537109	13508.505859
2288.390625	13294.837891
2285.242188	13271.940430
2282.092773	12942.695313
2278.941406	12904.108398
2275.788086	12680.003906
2272.633789	12499.696289
2269.478516	12409.865234
2266.321289	12271.019531
2263.162109	12023.870117
2260.001953	11871.877930
2256.840820	11648.070313
2253.676758	11612.570313
2250.512695	11492.572266
2247.346680	11159.489258
2244.178711	11112.417969
2241.009766	10936.802734
2237.838867	10746.366211
2234.666992	10621.519531
2231.493164	10413.285156
2228.318359	10343.035156
2225.141602	10303.540039
2221.963867	10084.724609
2218.784180	9865.325195
2215.602539	9920.408203
2212.419922	9739.776367
2209.236328	9618.983398
2206.050781	9458.277344
2202.863281	9234.180664
2199.674805	9237.666992
2196.485352	9063.250977
2193.292969	8810.665039
2190.100586	8908.289063
2186.905273	8746.003906
2183.709961	8626.107422
2180.511719	8506.322266
2177.312500	8305.374023
2174.112305	8324.880859
2170.910156	8124.203125
2167.706055	7986.140137
2164.500977	7787.365723
2161.294922	7805.509766
2158.085938	7712.201660
2154.876953	7598.728516
2151.665039	7447.212891
2148.452148	7394.661621
2145.238281	7263.603027
2142.022461	7234.505371
2138.804688	7028.269043
2135.585938	6902.999023
2132.365234	6891.184570
2129.143555	6829.719238
2125.919922	6620.178223
2122.695313	6499.980469
2119.468750	6533.309570
2116.240234	6396.998535
2113.010742	6412.536133
2109.780273	6159.576172
2106.546875	6141.953125
2103.312500	6047.819336
2100.077148	5905.097656
2096.839844	5947.077148
2093.600586	5872.460938
2090.360352	5778.625000
2087.119141	5595.424316
2083.875000	5552.677246
2080.629883	5486.856445
2077.383789	5394.145020
2074.135742	5335.385254
2070.885742	5288.219727
2067.634766	5168.816895
2064.381836	5128.688965
2061.127930	5055.564453
2057.871094	4955.633301
2054.614258	4915.659180
2051.355469	4840.434082
2048.094727	4773.713379
2044.832031	4762.233398
2041.568359	4644.288086
2038.303711	4548.657227
2035.037109	4556.428223
2031.768555	4443.334473
2028.498047	4328.818848
2025.226563	4288.535645
2021.954102	4158.924316
2018.678711	4188.230957
2015.403320	4130.517578
2012.125000	4010.316162
2008.845703	3971.799072
2005.564453	3863.215576
2002.282227	3860.598389
1998.998047	3781.858154
1995.712891	3703.952881
1992.424805	3681.638428
1989.136719	3607.654297
1985.845703	3570.968994
1982.553711	3472.045654
1979.260742	3441.530518
1975.964844	3378.419922
1972.667969	3336.602051
1969.370117	3283.453613
1966.070313	3272.022461
1962.768555	3186.393311
1959.465820	3140.202148
1956.161133	3024.457031
1952.854492	3037.363770
1949.546875	3049.501465
1946.237305	2921.877441
1942.925781	2874.409180
1939.613281	2835.286865
1936.298828	2799.972900
1932.982422	2745.843506
1929.665039	2701.561768
1926.346680	2691.216064
1923.025391	2622.157715
1919.703125	2590.036621
1916.378906	2589.534424
1913.053711	2596.549072
1909.726563	2512.638184
1906.397461	2470.864990
1903.067383	2401.356934
1899.735352	2353.673828
1896.401367	2357.781250
1893.066406	2315.410645
1889.729492	2317.283203
1886.390625	2250.259766
1883.050781	2184.797607
1879.708984	2188.972412
1876.365234	2113.881348
1873.020508	2127.800781
1869.673828	2100.619873
1866.326172	2029.411865
1862.975586	2039.618164
1859.624023	1987.901611
1856.271484	1982.459839
1852.916016	1911.444580
1849.559570	1881.463989
1846.202148	1862.679077
1842.841797	1900.464233
1839.480469	1798.386841
1836.118164	1767.773438
1832.752930	1709.697388
1829.386719	1698.464966
1826.018555	1716.192383
1822.649414	1668.611572
1819.278320	1600.312500
1815.905273	1627.695679
1812.531250	1582.448364
1809.154297	1580.192749
1805.777344	1536.491943
1802.397461	1540.917603
1799.016602	1474.356201
1795.633789	1441.116089
1792.249023	1453.705444
1788.863281	1409.432129
1785.475586	1418.333862
1782.085938	1373.382568
1778.694336	1346.905396
1775.301758	1302.032104
1771.907227	1297.709839
1768.510742	1318.419922
1765.113281	1277.304077
1761.713867	1236.963501
1758.312500	1245.910400
1754.910156	1190.195557
1751.505859	1177.860229
1748.099609	1149.389282
1744.691406	1170.831055
1741.282227	1100.595947
1737.871094	1106.649048
1734.458008	1105.370605
1731.042969	1095.307129
1727.626953	1072.812622
1724.208984	1020.350952
1720.790039	1017.653687
1717.368164	985.730164
1713.945313	1010.074768
1710.520508	957.015991
1707.093750	969.675842
1703.666016	930.544800
1700.236328	945.391113
1696.804688	900.481689
1693.371094	872.364563
1689.936523	852.280945
1686.500000	883.866760
1683.061523	852.162964
1679.622070	866.275024
1676.179688	818.630310
1672.736328	826.936096
1669.291016	805.481201
1665.844727	778.970276
1662.396484	777.133179
1658.945313	760.806030
1655.494141	753.909607
1652.040039	710.826904
1648.584961	745.200867
1645.126953	720.243164
1641.668945	706.874390
1638.208008	683.404785
1634.745117	659.236267
1631.281250	675.506470
1627.815430	655.693359
1624.347656	629.411011
1620.878906	619.008118
1617.408203	610.776123
1613.935547	627.748413
1610.460938	601.531372
1606.984375	596.915527
1603.506836	595.179260
1600.027344	586.259949
1596.545898	553.652100
1593.062500	555.528015
1589.577148	535.880554
1586.090820	519.837585
1582.602539	494.493896
1579.112305	499.976227
1575.620117	500.441284
1572.126953	521.657471
1568.630859	467.038757
1565.133789	473.237885
1561.634766	453.708527
1558.133789	432.770264
1554.631836	451.110962
1551.127930	430.908112
1547.621094	427.838959
1544.114258	440.452240
1540.604492	423.846375
1537.092773	429.328705
1533.580078	412.744781
1530.065430	392.621063
1526.548828	395.266602
1523.030273	384.408813
1519.509766	374.982208
1515.988281	370.533783
1512.463867	361.123352
1508.938477	363.777252
1505.411133	364.302032
1501.882813	349.241333
1498.351563	321.450928
1494.818359	341.103302
1491.284180	316.881470
1487.748047	324.497528
1484.209961	313.027283
1480.669922	317.106018
1477.128906	295.062500
1473.584961	294.912750
1470.040039	287.711243
1466.493164	281.926575
1462.944336	292.350189
1459.393555	274.599060
1455.840820	256.162079
1452.287109	234.930237
1448.730469	246.059067
1445.172852	255.068451
1441.613281	250.022339
1438.051758	246.385162
1434.488281	231.526062
1430.922852	251.042587
1427.356445	231.289886
1423.787109	232.572861
1420.216797	228.253113
1416.644531	214.840195
1413.070313	212.632050
1409.494141	218.815140
1405.916016	198.439972
1402.336914	199.735168
1398.754883	205.217041
1395.171875	199.530655
1391.585938	179.206650
1387.999023	180.508682
1384.410156	179.022934
1380.819336	170.576324
1377.226563	173.968140
1373.632813	165.532623
1370.036133	167.533066
1366.438477	163.278168
1362.837891	160.416443
1359.236328	166.580704
1355.632813	152.620407
1352.027344	142.141266
1348.419922	148.305191
1344.810547	146.843460
1341.199219	154.383087
1337.585938	143.924316
1333.970703	136.242615
1330.354492	141.010895
1326.735352	147.846817
1323.115234	121.530838
1319.493164	126.989304
1315.869141	124.164436
1312.242188	117.895203
1308.614258	124.725090
1304.984375	119.150658
1301.353516	114.270325
1297.719727	119.715263
1294.083984	114.151909
1290.446289	115.467323
1286.807617	112.659622
1283.166016	102.302261
1279.523438	102.249130
1275.877930	98.080742
1272.231445	103.513947
1268.582031	93.867790
1264.931641	89.710098
1261.279297	95.823494
1257.625000	89.616730
1253.968750	88.202568
1250.310547	82.006142
1246.650391	82.646416
1242.988281	81.237961
1239.324219	77.783989
1235.658203	79.107300
1231.990234	78.384377
1228.320313	82.430901
1224.648438	70.812660
1220.975586	80.983650
1217.299805	79.580917
1213.622070	78.859436
1209.943359	69.305603
1206.261719	73.343948
1202.578125	63.802940
1198.893555	71.231865
1195.206055	71.194489
1191.517578	63.702564
1187.826172	69.087753
1184.133789	67.697510
1180.438477	60.895729
1176.742188	50.043491
1173.042969	60.831684
1169.342773	52.017490
1165.639648	56.041271
1161.935547	56.011745
1158.228516	59.354645
1154.520508	53.930313
1150.809570	51.206768
1147.097656	53.199989
1143.382813	55.864143
1139.666992	43.053207
1135.948242	43.030449
1132.227539	44.351685
1128.505859	44.328220
1124.781250	42.962185
1121.055664	44.952221
1117.327148	39.563816
1113.596680	43.564152
1109.865234	42.201324
1106.130859	43.517944
1102.394531	42.825691
1098.657227	42.134151
1094.916992	36.095798
1091.174805	36.744694
1087.430664	39.396072
1083.684570	37.372986
1079.936523	32.683952
1076.186523	35.999863
1072.434570	32.649136
1068.680664	29.967915
1064.924805	39.270309
1061.166992	29.935946
1057.406250	44.547501
1053.644531	35.220245
1049.880859	34.537243
1046.114258	31.863485
1042.346680	29.856039
1038.576172	31.829395
1034.803711	20.545477
1031.030273	31.132906
1027.253906	28.468031
1023.475586	28.452765
1019.695313	24.469475
1015.913086	30.405180
1012.128906	28.406969
1008.342773	29.712250
1004.553711	22.437187
