4046.277344	292.439117
4043.892578	251.560532
4041.505859	287.085083
4039.119141	261.835632
4036.731445	293.140228
4034.342773	295.117584
4031.952148	281.401733
4029.561523	282.336304
4027.169922	309.401947
4024.777344	286.292664
4022.383789	295.579529
4019.989258	311.123169
4017.593750	309.956451
4015.197266	294.185577
4012.799805	306.582672
4010.401367	326.266541
4008.001953	314.675568
4005.601563	308.301483
4003.201172	343.578156
4000.798828	351.767731
3998.395508	341.224945
3995.991211	320.291321
3993.585938	325.361603
3991.180664	344.974854
3988.773438	341.721771
3986.365234	344.700653
3983.957031	364.282562
3981.546875	357.913055
3979.135742	354.659546
3976.724609	362.811157
3974.311523	354.377106
3971.898438	399.810120
3969.483398	382.049561
3967.068359	395.351593
3964.651367	383.813965
3962.234375	408.479858
3959.815430	416.586487
3957.396484	410.220337
3954.975586	412.122253
3952.554688	406.795197
3950.131836	413.857025
3947.708984	407.501648
3945.284180	413.526062
3942.859375	404.083160
3940.432617	415.255920
3938.005859	435.689606
3935.577148	444.781372
3933.148438	432.253052
3930.718750	443.396149
3928.287109	442.190002
3925.855469	463.599274
3923.421875	446.972839
3920.988281	455.010315
3918.552734	457.907715
3916.117188	473.118042
3913.680664	465.746826
3911.242188	490.170685
3908.803711	484.848328
3906.363281	517.441650
3903.922852	490.603607
3901.480469	488.358521
3899.038086	513.746887
3896.593750	517.631897
3894.149414	504.129822
3891.703125	530.502869
3889.256836	510.875702
3886.808594	536.203125
3884.360352	521.693787
3881.910156	563.324341
3879.459961	563.096863
3877.007813	559.810364
3874.555664	562.642029
3872.101563	589.924072
3869.646484	586.630188
3867.191406	582.320740
3864.734375	584.120422
3862.277344	602.193970
3859.818359	615.168701
3857.358398	643.378662
3854.897461	624.830322
3852.436523	616.452515
3849.973633	646.657471
3847.509766	630.159241
3845.044922	676.563171
3842.579102	648.912659
3840.113281	638.514099
3837.645508	645.346619
3835.176758	689.642883
3832.707031	671.141663
3830.236328	689.082520
3827.764648	686.779480
3825.291992	746.151855
3822.818359	733.720703
3820.343750	709.176758
3817.868164	700.809570
3815.390625	759.069458
3812.913086	774.904114
3810.434570	746.348145
3807.955078	795.444153
3805.473633	782.018982
3802.992188	787.744080
3800.509766	795.478210
3798.025391	804.212280
3795.541016	785.773926
3793.054688	823.669678
3790.568359	848.465515
3788.080078	857.162720
3785.591797	855.807861
3783.101563	877.547241
3780.610352	831.020508
3778.119141	872.816467
3775.625977	890.510132
3773.131836	904.179382
3770.636719	890.783020
3768.140625	864.376648
3765.643555	905.071045
3763.145508	927.717896
3760.646484	967.352051
3758.146484	930.956970
3755.645508	955.563599
3753.143555	963.164490
3750.639648	973.755066
3748.135742	966.367004
3745.630859	998.900818
3743.124023	976.545532
3740.617188	1024.004150
3738.108398	1060.459961
3735.599609	1008.218201
3733.088867	1089.463379
3730.577148	1054.174438
3728.064453	1089.561768
3725.551758	1045.349609
3723.037109	1092.641357
3720.521484	1150.825684
3718.004883	1111.608887
3715.487305	1132.996338
3712.967773	1139.477173
3710.448242	1146.944458
3707.927734	1165.314575
3705.406250	1155.911377
3702.882813	1175.252930
3700.359375	1191.606567
3697.833984	1211.906860
3695.308594	1205.467773
3692.781250	1216.841064
3690.252930	1233.149170
3687.723633	1239.558472
3685.193359	1232.129150
3682.662109	1256.310791
3680.129883	1251.841797
3677.596680	1306.586914
3675.062500	1338.598145
3672.527344	1338.043579
3669.990234	1329.604004
3667.453125	1338.904907
3664.915039	1370.848267
3662.375000	1362.404419
3659.833984	1387.422852
3657.292969	1393.732056
3654.750000	1409.867310
3652.206055	1471.195923
3649.661133	1434.237671
3647.115234	1458.190430
3644.568359	1460.528931
3642.019531	1455.015991
3639.470703	1490.697632
3636.920898	1469.490967
3634.369141	1539.432739
3631.817383	1548.586914
3629.263672	1557.733154
3626.708984	1571.764648
3624.153320	1634.697754
3621.596680	1576.322388
3619.039063	1598.146973
3616.480469	1656.103760
3613.920898	1682.759155
3611.360352	1674.247314
3608.797852	1707.702759
3606.235352	1740.154297
3603.670898	1742.352783
3601.105469	1834.212891
3598.540039	1787.659302
3595.972656	1821.968872
3593.404297	1847.488770
3590.834961	1901.203247
3588.264648	1890.682495
3585.692383	1910.307007
3583.120117	1907.564209
3580.545898	1953.390747
3577.971680	1958.398560
3575.395508	1978.930298
3572.818359	1973.250732
3570.240234	2034.486328
3567.661133	2070.467773
3565.081055	2021.154175
3562.500000	2079.385498
3559.917969	2124.982178
3557.333984	2214.086182
3554.750000	2159.956055
3552.164063	2190.956543
3549.577148	2217.097900
3546.989258	2283.791504
3544.400391	2269.312744
3541.810547	2324.343994
3539.219727	2314.683350
3536.626953	2383.150146
3534.034180	2338.766113
3531.439453	2435.109375
3528.844727	2409.040527
3526.248047	2464.833252
3523.650391	2459.945801
3521.051758	2542.604980
3518.451172	2579.036621
3515.850586	2559.687012
3513.249023	2631.628906
3510.645508	2595.945313
3508.041016	2693.729492
3505.436523	2723.299805
3502.830078	2777.783203
3500.222656	2736.342285
3497.613281	2818.565430
3495.003906	2762.771240
3492.393555	2834.378906
3489.781250	2889.653564
3487.167969	2929.572754
3484.553711	2889.124023
3481.938477	2940.479248
3479.322266	3025.234131
3476.705078	3081.262451
3474.086914	3062.773438
3471.466797	3083.426758
3468.845703	3128.863525
3466.224609	3195.238281
3463.601563	3233.915527
3460.977539	3234.450684
3458.351563	3265.458496
3455.725586	3308.813477
3453.098633	3377.821533
3450.469727	3428.698975
3447.839844	3451.962402
3445.208984	3488.509277
3442.577148	3506.026123
3439.944336	3604.233154
3437.310547	3595.109863
3434.674805	3670.425537
3432.039063	3684.986572
3429.401367	3740.292725
3426.762695	3772.811523
3424.123047	3781.625000
3421.481445	3865.216064
3418.839844	3888.174316
3416.197266	3913.949707
3413.552734	4022.901611
3410.907227	3956.925537
3408.260742	4050.649658
3405.613281	4085.750000
3402.963867	4093.447510
3400.314453	4167.178223
3397.663086	4237.072754
3395.011719	4292.767090
3392.358398	4369.141602
3389.704102	4347.499023
3387.047852	4420.017090
3384.391602	4413.425293
3381.733398	4549.813477
3379.075195	4540.348633
3376.415039	4631.451660
3373.753906	4705.566406
3371.090820	4815.298828
3368.427734	4866.741699
3365.762695	4777.406738
3363.097656	4896.341797
3360.430664	4905.496094
3357.762695	5044.886230
3355.092773	5028.678223
3352.422852	5112.656738
3349.750977	5161.001465
3347.079102	5268.233887
3344.405273	5249.146973
3341.729492	5335.685547
3339.053711	5391.319336
3336.376953	5414.220703
3333.698242	5533.242188
3331.018555	5489.816406
3328.337891	5645.071777
3325.656250	5696.717285
3322.973633	5776.270996
3320.289063	5881.833984
3317.604492	5927.720215
3314.917969	5912.145508
3312.230469	6050.066406
3309.541016	6050.255859
3306.851563	6183.348145
3304.160156	6175.115723
3301.467773	6325.680176
3298.774414	6306.250977
3296.080078	6376.834473
3293.384766	6379.654297
3290.687500	6557.675293
3287.990234	6645.659180
3285.291016	6676.140625
3282.589844	6751.032715
3279.888672	6828.634766
3277.186523	6895.992676
3274.482422	7014.144531
3271.777344	6967.681152
3269.071289	7080.153320
3266.364258	7328.269043
3263.655273	7351.874512
3260.945313	7448.344238
3258.234375	7554.873535
3255.522461	7541.470703
3252.809570	7794.370605
3250.095703	7734.820313
3247.379883	7794.080566
3244.663086	7894.697754
3241.945313	8056.855469
3239.226563	7993.607422
3236.505859	8094.920410
3233.784180	8231.970703
3231.061523	8294.521484
3228.337891	8310.206055
3225.613281	8562.577148
3222.886719	8444.236328
3220.160156	8717.409180
3217.431641	8782.351563
3214.702148	8882.953125
3211.970703	8964.241211
3209.239258	9155.263672
3206.505859	9213.491211
3203.771484	9435.320313
3201.035156	9405.637695
3198.298828	9545.884766
3195.560547	9569.133789
3192.821289	9661.723633
3190.081055	9777.038086
3187.339844	9960.640625
3184.596680	10041.082031
3181.853516	10095.940430
3179.108398	10188.085938
3176.361328	10462.210938
3173.614258	10359.389648
3170.865234	10517.687500
3168.115234	10769.483398
3165.364258	10845.672852
3162.612305	10920.884766
3159.858398	10969.698242
3157.104492	11019.373047
3154.347656	11220.494141
3151.590820	11248.248047
3148.833008	11446.369141
3146.073242	11558.248047
3143.312500	11716.209961
3140.550781	11822.435547
3137.787109	11983.756836
3135.023438	11879.950195
3132.257813	12006.747070
3129.491211	12206.621094
3126.722656	12427.993164
3123.954102	12292.561523
3121.183594	12520.012695
3118.412109	12579.486328
3115.638672	12886.850586
3112.865234	13037.128906
3110.089844	12804.417969
3107.313477	12914.974609
3104.536133	13106.433594
3101.756836	13168.172852
3098.976563	13417.797852
3096.195313	13398.440430
3093.413086	13611.799805
3090.628906	13661.518555
3087.844727	13825.195313
3085.058594	13854.131836
3082.270508	14244.487305
3079.482422	14482.987305
3076.692383	14439.896484
3073.901367	14578.668945
3071.109375	14717.315430
3068.315430	14804.825195
3065.520508	14953.082031
3062.724609	14994.801758
3059.927734	15182.161133
3057.128906	15246.068359
3054.329102	15412.606445
3051.528320	15563.819336
3048.726563	15757.719727
3045.922852	15800.733398
3043.118164	15997.915039
3040.312500	15989.096680
3037.505859	16240.340820
3034.697266	16215.390625
3031.887695	16428.931641
3029.077148	16649.394531
3026.264648	16682.072266
3023.452148	16834.681641
3020.637695	16963.169922
3017.821289	17071.119141
3015.004883	17255.291016
3012.186523	17292.039063
3009.367188	17486.582031
3006.545898	17716.400391
3003.724609	17822.867188
3000.901367	17980.595703
2998.077148	18137.294922
2995.250977	18246.076172
2992.423828	18220.332031
2989.595703	18297.144531
2986.766602	18812.136719
2983.935547	18564.482422
2981.104492	18808.755859
2978.270508	18944.273438
2975.436523	19159.044922
2972.600586	19261.656250
2969.763672	19409.113281
2966.925781	19416.380859
2964.085938	19686.890625
2961.245117	19894.671875
2958.403320	19896.417969
2955.560547	20123.253906
2952.715820	20249.689453
2949.870117	20439.259766
2947.023438	20633.923828
2944.174805	20572.113281
2941.325195	20898.132813
2938.474609	21125.640625
2935.622070	21194.283203
2932.768555	21317.181641
2929.914063	21378.658203
2927.058594	21719.324219
2924.201172	21833.056641
2921.342773	22102.363281
2918.483398	22170.349609
2915.622070	22004.083984
2912.759766	22524.486328
2909.896484	22758.058594
2907.032227	22817.753906
2904.166016	23056.207031
2901.298828	23222.945313
2898.429688	23234.400391
2895.559570	23593.416016
2892.688477	23820.623047
2889.816406	23917.070313
2886.942383	24087.369141
2884.067383	24103.595703
2881.191406	24400.546875
2878.314453	24667.687500
2875.435547	24673.191406
2872.554688	25102.277344
2869.673828	25278.492188
2866.791016	25528.255859
2863.907227	25531.603516
2861.021484	25750.691406
2858.134766	26187.828125
2855.247070	26146.703125
2852.358398	26494.130859
2849.467773	26583.492188
2846.576172	26750.574219
2843.682617	27024.654297
2840.789063	27002.208984
2837.893555	27385.564453
2834.996094	27502.765625
2832.097656	27570.687500
2829.198242	27849.781250
2826.297852	27926.949219
2823.395508	28188.390625
2820.492188	28288.568359
2817.587891	28609.843750
2814.681641	28624.558594
2811.774414	28784.574219
2808.866211	29024.375000
2805.956055	29157.417969
2803.044922	29476.681641
2800.131836	29652.302734
2797.218750	29749.681641
2794.303711	29747.482422
2791.386719	30074.445313
2788.468750	30173.189453
2785.549805	30344.634766
2782.629883	30671.718750
2779.708008	30699.011719
2776.785156	30882.791016
2773.860352	31074.089844
2770.935547	31396.802734
2768.007813	31388.664063
2765.080078	31167.939453
2762.150391	31395.421875
2759.219727	31901.617188
2756.287109	31940.121094
2753.353516	32033.121094
2750.418945	32442.912109
2747.482422	32275.890625
2744.544922	32607.734375
2741.606445	32779.339844
2738.666016	32676.136719
2735.724609	32842.437500
2732.782227	32893.042969
2729.837891	33082.855469
2726.892578	33151.109375
2723.945313	33368.609375
2720.997070	33248.394531
2718.047852	33708.898438
2715.097656	33626.746094
2712.145508	33537.035156
2709.191406	33831.691406
2706.237305	33848.558594
2703.281250	33808.734375
2700.323242	34137.496094
2697.364258	34045.167969
2694.404297	34288.203125
2691.443359	34450.812500
2688.480469	34076.609375
2685.515625	34450.843750
2682.550781	34306.261719
2679.583984	34665.707031
2676.615234	34601.996094
2673.646484	34390.160156
2670.674805	34479.761719
2667.703125	34493.574219
2664.729492	34515.765625
2661.754883	34405.152344
2658.778320	34539.902344
2655.800781	34411.726563
2652.821289	34543.812500
2649.840820	34295.773438
2646.859375	34311.222656
2643.876953	34278.042969
2640.892578	34375.558594
2637.906250	34560.058594
2634.918945	34275.695313
2631.930664	34089.457031
2628.941406	34414.277344
2625.950195	34289.972656
2622.957031	34149.898438
2619.963867	34180.285156
2616.967773	34032.019531
2613.971680	34013.187500
2610.973633	34001.035156
2607.974609	33818.843750
2604.973633	33661.804688
2601.971680	33338.347656
2598.967773	33405.554688
2595.962891	33209.785156
2592.957031	33064.074219
2589.949219	32957.558594
2586.940430	32595.222656
2583.929688	32580.347656
2580.917969	32813.671875
2577.905273	32517.416016
2574.890625	32455.292969
2571.875000	32262.240234
2568.857422	32087.582031
2565.838867	31770.623047
2562.819336	32143.519531
2559.797852	31662.970703
2556.775391	31228.337891
2553.750977	31058.634766
2550.725586	31012.195313
2547.698242	30654.412109
2544.669922	30466.185547
2541.640625	30438.205078
2538.609375	30140.531250
2535.577148	30180.308594
2532.542969	29745.392578
2529.507813	29734.226563
2526.471680	29512.300781
2523.433594	29085.666016
2520.393555	29139.769531
2517.353516	28917.572266
2514.310547	28886.218750
2511.267578	28556.718750
2508.222656	28405.673828
2505.175781	28193.208984
2502.127930	27820.978516
2499.079102	27647.494141
2496.028320	27388.111328
2492.976563	27128.957031
2489.922852	26788.976563
2486.868164	26754.556641
2483.812500	26491.117188
2480.754883	26295.775391
2477.695313	26008.253906
2474.634766	25935.828125
2471.573242	25428.265625
2468.509766	25326.775391
2465.445313	25200.082031
2462.378906	24910.423828
2459.311523	24797.878906
2456.242188	24511.914063
2453.171875	24204.220703
2450.100586	23906.570313
2447.027344	23712.498047
2443.953125	23457.615234
2440.876953	23225.716797
2437.799805	22971.277344
2434.720703	22668.347656
2431.640625	22622.158203
2428.558594	22317.220703
2425.475586	22068.505859
2422.390625	21850.812500
2419.304688	21670.580078
2416.217773	21253.251953
2413.128906	21180.283203
2410.038086	20926.160156
2406.946289	20794.367188
2403.853516	20382.230469
2400.758789	20261.298828
2397.663086	20100.099609
2394.565430	19848.644531
2391.466797	19521.583984
2388.366211	19345.609375
2385.264648	19015.847656
2382.161133	18892.623047
2379.056641	18800.912109
2375.950195	18513.695313
2372.842773	18247.656250
2369.734375	18152.332031
2366.624023	17722.730469
2363.511719	17568.277344
2360.398438	17400.310547
2357.284180	17307.138672
2354.167969	16954.115234
2351.049805	16858.017578
2347.930664	16532.773438
2344.810547	16420.925781
2341.688477	16144.221680
2338.564453	16031.048828
2335.439453	15834.774414
2332.313477	15661.067383
2329.185547	15589.824219
2326.056641	15282.166992
2322.925781	15148.072266
2319.792969	14834.511719
2316.660156	14831.577148
2313.524414	14474.589844
2310.387695	14328.348633
2307.250000	14279.431641
2304.110352	14029.890625
2300.969727	13867.333008
2297.827148	13625.367188
2294.682617	13530.730469
2291.537109	13328.879883
2288.390625	13239.227539
2285.242188	12882.056641
2282.092773	12822.054688
2278.941406	12717.678711
2275.788086	12480.974609
2272.633789	12294.419922
2269.478516	12259.346680
2266.321289	12084.938477
2263.162109	11849.748047
2260.001953	11572.846680
2256.840820	11522.345703
2253.676758	11437.113281
2250.512695	11310.087891
2247.346680	11183.177734
2244.178711	10994.822266
2241.009766	10853.971680
2237.838867	10722.711914
2234.666992	10571.080078
2231.493164	10322.694336
2228.318359	10303.666016
2225.141602	10224.051758
2221.963867	9875.478516
2218.784180	9869.256836
2215.602539	9702.713867
2212.419922	9540.251953
2209.236328	9419.553711
2206.050781	9298.180664
2202.863281	9157.307617
2199.674805	9113.002930
2196.485352	8987.233398
2193.292969	8931.294922
2190.100586	8720.382813
2186.905273	8542.535156
2183.709961	8519.728516
2180.511719	8457.066406
2177.312500	8174.870117
2174.112305	8204.592773
2170.910156	7958.689941
2167.706055	7912.786621
2164.500977	7728.866699
2161.294922	7738.462891
2158.085938	7519.728027
2154.876953	7449.962891
2151.665039	7258.035156
2148.452148	7293.503418
2145.238281	7307.936035
2142.022461	7048.706055
2138.804688	7011.951660
2135.585938	6888.242188
2132.365234	6817.436523
2129.143555	6806.441406
2125.919922	6596.911133
2122.695313	6499.980469
2119.468750	6469.773926
2116.240234	6311.808594
2113.010742	6202.758789
2109.780273	6262.480957
2106.546875	6128.032715
2103.312500	5998.348145
2100.077148	5881.919434
2096.839844	5787.222168
2093.600586	5748.959961
2090.360352	5626.637207
2087.119141	5586.941406
2083.875000	5462.496094
2080.629883	5417.519531
2077.383789	5384.134277
2074.135742	5291.514160
2070.885742	5212.827637
2067.634766	5204.957031
2064.381836	5086.416992
2061.127930	4992.571289
2057.871094	4888.063477
2054.614258	4877.285645
2051.355469	4751.449707
2048.094727	4717.741699
2044.832031	4686.362793
2041.568359	4625.904297
2038.303711	4525.688477
2035.037109	4435.515137
2031.768555	4318.655273
2028.498047	4326.525391
2025.226563	4259.497070
2021.954102	4205.516602
2018.678711	4147.005371
2015.403320	4100.757813
2012.125000	3991.248535
2008.845703	3926.820801
2005.564453	3956.938477
2002.282227	3859.075195
1998.998047	3747.602295
1995.712891	3684.930908
1992.424805	3633.726318
1989.136719	3545.322266
1985.845703	3524.622314
1982.553711	3531.280029
1979.260742	3422.554199
1975.964844	3361.729004
1972.667969	3316.127441
1969.370117	3286.485352
1966.070313	3268.992188
1962.768555	3188.665039
1959.465820	3141.715820
1956.161133	2992.684326
1952.854492	2970.824707
1949.546875	2973.925293
1946.237305	2909.035645
1942.925781	2918.956055
1939.613281	2843.588379
1936.298828	2783.378174
1932.982422	2795.603271
1929.665039	2761.093994
1926.346680	2707.033447
1923.025391	2653.024414
1919.703125	2631.422852
1916.378906	2563.210205
1913.053711	2564.975586
1909.726563	2479.577148
1906.397461	2402.521973
1903.067383	2440.391113
1899.735352	2403.943604
1896.401367	2389.278320
1893.066406	2342.395020
1889.729492	2327.022705
1886.390625	2253.255127
1883.050781	2238.687744
1879.708984	2184.483887
1876.365234	2143.791260
1873.020508	2125.558594
1869.673828	2046.087402
1866.326172	2065.251221
1862.975586	1986.631348
1859.624023	1978.204590
1856.271484	1993.643311
1852.916016	1925.603516
1849.559570	1916.471436
1846.202148	1902.880737
1842.841797	1872.187988
1839.480469	1843.011841
1836.118164	1772.977173
1832.752930	1774.340454
1829.386719	1725.200684
1826.018555	1690.954224
1822.649414	1630.772827
1819.278320	1654.447266
1815.905273	1602.494507
1812.531250	1628.380859
1809.154297	1612.033569
1805.777344	1557.215332
1802.397461	1523.903198
1799.016602	1517.241211
1795.633789	1466.243164
1792.249023	1458.137451
1788.863281	1472.188477
1785.475586	1396.933350
1782.085938	1358.630859
1778.694336	1345.430908
1775.301758	1377.191895
1771.907227	1331.588745
1768.510742	1286.766113
1765.113281	1272.889404
1761.713867	1228.138550
1758.312500	1266.491821
1754.910156	1218.113647
1751.505859	1204.295898
1748.099609	1192.693237
1744.691406	1125.347656
1741.282227	1131.392090
1737.871094	1157.217773
1734.458008	1100.243042
1731.042969	1096.039307
1727.626953	1077.203369
1724.208984	1083.254272
1720.790039	1048.358765
1717.368164	1033.226440
1713.945313	1018.838989
1710.520508	1021.255066
1707.093750	1003.238770
1703.666016	993.991028
1700.236328	927.897400
1696.804688	930.352051
1693.371094	922.609253
1689.936523	897.406006
1686.500000	885.321655
1683.061523	885.609680
1679.622070	867.728455
1676.179688	836.063416
1672.736328	822.579956
1669.291016	848.295105
1665.844727	802.905090
1662.396484	774.958374
1658.945313	764.428894
1655.494141	755.358032
1652.040039	754.258301
1648.584961	774.140747
1645.126953	701.441650
1641.668945	711.211060
1638.208008	683.404785
1634.745117	683.064087
1631.281250	649.525452
1627.815430	654.250732
1624.347656	651.761230
1620.878906	660.083191
1617.408203	639.586365
1613.935547	624.148926
1610.460938	606.568115
1606.984375	611.299011
1603.506836	605.242676
1600.027344	575.483093
1596.545898	564.423584
1593.062500	549.786133
1589.577148	556.684448
1586.090820	576.481934
1582.602539	531.760071
1579.112305	517.167419
1575.620117	509.748505
1572.126953	519.510742
1568.630859	509.236755
1565.133789	486.820251
1561.634766	490.148102
1558.133789	481.331970
1554.631836	463.245300
1551.127930	435.902100
1547.621094	461.353027
1544.114258	436.888702
1540.604492	420.997009
1537.092773	419.360870
1533.580078	409.898254
1530.065430	401.867584
1526.548828	410.195740
1523.030273	384.408813
1519.509766	372.851624
1515.988281	387.569824
1512.463867	376.731812
1508.938477	385.050781
1505.411133	369.972107
1501.882813	347.824524
1498.351563	356.144958
1494.818359	347.472443
1491.284180	332.442596
1487.748047	311.772125
1484.209961	314.440491
1480.669922	328.406006
1477.128906	314.121582
1473.584961	312.551086
1470.040039	313.802704
1466.493164	291.794006
1462.944336	294.463562
1459.393555	286.568756
1455.840820	285.015503
1452.287109	264.472351
1448.730469	265.040771
1445.172852	254.365784
1441.613281	255.640823
1438.051758	246.385162
1434.488281	254.678680
1430.922852	252.445068
1427.356445	241.102188
1423.787109	237.476517
1420.216797	226.152634
1416.644531	227.436691
1413.070313	230.817688
1409.494141	216.018768
1405.916016	219.401932
1402.336914	205.322159
1398.754883	196.840836
1395.171875	209.297882
1391.585938	214.071762
1387.999023	215.355911
1384.410156	185.988800
1380.819336	169.880096
1377.226563	194.148438
1373.632813	181.529480
1370.036133	177.960434
1366.438477	168.141769
1362.837891	161.110886
1359.236328	158.251678
1355.632813	164.413803
1352.027344	158.782196
1348.419922	162.858505
1344.810547	151.692062
1341.199219	143.998566
1337.585938	144.616257
1333.970703	141.775299
1330.354492	156.909195
1326.735352	122.975395
1323.115234	127.054962
1319.493164	137.341690
1315.869141	134.511475
1312.242188	128.926331
1308.614258	122.657822
1304.984375	118.461929
1301.353516	113.581947
1297.719727	123.843376
1294.083984	125.154503
1290.446289	106.532349
1286.807617	116.094360
1283.166016	109.168182
1279.523438	104.307838
1275.877930	112.484207
1272.231445	104.884987
1268.582031	93.867790
1264.931641	99.982246
1261.279297	105.405846
1257.625000	93.037216
1253.968750	98.458679
1250.310547	92.940292
1246.650391	87.427612
1242.988281	79.872620
1239.324219	86.654091
1235.658203	84.562973
1231.990234	85.200409
1228.320313	82.430901
1224.648438	74.217117
1220.975586	78.261513
1217.299805	73.459305
1213.622070	69.341919
1209.943359	72.702934
1206.261719	74.702171
1202.578125	76.020523
1198.893555	68.518272
1195.206055	61.701893
1191.517578	62.347191
1187.826172	70.442421
1184.133789	64.312630
1180.438477	60.895729
1176.742188	58.834915
1173.042969	60.155777
1169.342773	56.746353
1165.639648	55.366077
1161.935547	53.987225
1158.228516	53.284283
1154.520508	52.582054
1150.809570	53.901859
1147.097656	55.220242
1143.382813	45.095154
1139.666992	47.762154
1135.948242	51.771011
1132.227539	45.695675
1128.505859	47.686417
1124.781250	44.304752
1121.055664	46.965004
1117.327148	44.928402
1113.596680	48.925892
1109.865234	36.172562
1106.130859	39.500904
1102.394531	36.803329
1098.657227	42.802948
1094.916992	38.769562
1091.174805	41.421291
1087.430664	46.073372
1083.684570	39.375107
1079.936523	37.353088
1076.186523	33.333206
1072.434570	39.978535
1068.680664	32.631729
1064.924805	35.276718
1061.166992	32.596920
1057.406250	41.223061
1053.644531	35.884777
1049.880859	29.887999
1046.114258	30.535841
1042.346680	29.192570
1038.576172	30.503172
1034.803711	27.835808
1031.030273	29.808102
1027.253906	31.778267
1023.475586	23.820919
1019.695313	28.437498
1015.913086	23.134377
1012.128906	20.479443
1008.342773	25.090343
1004.553711	22.437187
