4046.277344	236.886169
4043.892578	233.741669
4041.505859	233.649521
4039.119141	261.835632
4036.731445	240.793762
4034.342773	261.629059
4031.952148	251.064743
4029.561523	253.056976
4027.169922	243.549500
4024.777344	260.171051
4022.383789	249.623688
4019.989258	281.890106
4017.593750	274.473206
4015.197266	272.278137
4012.799805	274.255920
4010.401367	263.723450
4008.001953	271.954712
4005.601563	290.594971
4003.201172	288.397430
4000.798828	276.834961
3998.395508	319.378204
3995.991211	310.932159
3993.585938	303.532227
3991.180664	311.724274
3988.773438	321.987061
3986.365234	295.902679
3983.957031	310.314758
3981.546875	311.228729
3979.135742	302.808716
3976.724609	314.090790
3974.311523	315.001892
3971.898438	326.269928
3969.483398	307.503296
3967.068359	358.093323
3964.651367	327.948853
3962.234375	346.432281
3959.815430	347.327698
3957.396484	340.989197
3954.975586	360.477875
3952.554688	377.885895
3950.131836	362.253906
3947.708984	390.995239
3945.284180	380.526459
3942.859375	390.682434
3940.432617	373.009033
3938.005859	381.099670
3935.577148	402.568329
3933.148438	393.144440
3930.718750	388.871796
3928.287109	387.687500
3925.855469	423.509766
3923.421875	435.670105
3920.988281	449.874756
3918.552734	409.652863
3916.117188	425.908875
3913.680664	425.737732
3911.242188	430.693909
3908.803711	434.620911
3906.363281	437.519989
3903.922852	471.143341
3901.480469	437.167908
3899.038086	443.132263
3896.593750	474.666382
3894.149414	458.113922
3891.703125	474.283875
3889.256836	483.288391
3886.808594	513.733643
3884.360352	508.421722
3881.910156	501.072906
3879.459961	500.870605
3877.007813	501.687988
3874.555664	488.234680
3872.101563	492.112823
3869.646484	523.485962
3867.191406	538.544922
3864.734375	541.379944
3862.277344	540.143616
3859.818359	558.227478
3857.358398	547.837463
3854.897461	554.727417
3852.436523	559.580505
3849.973633	564.429443
3847.509766	539.846619
3845.044922	579.186768
3842.579102	615.453125
3840.113281	603.041138
3837.645508	617.992798
3835.176758	607.614868
3832.707031	634.699585
3830.236328	619.263611
3827.764648	639.240967
3825.291992	637.969971
3822.818359	647.816772
3820.343750	653.614502
3817.868164	652.338623
3815.390625	666.204590
3812.913086	677.032104
3810.434570	693.902039
3807.955078	700.676392
3805.473633	714.499329
3802.992188	693.053650
3800.509766	706.867981
3798.025391	735.768677
3795.541016	766.657776
3793.054688	784.447327
3790.568359	765.026367
3788.080078	795.865051
3785.591797	793.530762
3783.101563	786.177917
3780.610352	785.856323
3778.119141	810.615784
3775.625977	844.380127
3773.131836	849.046509
3770.636719	842.686768
3768.140625	884.408569
3765.643555	871.030762
3763.145508	877.679138
3760.646484	901.328003
3758.146484	889.958862
3755.645508	933.573608
3753.143555	926.196533
3750.639648	924.817627
3748.135742	943.405762
3745.630859	957.986816
3743.124023	973.553040
3740.617188	998.079956
3738.108398	1031.556519
3735.599609	1018.180786
3733.088867	1018.757751
3730.577148	1027.297485
3728.064453	1058.715698
3725.551758	1045.349609
3723.037109	1074.745483
3720.521484	1122.005371
3718.004883	1111.608887
3715.487305	1133.989380
3712.967773	1119.625610
3710.448242	1145.952271
3707.927734	1192.092041
3705.406250	1199.530762
3702.882813	1193.089844
3700.359375	1215.379272
3697.833984	1192.104370
3695.308594	1184.683838
3692.781250	1258.391724
3690.252930	1276.660400
3687.723633	1274.155396
3685.193359	1258.807129
3682.662109	1336.311768
3680.129883	1314.038940
3677.596680	1320.402710
3675.062500	1338.598145
3672.527344	1368.610474
3669.990234	1347.345215
3667.453125	1414.766357
3664.915039	1381.681152
3662.375000	1439.187378
3659.833984	1423.830444
3657.292969	1433.075317
3654.750000	1465.908081
3652.206055	1474.144165
3649.661133	1521.667236
3647.115234	1544.601685
3644.568359	1563.590454
3642.019531	1550.185669
3639.470703	1593.673462
3636.920898	1542.034180
3634.369141	1591.367798
3631.817383	1597.561890
3629.263672	1595.917603
3626.708984	1644.187134
3624.153320	1635.676025
3621.596680	1667.264038
3619.039063	1733.036377
3616.480469	1788.982910
3613.920898	1752.100952
3611.360352	1714.273071
3608.797852	1815.044067
3606.235352	1794.777954
3603.670898	1834.979248
3601.105469	1845.908203
3598.540039	1905.537598
3595.972656	1854.104126
3593.404297	1953.588013
3590.834961	1925.527710
3588.264648	2005.446045
3585.692383	1978.358643
3583.120117	2032.921143
3580.545898	2050.525879
3577.971680	2055.493164
3575.395508	2087.630615
3572.818359	2137.203125
3570.240234	2108.185547
3567.661133	2174.185059
3565.081055	2208.154541
3562.500000	2241.126221
3559.917969	2288.591309
3557.333984	2331.177246
3554.750000	2349.544678
3552.164063	2283.777100
3549.577148	2389.130615
3546.989258	2399.719971
3544.400391	2435.406982
3541.810547	2485.542236
3539.219727	2549.142578
3536.626953	2571.217529
3534.034180	2575.920410
3531.439453	2609.527588
3528.844727	2591.091309
3526.248047	2670.877930
3523.650391	2715.949463
3521.051758	2754.248291
3518.451172	2789.629150
3515.850586	2835.552734
3513.249023	2819.945557
3510.645508	2922.479248
3508.041016	2958.686523
3505.436523	3003.498535
3502.830078	3053.067627
3500.222656	3060.408203
3497.613281	3111.826416
3495.003906	3192.897461
3492.393555	3132.180176
3489.781250	3235.186768
3487.167969	3329.494629
3484.553711	3339.563477
3481.938477	3499.705811
3479.322266	3442.804443
3476.705078	3553.098633
3474.086914	3573.553955
3471.466797	3593.990967
3468.845703	3686.907715
3466.224609	3690.114014
3463.601563	3791.487061
3460.977539	3787.975342
3458.351563	3857.792969
3455.725586	3962.770752
3453.098633	3967.750732
3450.469727	4046.911133
3447.839844	4100.334473
3445.208984	4093.843018
3442.577148	4149.098633
3439.944336	4243.234375
3437.310547	4345.831055
3434.674805	4376.240234
3432.039063	4449.294434
3429.401367	4457.830078
3426.762695	4559.208496
3424.123047	4545.905273
3421.481445	4621.598145
3418.839844	4699.117676
3416.197266	4781.298828
3413.552734	4801.954590
3410.907227	4918.986816
3408.260742	5031.194336
3405.613281	4952.567383
3402.963867	5089.202148
3400.314453	5178.546875
3397.663086	5289.503906
3395.011719	5269.338379
3392.358398	5357.545410
3389.704102	5424.013672
3387.047852	5490.423828
3384.391602	5586.888184
3381.733398	5599.553223
3379.075195	5700.586914
3376.415039	5879.537598
3373.753906	6024.515137
3371.090820	5928.038574
3368.427734	6035.322754
3365.762695	6206.312500
3363.097656	6140.824707
3360.430664	6258.187012
3357.762695	6342.651855
3355.092773	6476.682617
3352.422852	6419.609863
3349.750977	6542.259766
3347.079102	6724.668945
3344.405273	6833.054199
3341.729492	6807.695313
3339.053711	6844.948730
3336.376953	6901.777832
3333.698242	7137.770508
3331.018555	7120.713379
3328.337891	7228.638672
3325.656250	7383.079590
3322.973633	7377.115234
3320.289063	7491.304688
3317.604492	7610.049805
3314.917969	7751.024414
3312.230469	7864.900391
3309.541016	8072.586426
3306.851563	8123.021973
3304.160156	8270.028320
3301.467773	8260.900391
3298.774414	8464.336914
3296.080078	8583.165039
3293.384766	8651.809570
3290.687500	8651.792969
3287.990234	8804.664063
3285.291016	8920.353516
3282.589844	8969.282227
3279.888672	9017.240234
3277.186523	9261.257813
3274.482422	9369.143555
3271.777344	9601.703125
3269.071289	9677.010742
3266.364258	9952.631836
3263.655273	9927.107422
3260.945313	10054.757813
3258.234375	10185.061523
3255.522461	10451.680664
3252.809570	10491.394531
3250.095703	10590.937500
3247.379883	10799.027344
3244.663086	10903.867188
3241.945313	11164.985352
3239.226563	11090.279297
3236.505859	11405.308594
3233.784180	11548.275391
3231.061523	11546.951172
3228.337891	11771.415039
3225.613281	11942.468750
3222.886719	12083.108398
3220.160156	12257.539063
3217.431641	12355.764648
3214.702148	12617.841797
3211.970703	12648.991211
3209.239258	12781.681641
3206.505859	12989.256836
3203.771484	13167.391602
3201.035156	13366.386719
3198.298828	13623.667969
3195.560547	13732.802734
3192.821289	13954.099609
3190.081055	14029.232422
3187.339844	14225.579102
3184.596680	14280.467773
3181.853516	14452.837891
3179.108398	14464.768555
3176.361328	14970.074219
3173.614258	15043.635742
3170.865234	15240.824219
3168.115234	15457.836914
3165.364258	15417.486328
3162.612305	15596.982422
3159.858398	15671.905273
3157.104492	15849.310547
3154.347656	16092.778320
3151.590820	16228.125000
3148.833008	16500.210938
3146.073242	16627.099609
3143.312500	16818.167969
3140.550781	17011.779297
3137.787109	17174.457031
3135.023438	17356.882813
3132.257813	17404.449219
3129.491211	17635.400391
3126.722656	17895.949219
3123.954102	18045.220703
3121.183594	18162.771484
3118.412109	18319.001953
3115.638672	18328.125000
3112.865234	18705.837891
3110.089844	18734.591797
3107.313477	18857.861328
3104.536133	19014.320313
3101.756836	19347.865234
3098.976563	19416.734375
3096.195313	19374.974609
3093.413086	19770.802734
3090.628906	19904.039063
3087.844727	20150.261719
3085.058594	20381.007813
3082.270508	20860.882813
3079.482422	21051.656250
3076.692383	21013.750000
3073.901367	21408.501953
3071.109375	21473.421875
3068.315430	21643.878906
3065.520508	21869.642578
3062.724609	22248.101563
3059.927734	22507.351563
3057.128906	22587.695313
3054.329102	22652.781250
3051.528320	22968.617188
3048.726563	23131.605469
3045.922852	23473.693359
3043.118164	23508.832031
3040.312500	23813.017578
3037.505859	23956.619141
3034.697266	24121.451172
3031.887695	24495.240234
3029.077148	24731.720703
3026.264648	24827.517578
3023.452148	25080.511719
3020.637695	25274.652344
3017.821289	25462.398438
3015.004883	25806.169922
3012.186523	25996.162109
3009.367188	26130.119141
3006.545898	26533.386719
3003.724609	26593.439453
3000.901367	26790.689453
2998.077148	27009.001953
2995.250977	27145.714844
2992.423828	27505.158203
2989.595703	27561.958984
2986.766602	28018.076172
2983.935547	27904.130859
2981.104492	28260.804688
2978.270508	28411.556641
2975.436523	28798.544922
2972.600586	28959.488281
2969.763672	28966.064453
2966.925781	29040.451172
2964.085938	29439.650391
2961.245117	29625.511719
2958.403320	29829.671875
2955.560547	30272.808594
2952.715820	30296.312500
2949.870117	30695.785156
2947.023438	30683.060547
2944.174805	30677.357422
2941.325195	30936.607422
2938.474609	31271.035156
2935.622070	31266.804688
2932.768555	31358.072266
2929.914063	31656.808594
2927.058594	31913.251953
2924.201172	31820.332031
2921.342773	32158.669922
2918.483398	32369.060547
2915.622070	32715.574219
2912.759766	32827.683594
2909.896484	32841.031250
2907.032227	33147.570313
2904.166016	33245.355469
2901.298828	33552.296875
2898.429688	33548.695313
2895.559570	33613.039063
2892.688477	33846.234375
2889.816406	34107.933594
2886.942383	34109.273438
2884.067383	34435.820313
2881.191406	34287.492188
2878.314453	34605.832031
2875.435547	34602.562500
2872.554688	34966.460938
2869.673828	35009.863281
2866.791016	35374.968750
2863.907227	35446.738281
2861.021484	35736.785156
2858.134766	35625.562500
2855.247070	35761.152344
2852.358398	36059.292969
2849.467773	36263.742188
2846.576172	36295.953125
2843.682617	36367.875000
2840.789063	36548.558594
2837.893555	36786.050781
2834.996094	36931.843750
2832.097656	36952.414063
2829.198242	37087.632813
2826.297852	37268.394531
2823.395508	37230.175781
2820.492188	37391.750000
2817.587891	37628.902344
2814.681641	37650.761719
2811.774414	37724.183594
2808.866211	37584.363281
2805.956055	37951.550781
2803.044922	38250.554688
2800.131836	38096.062500
2797.218750	38403.292969
2794.303711	38175.949219
2791.386719	38386.835938
2788.468750	38644.644531
2785.549805	38483.414063
2782.629883	38728.085938
2779.708008	38879.253906
2776.785156	38864.351563
2773.860352	38899.890625
2770.935547	39309.664063
2768.007813	39015.250000
2765.080078	39095.031250
2762.150391	39091.097656
2759.219727	39292.726563
2756.287109	39495.867188
2753.353516	39472.121094
2750.418945	39386.203125
2747.482422	39603.464844
2744.544922	39400.089844
2741.606445	39764.292969
2738.666016	39565.257813
2735.724609	39686.808594
2732.782227	39566.972656
2729.837891	39801.324219
2726.892578	39737.535156
2723.945313	39818.015625
2720.997070	39665.214844
2718.047852	39695.621094
2715.097656	39866.628906
2712.145508	39615.738281
2709.191406	39756.132813
2706.237305	39624.792969
2703.281250	39480.027344
2700.323242	39427.519531
2697.364258	39343.785156
2694.404297	39720.398438
2691.443359	39435.671875
2688.480469	39333.445313
2685.515625	39296.246094
2682.550781	39289.414063
2679.583984	39155.335938
2676.615234	39314.476563
2673.646484	39130.812500
2670.674805	39056.699219
2667.703125	38872.453125
2664.729492	38843.898438
2661.754883	38585.101563
2658.778320	38399.601563
2655.800781	38277.230469
2652.821289	38276.644531
2649.840820	38239.976563
2646.859375	38135.414063
2643.876953	37719.171875
2640.892578	37566.332031
2637.906250	37818.039063
2634.918945	37674.472656
2631.930664	37136.175781
2628.941406	37368.468750
2625.950195	36875.910156
2622.957031	36995.304688
2619.963867	36882.441406
2616.967773	36665.339844
2613.971680	36562.714844
2610.973633	36447.667969
2607.974609	36224.355469
2604.973633	35871.269531
2601.971680	35468.523438
2598.967773	35697.906250
2595.962891	35364.640625
2592.957031	35268.679688
2589.949219	35217.679688
2586.940430	34643.277344
2583.929688	34490.437500
2580.917969	34279.621094
2577.905273	34032.480469
2574.890625	34124.750000
2571.875000	33972.382813
2568.857422	33791.972656
2565.838867	33207.550781
2562.819336	33109.589844
2559.797852	32943.027344
2556.775391	32664.123047
2553.750977	32430.933594
2550.725586	32252.484375
2547.698242	32169.994141
2544.669922	31594.714844
2541.640625	31649.560547
2538.609375	31284.523438
2535.577148	31036.054688
2532.542969	30995.460938
2529.507813	30613.898438
2526.471680	30330.646484
2523.433594	30102.779297
2520.393555	30042.908203
2517.353516	29576.115234
2514.310547	29724.429688
2511.267578	29309.941406
2508.222656	29231.619141
2505.175781	28776.685547
2502.127930	28395.984375
2499.079102	28200.099609
2496.028320	27996.189453
2492.976563	27594.226563
2489.922852	27532.410156
2486.868164	27207.939453
2483.812500	26988.464844
2480.754883	26569.679688
2477.695313	26613.021484
2474.634766	26068.162109
2471.573242	26081.464844
2468.509766	25806.656250
2465.445313	25399.125000
2462.378906	25150.142578
2459.311523	25053.787109
2456.242188	24696.017578
2453.171875	24547.832031
2450.100586	24105.152344
2447.027344	23970.375000
2443.953125	23635.687500
2440.876953	23285.046875
2437.799805	23054.951172
2434.720703	22964.724609
2431.640625	22739.031250
2428.558594	22590.609375
2425.475586	22168.242188
2422.390625	22068.025391
2419.304688	21901.462891
2416.217773	21479.169922
2413.128906	21093.681641
2410.038086	20897.845703
2406.946289	20675.501953
2403.853516	20303.830078
2400.758789	20376.824219
2397.663086	19978.167969
2394.565430	19876.087891
2391.466797	19442.523438
2388.366211	19219.009766
2385.264648	18904.619141
2382.161133	18741.166016
2379.056641	18595.574219
2375.950195	18423.548828
2372.842773	18256.505859
2369.734375	18075.136719
2366.624023	17686.560547
2363.511719	17550.601563
2360.398438	17324.828125
2357.284180	17193.966797
2354.167969	16987.810547
2351.049805	16837.970703
2347.930664	16597.695313
2344.810547	16274.318359
2341.688477	16184.259766
2338.564453	15878.974609
2335.439453	15743.572266
2332.313477	15457.158203
2329.185547	15379.615234
2326.056641	15174.315430
2322.925781	15114.534180
2319.792969	14900.758789
2316.660156	14656.064453
2313.524414	14420.365234
2310.387695	14142.638672
2307.250000	13952.002930
2304.110352	13862.668945
2300.969727	13747.148438
2297.827148	13517.172852
2294.682617	13433.718750
2291.537109	13108.718750
2288.390625	13157.401367
2285.242188	12879.673828
2282.092773	12715.700195
2278.941406	12592.334961
2275.788086	12452.428711
2272.633789	12221.502930
2269.478516	12054.166016
2266.321289	12017.632813
2263.162109	11704.119141
2260.001953	11729.482422
2256.840820	11434.576172
2253.676758	11335.158203
2250.512695	11190.010742
2247.346680	10993.671875
2244.178711	10869.333984
2241.009766	10644.922852
2237.838867	10669.093750
2234.666992	10610.486328
2231.493164	10281.731445
2228.318359	10114.694336
2225.141602	10042.251953
2221.963867	9894.357422
2218.784180	9723.010742
2215.602539	9583.256836
2212.419922	9501.760742
2209.236328	9311.201172
2206.050781	9315.445313
2202.863281	8992.580078
2199.674805	8919.342773
2196.485352	8818.743164
2193.292969	8735.467773
2190.100586	8642.088867
2186.905273	8526.883789
2183.709961	8383.625977
2180.511719	8313.209961
2177.312500	8226.446289
2174.112305	8109.299805
2170.910156	7934.487305
2167.706055	7872.988770
2164.500977	7640.728516
2161.294922	7642.570313
2158.085938	7465.959961
2154.876953	7388.431641
2151.665039	7301.631836
2148.452148	7326.185547
2145.238281	7186.603516
2142.022461	7069.696289
2138.804688	6800.598145
2135.585938	6911.542480
2132.365234	6743.687988
2129.143555	6649.704102
2125.919922	6638.016113
2122.695313	6504.631348
2119.468750	6317.908691
2116.240234	6243.656738
2113.010742	6143.153809
2109.780273	6053.576660
2106.546875	5990.376465
2103.312500	5896.314453
2100.077148	5850.242188
2096.839844	5818.111816
2093.600586	5731.978516
2090.360352	5551.029297
2087.119141	5515.996094
2083.875000	5467.891602
2080.629883	5328.151855
2077.383789	5315.600586
2074.135742	5313.834473
2070.885742	5123.587891
2067.634766	5060.395996
2064.381836	4988.808594
2061.127930	4921.128418
2057.871094	4899.581055
2054.614258	4782.886230
2051.355469	4723.066895
2048.094727	4666.370117
2044.832031	4608.192871
2041.568359	4494.151367
2038.303711	4413.139648
2035.037109	4398.017090
2031.768555	4239.870117
2028.498047	4249.306641
2025.226563	4183.844238
2021.954102	4051.227783
2018.678711	4077.532227
2015.403320	3942.801514
2012.125000	3947.774170
2008.845703	3836.864502
2005.564453	3755.776855
2002.282227	3752.449951
1998.998047	3710.301270
1995.712891	3670.474365
1992.424805	3552.351563
1989.136719	3536.960693
1985.845703	3464.599609
1982.553711	3364.208740
1979.260742	3288.961426
1975.964844	3320.760010
1972.667969	3234.229004
1969.370117	3241.766113
1966.070313	3172.778564
1962.768555	3094.012207
1959.465820	3048.622314
1956.161133	3026.726318
1952.854492	3052.486328
1949.546875	2920.266113
1946.237305	2904.503418
1942.925781	2859.308594
1939.613281	2818.684326
1936.298828	2722.279785
1932.982422	2742.827637
1929.665039	2658.607910
1926.346680	2655.062012
1923.025391	2576.987061
1919.703125	2556.175049
1916.378906	2499.280518
1913.053711	2491.303955
1909.726563	2475.068848
1906.397461	2384.497314
1903.067383	2352.564209
1899.735352	2392.689209
1896.401367	2281.288330
1893.066406	2282.429688
1889.729492	2232.623291
1886.390625	2182.115479
1883.050781	2205.006348
1879.708984	2135.856689
1876.365234	2067.520996
1873.020508	2098.652832
1869.673828	2052.810547
1866.326172	2030.158447
1862.975586	2017.975708
1859.624023	1944.637817
1856.271484	1861.678101
1852.916016	1903.992554
1849.559570	1825.601074
1846.202148	1847.045044
1842.841797	1783.638550
1839.480469	1769.380615
1836.118164	1766.286621
1832.752930	1734.960205
1829.386719	1676.927734
1826.018555	1654.581665
1822.649414	1626.321289
1819.278320	1618.851807
1815.905273	1553.574707
1812.531250	1589.856812
1809.154297	1489.113281
1805.777344	1522.429565
1802.397461	1499.491089
1799.016602	1438.125854
1795.633789	1413.032715
1792.249023	1416.771851
1788.863281	1368.825195
1785.475586	1383.650391
1782.085938	1349.779907
1778.694336	1295.299805
1775.301758	1310.137573
1771.907227	1295.500366
1768.510742	1279.404663
1765.113281	1240.515381
1761.713867	1215.636475
1758.312500	1217.243530
1754.910156	1164.481445
1751.505859	1145.549805
1748.099609	1163.334595
1744.691406	1140.019653
1741.282227	1118.193726
1737.871094	1121.306641
1734.458008	1051.896851
1731.042969	1030.145142
1727.626953	1021.586853
1724.208984	998.407898
1720.790039	990.603943
1717.368164	987.922302
1713.945313	977.208984
1710.520508	954.826050
1707.093750	982.809143
1703.666016	938.566711
1700.236328	949.764587
1696.804688	922.338013
1693.371094	891.297363
1689.936523	875.571289
1686.500000	872.954834
1683.061523	844.164856
1679.622070	824.124023
1676.179688	823.714966
1672.736328	796.443237
1669.291016	812.012146
1665.844727	801.454468
1662.396484	778.583069
1658.945313	744.140747
1655.494141	738.701050
1652.040039	723.132507
1648.584961	710.473083
1645.126953	731.090210
1641.668945	695.309998
1638.208008	680.515137
1634.745117	646.239258
1631.281250	666.124451
1627.815430	637.660034
1624.347656	638.062744
1620.878906	599.551514
1617.408203	599.972351
1613.935547	594.633240
1610.460938	582.823425
1606.984375	581.093628
1603.506836	557.800842
1600.027344	549.618713
1596.545898	581.657837
1593.062500	516.770264
1589.577148	522.250366
1586.090820	519.837585
1582.602539	521.726868
1579.112305	517.167419
1575.620117	499.009430
1572.126953	475.860382
1568.630859	474.190979
1565.133789	481.816223
1561.634766	470.856537
1558.133789	467.049103
1554.631836	443.259369
1551.127930	440.896057
1547.621094	434.969604
1544.114258	414.082123
1540.604492	413.161194
1537.092773	413.664948
1533.580078	384.991241
1530.065430	381.951996
1526.548828	361.853790
1523.030273	370.908325
1519.509766	378.533173
1515.988281	356.337097
1512.463867	375.312866
1508.938477	346.758423
1505.411133	338.077972
1501.882813	325.864105
1498.351563	312.954437
1494.818359	332.611084
1491.284180	317.588806
1487.748047	322.376617
1484.209961	317.266937
1480.669922	297.331055
1477.128906	304.239105
1473.584961	299.851471
1470.040039	258.799103
1466.493164	281.221771
1462.944336	269.807526
1459.393555	261.925232
1455.840820	264.606995
1452.287109	272.912964
1448.730469	263.634705
1445.172852	238.204422
1441.613281	249.320038
1438.051758	244.981262
1434.488281	260.993011
1430.922852	233.511688
1427.356445	236.196045
1423.787109	223.466095
1420.216797	233.154251
1416.644531	223.937668
1413.070313	211.932602
1409.494141	211.125137
1405.916016	208.920944
1402.336914	197.640030
1398.754883	198.934891
1395.171875	191.856400
1391.585938	188.271576
1387.999023	185.387283
1384.410156	195.741028
1380.819336	185.893387
1377.226563	173.272263
1373.632813	162.750565
1370.036133	164.057281
1366.438477	166.057373
1362.837891	160.416443
1359.236328	161.028015
1355.632813	154.701599
1352.027344	153.235214
1348.419922	151.770264
1344.810547	149.614090
1341.199219	149.536972
1337.585938	157.071243
1333.970703	145.924820
1330.354492	143.775818
1326.735352	127.120628
1323.115234	132.579086
1319.493164	130.440094
1315.869141	131.752258
1312.242188	132.373566
1308.614258	123.346909
1304.984375	112.952072
1301.353516	119.088951
1297.719727	116.275169
1294.083984	104.524643
1290.446289	114.092712
1286.807617	114.720467
1283.166016	102.302261
1279.523438	108.425255
1275.877930	96.708977
1272.231445	99.400810
1268.582031	95.238121
1264.931641	89.025291
1261.279297	94.454590
1257.625000	89.616730
1253.968750	95.723717
1250.310547	81.322754
1246.650391	93.574860
1242.988281	92.843384
1239.324219	83.924828
1235.658203	77.743378
1231.990234	77.702774
1228.320313	77.662170
1224.648438	81.706917
1220.975586	74.178299
1217.299805	63.936806
1213.622070	73.420853
1209.943359	69.985069
1206.261719	66.552849
1202.578125	69.911728
1198.893555	69.196671
1195.206055	77.296875
1191.517578	67.768684
1187.826172	69.765091
1184.133789	62.281708
1180.438477	69.691780
1176.742188	56.806126
1173.042969	61.507591
1169.342773	63.501869
1165.639648	65.494019
1161.935547	60.735630
1158.228516	51.935314
1154.520508	47.863152
1150.809570	56.596954
1147.097656	51.179737
1143.382813	53.844959
1139.666992	57.180042
1135.948242	48.409256
1132.227539	47.039665
1128.505859	45.671497
1124.781250	48.332458
1121.055664	44.952221
1117.327148	46.940121
1113.596680	48.255676
1109.865234	42.871185
1106.130859	40.839916
1102.394531	38.141632
1098.657227	47.484520
1094.916992	36.764236
1091.174805	40.753208
1087.430664	42.066990
1083.684570	36.038235
1079.936523	31.349913
1076.186523	40.666515
1072.434570	35.980682
1068.680664	35.961498
1064.924805	30.617529
1061.166992	31.931677
1057.406250	27.925299
1053.644531	31.897579
1049.880859	27.231289
1046.114258	34.518776
1042.346680	39.808052
1038.576172	42.439194
1034.803711	28.498566
1031.030273	31.795309
1027.253906	32.440315
1023.475586	30.437841
1019.695313	32.405521
1015.913086	26.439287
1012.128906	24.443207
1008.342773	25.750616
1004.553711	24.416939
