4046.277344	236.886169
4043.892578	228.500824
4041.505859	217.933197
4039.119141	236.699417
4036.731445	235.559113
4034.342773	221.861450
4031.952148	239.557617
4029.561523	244.691452
4027.169922	229.960907
4024.777344	238.228928
4022.383789	252.757050
4019.989258	245.348816
4017.593750	244.208099
4015.197266	255.586761
4012.799805	251.314362
4010.401367	246.002899
4008.001953	253.199219
4005.601563	266.639099
4003.201172	272.780243
4000.798828	259.142517
3998.395508	266.321899
3995.991211	280.774872
3993.585938	254.676010
3991.180664	260.809326
3988.773438	294.981689
3986.365234	280.328857
3983.957031	316.541809
3981.546875	284.255585
3979.135742	285.179443
3976.724609	296.468536
3974.311523	313.965698
3971.898438	284.838806
3969.483398	301.291107
3967.068359	332.219543
3964.651367	308.292633
3962.234375	295.760101
3959.815430	333.889435
3957.396484	321.356506
3954.975586	311.932129
3952.554688	311.807495
3950.131836	327.163788
3947.708984	317.748108
3945.284180	323.808441
3942.859375	336.048737
3940.432617	357.552856
3938.005859	346.079712
3935.577148	342.852295
3933.148438	354.035828
3930.718750	378.584167
3928.287109	341.411804
3925.855469	368.001190
3923.421875	353.468201
3920.988281	382.085419
3918.552734	375.771790
3916.117188	375.620850
3913.680664	415.479004
3911.242188	377.369904
3908.803711	410.019714
3906.363281	405.756256
3903.922852	395.350739
3901.480469	399.286835
3899.038086	406.289856
3896.593750	438.861816
3894.149414	439.707550
3891.703125	428.286530
3889.256836	437.309601
3886.808594	461.645355
3884.360352	454.312592
3881.910156	456.170258
3879.459961	454.965973
3877.007813	471.097260
3874.555664	430.135773
3872.101563	458.490204
3869.646484	475.618561
3867.191406	486.624695
3864.734375	463.022308
3862.277344	461.817688
3859.818359	477.899658
3857.358398	499.050446
3854.897461	486.656464
3852.436523	531.144470
3849.973633	513.671387
3847.509766	516.507385
3845.044922	519.340881
3842.579102	550.561829
3840.113281	531.081604
3837.645508	553.154236
3835.176758	566.094543
3832.707031	555.741760
3830.236328	571.705750
3827.764648	596.759766
3825.291992	577.307190
3822.818359	580.104248
3820.343750	600.072632
3817.868164	577.612488
3815.390625	623.809753
3812.913086	651.807373
3810.434570	630.361633
3807.955078	633.129150
3805.473633	652.018433
3802.992188	671.899353
3800.509766	659.542053
3798.025391	666.318542
3795.541016	678.119873
3793.054688	685.888550
3790.568359	703.703613
3788.080078	681.308716
3785.591797	708.150879
3783.101563	719.910034
3780.610352	737.681274
3778.119141	728.350281
3775.625977	746.103088
3773.131836	756.824219
3770.636719	769.540344
3768.140625	781.244263
3765.643555	793.939514
3763.145508	838.648926
3760.646484	844.307251
3758.146484	777.964050
3755.645508	845.613831
3753.143555	823.285828
3750.639648	840.924866
3748.135742	860.545776
3745.630859	855.202820
3743.124023	870.811279
3740.617188	889.397949
3738.108398	903.982361
3735.599609	911.580627
3733.088867	918.176636
3730.577148	962.593689
3728.064453	939.311707
3725.551758	946.881897
3723.037109	975.324097
3720.521484	964.984192
3718.004883	984.454407
3715.487305	958.230896
3712.967773	997.538818
3710.448242	1024.907959
3707.927734	979.855957
3705.406250	1026.044922
3702.882813	1009.766235
3700.359375	1063.828369
3697.833984	1106.954102
3695.308594	1073.836182
3692.781250	1087.242554
3690.252930	1120.415405
3687.723633	1089.308960
3685.193359	1103.679443
3682.662109	1121.988281
3680.129883	1118.562012
3677.596680	1183.230835
3675.062500	1154.134033
3672.527344	1189.152954
3669.990234	1201.473145
3667.453125	1223.635010
3664.915039	1234.945190
3662.375000	1253.136475
3659.833984	1259.504395
3657.292969	1276.686157
3654.750000	1288.937378
3652.206055	1294.298584
3649.661133	1302.602173
3647.115234	1321.699829
3644.568359	1330.965820
3642.019531	1355.921875
3639.470703	1326.917114
3636.920898	1386.164307
3634.369141	1365.989380
3631.817383	1383.051758
3629.263672	1438.284058
3626.708984	1455.301392
3624.153320	1521.217896
3621.596680	1462.889771
3619.039063	1454.460327
3616.480469	1539.834595
3613.920898	1528.449219
3611.360352	1512.191895
3608.797852	1544.739136
3606.235352	1599.693359
3603.670898	1567.825073
3601.105469	1667.554932
3598.540039	1683.419678
3595.972656	1640.843140
3593.404297	1654.758179
3590.834961	1739.688599
3588.264648	1692.277466
3585.692383	1780.036743
3583.120117	1771.517822
3580.545898	1738.721680
3577.971680	1789.453857
3575.395508	1820.732300
3572.818359	1838.402222
3570.240234	1862.844727
3567.661133	1896.959595
3565.081055	1901.977783
3562.500000	1912.802246
3559.917969	2012.682373
3557.333984	1984.742432
3554.750000	2014.862793
3552.164063	1975.341553
3549.577148	2068.260254
3546.989258	2102.170166
3544.400391	2141.844971
3541.810547	2120.674316
3539.219727	2129.431396
3536.626953	2237.518555
3534.034180	2247.181885
3531.439453	2287.673096
3528.844727	2317.533691
3526.248047	2293.450439
3523.650391	2365.628662
3521.051758	2380.024658
3518.451172	2387.676514
3515.850586	2406.855713
3513.249023	2499.038574
3510.645508	2484.539551
3508.041016	2520.931396
3505.436523	2535.221436
3502.830078	2644.457275
3500.222656	2654.846436
3497.613281	2661.392822
3495.003906	2707.209229
3492.393555	2719.471680
3489.781250	2767.137451
3487.167969	2789.886963
3484.553711	2808.791016
3481.938477	2897.461914
3479.322266	2955.479980
3476.705078	3039.236572
3474.086914	3062.773438
3471.466797	3032.847412
3468.845703	3077.351563
3466.224609	3141.841064
3463.601563	3193.884766
3460.977539	3222.065430
3458.351563	3214.986084
3455.725586	3380.206299
3453.098633	3349.276367
3450.469727	3387.802002
3447.839844	3518.510986
3445.208984	3457.149658
3442.577148	3592.465820
3439.944336	3651.707275
3437.310547	3712.795654
3434.674805	3723.551270
3432.039063	3757.055420
3429.401367	3880.577393
3426.762695	3898.824463
3424.123047	3918.949219
3421.481445	3980.708740
3418.839844	4036.736816
3416.197266	4127.712891
3413.552734	4162.828613
3410.907227	4107.188477
3408.260742	4258.472168
3405.613281	4353.915527
3402.963867	4375.656738
3400.314453	4438.889160
3397.663086	4418.136230
3395.011719	4459.613770
3392.358398	4536.859375
3389.704102	4631.932617
3387.047852	4715.626465
3384.391602	4770.075195
3381.733398	4815.070313
3379.075195	4900.455078
3376.415039	4926.556641
3373.753906	5102.002441
3371.090820	5158.041504
3368.427734	5182.117676
3365.762695	5263.403320
3363.097656	5261.152344
3360.430664	5474.507324
3357.762695	5518.078613
3355.092773	5590.645996
3352.422852	5558.293945
3349.750977	5642.944336
3347.079102	5793.935059
3344.405273	5809.218262
3341.729492	5906.731934
3339.053711	5959.318359
3336.376953	6071.622070
3333.698242	6099.820801
3331.018555	6210.098145
3328.337891	6277.379395
3325.656250	6302.651855
3322.973633	6370.763672
3320.289063	6487.248535
3317.604492	6578.494141
3314.917969	6659.422852
3312.230469	6739.350098
3309.541016	6806.188965
3306.851563	6933.380371
3304.160156	7109.697754
3301.467773	7136.354980
3298.774414	7227.034180
3296.080078	7370.518555
3293.384766	7343.233398
3290.687500	7420.722168
3287.990234	7560.225098
3285.291016	7647.737793
3282.589844	7761.095215
3279.888672	7696.673340
3277.186523	7775.682617
3274.482422	7951.706055
3271.777344	8041.623047
3269.071289	8171.184082
3266.364258	8353.266602
3263.655273	8426.272461
3260.945313	8460.462891
3258.234375	8559.177734
3255.522461	8718.644531
3252.809570	8851.250000
3250.095703	8920.187500
3247.379883	8950.395508
3244.663086	9137.015625
3241.945313	9218.610352
3239.226563	9453.677734
3236.505859	9340.221680
3233.784180	9611.774414
3231.061523	9620.469727
3228.337891	9757.654297
3225.613281	9820.403320
3222.886719	10055.500977
3220.160156	10158.393555
3217.431641	10289.598633
3214.702148	10399.622070
3211.970703	10502.223633
3209.239258	10638.590820
3206.505859	10799.532227
3203.771484	10995.987305
3201.035156	11188.614258
3198.298828	11326.261719
3195.560547	11341.432617
3192.821289	11465.197266
3190.081055	11641.763672
3187.339844	11757.076172
3184.596680	11964.346680
3181.853516	12145.012695
3179.108398	12169.786133
3176.361328	12347.466797
3173.614258	12391.231445
3170.865234	12761.472656
3168.115234	12783.193359
3165.364258	13041.161133
3162.612305	13124.500000
3159.858398	13121.508789
3157.104492	13324.529297
3154.347656	13558.210938
3151.590820	13692.849609
3148.833008	13943.379883
3146.073242	14157.450195
3143.312500	14164.859375
3140.550781	14341.526367
3137.787109	14508.082031
3135.023438	14784.822266
3132.257813	14845.264648
3129.491211	14996.008789
3126.722656	15163.777344
3123.954102	15379.243164
3121.183594	15538.568359
3118.412109	15624.685547
3115.638672	15896.457031
3112.865234	16122.924805
3110.089844	16113.171875
3107.313477	16318.627930
3104.536133	16310.588867
3101.756836	16567.949219
3098.976563	16785.511719
3096.195313	16959.732422
3093.413086	17055.630859
3090.628906	17162.214844
3087.844727	17373.730469
3085.058594	17569.802734
3082.270508	18061.671875
3079.482422	18292.224609
3076.692383	18427.580078
3073.901367	18588.789063
3071.109375	18623.609375
3068.315430	18786.369141
3065.520508	19019.648438
3062.724609	19187.445313
3059.927734	19367.601563
3057.128906	19748.599609
3054.329102	19761.355469
3051.528320	19907.085938
3048.726563	20203.462891
3045.922852	20608.373047
3043.118164	20540.478516
3040.312500	20819.238281
3037.505859	20774.455078
3034.697266	21211.316406
3031.887695	21416.429688
3029.077148	21487.939453
3026.264648	21575.384766
3023.452148	21901.792969
3020.637695	21789.994141
3017.821289	22221.666016
3015.004883	22440.841797
3012.186523	22688.205078
3009.367188	22785.492188
3006.545898	22935.863281
3003.724609	23073.693359
3000.901367	23433.662109
2998.077148	23497.671875
2995.250977	23895.166016
2992.423828	23675.908203
2989.595703	24072.957031
2986.766602	24483.787109
2983.935547	24608.095703
2981.104492	24814.386719
2978.270508	24774.298828
2975.436523	25046.468750
2972.600586	25203.781250
2969.763672	25209.376953
2966.925781	25551.439453
2964.085938	25777.853516
2961.245117	26095.583984
2958.403320	26052.361328
2955.560547	26272.955078
2952.715820	26590.021484
2949.870117	26780.296875
2947.023438	26904.535156
2944.174805	26918.941406
2941.325195	27255.306641
2938.474609	27519.457031
2935.622070	27457.287109
2932.768555	27781.552734
2929.914063	27927.740234
2927.058594	28261.996094
2924.201172	28263.449219
2921.342773	28241.275391
2918.483398	28590.660156
2915.622070	28910.015625
2912.759766	29035.171875
2909.896484	29315.613281
2907.032227	29464.023438
2904.166016	29692.542969
2901.298828	29883.357422
2898.429688	29835.201172
2895.559570	30055.384766
2892.688477	30381.591797
2889.816406	30468.154297
2886.942383	30637.275391
2884.067383	30826.238281
2881.191406	30882.908203
2878.314453	31111.539063
2875.435547	31517.978516
2872.554688	31447.505859
2869.673828	31682.492188
2866.791016	32164.423828
2863.907227	31999.240234
2861.021484	32490.978516
2858.134766	32778.738281
2855.247070	32646.369141
2852.358398	32923.402344
2849.467773	32966.644531
2846.576172	33083.324219
2843.682617	33554.195313
2840.789063	33496.007813
2837.893555	33822.929688
2834.996094	33796.585938
2832.097656	33989.355469
2829.198242	34557.871094
2826.297852	34607.042969
2823.395508	34488.179688
2820.492188	34304.832031
2817.587891	34818.785156
2814.681641	34782.542969
2811.774414	35106.621094
2808.866211	35145.898438
2805.956055	35379.292969
2803.044922	35866.660156
2800.131836	35665.167969
2797.218750	35969.195313
2794.303711	35825.277344
2791.386719	35947.210938
2788.468750	36446.027344
2785.549805	36071.667969
2782.629883	36500.621094
2779.708008	36597.171875
2776.785156	36738.101563
2773.860352	37031.921875
2770.935547	37363.066406
2768.007813	37138.710938
2765.080078	37027.242188
2762.150391	36930.371094
2759.219727	37191.824219
2756.287109	37591.156250
2753.353516	37412.312500
2750.418945	37771.976563
2747.482422	37836.707031
2744.544922	37599.234375
2741.606445	37760.085938
2738.666016	37986.253906
2735.724609	37916.433594
2732.782227	38033.566406
2729.837891	38061.417969
2726.892578	38073.953125
2723.945313	38375.765625
2720.997070	38245.660156
2718.047852	38336.042969
2715.097656	38041.687500
2712.145508	38141.371094
2709.191406	38492.355469
2706.237305	38387.812500
2703.281250	38202.167969
2700.323242	38261.820313
2697.364258	38393.230469
2694.404297	38426.539063
2691.443359	38599.937500
2688.480469	38367.300781
2685.515625	38398.011719
2682.550781	38325.828125
2679.583984	38408.750000
2676.615234	38157.203125
2673.646484	38160.960938
2670.674805	38262.320313
2667.703125	37870.675781
2664.729492	38046.035156
2661.754883	38152.316406
2658.778320	37811.617188
2655.800781	37712.183594
2652.821289	37472.675781
2649.840820	37485.023438
2646.859375	37399.250000
2643.876953	37417.464844
2640.892578	37325.074219
2637.906250	37185.031250
2634.918945	37054.308594
2631.930664	37014.875000
2628.941406	37074.972656
2625.950195	36432.937500
2622.957031	36689.542969
2619.963867	36516.699219
2616.967773	36482.550781
2613.971680	36241.523438
2610.973633	36133.292969
2607.974609	35927.625000
2604.973633	35790.453125
2601.971680	35490.175781
2598.967773	35487.316406
2595.962891	35065.957031
2592.957031	35039.984375
2589.949219	34716.445313
2586.940430	34560.191406
2583.929688	34389.953125
2580.917969	33989.917969
2577.905273	33831.687500
2574.890625	33948.101563
2571.875000	33616.757813
2568.857422	33691.714844
2565.838867	33201.753906
2562.819336	33370.351563
2559.797852	32835.457031
2556.775391	32446.605469
2553.750977	32195.328125
2550.725586	32152.500000
2547.698242	31848.707031
2544.669922	31555.089844
2541.640625	31245.224609
2538.609375	30998.320313
2535.577148	31000.605469
2532.542969	30854.550781
2529.507813	30568.597656
2526.471680	30259.843750
2523.433594	29925.031250
2520.393555	30007.539063
2517.353516	29495.544922
2514.310547	29343.947266
2511.267578	29175.232422
2508.222656	28791.552734
2505.175781	28734.013672
2502.127930	28482.113281
2499.079102	28177.962891
2496.028320	27857.691406
2492.976563	27596.683594
2489.922852	27303.158203
2486.868164	26914.140625
2483.812500	26847.767578
2480.754883	26594.208984
2477.695313	26324.531250
2474.634766	26136.779297
2471.573242	25916.533203
2468.509766	25677.708984
2465.445313	25377.099609
2462.378906	25262.664063
2459.311523	24919.312500
2456.242188	24590.117188
2453.171875	24481.062500
2450.100586	24132.011719
2447.027344	23834.523438
2443.953125	23712.933594
2440.876953	23186.705078
2437.799805	23080.134766
2434.720703	22995.580078
2431.640625	22842.917969
2428.558594	22524.085938
2425.475586	22230.679688
2422.390625	21850.812500
2419.304688	21758.072266
2416.217773	21451.638672
2413.128906	21031.359375
2410.038086	20937.486328
2406.946289	20891.402344
2403.853516	20556.810547
2400.758789	20381.671875
2397.663086	20016.927734
2394.565430	19622.652344
2391.466797	19615.166016
2388.366211	19315.773438
2385.264648	19160.121094
2382.161133	18955.460938
2379.056641	18688.177734
2375.950195	18479.085938
2372.842773	18215.476563
2369.734375	18112.126953
2366.624023	17675.308594
2363.511719	17608.445313
2360.398438	17373.007813
2357.284180	17328.808594
2354.167969	17170.724609
2351.049805	16811.507813
2347.930664	16761.203125
2344.810547	16408.910156
2341.688477	16354.022461
2338.564453	16095.081055
2335.439453	15858.775391
2332.313477	15642.675781
2329.185547	15552.257813
2326.056641	15321.312500
2322.925781	15069.816406
2319.792969	14991.749023
2316.660156	14739.832031
2313.524414	14578.252930
2310.387695	14215.965820
2307.250000	14202.952148
2304.110352	14025.909180
2300.969727	13891.209961
2297.827148	13782.885742
2294.682617	13510.851563
2291.537109	13307.419922
2288.390625	13278.949219
2285.242188	13073.424805
2282.092773	12831.579102
2278.941406	12585.988281
2275.788086	12622.119141
2272.633789	12337.218750
2269.478516	12194.385742
2266.321289	12141.951172
2263.162109	11674.835938
2260.001953	11654.329102
2256.840820	11494.670898
2253.676758	11476.629883
2250.512695	11261.899414
2247.346680	11176.071289
2244.178711	10960.884766
2241.009766	10696.988281
2237.838867	10617.053711
2234.666992	10549.012695
2231.493164	10352.628906
2228.318359	10180.046875
2225.141602	9999.753906
2221.963867	9870.758789
2218.784180	9797.706055
2215.602539	9763.227539
2212.419922	9509.616211
2209.236328	9417.198242
2206.050781	9311.521484
2202.863281	9147.894531
2199.674805	8938.944336
2196.485352	9004.474609
2193.292969	8823.981445
2190.100586	8605.291016
2186.905273	8631.749023
2183.709961	8390.665039
2180.511719	8370.283203
2177.312500	8098.286621
2174.112305	8156.946289
2170.910156	8002.410156
2167.706055	7839.433594
2164.500977	7771.766113
2161.294922	7662.840332
2158.085938	7530.637207
2154.876953	7498.253418
2151.665039	7346.785156
2148.452148	7245.258789
2145.238281	7164.826172
2142.022461	7071.250977
2138.804688	6991.748535
2135.585938	6857.175781
2132.365234	6714.188965
2129.143555	6655.911621
2125.919922	6666.711914
2122.695313	6471.298340
2119.468750	6385.318359
2116.240234	6252.175781
2113.010742	6140.057617
2109.780273	6120.890137
2106.546875	6004.296875
2103.312500	5929.552734
2100.077148	5910.506348
2096.839844	5824.290039
2093.600586	5694.156738
2090.360352	5519.396973
2087.119141	5571.518555
2083.875000	5474.828613
2080.629883	5372.835938
2077.383789	5331.771484
2074.135742	5255.339355
2070.885742	5153.590820
2067.634766	5031.945313
2064.381836	5001.105469
2061.127930	4927.273926
2057.871094	4891.902832
2054.614258	4763.699707
2051.355469	4724.601074
2048.094727	4649.501953
2044.832031	4618.155762
2041.568359	4571.517578
2038.303711	4495.062500
2035.037109	4417.914063
2031.768555	4305.651855
2028.498047	4260.010254
2025.226563	4204.476563
2021.954102	4121.498047
2018.678711	4072.188232
2015.403320	3990.875244
2012.125000	3992.011230
2008.845703	3852.111328
2005.564453	3854.833740
2002.282227	3806.524170
1998.998047	3692.792725
1995.712891	3675.800537
1992.424805	3547.027832
1989.136719	3521.757813
1985.845703	3457.001953
1982.553711	3446.984863
1979.260742	3367.902588
1975.964844	3315.449219
1972.667969	3312.335693
1969.370117	3264.504883
1966.070313	3142.475098
1962.768555	3081.896729
1959.465820	3101.602295
1956.161133	3007.814209
1952.854492	2941.335693
1949.546875	2938.404297
1946.237305	2840.294678
1942.925781	2820.046875
1939.613281	2845.097656
1936.298828	2749.434570
1932.982422	2722.471436
1929.665039	2656.347168
1926.346680	2636.985107
1923.025391	2604.089355
1919.703125	2590.036621
1916.378906	2557.193359
1913.053711	2499.573242
1909.726563	2462.295410
1906.397461	2439.322021
1903.067383	2342.054932
1899.735352	2361.927002
1896.401367	2393.777832
1893.066406	2262.191406
1889.729492	2259.594482
1886.390625	2218.808594
1883.050781	2191.533936
1879.708984	2119.398193
1876.365234	2101.169434
1873.020508	2053.062500
1869.673828	2043.846313
1866.326172	2045.838257
1862.975586	1976.929565
1859.624023	1928.973267
1856.271484	1899.702026
1852.916016	1846.611938
1849.559570	1860.608521
1846.202148	1862.679077
1842.841797	1800.009033
1839.480469	1807.311890
1836.118164	1761.826416
1832.752930	1737.932251
1829.386719	1699.207520
1826.018555	1656.808594
1822.649414	1646.353516
1819.278320	1615.143921
1815.905273	1569.881348
1812.531250	1548.369385
1809.154297	1523.175537
1805.777344	1486.903809
1802.397461	1455.845337
1799.016602	1439.604614
1795.633789	1441.855103
1792.249023	1406.430542
1788.863281	1418.291870
1785.475586	1410.954346
1782.085938	1326.177124
1778.694336	1323.314331
1775.301758	1262.978516
1771.907227	1269.722900
1768.510742	1260.265137
1765.113281	1196.368896
1761.713867	1235.492676
1758.312500	1226.799072
1754.910156	1181.379272
1751.505859	1183.734863
1748.099609	1144.985474
1744.691406	1140.019653
1741.282227	1115.260742
1737.871094	1072.936646
1734.458008	1084.127563
1731.042969	1078.467529
1727.626953	1064.762817
1724.208984	1060.579834
1720.790039	1014.729370
1717.368164	990.845154
1713.945313	977.939331
1710.520508	960.665955
1707.093750	950.705505
1703.666016	934.920410
1700.236328	900.198975
1696.804688	908.495667
1693.371094	920.424683
1689.936523	867.565247
1686.500000	875.864685
1683.061523	848.527466
1679.622070	852.466919
1676.179688	814.998413
1672.736328	794.265198
1669.291016	821.445740
1665.844727	779.695557
1662.396484	752.485291
1658.945313	747.039063
1655.494141	736.528442
1652.040039	730.371033
1648.584961	702.514587
1645.126953	707.226685
1641.668945	688.082214
1638.208008	662.454773
1634.745117	664.290649
1631.281250	652.412231
1627.815430	627.561340
1624.347656	609.944702
1620.878906	630.537964
1617.408203	589.888733
1613.935547	589.593994
1610.460938	592.896973
1606.984375	561.675903
1603.506836	536.236389
1600.027344	563.269348
1596.545898	547.907349
1593.062500	541.173279
1589.577148	509.337585
1586.090820	511.950378
1582.602539	507.393738
1579.112305	499.259949
1575.620117	502.589111
1572.126953	495.896606
1568.630859	469.899658
1565.133789	470.378448
1561.634766	444.419983
1558.133789	431.341980
1554.631836	436.835297
1551.127930	448.030304
1547.621094	442.100250
1544.114258	416.220245
1540.604492	402.475983
1537.092773	394.441284
1533.580078	399.935455
1530.065430	386.219635
1526.548828	367.541077
1523.030273	382.277161
1519.509766	369.300659
1515.988281	344.269897
1512.463867	353.319122
1508.938477	346.049316
1505.411133	342.330505
1501.882813	335.781708
1498.351563	337.735901
1494.818359	322.703522
1491.284180	321.125427
1487.748047	307.530334
1484.209961	318.680145
1480.669922	291.681061
1477.128906	299.297852
1473.584961	292.796143
1470.040039	291.942291
1466.493164	297.432526
1462.944336	269.807526
1459.393555	272.486755
1455.840820	275.866882
1452.287109	257.438538
1448.730469	250.980255
1445.172852	248.744446
1441.613281	247.915421
1438.051758	232.346115
1434.488281	244.856354
1430.922852	230.005508
1427.356445	217.272324
1423.787109	239.578079
1420.216797	221.251480
1416.644531	215.540009
1413.070313	207.735916
1409.494141	216.018768
1405.916016	205.427292
1402.336914	199.036789
1398.754883	206.613068
1395.171875	200.228317
1391.585938	194.547302
1387.999023	173.539230
1384.410156	184.595627
1380.819336	175.449936
1377.226563	179.535126
1373.632813	186.398087
1370.036133	177.960434
1366.438477	166.752167
1362.837891	147.222015
1359.236328	164.498459
1355.632813	154.701599
1352.027344	149.768356
1348.419922	160.086441
1344.810547	152.384720
1341.199219	150.921585
1337.585938	140.464600
1333.970703	132.784668
1330.354492	121.656464
1326.735352	129.884125
1323.115234	134.650635
1319.493164	128.369629
1315.869141	131.752258
1312.242188	115.137421
1308.614258	126.792351
1304.984375	117.773193
1301.353516	119.777328
1297.719727	125.907433
1294.083984	112.088921
1290.446289	112.030792
1286.807617	104.416229
1283.166016	100.929070
1279.523438	107.739021
1275.877930	104.253654
1272.231445	98.715286
1268.582031	98.663956
1264.931641	100.667061
1261.279297	91.032318
1257.625000	88.932632
1253.968750	86.151344
1250.310547	85.423065
1246.650391	86.061554
1242.988281	75.093910
1239.324219	84.607147
1235.658203	90.700607
1231.990234	84.518806
1228.320313	77.662170
1224.648438	83.068703
1220.975586	76.219902
1217.299805	77.540382
1213.622070	72.061211
1209.943359	71.344002
1206.261719	72.664841
1202.578125	64.481697
1198.893555	60.377483
1195.206055	64.414063
1191.517578	73.867867
1187.826172	55.541138
1184.133789	55.511955
1180.438477	54.129539
1176.742188	55.453598
1173.042969	60.831684
1169.342773	52.693043
1165.639648	53.340488
1161.935547	56.686588
1158.228516	57.331192
1154.520508	53.256184
1150.809570	53.901859
1147.097656	56.567078
1143.382813	51.152710
1139.666992	51.125683
1135.948242	55.805115
1132.227539	47.039665
1128.505859	53.059536
1124.781250	38.934483
1121.055664	46.965004
1117.327148	53.645855
1113.596680	42.893932
1109.865234	44.210911
1106.130859	46.195972
1102.394531	34.795876
1098.657227	44.140541
1094.916992	38.769562
1091.174805	38.080864
1087.430664	36.057423
1083.684570	38.040359
1079.936523	38.020107
1076.186523	35.999863
1072.434570	34.648064
1068.680664	34.629589
1064.924805	33.279922
1061.166992	35.257893
1057.406250	34.574181
1053.644531	36.549309
1049.880859	27.231289
1046.114258	27.880550
1042.346680	33.173374
1038.576172	31.166285
1034.803711	26.510294
1031.030273	23.846481
1027.253906	31.778267
1023.475586	35.731377
1019.695313	23.146801
1015.913086	27.761251
1012.128906	20.479443
1008.342773	27.071161
1004.553711	22.437187
