4046.277344	327.028687
4043.892578	328.076874
4041.505859	318.517731
4039.119141	300.587311
4036.731445	349.674408
4034.342773	327.559601
4031.952148	355.675049
4029.561523	329.392334
4027.169922	319.854706
4024.777344	351.074219
4022.383789	365.557709
4019.989258	358.104858
4017.593750	360.050415
4015.197266	371.383209
4012.799805	352.465790
4010.401367	370.046722
4008.001953	369.900085
4005.601563	384.335266
4003.201172	358.154205
4000.798828	387.152649
3998.395508	395.321564
3995.991211	399.324249
3993.585938	396.047180
3991.180664	383.420868
3988.773438	397.809814
3986.365234	403.881195
3983.957031	430.704437
3981.546875	423.271088
3979.135742	436.583832
3976.724609	426.043945
3974.311523	433.127594
3971.898438	423.632996
3969.483398	460.737274
3967.068359	455.378815
3964.651367	457.266235
3962.234375	477.766296
3959.815430	463.103607
3957.396484	447.419159
3954.975586	469.963989
3952.554688	454.289063
3950.131836	494.357910
3947.708984	526.141357
3945.284180	504.274902
3942.859375	488.610748
3940.432617	501.810516
3938.005859	497.489563
3935.577148	509.645325
3933.148438	506.353577
3930.718750	529.812073
3928.287109	506.975952
3925.855469	531.443054
3923.421875	554.862854
3920.988281	557.721436
3918.552734	528.749939
3916.117188	562.404968
3913.680664	553.971985
3911.242188	556.825684
3908.803711	555.576721
3906.363281	549.205444
3903.922852	584.832275
3901.480469	608.144592
3899.038086	600.735901
3896.593750	632.206543
3894.149414	611.500244
3891.703125	609.209473
3889.256836	599.768066
3886.808594	626.080994
3884.360352	663.602661
3881.910156	632.719360
3879.459961	637.564392
3877.007813	694.409607
3874.555664	642.145813
3872.101563	686.716431
3869.646484	708.844788
3867.191406	695.323547
3864.734375	698.095154
3862.277344	718.157043
3859.818359	682.278015
3857.358398	727.739563
3854.897461	733.540649
3852.436523	737.305664
3849.973633	742.082581
3847.509766	754.973450
3845.044922	754.667175
3842.579102	771.597717
3840.113281	743.919617
3837.645508	780.089294
3835.176758	781.797852
3832.707031	762.246887
3830.236328	827.708557
3827.764648	817.257446
3825.291992	813.891968
3822.818359	866.113831
3820.343750	838.485352
3817.868164	879.546326
3815.390625	892.310364
3812.913086	898.000854
3810.434570	863.343262
3807.955078	925.497742
3805.473633	878.763611
3802.992188	923.735718
3800.509766	914.296448
3798.025391	912.916809
3795.541016	950.776367
3793.054688	977.542053
3790.568359	996.243225
3788.080078	1003.875183
3785.591797	1026.567627
3783.101563	1023.135742
3780.610352	1053.830322
3778.119141	1050.389526
3775.625977	1070.016113
3773.131836	1064.566040
3770.636719	1070.142090
3768.140625	1123.789795
3765.643555	1116.321045
3763.145508	1087.841797
3760.646484	1133.412476
3758.146484	1156.946533
3755.645508	1178.461792
3753.143555	1169.985107
3750.639648	1193.474121
3748.135742	1213.948608
3745.630859	1213.449951
3743.124023	1217.938843
3740.617188	1248.347778
3738.108398	1283.714722
3735.599609	1274.220337
3733.088867	1293.613281
3730.577148	1302.039917
3728.064453	1326.379761
3725.551758	1308.924927
3723.037109	1382.951904
3720.521484	1398.282959
3718.004883	1387.772705
3715.487305	1400.109375
3712.967773	1402.509766
3710.448242	1437.649170
3707.927734	1427.138428
3705.406250	1459.263794
3702.882813	1511.181030
3700.359375	1505.604370
3697.833984	1464.387451
3695.308594	1538.010620
3692.781250	1562.107422
3690.252930	1576.294800
3687.723633	1587.504639
3685.193359	1599.692871
3682.662109	1629.648438
3680.129883	1581.585571
3677.596680	1676.654907
3675.062500	1688.784180
3672.527344	1654.559326
3669.990234	1666.686768
3667.453125	1692.596558
3664.915039	1674.168213
3662.375000	1728.599854
3659.833984	1727.882690
3657.292969	1694.707397
3654.750000	1737.263306
3652.206055	1747.352295
3649.661133	1817.355957
3647.115234	1825.438354
3644.568359	1811.919678
3642.019531	1899.468018
3639.470703	1841.796143
3636.920898	1917.494507
3634.369141	1846.143433
3631.817383	1902.185913
3629.263672	1928.808472
3626.708984	1958.344360
3624.153320	1969.267822
3621.596680	2025.163574
3619.039063	2064.395264
3616.480469	2086.983887
3613.920898	2100.763184
3611.360352	2125.269043
3608.797852	2120.478760
3606.235352	2138.126709
3603.670898	2198.660156
3601.105469	2235.751709
3598.540039	2248.456543
3595.972656	2236.805176
3593.404297	2276.752441
3590.834961	2325.422607
3588.264648	2369.188477
3585.692383	2376.947021
3583.120117	2396.359375
3580.545898	2401.184326
3577.971680	2443.871582
3575.395508	2498.168945
3572.818359	2520.405762
3570.240234	2568.805664
3567.661133	2591.962158
3565.081055	2623.818604
3562.500000	2711.820801
3559.917969	2718.428223
3557.333984	2695.998291
3554.750000	2755.806152
3552.164063	2763.351074
3549.577148	2781.520264
3546.989258	2844.112549
3544.400391	2891.200928
3541.810547	2897.708008
3539.219727	3010.342529
3536.626953	3009.076660
3534.034180	3009.739258
3531.439453	3080.745850
3528.844727	3091.008057
3526.248047	3124.368652
3523.650391	3095.143066
3521.051758	3178.496826
3518.451172	3288.704590
3515.850586	3314.232422
3513.249023	3363.758057
3510.645508	3304.716064
3508.041016	3397.401367
3505.436523	3480.411865
3502.830078	3467.433105
3500.222656	3486.104004
3497.613281	3571.843994
3495.003906	3585.663086
3492.393555	3645.432373
3489.781250	3698.450195
3487.167969	3706.454834
3484.553711	3762.268799
3481.938477	3830.461914
3479.322266	3845.085938
3476.705078	3837.728760
3474.086914	3857.108887
3471.466797	3946.137207
3468.845703	4010.287109
3466.224609	4010.495850
3463.601563	4060.265381
3460.977539	4104.274902
3458.351563	4136.818848
3455.725586	4233.110840
3453.098633	4312.193359
3450.469727	4333.190918
3447.839844	4443.534180
3445.208984	4445.449707
3442.577148	4554.699219
3439.944336	4589.795410
3437.310547	4677.059570
3434.674805	4675.072754
3432.039063	4720.500000
3429.401367	4722.285645
3426.762695	4863.345215
3424.123047	4924.730469
3421.481445	4928.315918
3418.839844	5092.760742
3416.197266	5136.940430
3413.552734	5251.044922
3410.907227	5259.204590
3408.260742	5297.584961
3405.613281	5405.805176
3402.963867	5489.391602
3400.314453	5516.298828
3397.663086	5562.041992
3395.011719	5703.894043
3392.358398	5678.847656
3389.704102	5847.838379
3387.047852	5842.518555
3384.391602	6095.043945
3381.733398	5988.972656
3379.075195	6077.617188
3376.415039	6221.633789
3373.753906	6258.431152
3371.090820	6361.866211
3368.427734	6393.875488
3365.762695	6571.279785
3363.097656	6527.205078
3360.430664	6573.158691
3357.762695	6731.512695
3355.092773	6850.391602
3352.422852	6874.608887
3349.750977	6902.546875
3347.079102	7044.579590
3344.405273	7134.127441
3341.729492	7146.023926
3339.053711	7380.250000
3336.376953	7360.277344
3333.698242	7457.929199
3331.018555	7596.547363
3328.337891	7668.829590
3325.656250	7738.250488
3322.973633	7740.519531
3320.289063	7836.856934
3317.604492	7944.281250
3314.917969	7953.896973
3312.230469	8050.941895
3309.541016	8177.654785
3306.851563	8286.597656
3304.160156	8430.747070
3301.467773	8550.625977
3298.774414	8500.537109
3296.080078	8606.360352
3293.384766	8700.961914
3290.687500	8874.275391
3287.990234	8906.591797
3285.291016	8988.893555
3282.589844	9137.780273
3279.888672	9136.619141
3277.186523	9253.857422
3274.482422	9360.822266
3271.777344	9390.057617
3269.071289	9616.038086
3266.364258	9713.465820
3263.655273	9723.119141
3260.945313	9943.120117
3258.234375	10107.594727
3255.522461	10156.695313
3252.809570	10329.222656
3250.095703	10344.101563
3247.379883	10509.948242
3244.663086	10570.742188
3241.945313	10767.616211
3239.226563	10683.887695
3236.505859	10947.625977
3233.784180	11011.788086
3231.061523	11349.528320
3228.337891	11288.625977
3225.613281	11417.686523
3222.886719	11638.336914
3220.160156	11769.876953
3217.431641	11898.551758
3214.702148	12082.978516
3211.970703	12069.500977
3209.239258	12309.505859
3206.505859	12429.477539
3203.771484	12586.826172
3201.035156	12646.250000
3198.298828	12813.410156
3195.560547	12909.200195
3192.821289	12970.220703
3190.081055	13219.117188
3187.339844	13345.599609
3184.596680	13561.294922
3181.853516	13598.222656
3179.108398	13833.648438
3176.361328	14012.426758
3173.614258	14143.729492
3170.865234	14212.157227
3168.115234	14361.432617
3165.364258	14475.134766
3162.612305	14593.274414
3159.858398	14628.685547
3157.104492	14716.698242
3154.347656	14973.359375
3151.590820	15276.943359
3148.833008	15286.599609
3146.073242	15432.136719
3143.312500	15385.562500
3140.550781	15708.333984
3137.787109	15753.053711
3135.023438	15899.923828
3132.257813	16083.725586
3129.491211	16129.112305
3126.722656	16404.769531
3123.954102	16558.304688
3121.183594	16414.806641
3118.412109	16667.414063
3115.638672	16845.863281
3112.865234	16922.312500
3110.089844	16981.574219
3107.313477	17053.384766
3104.536133	17242.132813
3101.756836	17455.902344
3098.976563	17345.748047
3096.195313	17488.263672
3093.413086	17661.197266
3090.628906	17880.675781
3087.844727	17930.292969
3085.058594	18081.257813
3082.270508	18501.150391
3079.482422	18842.675781
3076.692383	18706.269531
3073.901367	18818.986328
3071.109375	18877.880859
3068.315430	19145.234375
3065.520508	19249.544922
3062.724609	19440.488281
3059.927734	19660.751953
3057.128906	19776.292969
3054.329102	19905.123047
3051.528320	20130.230469
3048.726563	20207.031250
3045.922852	20366.697266
3043.118164	20493.234375
3040.312500	20574.212891
3037.505859	20849.267578
3034.697266	20840.982422
3031.887695	21304.310547
3029.077148	21331.398438
3026.264648	21511.373047
3023.452148	21540.111328
3020.637695	21782.000000
3017.821289	22060.072266
3015.004883	22241.158203
3012.186523	22211.837891
3009.367188	22476.919922
3006.545898	22624.769531
3003.724609	22688.320313
3000.901367	22790.771484
2998.077148	23068.380859
2995.250977	23186.486328
2992.423828	23206.316406
2989.595703	23370.207031
2986.766602	23886.492188
2983.935547	23711.666016
2981.104492	23935.126953
2978.270508	24111.615234
2975.436523	24401.718750
2972.600586	24421.783203
2969.763672	24425.960938
2966.925781	24774.537109
2964.085938	24658.798828
2961.245117	25101.115234
2958.403320	25169.171875
2955.560547	25486.876953
2952.715820	25429.882813
2949.870117	25617.158203
2947.023438	25794.599609
2944.174805	25868.304688
2941.325195	25913.861328
2938.474609	26152.298828
2935.622070	26350.195313
2932.768555	26194.810547
2929.914063	26470.441406
2927.058594	26467.445313
2924.201172	26721.695313
2921.342773	27096.406250
2918.483398	27149.062500
2915.622070	27303.902344
2912.759766	27268.185547
2909.896484	27630.607422
2907.032227	27824.273438
2904.166016	27725.542969
2901.298828	28033.195313
2898.429688	28129.660156
2895.559570	28422.906250
2892.688477	28496.455078
2889.816406	28707.447266
2886.942383	28987.837891
2884.067383	29168.839844
2881.191406	29327.072266
2878.314453	29460.828125
2875.435547	29551.037109
2872.554688	29778.302734
2869.673828	29970.652344
2866.791016	30344.074219
2863.907227	30182.302734
2861.021484	30595.136719
2858.134766	30986.808594
2855.247070	30889.867188
2852.358398	31146.914063
2849.467773	31570.654297
2846.576172	31586.806641
2843.682617	31584.789063
2840.789063	31730.466797
2837.893555	32075.447266
2834.996094	32011.912109
2832.097656	32650.587891
2829.198242	32761.863281
2826.297852	32960.937500
2823.395508	33264.058594
2820.492188	33179.417969
2817.587891	33379.730469
2814.681641	33091.203125
2811.774414	33471.074219
2808.866211	33748.312500
2805.956055	33765.832031
2803.044922	34178.351563
2800.131836	34064.312500
2797.218750	34334.738281
2794.303711	34504.574219
2791.386719	34747.113281
2788.468750	34745.222656
2785.549805	34884.640625
2782.629883	35255.054688
2779.708008	35068.082031
2776.785156	35189.171875
2773.860352	35657.234375
2770.935547	35480.554688
2768.007813	35885.691406
2765.080078	35564.765625
2762.150391	35688.718750
2759.219727	36158.007813
2756.287109	36100.812500
2753.353516	36060.699219
2750.418945	36468.675781
2747.482422	36274.296875
2744.544922	36378.808594
2741.606445	36799.667969
2738.666016	36633.429688
2735.724609	36554.019531
2732.782227	36482.320313
2729.837891	36976.203125
2726.892578	36768.550781
2723.945313	37164.273438
2720.997070	36916.843750
2718.047852	37262.960938
2715.097656	36984.335938
2712.145508	37389.367188
2709.191406	37054.203125
2706.237305	37255.750000
2703.281250	37292.191406
2700.323242	37317.597656
2697.364258	37340.433594
2694.404297	37519.480469
2691.443359	37698.355469
2688.480469	37748.800781
2685.515625	37590.867188
2682.550781	37622.742188
2679.583984	37766.652344
2676.615234	38023.281250
2673.646484	37818.312500
2670.674805	38027.539063
2667.703125	37716.750000
2664.729492	37666.023438
2661.754883	37637.175781
2658.778320	37718.378906
2655.800781	37624.023438
2652.821289	37474.351563
2649.840820	37396.105469
2646.859375	37514.957031
2643.876953	37390.644531
2640.892578	37537.847656
2637.906250	37720.910156
2634.918945	37322.125000
2631.930664	37031.605469
2628.941406	37268.128906
2625.950195	36890.953125
2622.957031	36865.816406
2619.963867	37122.093750
2616.967773	37018.394531
2613.971680	36651.148438
2610.973633	36622.785156
2607.974609	36473.574219
2604.973633	36513.609375
2601.971680	36218.832031
2598.967773	36120.750000
2595.962891	35994.460938
2592.957031	35856.628906
2589.949219	35719.746094
2586.940430	34990.574219
2583.929688	35023.601563
2580.917969	35228.421875
2577.905273	34678.000000
2574.890625	34876.128906
2571.875000	34334.636719
2568.857422	34682.695313
2565.838867	34159.984375
2562.819336	34155.128906
2559.797852	33516.445313
2556.775391	33587.128906
2553.750977	33277.460938
2550.725586	32959.804688
2547.698242	32691.982422
2544.669922	32585.378906
2541.640625	32538.273438
2538.609375	31941.886719
2535.577148	31745.054688
2532.542969	31780.771484
2529.507813	31500.160156
2526.471680	31201.683594
2523.433594	30901.000000
2520.393555	30643.355469
2517.353516	30672.867188
2514.310547	30508.404297
2511.267578	30201.978516
2508.222656	30113.396484
2505.175781	29656.416016
2502.127930	29387.687500
2499.079102	29117.556641
2496.028320	28769.808594
2492.976563	28602.583984
2489.922852	28397.019531
2486.868164	28064.787109
2483.812500	27953.710938
2480.754883	27743.796875
2477.695313	27466.232422
2474.634766	27118.664063
2471.573242	27051.466797
2468.509766	26758.257813
2465.445313	26648.851563
2462.378906	26306.339844
2459.311523	26066.011719
2456.242188	25754.208984
2453.171875	25427.214844
2450.100586	24993.898438
2447.027344	24892.062500
2443.953125	24573.212891
2440.876953	24053.087891
2437.799805	24228.820313
2434.720703	23958.599609
2431.640625	23758.419922
2428.558594	23198.228516
2425.475586	23181.824219
2422.390625	22888.240234
2419.304688	22749.652344
2416.217773	22390.126953
2413.128906	22115.910156
2410.038086	21960.050781
2406.946289	21679.802734
2403.853516	21341.613281
2400.758789	21271.941406
2397.663086	20912.437500
2394.565430	20444.298828
2391.466797	20183.919922
2388.366211	20203.585938
2385.264648	19850.052734
2382.161133	19616.876953
2379.056641	19455.578125
2375.950195	19229.228516
2372.842773	18950.789063
2369.734375	18814.126953
2366.624023	18544.968750
2363.511719	18431.908203
2360.398438	18192.875000
2357.284180	18026.294922
2354.167969	17855.050781
2351.049805	17561.271484
2347.930664	17247.720703
2344.810547	17180.406250
2341.688477	16954.595703
2338.564453	16709.781250
2335.439453	16336.386719
2332.313477	16256.803711
2329.185547	16293.983398
2326.056641	16018.752930
2322.925781	15810.849609
2319.792969	15553.649414
2316.660156	15391.620117
2313.524414	15170.728516
2310.387695	15032.929688
2307.250000	14823.554688
2304.110352	14648.610352
2300.969727	14359.211914
2297.827148	14144.860352
2294.682617	14045.209961
2291.537109	13902.728516
2288.390625	13903.374023
2285.242188	13612.592773
2282.092773	13333.190430
2278.941406	13149.244141
2275.788086	13003.526367
2272.633789	12903.910156
2269.478516	12728.331055
2266.321289	12588.543945
2263.162109	12473.418945
2260.001953	12236.570313
2256.840820	12214.223633
2253.676758	11950.838867
2250.512695	11628.448242
2247.346680	11581.138672
2244.178711	11531.500977
2241.009766	11345.433594
2237.838867	11198.172852
2234.666992	11025.826172
2231.493164	10823.704102
2228.318359	10605.232422
2225.141602	10508.162109
2221.963867	10411.179688
2218.784180	10362.248047
2215.602539	10129.457031
2212.419922	10028.065430
2209.236328	9842.753906
2206.050781	9623.083008
2202.863281	9580.109375
2199.674805	9378.795898
2196.485352	9475.465820
2193.292969	9179.603516
2190.100586	9042.954102
2186.905273	8967.471680
2183.709961	8793.499023
2180.511719	8711.162109
2177.312500	8621.866211
2174.112305	8495.159180
2170.910156	8344.367188
2167.706055	8217.125000
2164.500977	8137.578613
2161.294922	8001.193359
2158.085938	7924.156738
2154.876953	7754.503906
2151.665039	7767.179688
2148.452148	7569.743164
2145.238281	7601.155762
2142.022461	7325.461426
2138.804688	7280.027832
2135.585938	7197.354980
2132.365234	7094.574219
2129.143555	7005.079102
2125.919922	6865.254883
2122.695313	6776.723633
2119.468750	6768.081055
2116.240234	6597.582520
2113.010742	6508.522949
2109.780273	6370.027832
2106.546875	6331.424316
2103.312500	6249.567871
2100.077148	6126.838379
2096.839844	6115.427246
2093.600586	6014.486816
2090.360352	5963.016602
2087.119141	5789.752441
2083.875000	5813.970703
2080.629883	5722.601563
2077.383789	5635.937988
2074.135742	5513.950195
2070.885742	5384.383301
2067.634766	5400.267578
2064.381836	5384.623535
2061.127930	5265.284668
2057.871094	5155.271484
2054.614258	5073.758301
2051.355469	4981.581543
2048.094727	4903.292480
2044.832031	4911.676270
2041.568359	4792.893066
2038.303711	4743.129395
2035.037109	4652.852539
2031.768555	4622.322754
2028.498047	4555.122559
2025.226563	4420.737793
2021.954102	4322.378906
2018.678711	4302.747070
2015.403320	4311.366211
2012.125000	4184.213379
2008.845703	4125.029785
2005.564453	4069.710693
2002.282227	4003.019531
1998.998047	3885.387207
1995.712891	3885.041748
1992.424805	3851.232666
1989.136719	3749.041504
1985.845703	3668.220947
1982.553711	3601.146240
1979.260742	3554.628906
1975.964844	3515.741943
1972.667969	3450.349854
1969.370117	3400.178467
1966.070313	3377.327393
1962.768555	3353.739502
1959.465820	3193.182129
1956.161133	3196.937256
1952.854492	3190.857666
1949.546875	3111.473877
1946.237305	3068.424561
1942.925781	3030.700928
1939.613281	3011.124512
1936.298828	2943.290527
1932.982422	2860.442139
1929.665039	2866.594238
1926.346680	2766.537109
1923.025391	2790.041992
1919.703125	2781.166504
1916.378906	2718.898193
1913.053711	2717.581055
1909.726563	2596.793701
1906.397461	2570.750977
1903.067383	2489.184082
1899.735352	2469.219238
1896.401367	2497.268311
1893.066406	2439.838623
1889.729492	2398.197021
1886.390625	2327.390137
1883.050781	2269.375244
1879.708984	2286.975098
1876.365234	2239.502686
1873.020508	2221.223633
1869.673828	2174.574951
1866.326172	2150.370117
1862.975586	2159.771240
1859.624023	2110.234131
1856.271484	2038.377197
1852.916016	1976.277222
1849.559570	1991.700195
1846.202148	1947.549316
1842.841797	1937.669922
1839.480469	1900.280518
1836.118164	1883.741821
1832.752930	1803.318359
1829.386719	1802.437378
1826.018555	1838.671509
1822.649414	1790.288818
1819.278320	1715.256226
1815.905273	1678.097900
1812.531250	1646.901978
1809.154297	1637.209961
1805.777344	1611.244141
1802.397461	1574.206787
1799.016602	1550.514038
1795.633789	1523.148804
1792.249023	1494.332397
1788.863281	1482.524780
1785.475586	1465.562500
1782.085938	1455.254517
1778.694336	1428.737061
1775.301758	1366.139038
1771.907227	1365.467651
1768.510742	1344.920776
1765.113281	1280.247192
1761.713867	1331.096191
1758.312500	1265.021729
1754.910156	1271.011230
1751.505859	1272.588379
1748.099609	1275.631348
1744.691406	1219.248901
1741.282227	1198.850342
1737.871094	1168.211060
1734.458008	1157.379517
1731.042969	1106.289551
1727.626953	1102.084351
1724.208984	1075.208496
1720.790039	1097.340576
1717.368164	1054.416992
1713.945313	1061.929688
1710.520508	1035.124878
1707.093750	1011.994263
1703.666016	985.969116
1700.236328	992.770020
1696.804688	960.222351
1693.371094	967.756653
1689.936523	913.418091
1686.500000	923.149719
1683.061523	892.880676
1679.622070	930.228210
1676.179688	878.193481
1672.736328	858.880920
1669.291016	851.923401
1665.844727	832.642334
1662.396484	813.380066
1658.945313	820.221375
1655.494141	800.983704
1652.040039	789.727295
1648.584961	758.947327
1645.126953	729.643921
1641.668945	732.894287
1638.208008	729.639404
1634.745117	709.058044
1631.281250	717.364746
1627.815430	687.432129
1624.347656	679.879272
1620.878906	659.362549
1617.408203	642.467346
1613.935547	629.908142
1610.460938	645.423035
1606.984375	592.600464
1603.506836	590.866394
1600.027344	603.502869
1596.545898	599.610291
1593.062500	583.519775
1589.577148	583.944763
1586.090820	567.877747
1582.602539	561.859741
1579.112305	540.805237
1575.620117	529.078857
1572.126953	516.648438
1568.630859	505.660645
1565.133789	491.824280
1561.634766	470.142059
1558.133789	469.905670
1554.631836	471.810699
1551.127930	448.743713
1547.621094	453.509308
1544.114258	447.579285
1540.604492	445.929138
1537.092773	436.448578
1533.580078	431.958771
1530.065430	416.804230
1526.548828	402.375732
1523.030273	403.593750
1519.509766	400.549164
1515.988281	373.373108
1512.463867	390.211853
1508.938477	368.031952
1505.411133	356.505707
1501.882813	366.242920
1498.351563	349.064545
1494.818359	352.426208
1491.284180	352.955017
1487.748047	334.395050
1484.209961	326.452850
1480.669922	316.399780
1477.128906	314.827454
1473.584961	304.084686
1470.040039	315.918243
1466.493164	303.775879
1462.944336	286.010040
1459.393555	298.538452
1455.840820	277.274353
1452.287109	278.540039
1448.730469	273.477081
1445.172852	273.337830
1441.613281	261.259308
1438.051758	276.569092
1434.488281	251.170700
1430.922852	245.432693
1427.356445	252.316254
1423.787109	230.471298
1420.216797	234.554581
1416.644531	230.935715
1413.070313	223.823212
1409.494141	221.611496
1405.916016	222.895599
1402.336914	227.670151
1398.754883	198.236862
1395.171875	199.530655
1391.585938	191.060791
1387.999023	197.932297
1384.410156	205.493256
1380.819336	195.640610
1377.226563	194.844315
1373.632813	190.571182
1370.036133	180.741074
1366.438477	188.985794
1362.837891	179.860855
1359.236328	167.274796
1355.632813	161.638885
1352.027344	152.541840
1348.419922	167.016602
1344.810547	162.774597
1341.199219	153.690781
1337.585938	154.303467
1333.970703	161.139740
1330.354492	147.231964
1326.735352	145.083328
1323.115234	136.031677
1319.493164	120.777870
1315.869141	130.372665
1312.242188	126.168549
1308.614258	130.926880
1304.984375	123.283051
1301.353516	117.712196
1297.719727	119.027245
1294.083984	124.466843
1290.446289	120.278458
1286.807617	122.963852
1283.166016	112.601143
1279.523438	109.111488
1275.877930	104.939529
1272.231445	108.312607
1268.582031	99.349121
1264.931641	104.775917
1261.279297	99.930214
1257.625000	88.932632
1253.968750	96.407455
1250.310547	86.789833
1246.650391	83.329437
1242.988281	99.670105
1239.324219	95.524200
1235.658203	95.474327
1231.990234	76.339569
1228.320313	80.387161
1224.648438	79.664246
1220.975586	83.705788
1217.299805	85.702530
1213.622070	85.657661
1209.943359	77.459198
1206.261719	70.627510
1202.578125	68.554222
1198.893555	78.015854
1195.206055	63.057976
1191.517578	75.900925
1187.826172	63.669109
1184.133789	69.728432
1180.438477	67.661926
1176.742188	71.683922
1173.042969	64.211220
1169.342773	63.501869
1165.639648	64.143623
1161.935547	60.735630
1158.228516	60.703613
1154.520508	52.582054
1150.809570	50.532993
1147.097656	51.179737
1143.382813	58.556393
1139.666992	48.434860
1135.948242	49.081608
1132.227539	49.055653
1128.505859	49.701336
1124.781250	48.332458
1121.055664	49.648720
1117.327148	53.645855
1113.596680	54.287636
1109.865234	49.569809
1106.130859	38.831398
1102.394531	44.833145
1098.657227	38.790173
1094.916992	39.438000
1091.174805	42.757462
1087.430664	40.063801
1083.684570	42.711983
1079.936523	38.020107
1076.186523	43.333172
1072.434570	37.979607
1068.680664	39.291267
1064.924805	37.273514
1061.166992	38.584110
1057.406250	33.244404
1053.644531	33.891178
1049.880859	29.887999
1046.114258	23.897615
1042.346680	30.519506
1038.576172	31.166285
1034.803711	29.161324
1031.030273	35.769722
1027.253906	29.792126
1023.475586	32.422916
1019.695313	28.437498
1015.913086	31.727144
1012.128906	33.031361
1008.342773	28.391705
1004.553711	29.036360
