4046.277344	189.718567
4043.892578	180.285049
4041.505859	188.596024
4039.119141	186.426971
4036.731445	205.198166
4034.342773	194.652023
4031.952148	210.266724
4029.561523	196.589722
4027.169922	209.055374
4024.777344	210.017609
4022.383789	220.379074
4019.989258	210.895569
4017.593750	219.161118
4015.197266	204.469406
4012.799805	233.586792
4010.401367	222.028030
4008.001953	222.982025
4005.601563	227.059860
4003.201172	228.010971
4000.798828	227.920517
3998.395508	225.749420
3995.991211	220.460266
3993.585938	230.767654
3991.180664	245.223099
3988.773438	231.622955
3986.365234	237.760391
3983.957031	258.422668
3981.546875	248.982986
3979.135742	256.143005
3976.724609	279.882904
3974.311523	287.024750
3971.898438	257.908600
3969.483398	265.053345
3967.068359	253.563202
3964.651367	247.254822
3962.234375	296.794220
3959.815430	260.495789
3957.396484	274.857971
3954.975586	310.899261
3952.554688	290.125519
3950.131836	297.233978
3947.708984	286.798615
3945.284180	296.996277
3942.859375	301.000702
3940.432617	291.606506
3938.005859	315.179718
3935.577148	318.142242
3933.148438	313.898041
3930.718750	316.858490
3928.287109	332.156677
3925.855469	315.576447
3923.421875	340.110382
3920.988281	311.214722
3918.552734	317.249939
3916.117188	328.411652
3913.680664	314.943329
3911.242188	342.504211
3908.803711	340.316376
3906.363281	323.785278
3903.922852	347.212158
3901.480469	330.691406
3899.038086	326.464661
3896.593750	334.517059
3894.149414	359.946655
3891.703125	350.602081
3889.256836	359.656494
3886.808594	370.746155
3884.360352	369.575623
3881.910156	376.570068
3879.459961	394.779877
3877.007813	400.738586
3874.555664	386.306763
3872.101563	393.282715
3869.646484	401.271332
3867.191406	410.271454
3864.734375	400.946777
3862.277344	416.042816
3859.818359	425.025665
3857.358398	418.755157
3854.897461	425.697418
3852.436523	429.587189
3849.973633	448.701111
3847.509766	431.268433
3845.044922	444.279877
3842.579102	447.141388
3840.113281	466.216675
3837.645508	451.843933
3835.176758	459.761932
3832.707031	452.489166
3830.236328	466.471436
3827.764648	474.373444
3825.291992	504.511902
3822.818359	472.976990
3820.343750	508.142334
3817.868164	503.896210
3815.390625	504.700439
3812.913086	506.512817
3810.434570	511.349335
3807.955078	503.075562
3805.473633	520.002319
3802.992188	542.959167
3800.509766	547.772339
3798.025391	543.522705
3795.541016	561.410828
3793.054688	563.192932
3790.568359	572.010498
3788.080078	567.757263
3785.591797	563.507324
3783.101563	558.256592
3780.610352	582.115784
3778.119141	602.945618
3775.625977	605.707336
3773.131836	593.430359
3770.636719	625.251526
3768.140625	642.022522
3765.643555	639.757080
3763.145508	667.516541
3760.646484	663.241394
3758.146484	633.970703
3755.645508	689.684998
3753.143555	689.401978
3750.639648	702.102356
3748.135742	709.800537
3745.630859	683.563477
3743.124023	713.207397
3740.617188	711.917175
3738.108398	708.634460
3735.599609	733.249573
3733.088867	732.947937
3730.577148	723.687317
3728.064453	749.260254
3725.551758	709.166809
3723.037109	728.758972
3720.521484	742.372009
3718.004883	731.138672
3715.487305	749.703979
3712.967773	801.008789
3710.448242	799.686157
3707.927734	810.265503
3705.406250	825.792664
3702.882813	836.352051
3700.359375	822.139221
3697.833984	846.552551
3695.308594	842.243896
3692.781250	852.778076
3690.252930	825.725342
3687.723633	888.646790
3685.193359	883.338745
3682.662109	891.862183
3680.129883	901.365540
3677.596680	932.571411
3675.062500	933.171631
3672.527344	948.561462
3669.990234	951.125183
3667.453125	990.139404
3664.915039	942.458191
3662.375000	972.583557
3659.833984	1011.539490
3657.292969	960.957153
3654.750000	957.608643
3652.206055	1036.814819
3649.661133	998.072266
3647.115234	1039.881226
3644.568359	1045.338257
3642.019531	1065.507324
3639.470703	1107.235352
3636.920898	1103.833740
3634.369141	1062.218384
3631.817383	1135.238647
3629.263672	1112.246948
3626.708984	1118.634521
3624.153320	1088.820190
3621.596680	1148.994263
3619.039063	1134.830933
3616.480469	1176.371094
3613.920898	1161.230835
3611.360352	1158.793945
3608.797852	1215.884277
3606.235352	1225.131104
3603.670898	1205.119263
3601.105469	1254.320923
3598.540039	1244.054932
3595.972656	1254.246826
3593.404297	1300.445190
3590.834961	1294.063599
3588.264648	1338.260864
3585.692383	1322.146362
3583.120117	1342.971802
3580.545898	1352.123291
3577.971680	1406.901123
3575.395508	1387.871704
3572.818359	1457.139893
3570.240234	1442.953125
3567.661133	1444.286987
3565.081055	1440.774780
3562.500000	1481.816406
3559.917969	1501.525024
3557.333984	1528.958130
3554.750000	1564.106079
3552.164063	1570.217651
3549.577148	1585.021973
3546.989258	1647.150879
3544.400391	1572.102539
3541.810547	1650.593140
3539.219727	1629.637329
3536.626953	1686.818970
3534.034180	1694.785889
3531.439453	1725.872925
3528.844727	1774.271362
3526.248047	1797.595215
3523.650391	1776.627563
3521.051758	1839.372314
3518.451172	1801.094604
3515.850586	1869.542358
3513.249023	1893.735229
3510.645508	1858.362671
3508.041016	1871.018799
3505.436523	1879.825317
3502.830078	1957.684937
3500.222656	1959.734985
3497.613281	1993.409058
3495.003906	2026.096069
3492.393555	2053.009521
3489.781250	2006.198608
3487.167969	2100.069336
3484.553711	2142.217041
3481.938477	2188.152588
3479.322266	2180.538330
3476.705078	2184.391602
3474.086914	2212.109131
3471.466797	2227.396484
3468.845703	2255.071045
3466.224609	2274.139893
3463.601563	2439.971680
3460.977539	2394.160400
3458.351563	2395.050293
3455.725586	2482.562012
3453.098633	2480.557861
3450.469727	2457.630615
3447.839844	2539.298096
3445.208984	2580.033447
3442.577148	2566.589844
3439.944336	2662.347168
3437.310547	2681.147217
3434.674805	2729.339355
3432.039063	2719.645264
3429.401367	2781.996826
3426.762695	2785.551514
3424.123047	2842.137939
3421.481445	2790.756104
3418.839844	2897.442139
3416.197266	2869.725342
3413.552734	2969.667236
3410.907227	2984.468750
3408.260742	3020.983643
3405.613281	3023.473877
3402.963867	3057.107910
3400.314453	3153.922852
3397.663086	3145.977051
3395.011719	3220.989258
3392.358398	3242.229004
3389.704102	3254.031494
3387.047852	3342.078857
3384.391602	3402.760254
3381.733398	3383.435791
3379.075195	3443.105469
3376.415039	3484.866699
3373.753906	3535.985352
3371.090820	3666.876221
3368.427734	3697.221924
3365.762695	3735.984375
3363.097656	3799.095947
3360.430664	3833.092773
3357.762695	3808.027100
3355.092773	3911.298096
3352.422852	3969.541260
3349.750977	4015.567871
3347.079102	4031.620850
3344.405273	4099.084473
3341.729492	4203.873535
3339.053711	4144.150391
3336.376953	4229.218262
3333.698242	4289.009277
3331.018555	4355.279297
3328.337891	4436.412598
3325.656250	4430.779785
3322.973633	4506.218262
3320.289063	4483.792480
3317.604492	4513.520996
3314.917969	4568.349121
3312.230469	4679.871582
3309.541016	4795.016113
3306.851563	4777.154785
3304.160156	4786.248535
3301.467773	4871.479492
3298.774414	4850.819824
3296.080078	4966.563965
3293.384766	5037.691895
3290.687500	5150.472656
3287.990234	5161.227051
3285.291016	5230.322754
3282.589844	5298.431152
3279.888672	5392.391113
3277.186523	5414.117188
3274.482422	5526.435547
3271.777344	5586.899414
3269.071289	5734.148438
3266.364258	5731.674316
3263.655273	5815.041992
3260.945313	5959.229004
3258.234375	6036.890137
3255.522461	6028.751953
3252.809570	6200.297852
3250.095703	6319.195313
3247.379883	6263.988281
3244.663086	6292.568359
3241.945313	6362.515137
3239.226563	6455.385254
3236.505859	6603.315430
3233.784180	6654.658203
3231.061523	6633.413574
3228.337891	6780.151367
3225.613281	6845.106934
3222.886719	6917.340820
3220.160156	7072.009277
3217.431641	7064.363770
3214.702148	7097.937012
3211.970703	7169.928223
3209.239258	7301.334473
3206.505859	7332.925293
3203.771484	7472.371094
3201.035156	7489.233887
3198.298828	7517.955566
3195.560547	7767.616699
3192.821289	7819.917480
3190.081055	7942.417969
3187.339844	8063.896973
3184.596680	8137.870605
3181.853516	8208.132813
3179.108398	8284.707031
3176.361328	8396.713867
3173.614258	8516.810547
3170.865234	8694.100586
3168.115234	8695.771484
3165.364258	8852.832031
3162.612305	8895.302734
3159.858398	9012.185547
3157.104492	9191.583008
3154.347656	9200.279297
3151.590820	9403.916016
3148.833008	9439.697266
3146.073242	9497.187500
3143.312500	9630.692383
3140.550781	9722.439453
3137.787109	9723.626953
3135.023438	9845.092773
3132.257813	10035.152344
3129.491211	10180.767578
3126.722656	10207.031250
3123.954102	10317.228516
3121.183594	10538.324219
3118.412109	10503.952148
3115.638672	10564.278320
3112.865234	10579.486328
3110.089844	10637.017578
3107.313477	10860.175781
3104.536133	10977.831055
3101.756836	11002.715820
3098.976563	11198.433594
3096.195313	11220.497070
3093.413086	11318.908203
3090.628906	11455.846680
3087.844727	11603.433594
3085.058594	11796.649414
3082.270508	12013.012695
3079.482422	12303.591797
3076.692383	12412.898438
3073.901367	12330.422852
3071.109375	12581.970703
3068.315430	12802.867188
3065.520508	12774.884766
3062.724609	12988.341797
3059.927734	13231.101563
3057.128906	13353.933594
3054.329102	13466.832031
3051.528320	13536.783203
3048.726563	13757.448242
3045.922852	13919.056641
3043.118164	13919.175781
3040.312500	14126.003906
3037.505859	14122.461914
3034.697266	14412.691406
3031.887695	14474.865234
3029.077148	14504.959961
3026.264648	14727.947266
3023.452148	14800.550781
3020.637695	14939.706055
3017.821289	15127.566406
3015.004883	15223.847656
3012.186523	15320.925781
3009.367188	15354.071289
3006.545898	15499.744141
3003.724609	15778.171875
3000.901367	15820.799805
2998.077148	16017.398438
2995.250977	16185.506836
2992.423828	16235.842773
2989.595703	16525.683594
2986.766602	16713.652344
2983.935547	16826.380859
2981.104492	17029.931641
2978.270508	17139.761719
2975.436523	17398.550781
2972.600586	17552.193359
2969.763672	17674.851563
2966.925781	17736.617188
2964.085938	17955.923828
2961.245117	18114.306641
2958.403320	18244.394531
2955.560547	18630.232422
2952.715820	18592.976563
2949.870117	18854.439453
2947.023438	19095.466797
2944.174805	19115.966797
2941.325195	19391.748047
2938.474609	19532.228516
2935.622070	19643.652344
2932.768555	19552.578125
2929.914063	19876.697266
2927.058594	20086.720703
2924.201172	20035.802734
2921.342773	20454.589844
2918.483398	20452.498047
2915.622070	20751.875000
2912.759766	20870.175781
2909.896484	21088.767578
2907.032227	21049.720703
2904.166016	21301.171875
2901.298828	21517.517578
2898.429688	21588.994141
2895.559570	21631.654297
2892.688477	21874.537109
2889.816406	22201.621094
2886.942383	22435.320313
2884.067383	22605.328125
2881.191406	22797.775391
2878.314453	22883.183594
2875.435547	23169.978516
2872.554688	23534.632813
2869.673828	23643.003906
2866.791016	23877.019531
2863.907227	24116.021484
2861.021484	24435.386719
2858.134766	24522.345703
2855.247070	24765.046875
2852.358398	25036.945313
2849.467773	25147.714844
2846.576172	25305.929688
2843.682617	25559.050781
2840.789063	25704.832031
2837.893555	25716.650391
2834.996094	25888.966797
2832.097656	26227.605469
2829.198242	26376.244141
2826.297852	26724.687500
2823.395508	26613.658203
2820.492188	26879.867188
2817.587891	26823.074219
2814.681641	26843.750000
2811.774414	27171.386719
2808.866211	27096.464844
2805.956055	27516.464844
2803.044922	27728.261719
2800.131836	27890.074219
2797.218750	28135.816406
2794.303711	28292.138672
2791.386719	28375.451172
2788.468750	28516.085938
2785.549805	28599.203125
2782.629883	28804.654297
2779.708008	29129.707031
2776.785156	29183.330078
2773.860352	29576.294922
2770.935547	29532.238281
2768.007813	29710.285156
2765.080078	29860.843750
2762.150391	29983.951172
2759.219727	30337.242188
2756.287109	30709.818359
2753.353516	30445.441406
2750.418945	30697.505859
2747.482422	30788.408203
2744.544922	30897.091797
2741.606445	31047.353516
2738.666016	31093.730469
2735.724609	31223.349609
2732.782227	31338.400391
2729.837891	31539.101563
2726.892578	31445.089844
2723.945313	31763.466797
2720.997070	31770.330078
2718.047852	31765.312500
2715.097656	31621.341797
2712.145508	31719.691406
2709.191406	32011.783203
2706.237305	31935.554688
2703.281250	32159.609375
2700.323242	32229.601563
2697.364258	32144.052734
2694.404297	32466.492188
2691.443359	32364.009766
2688.480469	32439.650391
2685.515625	32541.359375
2682.550781	32460.027344
2679.583984	32549.816406
2676.615234	32937.675781
2673.646484	32718.175781
2670.674805	32886.796875
2667.703125	32638.056641
2664.729492	32851.941406
2661.754883	32738.720703
2658.778320	32838.105469
2655.800781	32838.320313
2652.821289	32734.460938
2649.840820	32810.195313
2646.859375	32736.607422
2643.876953	32710.843750
2640.892578	32636.507813
2637.906250	32808.398438
2634.918945	32488.845703
2631.930664	32505.029297
2628.941406	32559.650391
2625.950195	32451.234375
2622.957031	32327.867188
2619.963867	32448.431641
2616.967773	32167.410156
2613.971680	32073.509766
2610.973633	32149.798828
2607.974609	31860.095703
2604.973633	31701.449219
2601.971680	31526.281250
2598.967773	31713.345703
2595.962891	31466.759766
2592.957031	31250.328125
2589.949219	31071.490234
2586.940430	30772.330078
2583.929688	30981.683594
2580.917969	30819.783203
2577.905273	30843.878906
2574.890625	30787.496094
2571.875000	30387.964844
2568.857422	30413.851563
2565.838867	30219.402344
2562.819336	30032.572266
2559.797852	30018.839844
2556.775391	29607.289063
2553.750977	29380.458984
2550.725586	29395.107422
2547.698242	29251.156250
2544.669922	28910.843750
2541.640625	28787.855469
2538.609375	28399.386719
2535.577148	28531.472656
2532.542969	28300.025391
2529.507813	28123.966797
2526.471680	27964.525391
2523.433594	27456.308594
2520.393555	27354.880859
2517.353516	27219.003906
2514.310547	26966.552734
2511.267578	26734.037109
2508.222656	26843.271484
2505.175781	26617.572266
2502.127930	26392.894531
2499.079102	25959.341797
2496.028320	25672.871094
2492.976563	25217.914063
2489.922852	25312.753906
2486.868164	25135.796875
2483.812500	24832.201172
2480.754883	24596.740234
2477.695313	24412.976563
2474.634766	24338.833984
2471.573242	24041.031250
2468.509766	23741.863281
2465.445313	23713.791016
2462.378906	23273.158203
2459.311523	23180.111328
2456.242188	22982.056641
2453.171875	22645.757813
2450.100586	22605.193359
2447.027344	22407.656250
2443.953125	22078.568359
2440.876953	21675.005859
2437.799805	21616.251953
2434.720703	21361.041016
2431.640625	21173.425781
2428.558594	21001.388672
2425.475586	20682.738281
2422.390625	20494.052734
2419.304688	20379.255859
2416.217773	19990.867188
2413.128906	19853.732422
2410.038086	19483.730469
2406.946289	19350.179688
2403.853516	19107.632813
2400.758789	18851.572266
2397.663086	18647.421875
2394.565430	18352.248047
2391.466797	18259.029297
2388.366211	18023.164063
2385.264648	17903.574219
2382.161133	17784.087891
2379.056641	17556.804688
2375.950195	17214.628906
2372.842773	17126.988281
2369.734375	16907.544922
2366.624023	16714.021484
2363.511719	16568.070313
2360.398438	16425.462891
2357.284180	16190.677734
2354.167969	15923.213867
2351.049805	15921.416992
2347.930664	15729.658203
2344.810547	15448.344727
2341.688477	15104.829102
2338.564453	15092.990234
2335.439453	14937.953125
2332.313477	14742.274414
2329.185547	14565.955078
2326.056641	14262.769531
2322.925781	14340.760742
2319.792969	14025.182617
2316.660156	13834.348633
2313.524414	13639.701172
2310.387695	13409.364258
2307.250000	13356.096680
2304.110352	13160.337891
2300.969727	13087.330078
2297.827148	12769.356445
2294.682617	12713.289063
2291.537109	12561.097656
2288.390625	12333.574219
2285.242188	12292.068359
2282.092773	12072.811523
2278.941406	11933.880859
2275.788086	11846.617188
2272.633789	11543.058594
2269.478516	11364.948242
2266.321289	11390.501953
2263.162109	11134.267578
2260.001953	10945.512695
2256.840820	10905.585938
2253.676758	10788.238281
2250.512695	10546.970703
2247.346680	10411.733398
2244.178711	10514.178711
2241.009766	10265.479492
2237.838867	10020.165039
2234.666992	9790.839844
2231.493164	9719.276367
2228.318359	9755.648438
2225.141602	9488.984375
2221.963867	9276.844727
2218.784180	9258.325195
2215.602539	9132.150391
2212.419922	9022.587891
2209.236328	8884.860352
2206.050781	8803.762695
2202.863281	8643.513672
2199.674805	8527.318359
2196.485352	8484.895508
2193.292969	8332.063477
2190.100586	8132.395508
2186.905273	8054.211914
2183.709961	7988.614258
2180.511719	7840.983887
2177.312500	7731.000000
2174.112305	7701.569824
2170.910156	7528.511230
2167.706055	7427.406738
2164.500977	7320.154785
2161.294922	7276.930664
2158.085938	7112.182129
2154.876953	7003.666016
2151.665039	6917.827148
2148.452148	6894.317871
2145.238281	6754.163086
2142.022461	6627.354004
2138.804688	6614.887207
2135.585938	6559.712891
2132.365234	6491.391602
2129.143555	6331.573730
2125.919922	6233.949219
2122.695313	6127.113281
2119.468750	6089.335938
2116.240234	5937.747070
2113.010742	5903.960938
2109.780273	5809.855469
2106.546875	5718.930176
2103.312500	5709.252441
2100.077148	5604.550781
2096.839844	5517.707520
2093.600586	5435.576660
2090.360352	5351.207520
2087.119141	5307.787109
2083.875000	5229.721680
2080.629883	5233.391602
2077.383789	5080.737793
2074.135742	4963.632324
2070.885742	4910.489746
2067.634766	4850.475586
2064.381836	4758.236328
2061.127930	4714.480957
2057.871094	4603.963379
2054.614258	4608.670410
2051.355469	4541.263184
2048.094727	4421.780762
2044.832031	4425.030273
2041.568359	4338.652344
2038.303711	4321.262695
2035.037109	4184.505859
2031.768555	4112.895508
2028.498047	4098.692871
2025.226563	4005.791992
2021.954102	3870.969482
2018.678711	3877.510986
2015.403320	3810.026855
2012.125000	3755.571777
2008.845703	3756.056396
2005.564453	3674.245605
2002.282227	3649.632568
1998.998047	3572.516113
1995.712891	3466.559082
1992.424805	3388.080811
1989.136719	3391.012451
1985.845703	3260.978516
1982.553711	3313.327881
1979.260742	3235.828125
1975.964844	3175.092773
1972.667969	3152.330566
1969.370117	3109.124268
1966.070313	3033.382324
1962.768555	2969.827637
1959.465820	2957.042725
1956.161133	2917.034912
1952.854492	2871.015869
1949.546875	2732.836914
1946.237305	2798.747803
1942.925781	2706.036865
1939.613281	2686.617432
1936.298828	2637.043457
1932.982422	2599.579346
1929.665039	2571.193359
1926.346680	2556.391846
1923.025391	2520.523682
1919.703125	2459.857422
1916.378906	2463.931152
1913.053711	2449.205811
1909.726563	2330.802734
1906.397461	2311.648193
1903.067383	2272.243652
1899.735352	2206.616211
1896.401367	2252.041016
1893.066406	2211.970459
1889.729492	2153.957031
1886.390625	2125.203857
1883.050781	2130.907471
1879.708984	2040.846558
1876.365234	1989.755249
1873.020508	1991.029663
1869.673828	1963.168213
1866.326172	1944.292969
1862.975586	1898.568848
1859.624023	1893.914551
1856.271484	1877.334961
1852.916016	1811.587524
1849.559570	1812.193970
1846.202148	1783.020142
1842.841797	1769.500366
1839.480469	1705.418091
1836.118164	1686.744263
1832.752930	1665.115967
1829.386719	1643.508057
1826.018555	1613.012939
1822.649414	1567.708374
1819.278320	1555.076660
1815.905273	1523.185181
1812.531250	1500.955200
1809.154297	1507.625366
1805.777344	1442.496460
1802.397461	1409.980347
1799.016602	1366.404419
1795.633789	1401.947266
1792.249023	1353.984863
1788.863281	1329.694824
1785.475586	1303.952148
1782.085938	1253.893799
1778.694336	1297.511475
1775.301758	1227.609253
1771.907227	1194.600098
1768.510742	1206.527222
1765.113281	1190.482666
1761.713867	1167.834717
1758.312500	1165.054932
1754.910156	1137.297974
1751.505859	1093.412598
1748.099609	1138.379883
1744.691406	1080.597778
1741.282227	1063.933838
1737.871094	1045.087158
1734.458008	1062.884521
1731.042969	1035.270264
1727.626953	1031.100220
1724.208984	1004.990845
1720.790039	974.520325
1717.368164	963.078064
1713.945313	975.748291
1710.520508	938.766235
1707.093750	930.275940
1703.666016	881.683899
1700.236328	908.216919
1696.804688	865.511536
1693.371094	877.461853
1689.936523	836.268860
1686.500000	832.216919
1683.061523	820.170532
1679.622070	779.066101
1676.179688	794.659790
1672.736328	794.991211
1669.291016	768.472656
1665.844727	724.572876
1662.396484	735.086792
1658.945313	725.301758
1655.494141	711.180847
1652.040039	694.902100
1648.584961	669.233826
1645.126953	663.115417
1641.668945	661.339539
1638.208008	653.063354
1634.745117	629.632019
1631.281250	632.926453
1627.815430	602.314636
1624.347656	602.734924
1620.878906	590.904175
1617.408203	584.126709
1613.935547	592.473572
1610.460938	558.359253
1606.984375	561.675903
1603.506836	528.329407
1600.027344	538.123413
1596.545898	528.518738
1593.062500	519.641235
1589.577148	497.142181
1586.090820	514.818420
1582.602539	474.427460
1579.112305	490.664368
1575.620117	480.395020
1572.126953	457.255310
1568.630859	470.614868
1565.133789	451.077209
1561.634766	434.416962
1558.133789	419.201569
1554.631836	421.132080
1551.127930	411.645660
1547.621094	420.708313
1544.114258	392.700928
1540.604492	393.927826
1537.092773	385.185455
1533.580078	379.298218
1530.065430	376.261841
1526.548828	370.384735
1523.030273	346.039001
1519.509766	345.154083
1515.988281	329.363373
1512.463867	347.643311
1508.938477	326.903137
1505.411133	332.407898
1501.882813	317.363312
1498.351563	323.575043
1494.818359	303.596069
1491.284180	318.296112
1487.748047	290.563141
1484.209961	281.936554
1480.669922	288.856049
1477.128906	287.297699
1473.584961	268.808044
1470.040039	270.787079
1466.493164	272.059143
1462.944336	266.285217
1459.393555	254.884247
1455.840820	261.088287
1452.287109	253.921600
1448.730469	246.762100
1445.172852	247.339111
1441.613281	223.334564
1438.051758	226.028549
1434.488281	212.583023
1430.922852	227.200562
1427.356445	221.477600
1423.787109	212.257767
1420.216797	217.050507
1416.644531	209.241760
1413.070313	194.446411
1409.494141	200.638794
1405.916016	191.452637
1402.336914	193.449783
1398.754883	185.672562
1395.171875	185.577469
1391.585938	190.363480
1387.999023	174.933121
1384.410156	160.911667
1380.819336	160.829102
1377.226563	164.921799
1373.632813	151.622330
1370.036133	143.897690
1366.438477	152.161346
1362.837891	136.110916
1359.236328	142.287689
1355.632813	144.989395
1352.027344	145.608124
1348.419922	145.533127
1344.810547	130.219681
1341.199219	137.075562
1337.585938	116.938507
1333.970703	134.859436
1330.354492	143.084595
1326.735352	135.411102
1323.115234	110.482574
1319.493164	118.707390
1315.869141	107.609177
1312.242188	113.758530
1308.614258	110.254219
1304.984375	105.376015
1301.353516	98.437691
1297.719727	99.762718
1294.083984	110.025940
1290.446289	109.281570
1286.807617	99.607590
1283.166016	89.943596
1279.523438	97.445480
1275.877930	93.965462
1272.231445	83.633781
1268.582031	84.960625
1264.931641	89.710098
1261.279297	92.401230
1257.625000	84.143951
1253.968750	84.783859
1250.310547	77.222450
1246.650391	84.012466
1242.988281	75.093910
1239.324219	78.466301
1235.658203	75.697502
1231.990234	77.702774
1228.320313	69.487206
1224.648438	68.089096
1220.975586	72.136696
1217.299805	74.139488
1213.622070	63.223515
1209.943359	65.228798
1206.261719	65.194626
1202.578125	65.160446
1198.893555	64.447876
1195.206055	65.092102
1191.517578	59.636444
1187.826172	63.669109
1184.133789	57.542881
1180.438477	51.423061
1176.742188	53.424809
1173.042969	50.693069
1169.342773	50.666386
1165.639648	49.964508
1161.935547	55.336906
1158.228516	51.935314
1154.520508	47.189026
1150.809570	51.206768
1147.097656	49.159485
1143.382813	49.806587
1139.666992	49.107563
1135.948242	51.098660
1132.227539	44.351685
1128.505859	41.641659
1124.781250	45.647324
1121.055664	36.230148
1117.327148	50.292988
1113.596680	34.181103
1109.865234	42.201324
1106.130859	40.170410
1102.394531	35.465027
1098.657227	38.121376
1094.916992	34.758915
1091.174805	38.080864
1087.430664	33.386501
1083.684570	38.040359
1079.936523	34.685009
1076.186523	30.666552
1072.434570	31.316519
1068.680664	36.627453
1064.924805	38.604710
1061.166992	34.592648
1057.406250	31.249739
1053.644531	23.923185
1049.880859	27.895466
1046.114258	21.242325
1042.346680	24.548298
1038.576172	24.535160
1034.803711	27.835808
1031.030273	24.508884
1027.253906	27.805983
1023.475586	27.791073
1019.695313	25.130812
1015.913086	24.456341
1012.128906	25.103832
1008.342773	19.808167
1004.553711	19.797518
