4046.277344	225.356308
4043.892578	224.308136
4041.505859	228.410751
4039.119141	229.368027
4036.731445	233.465256
4034.342773	251.163895
4031.952148	224.912170
4029.561523	250.965591
4027.169922	259.228668
4024.777344	237.184067
4022.383789	267.379364
4019.989258	270.405701
4017.593750	269.255096
4015.197266	264.975677
4012.799805	261.742340
4010.401367	291.867828
4008.001953	284.458374
4005.601563	262.472870
4003.201172	270.697968
4000.798828	270.590576
3998.395508	276.725098
3995.991211	302.612915
3993.585938	291.058289
3991.180664	277.434601
3988.773438	284.595032
3986.365234	309.399994
3983.957031	304.087708
3981.546875	307.079010
3979.135742	306.956787
3976.724609	326.530029
3974.311523	313.965698
3971.898438	312.804810
3969.483398	327.175232
3967.068359	340.499146
3964.651367	322.776184
3962.234375	325.749756
3959.815430	331.821991
3957.396484	325.489685
3954.975586	334.655670
3952.554688	355.171448
3950.131836	342.644714
3947.708984	323.938019
3945.284180	359.901733
3942.859375	338.110382
3940.432617	361.674500
3938.005859	339.899689
3935.577148	344.911469
3933.148438	382.852692
3930.718750	391.958069
3928.287109	381.517426
3925.855469	391.643738
3923.421875	401.761810
3920.988281	394.410736
3918.552734	387.065491
3916.117188	414.619720
3913.680664	391.883881
3911.242188	390.700897
3908.803711	434.620911
3906.363281	402.682343
3903.922852	412.762543
3901.480469	377.786774
3899.038086	419.594055
3896.593750	391.804382
3894.149414	422.323761
3891.703125	434.419495
3889.256836	441.396606
3886.808594	431.005157
3884.360352	427.768494
3881.910156	468.416443
3879.459961	471.287598
3877.007813	462.939728
3874.555664	448.482788
3872.101563	514.527893
3869.646484	473.581665
3867.191406	473.390137
3864.734375	491.515991
3862.277344	514.713135
3859.818359	519.588806
3857.358398	520.394775
3854.897461	504.944183
3852.436523	514.895264
3849.973633	530.929138
3847.509766	537.817078
3845.044922	505.140137
3842.579102	565.770752
3840.113281	558.446472
3837.645508	546.062500
3835.176758	564.069153
3832.707031	583.073303
3830.236328	584.860046
3827.764648	571.473328
3825.291992	637.969971
3822.818359	626.593445
3820.343750	565.725037
3817.868164	619.014771
3815.390625	631.884949
3812.913086	651.807373
3810.434570	634.395935
3807.955078	638.169983
3805.473633	630.855530
3802.992188	648.730408
3800.509766	660.548950
3798.025391	687.455505
3795.541016	666.046509
3793.054688	719.076721
3790.568359	723.809448
3788.080078	726.528320
3785.591797	710.159790
3783.101563	730.954651
3780.610352	727.644775
3778.119141	749.418274
3775.625977	739.083313
3773.131836	747.802490
3770.636719	768.538330
3768.140625	786.252258
3765.643555	770.912292
3763.145508	756.585449
3760.646484	822.299255
3758.146484	785.963684
3755.645508	839.616516
3753.143555	839.271973
3750.639648	859.900574
3748.135742	843.574463
3745.630859	859.194397
3743.124023	873.803772
3740.617188	851.508789
3738.108398	860.128723
3735.599609	892.651672
3733.088867	894.276123
3730.577148	915.807861
3728.064453	892.545105
3725.551758	897.150696
3723.037109	894.792725
3720.521484	912.312561
3718.004883	939.751587
3715.487305	960.216858
3712.967773	932.028809
3710.448242	946.526794
3707.927734	987.790039
3705.406250	1019.105469
3702.882813	1034.539673
3700.359375	1032.131348
3697.833984	1032.695068
3695.308594	1058.990601
3692.781250	1066.467163
3690.252930	1035.370605
3687.723633	1061.631470
3685.193359	1062.180298
3682.662109	1068.654297
3680.129883	1090.918823
3677.596680	1102.309326
3675.062500	1111.717163
3672.527344	1132.949219
3669.990234	1161.062622
3667.453125	1174.374268
3664.915039	1192.598633
3662.375000	1175.369141
3659.833984	1232.936768
3657.292969	1263.899536
3654.750000	1224.047974
3652.206055	1242.212158
3649.661133	1246.607910
3647.115234	1303.042847
3644.568359	1236.738159
3642.019531	1301.959717
3639.470703	1312.206177
3636.920898	1316.561890
3634.369141	1363.049561
3631.817383	1372.277222
3629.263672	1357.019531
3626.708984	1415.175415
3624.153320	1367.628662
3621.596680	1428.664429
3619.039063	1469.122192
3616.480469	1459.716309
3613.920898	1461.060791
3611.360352	1495.595825
3608.797852	1537.908325
3606.235352	1564.578247
3603.670898	1553.199829
3601.105469	1572.043335
3598.540039	1612.303101
3595.972656	1608.707886
3593.404297	1631.396851
3590.834961	1689.093628
3588.264648	1639.758545
3585.692383	1695.458252
3583.120117	1760.828491
3580.545898	1715.409180
3577.971680	1770.035034
3575.395508	1725.619507
3572.818359	1818.999512
3570.240234	1819.207031
3567.661133	1841.708252
3565.081055	1813.806641
3562.500000	1830.479126
3559.917969	1918.776611
3557.333984	1880.231445
3554.750000	1913.297363
3552.164063	1926.030518
3549.577148	1960.015015
3546.989258	2015.223877
3544.400391	1991.201172
3541.810547	2013.530640
3539.219727	2075.399658
3536.626953	2080.313721
3534.034180	2120.892578
3531.439453	2191.309326
3528.844727	2186.534180
3526.248047	2201.019043
3523.650391	2225.115234
3521.051758	2235.722412
3518.451172	2306.901367
3515.850586	2318.424805
3513.249023	2366.448486
3510.645508	2307.827148
3508.041016	2326.053711
3505.436523	2358.657959
3502.830078	2455.499023
3500.222656	2432.410889
3497.613281	2468.760498
3495.003906	2510.826416
3492.393555	2572.007324
3489.781250	2612.078369
3487.167969	2640.633789
3484.553711	2685.422119
3481.938477	2716.788818
3479.322266	2719.461914
3476.705078	2779.440186
3474.086914	2765.852539
3471.466797	2818.124023
3468.845703	2947.618164
3466.224609	2888.205322
3463.601563	2956.559326
3460.977539	3030.570801
3458.351563	3014.049561
3455.725586	3154.605225
3453.098633	3111.401611
3450.469727	3173.805420
3447.839844	3193.374268
3445.208984	3293.699951
3442.577148	3290.402344
3439.944336	3333.630859
3437.310547	3389.159912
3434.674805	3413.334473
3432.039063	3529.469971
3429.401367	3524.178467
3426.762695	3563.421387
3424.123047	3626.306396
3421.481445	3656.950684
3418.839844	3720.686768
3416.197266	3787.205078
3413.552734	3799.774658
3410.907227	3851.079834
3408.260742	3914.620605
3405.613281	3996.990723
3402.963867	4067.963867
3400.314453	4095.476807
3397.663086	4099.389160
3395.011719	4144.772949
3392.358398	4203.308105
3389.704102	4264.617676
3387.047852	4332.463867
3384.391602	4320.263672
3381.733398	4450.106934
3379.075195	4443.505371
3376.415039	4642.729492
3373.753906	4561.834473
3371.090820	4653.787109
3368.427734	4681.833496
3365.762695	4754.889160
3363.097656	4788.492676
3360.430664	4937.368164
3357.762695	4989.602539
3355.092773	4980.910645
3352.422852	4989.076660
3349.750977	5071.163574
3347.079102	5159.726563
3344.405273	5294.962402
3341.729492	5284.282227
3339.053711	5350.214355
3336.376953	5455.308594
3333.698242	5518.307617
3331.018555	5507.543457
3328.337891	5507.045898
3325.656250	5634.259277
3322.973633	5765.089355
3320.289063	5757.957031
3317.604492	5837.412598
3314.917969	5980.079590
3312.230469	6084.483887
3309.541016	6045.606445
3306.851563	6222.383301
3304.160156	6193.695801
3301.467773	6269.035156
3298.774414	6391.646484
3296.080078	6535.489746
3293.384766	6575.337891
3290.687500	6673.551270
3287.990234	6729.980957
3285.291016	6824.334473
3282.589844	7012.112305
3279.888672	6972.073730
3277.186523	6997.744141
3274.482422	7224.032227
3271.777344	7229.234863
3269.071289	7410.880859
3266.364258	7412.300781
3263.655273	7506.019043
3260.945313	7711.292480
3258.234375	7760.529785
3255.522461	7893.608887
3252.809570	7950.092285
3250.095703	8085.732910
3247.379883	8246.111328
3244.663086	8308.803711
3241.945313	8367.760742
3239.226563	8505.735352
3236.505859	8586.607422
3233.784180	8649.953125
3231.061523	8756.399414
3228.337891	8928.835938
3225.613281	9039.651367
3222.886719	9097.179688
3220.160156	9387.485352
3217.431641	9387.999023
3214.702148	9499.329102
3211.970703	9425.635742
3209.239258	9842.480469
3206.505859	9827.235352
3203.771484	9902.514648
3201.035156	10037.126953
3198.298828	10228.255859
3195.560547	10397.301758
3192.821289	10390.961914
3190.081055	10594.452148
3187.339844	10671.007813
3184.596680	10826.794922
3181.853516	10808.422852
3179.108398	11073.293945
3176.361328	11094.877930
3173.614258	11311.162109
3170.865234	11481.778320
3168.115234	11594.059570
3165.364258	11621.727539
3162.612305	11744.743164
3159.858398	11814.079102
3157.104492	12001.333008
3154.347656	12119.476563
3151.590820	12213.938477
3148.833008	12309.219727
3146.073242	12561.146484
3143.312500	12713.238281
3140.550781	12725.795898
3137.787109	12980.820313
3135.023438	13146.083984
3132.257813	13213.569336
3129.491211	13264.726563
3126.722656	13442.283203
3123.954102	13636.833984
3121.183594	13943.110352
3118.412109	13891.014648
3115.638672	14045.431641
3112.865234	14222.240234
3110.089844	14287.186523
3107.313477	14442.116211
3104.536133	14554.603516
3101.756836	14702.075195
3098.976563	14912.361328
3096.195313	14801.564453
3093.413086	15223.652344
3090.628906	15228.660156
3087.844727	15587.344727
3085.058594	15682.805664
3082.270508	16134.245117
3079.482422	16215.925781
3076.692383	16343.231445
3073.901367	16621.796875
3071.109375	16690.607422
3068.315430	17027.832031
3065.520508	17181.375000
3062.724609	17249.833984
3059.927734	17543.453125
3057.128906	17741.220703
3054.329102	17917.378906
3051.528320	18015.720703
3048.726563	18197.837891
3045.922852	18536.744141
3043.118164	18533.941406
3040.312500	18726.265625
3037.505859	18833.808594
3034.697266	19143.330078
3031.887695	19271.048828
3029.077148	19398.648438
3026.264648	19587.476563
3023.452148	19840.113281
3020.637695	19872.234375
3017.821289	20350.919922
3015.004883	20431.585938
3012.186523	20609.753906
3009.367188	20662.736328
3006.545898	21073.732422
3003.724609	21145.054688
3000.901367	21222.505859
2998.077148	21481.333984
2995.250977	21836.367188
2992.423828	21772.779297
2989.595703	22056.638672
2986.766602	22346.425781
2983.935547	22316.238281
2981.104492	22534.136719
2978.270508	22594.767578
2975.436523	22985.208984
2972.600586	23017.361328
2969.763672	23160.513672
2966.925781	23265.656250
2964.085938	23448.177734
2961.245117	23808.304688
2958.403320	24028.236328
2955.560547	24156.521484
2952.715820	24500.015625
2949.870117	24515.513672
2947.023438	24518.699219
2944.174805	24763.248047
2941.325195	24926.859375
2938.474609	25206.072266
2935.622070	25549.898438
2932.768555	25776.878906
2929.914063	25821.488281
2927.058594	25956.216797
2924.201172	26054.943359
2921.342773	26387.095703
2918.483398	26531.859375
2915.622070	26928.152344
2912.759766	26993.921875
2909.896484	27330.275391
2907.032227	27393.171875
2904.166016	27893.892578
2901.298828	27900.666016
2898.429688	28203.738281
2895.559570	28091.878906
2892.688477	28517.353516
2889.816406	28770.111328
2886.942383	28961.738281
2884.067383	29306.230469
2881.191406	29384.437500
2878.314453	29531.201172
2875.435547	29921.845703
2872.554688	30109.017578
2869.673828	30424.423828
2866.791016	30804.582031
2863.907227	30775.234375
2861.021484	31086.427734
2858.134766	31609.523438
2855.247070	31697.564453
2852.358398	31853.875000
2849.467773	32088.744141
2846.576172	32211.869141
2843.682617	32650.289063
2840.789063	32824.859375
2837.893555	32961.273438
2834.996094	33210.609375
2832.097656	33247.511719
2829.198242	33409.390625
2826.297852	33619.378906
2823.395508	34035.054688
2820.492188	33919.074219
2817.587891	34335.082031
2814.681641	34376.484375
2811.774414	34582.078125
2808.866211	34499.535156
2805.956055	35036.496094
2803.044922	35104.945313
2800.131836	35369.031250
2797.218750	35494.730469
2794.303711	35426.492188
2791.386719	35666.042969
2788.468750	36110.148438
2785.549805	36111.921875
2782.629883	36248.082031
2779.708008	36249.769531
2776.785156	36490.925781
2773.860352	36907.105469
2770.935547	36886.242188
2768.007813	36921.761719
2765.080078	36831.734375
2762.150391	37026.800781
2759.219727	37242.152344
2756.287109	37343.902344
2753.353516	37689.285156
2750.418945	37781.347656
2747.482422	37754.117188
2744.544922	37465.617188
2741.606445	37686.929688
2738.666016	38115.500000
2735.724609	38099.167969
2732.782227	38082.835938
2729.837891	38344.183594
2726.892578	38185.988281
2723.945313	38233.238281
2720.997070	38254.988281
2718.047852	38551.335938
2715.097656	38584.765625
2712.145508	38899.304688
2709.191406	38869.878906
2706.237305	38759.246094
2703.281250	38924.398438
2700.323242	38937.234375
2697.364258	38840.203125
2694.404297	38987.324219
2691.443359	38984.035156
2688.480469	38946.144531
2685.515625	39002.738281
2682.550781	39074.441406
2679.583984	39498.292969
2676.615234	39359.957031
2673.646484	39194.796875
2670.674805	39296.527344
2667.703125	38980.117188
2664.729492	39069.218750
2661.754883	39009.480469
2658.778320	38906.949219
2655.800781	38769.234375
2652.821289	38882.558594
2649.840820	38494.980469
2646.859375	38607.464844
2643.876953	38435.722656
2640.892578	38611.769531
2637.906250	38515.519531
2634.918945	38518.101563
2631.930664	38307.347656
2628.941406	38293.273438
2625.950195	37943.210938
2622.957031	37951.011719
2619.963867	38039.792969
2616.967773	37824.667969
2613.971680	37819.128906
2610.973633	37675.152344
2607.974609	37467.953125
2604.973633	37121.796875
2601.971680	36952.488281
2598.967773	37021.378906
2595.962891	36774.867188
2592.957031	36452.062500
2589.949219	36493.621094
2586.940430	35961.843750
2583.929688	36020.171875
2580.917969	35868.425781
2577.905273	35676.976563
2574.890625	35634.144531
2571.875000	35422.230469
2568.857422	35037.328125
2565.838867	34868.921875
2562.819336	34725.496094
2559.797852	34198.257813
2556.775391	34203.292969
2553.750977	33732.140625
2550.725586	33525.824219
2547.698242	33420.453125
2544.669922	32970.910156
2541.640625	32900.523438
2538.609375	32732.041016
2535.577148	32372.437500
2532.542969	32254.595703
2529.507813	32126.144531
2526.471680	31636.376953
2523.433594	31320.683594
2520.393555	31129.470703
2517.353516	31009.949219
2514.310547	30962.023438
2511.267578	30864.025391
2508.222656	30500.097656
2505.175781	30131.568359
2502.127930	29994.683594
2499.079102	29630.806641
2496.028320	29196.775391
2492.976563	28978.566406
2489.922852	28749.904297
2486.868164	28585.277344
2483.812500	28379.892578
2480.754883	28033.236328
2477.695313	27782.509766
2474.634766	27412.740234
2471.573242	27255.591797
2468.509766	27232.425781
2465.445313	26719.820313
2462.378906	26484.906250
2459.311523	26489.808594
2456.242188	25975.785156
2453.171875	25845.736328
2450.100586	25304.794922
2447.027344	25256.507813
2443.953125	25043.193359
2440.876953	24455.394531
2437.799805	24470.906250
2434.720703	24204.632813
2431.640625	24026.253906
2428.558594	23839.107422
2425.475586	23361.025391
2422.390625	23183.259766
2419.304688	23028.332031
2416.217773	22528.591797
2413.128906	22447.750000
2410.038086	22093.533203
2406.946289	22088.154297
2403.853516	21664.101563
2400.758789	21454.519531
2397.663086	21245.125000
2394.565430	20702.576172
2391.466797	20603.427734
2388.366211	20519.683594
2385.264648	20100.716797
2382.161133	19811.837891
2379.056641	19698.761719
2375.950195	19465.054688
2372.842773	19234.777344
2369.734375	18911.427734
2366.624023	18737.064453
2363.511719	18571.695313
2360.398438	18393.626953
2357.284180	18212.505859
2354.167969	17985.818359
2351.049805	17699.195313
2347.930664	17626.033203
2344.810547	17165.984375
2341.688477	17202.833984
2338.564453	16918.683594
2335.439453	16789.998047
2332.313477	16552.671875
2329.185547	16350.732422
2326.056641	16121.811523
2322.925781	16004.892578
2319.792969	15820.233398
2316.660156	15440.285156
2313.524414	15325.425781
2310.387695	15048.073242
2307.250000	14997.227539
2304.110352	14756.110352
2300.969727	14499.293945
2297.827148	14506.040039
2294.682617	14348.967773
2291.537109	14080.764648
2288.390625	13948.656250
2285.242188	13716.615234
2282.092773	13422.877930
2278.941406	13432.458008
2275.788086	13236.652344
2272.633789	12951.463867
2269.478516	12897.070313
2266.321289	12714.445313
2263.162109	12610.341797
2260.001953	12348.905273
2256.840820	12177.851563
2253.676758	12159.490234
2250.512695	11953.917969
2247.346680	11705.106445
2244.178711	11562.281250
2241.009766	11397.499023
2237.838867	11346.409180
2234.666992	11153.501953
2231.493164	10871.756836
2228.318359	10707.591797
2225.141602	10726.164063
2221.963867	10455.231445
2218.784180	10425.935547
2215.602539	10229.266602
2212.419922	9901.595703
2209.236328	9865.523438
2206.050781	9768.268555
2202.863281	9586.384766
2199.674805	9473.665039
2196.485352	9370.453125
2193.292969	9403.630859
2190.100586	9226.945313
2186.905273	9045.728516
2183.709961	8939.770508
2180.511719	8783.089844
2177.312500	8671.879883
2174.112305	8599.044922
2170.910156	8407.605469
2167.706055	8237.414063
2164.500977	8223.376953
2161.294922	8176.606934
2158.085938	7938.183105
2154.876953	7886.134277
2151.665039	7775.743164
2148.452148	7643.666504
2145.238281	7628.377441
2142.022461	7418.749512
2138.804688	7412.900879
2135.585938	7281.234863
2132.365234	7200.926758
2129.143555	7078.792480
2125.919922	6988.568848
2122.695313	6865.870605
2119.468750	6855.635742
2116.240234	6648.696777
2113.010742	6572.772461
2109.780273	6414.903320
2106.546875	6369.318359
2103.312500	6274.303223
2100.077148	6196.374023
2096.839844	6126.238770
2093.600586	6036.871094
2090.360352	6034.767090
2087.119141	5882.290039
2083.875000	5775.431641
2080.629883	5792.708984
2077.383789	5677.520508
2074.135742	5588.608398
2070.885742	5463.622070
2067.634766	5403.343262
2064.381836	5320.063477
2061.127930	5216.887695
2057.871094	5157.575195
2054.614258	4987.034180
2051.355469	4994.622070
2048.094727	4907.125977
2044.832031	4884.086914
2041.568359	4812.809082
2038.303711	4691.832031
2035.037109	4649.025879
2031.768555	4590.196289
2028.498047	4576.529297
2025.226563	4466.587891
2021.954102	4295.645508
2018.678711	4319.542969
2015.403320	4326.627441
2012.125000	4149.891602
2008.845703	4143.325684
2005.564453	4081.140381
2002.282227	3940.567383
1998.998047	3917.359619
1995.712891	3850.041504
1992.424805	3843.627686
1989.136719	3769.565430
1985.845703	3707.729492
1982.553711	3611.777832
1979.260742	3544.002197
1975.964844	3509.672363
1972.667969	3457.174561
1969.370117	3374.407959
1966.070313	3362.175537
1962.768555	3334.809082
1959.465820	3262.812988
1956.161133	3245.352783
1952.854492	3141.709473
1949.546875	3107.695068
1946.237305	3078.244873
1942.925781	3014.845215
1939.613281	3037.537842
1936.298828	2950.079102
1932.982422	2872.505127
1929.665039	2875.637207
1926.346680	2752.226074
1923.025391	2721.533203
1919.703125	2758.592041
1916.378906	2675.275635
1913.053711	2637.895508
1909.726563	2596.793701
1906.397461	2521.934570
1903.067383	2526.716797
1899.735352	2515.737549
1896.401367	2415.525879
1893.066406	2405.358643
1889.729492	2353.244873
1886.390625	2351.353027
1883.050781	2307.547607
1879.708984	2289.219482
1876.365234	2223.052246
1873.020508	2221.223633
1869.673828	2152.911377
1866.326172	2107.810791
1862.975586	2094.097656
1859.624023	2075.175293
1856.271484	2018.992554
1852.916016	1994.907349
1849.559570	1940.306274
1846.202148	1957.972046
1842.841797	1927.252319
1839.480469	1947.136841
1836.118164	1817.580322
1832.752930	1818.178833
1829.386719	1809.121338
1826.018555	1785.968384
1822.649414	1753.192139
1819.278320	1715.256226
1815.905273	1697.369263
1812.531250	1682.462646
1809.154297	1658.684082
1805.777344	1603.843018
1802.397461	1551.274170
1799.016602	1516.501831
1795.633789	1513.541382
1792.249023	1504.673828
1788.863281	1506.150635
1785.475586	1443.424072
1782.085938	1418.375244
1778.694336	1389.664307
1775.301758	1411.824341
1771.907227	1369.150146
1768.510742	1316.211548
1765.113281	1305.999268
1761.713867	1298.738159
1758.312500	1281.927856
1754.910156	1249.705322
1751.505859	1216.779541
1748.099609	1217.648071
1744.691406	1196.507080
1741.282227	1161.454956
1737.871094	1157.950684
1734.458008	1123.683594
1731.042969	1115.807495
1727.626953	1090.375610
1724.208984	1081.059937
1720.790039	1043.972290
1717.368164	1060.262695
1713.945313	1029.794189
1710.520508	1031.474854
1707.093750	1026.586792
1703.666016	999.825195
1700.236328	977.463013
1696.804688	967.507813
1693.371094	947.367493
1689.936523	947.625793
1686.500000	907.145508
1683.061523	890.699402
1679.622070	904.792236
1676.179688	879.646240
1672.736328	847.990662
1669.291016	819.994385
1665.844727	806.531555
1662.396484	806.130676
1658.945313	805.729797
1655.494141	782.154053
1652.040039	744.124329
1648.584961	768.352722
1645.126953	745.552917
1641.668945	731.448730
1638.208008	715.913513
1634.745117	715.556580
1631.281250	709.426147
1627.815430	668.677429
1624.347656	672.669495
1620.878906	656.480103
1617.408203	633.824280
1613.935547	627.748413
1610.460938	618.080688
1606.984375	606.983948
1603.506836	588.709900
1600.027344	579.075378
1596.545898	578.785461
1593.062500	549.068420
1589.577148	556.684448
1586.090820	547.084229
1582.602539	518.860229
1579.112305	541.521545
1575.620117	510.464447
1572.126953	504.483551
1568.630859	504.230225
1565.133789	519.703857
1561.634766	483.717590
1558.133789	479.189545
1554.631836	463.245300
1551.127930	453.737701
1547.621094	447.091705
1544.114258	449.717407
1540.604492	420.284637
1537.092773	424.344788
1533.580078	413.456421
1530.065430	413.959167
1526.548828	400.953918
1523.030273	399.330414
1519.509766	391.316650
1515.988281	380.471466
1512.463867	371.765503
1508.938477	359.522552
1505.411133	353.670654
1501.882813	345.699310
1498.351563	339.151978
1494.818359	338.980255
1491.284180	345.174469
1487.748047	341.464722
1484.209961	322.213196
1480.669922	318.518524
1477.128906	321.886383
1473.584961	300.557007
1470.040039	310.276855
1466.493164	302.366241
1462.944336	267.694122
1459.393555	291.497437
1455.840820	270.940674
1452.287109	271.506195
1448.730469	265.040771
1445.172852	265.608459
1441.613281	254.938507
1438.051758	254.106628
1434.488281	237.138824
1430.922852	235.615387
1427.356445	248.110977
1423.787109	231.872345
1420.216797	238.055389
1416.644531	216.239807
1413.070313	222.424316
1409.494141	218.116043
1405.916016	221.498123
1402.336914	219.988022
1398.754883	209.405136
1395.171875	193.251724
1391.585938	189.666183
1387.999023	193.053680
1384.410156	181.809280
1380.819336	178.234863
1377.226563	194.844315
1373.632813	178.051895
1370.036133	170.313705
1366.438477	169.531372
1362.837891	181.944199
1359.236328	177.686096
1355.632813	159.557709
1352.027344	157.395447
1348.419922	144.147095
1344.810547	150.999405
1341.199219	161.998398
1337.585938	146.000137
1333.970703	141.775299
1330.354492	153.453033
1326.735352	139.556351
1323.115234	133.960129
1319.493164	140.792480
1315.869141	133.131866
1312.242188	129.615784
1308.614258	126.792351
1304.984375	121.905586
1301.353516	112.205193
1297.719727	127.283470
1294.083984	113.464249
1290.446289	98.284683
1286.807617	117.468262
1283.166016	100.929070
1279.523438	111.856438
1275.877930	107.683052
1272.231445	105.570511
1268.582031	102.774956
1264.931641	103.406296
1261.279297	101.299126
1257.625000	88.932632
1253.968750	95.039970
1250.310547	99.090752
1246.650391	92.208809
1242.988281	85.333992
1239.324219	88.701042
1235.658203	82.517097
1231.990234	81.110794
1228.320313	94.693352
1224.648438	82.387810
1220.975586	85.066856
1217.299805	75.499847
1213.622070	77.499786
1209.943359	73.382401
1206.261719	75.381287
1202.578125	69.911728
1198.893555	71.910263
1195.206055	74.584702
1191.517578	71.834808
1187.826172	60.959785
1184.133789	63.635658
1180.438477	60.895729
1176.742188	62.216232
1173.042969	64.211220
1169.342773	64.177422
1165.639648	63.468430
1161.935547	55.336906
1158.228516	53.958767
1154.520508	51.233799
1150.809570	52.554314
1147.097656	53.873409
1143.382813	49.806587
1139.666992	51.798389
1135.948242	52.443359
1132.227539	57.791588
1128.505859	49.701336
1124.781250	42.290901
1121.055664	41.597576
1117.327148	46.269550
1113.596680	49.596111
1109.865234	42.871185
1106.130859	39.500904
1102.394531	39.479935
1098.657227	40.796558
1094.916992	39.438000
1091.174805	40.085121
1087.430664	35.389690
1083.684570	38.707733
1079.936523	33.350971
1076.186523	33.333206
1072.434570	41.311153
1068.680664	33.963638
1064.924805	29.951931
1061.166992	34.592648
1057.406250	36.568844
1053.644531	35.220245
1049.880859	26.567110
1046.114258	33.854954
1042.346680	35.827248
1038.576172	37.134296
1034.803711	24.522022
1031.030273	26.496092
1027.253906	26.481890
1023.475586	33.084610
1019.695313	27.776161
1015.913086	29.744198
1012.128906	25.764460
1008.342773	20.468439
1004.553711	23.097105
