4046.277344	200.200256
4043.892578	211.730118
4041.505859	202.216858
4039.119141	222.036621
4036.731445	213.573593
4034.342773	209.303253
4031.952148	217.589447
4029.561523	213.320755
4027.169922	239.368393
4024.777344	223.600830
4022.383789	218.290176
4019.989258	231.776321
4017.593750	243.164474
4015.197266	230.549698
4012.799805	227.330002
4010.401367	233.494263
4008.001953	239.653580
4005.601563	251.015717
4003.201172	252.998474
4000.798828	254.979568
3998.395508	229.910706
3995.991211	257.896912
3993.585938	273.386902
3991.180664	263.926544
3988.773438	251.357651
3986.365234	272.022797
3983.957031	243.892883
3981.546875	260.394714
3979.135742	278.957367
3976.724609	275.736481
3974.311523	292.205688
3971.898438	294.160828
3969.483398	277.477722
3967.068359	291.856415
3964.651367	284.498230
3962.234375	271.975189
3959.815430	326.653442
3957.396484	323.423096
3954.975586	310.899261
3952.554688	316.969879
3950.131836	320.971405
3947.708984	308.463257
3945.284180	293.902557
3942.859375	326.771332
3940.432617	328.701324
3938.005859	331.659698
3935.577148	310.935120
3933.148438	326.248138
3930.718750	333.318665
3928.287109	332.156677
3925.855469	356.693909
3923.421875	346.275513
3920.988281	344.082306
3918.552734	372.691681
3916.117188	382.804840
3913.680664	348.797180
3911.242188	349.682434
3908.803711	378.243195
3906.363281	368.869324
3903.922852	377.938904
3901.480469	360.381958
3899.038086	370.470856
3896.593750	364.183685
3894.149414	372.217560
3891.703125	393.532959
3889.256836	415.852814
3886.808594	409.557037
3884.360352	414.496429
3881.910156	432.698395
3879.459961	424.362885
3877.007813	421.132416
3874.555664	446.444214
3872.101563	429.961914
3869.646484	420.621979
3867.191406	423.506012
3864.734375	444.704926
3862.277344	423.163361
3859.818359	461.630737
3857.358398	455.345398
3854.897461	466.336792
3852.436523	459.038788
3849.973633	487.277222
3847.509766	487.079620
3845.044922	468.623962
3842.579102	504.935150
3840.113281	502.703186
3837.645508	476.158386
3835.176758	491.155365
3832.707031	519.299683
3830.236328	526.171692
3827.764648	544.164001
3825.291992	550.008972
3822.818359	523.508728
3820.343750	545.520569
3817.868164	522.072815
3815.390625	548.104675
3812.913086	556.962341
3810.434570	572.872620
3807.955078	546.426758
3805.473633	592.560791
3802.992188	590.304382
3800.509766	595.098267
3798.025391	648.201111
3795.541016	646.930359
3793.054688	620.517944
3790.568359	640.370300
3788.080078	633.074463
3785.591797	669.981018
3783.101563	652.638123
3780.610352	659.396729
3778.119141	676.181946
3775.625977	673.899536
3773.131836	708.708252
3770.636719	725.452087
3768.140625	711.132568
3765.643555	730.864868
3763.145508	735.569214
3760.646484	744.270874
3758.146484	728.966309
3755.645508	758.653503
3753.143555	759.341309
3750.639648	770.015503
3748.135742	790.663879
3745.630859	759.404114
3743.124023	802.981750
3740.617188	779.718811
3738.108398	826.241821
3735.599609	826.898315
3733.088867	841.495911
3730.577148	847.122253
3728.064453	875.629517
3725.551758	881.236694
3723.037109	847.070496
3720.521484	888.461243
3718.004883	900.015808
3715.487305	938.371216
3712.967773	928.058472
3710.448242	896.918457
3707.927734	929.276367
3705.406250	919.970703
3702.882813	974.092468
3700.359375	1009.349243
3697.833984	957.445984
3695.308594	970.906311
3692.781250	978.419373
3690.252930	997.792664
3687.723633	1008.253296
3685.193359	991.038879
3682.662109	1004.456055
3680.129883	1001.078491
3677.596680	1054.940552
3675.062500	1050.557861
3672.527344	1095.479980
3669.990234	1096.997192
3667.453125	1066.000854
3664.915039	1115.783813
3662.375000	1148.790527
3659.833984	1132.570068
3657.292969	1169.475952
3654.750000	1143.427979
3652.206055	1156.711792
3649.661133	1171.948975
3647.115234	1192.082886
3644.568359	1216.125854
3642.019531	1212.676880
3639.470703	1228.844849
3636.920898	1226.373047
3634.369141	1233.702026
3631.817383	1273.347900
3629.263672	1282.608643
3626.708984	1315.349731
3624.153320	1309.910400
3621.596680	1334.789185
3619.039063	1384.083252
3616.480469	1408.909546
3613.920898	1426.878174
3611.360352	1362.827515
3608.797852	1484.237549
3606.235352	1437.773193
3603.670898	1481.048584
3601.105469	1488.226929
3598.540039	1575.283447
3595.972656	1521.066528
3593.404297	1554.499268
3590.834961	1528.551880
3588.264648	1601.828125
3585.692383	1608.935425
3583.120117	1605.346924
3580.545898	1654.213989
3577.971680	1682.649780
3575.395508	1687.768433
3572.818359	1710.344604
3570.240234	1751.326172
3567.661133	1754.469482
3565.081055	1773.112183
3562.500000	1810.140503
3559.917969	1837.456055
3557.333984	1842.491333
3554.750000	1888.147949
3552.164063	1959.871460
3549.577148	1919.422974
3546.989258	1921.514893
3544.400391	1868.561768
3541.810547	1979.746460
3539.219727	2027.156982
3536.626953	1991.584473
3534.034180	2086.187012
3531.439453	2075.672852
3528.844727	2087.321533
3526.248047	2175.985596
3523.650391	2184.693604
3521.051758	2191.469727
3518.451172	2206.893799
3515.850586	2237.683594
3513.249023	2308.800537
3510.645508	2319.351807
3508.041016	2283.813965
3505.436523	2388.405029
3502.830078	2354.785156
3500.222656	2341.327148
3497.613281	2448.634521
3495.003906	2481.129395
3492.393555	2490.614746
3489.781250	2521.148438
3487.167969	2567.920654
3484.553711	2628.041504
3481.938477	2668.991699
3479.322266	2669.773926
3476.705078	2687.747314
3474.086914	2739.120117
3471.466797	2774.225098
3468.845703	2781.635986
3466.224609	2786.178955
3463.601563	2860.294922
3460.977539	2916.245605
3458.351563	2958.815674
3455.725586	2970.888184
3453.098633	3034.330322
3450.469727	3078.696045
3447.839844	3116.368164
3445.208984	3169.212158
3442.577148	3148.869385
3439.944336	3236.783691
3437.310547	3224.969238
3434.674805	3280.520020
3432.039063	3309.470703
3429.401367	3413.277832
3426.762695	3483.834229
3424.123047	3490.876465
3421.481445	3536.724609
3418.839844	3599.565674
3416.197266	3601.817383
3413.552734	3699.556641
3410.907227	3657.344482
3408.260742	3786.148438
3405.613281	3805.309082
3402.963867	3868.812744
3400.314453	3946.413086
3397.663086	4038.091553
3395.011719	4020.344971
3392.358398	4199.539063
3389.704102	4117.691895
3387.047852	4275.978027
3384.391602	4292.973633
3381.733398	4282.675293
3379.075195	4360.765625
3376.415039	4497.996582
3373.753906	4536.470215
3371.090820	4634.067871
3368.427734	4659.306641
3365.762695	4739.877930
3363.097656	4802.560059
3360.430664	4815.504395
3357.762695	4914.641602
3355.092773	4930.333496
3352.422852	4996.566406
3349.750977	5088.008301
3347.079102	5203.690918
3344.405273	5233.251953
3341.729492	5283.347168
3339.053711	5390.385254
3336.376953	5414.220703
3333.698242	5601.380859
3331.018555	5546.729980
3328.337891	5666.521484
3325.656250	5590.445313
3322.973633	5766.952637
3320.289063	5858.548828
3317.604492	5965.891602
3314.917969	5967.051270
3312.230469	5983.091797
3309.541016	6102.324707
3306.851563	6288.371582
3304.160156	6256.868164
3301.467773	6360.967285
3298.774414	6485.395508
3296.080078	6553.118164
3293.384766	6580.902344
3290.687500	6705.069824
3287.990234	6740.173828
3285.291016	6807.662598
3282.589844	6914.901855
3279.888672	6998.911133
3277.186523	7031.044922
3274.482422	7171.329102
3271.777344	7171.933594
3269.071289	7298.174805
3266.364258	7373.517090
3263.655273	7511.557129
3260.945313	7607.035645
3258.234375	7613.895996
3255.522461	7797.738770
3252.809570	7870.849121
3250.095703	7905.210938
3247.379883	8041.730957
3244.663086	8187.333008
3241.945313	8212.307617
3239.226563	8393.563477
3236.505859	8533.303711
3233.784180	8565.438477
3231.061523	8630.599609
3228.337891	8802.172852
3225.613281	8911.208008
3222.886719	8940.363281
3220.160156	9116.155273
3217.431641	9355.929688
3214.702148	9433.386719
3211.970703	9470.493164
3209.239258	9639.334961
3206.505859	9704.669922
3203.771484	9891.542969
3201.035156	10015.194336
3198.298828	10205.418945
3195.560547	10192.771484
3192.821289	10298.780273
3190.081055	10562.521484
3187.339844	10665.537109
3184.596680	10757.521484
3181.853516	10879.489258
3179.108398	11076.026367
3176.361328	11266.016602
3173.614258	11298.422852
3170.865234	11643.672852
3168.115234	11647.697266
3165.364258	11808.925781
3162.612305	11846.476563
3159.858398	11824.974609
3157.104492	12086.641602
3154.347656	12246.476563
3151.590820	12229.352539
3148.833008	12544.873047
3146.073242	12690.699219
3143.312500	12775.721680
3140.550781	12989.201172
3137.787109	13197.965820
3135.023438	13290.785156
3132.257813	13423.293945
3129.491211	13505.985352
3126.722656	13704.210938
3123.954102	13838.159180
3121.183594	14052.301758
3118.412109	14257.232422
3115.638672	14241.984375
3112.865234	14479.990234
3110.089844	14516.898438
3107.313477	14824.801758
3104.536133	14812.016602
3101.756836	14850.517578
3098.976563	15013.976563
3096.195313	15187.176758
3093.413086	15386.275391
3090.628906	15317.569336
3087.844727	15572.083984
3085.058594	15831.754883
3082.270508	15939.619141
3079.482422	16179.168945
3076.692383	16274.230469
3073.901367	16581.490234
3071.109375	16575.109375
3068.315430	16896.277344
3065.520508	16970.263672
3062.724609	17046.863281
3059.927734	17186.845703
3057.128906	17466.066406
3054.329102	17474.466797
3051.528320	17606.921875
3048.726563	17797.248047
3045.922852	18031.992188
3043.118164	18276.328125
3040.312500	18294.128906
3037.505859	18519.421875
3034.697266	18726.707031
3031.887695	18777.193359
3029.077148	18894.337891
3026.264648	19045.158203
3023.452148	19266.931641
3020.637695	19455.638672
3017.821289	19518.982422
3015.004883	19915.958984
3012.186523	19907.179688
3009.367188	20230.027344
3006.545898	20272.509766
3003.724609	20677.291016
3000.901367	20896.632813
2998.077148	20934.322266
2995.250977	21175.462891
2992.423828	21191.759766
2989.595703	21392.783203
2986.766602	21738.527344
2983.935547	21776.615234
2981.104492	22030.945313
2978.270508	22025.619141
2975.436523	22320.173828
2972.600586	22720.255859
2969.763672	22696.105469
2966.925781	22843.734375
2964.085938	23042.291016
2961.245117	23356.832031
2958.403320	23210.142578
2955.560547	23478.595703
2952.715820	23836.451172
2949.870117	24055.179688
2947.023438	23931.240234
2944.174805	24342.818359
2941.325195	24648.744141
2938.474609	24516.792969
2935.622070	24595.326172
2932.768555	24750.884766
2929.914063	24944.833984
2927.058594	25423.103516
2924.201172	25353.191406
2921.342773	25726.761719
2918.483398	25682.986328
2915.622070	26094.513672
2912.759766	26108.246094
2909.896484	26197.916016
2907.032227	26293.605469
2904.166016	26684.908203
2901.298828	26585.847656
2898.429688	27017.617188
2895.559570	26977.716797
2892.688477	27092.835938
2889.816406	27427.169922
2886.942383	27596.775391
2884.067383	27799.267578
2881.191406	27938.119141
2878.314453	27911.767578
2875.435547	28111.216797
2872.554688	28329.576172
2869.673828	28465.308594
2866.791016	28826.394531
2863.907227	28831.736328
2861.021484	28916.781250
2858.134766	29395.808594
2855.247070	29518.599609
2852.358398	29481.187500
2849.467773	29652.248047
2846.576172	29625.167969
2843.682617	29958.453125
2840.789063	29922.603516
2837.893555	30184.644531
2834.996094	30396.386719
2832.097656	30449.210938
2829.198242	30700.289063
2826.297852	30961.476563
2823.395508	30803.753906
2820.492188	31078.419922
2817.587891	31071.386719
2814.681641	31057.468750
2811.774414	31370.318359
2808.866211	31492.064453
2805.956055	31587.917969
2803.044922	31882.906250
2800.131836	31958.736328
2797.218750	32349.369141
2794.303711	32293.689453
2791.386719	32320.341797
2788.468750	32573.164063
2785.549805	32534.558594
2782.629883	32592.712891
2779.708008	32983.660156
2776.785156	33106.542969
2773.860352	33213.062500
2770.935547	33351.945313
2768.007813	33228.472656
2765.080078	33174.257813
2762.150391	33271.980469
2759.219727	33808.035156
2756.287109	33944.585938
2753.353516	33886.691406
2750.418945	33924.250000
2747.482422	34098.843750
2744.544922	34065.609375
2741.606445	34421.160156
2738.666016	34420.949219
2735.724609	34412.234375
2732.782227	34064.550781
2729.837891	34649.535156
2726.892578	34527.808594
2723.945313	34651.363281
2720.997070	34455.949219
2718.047852	34653.992188
2715.097656	34308.769531
2712.145508	34610.843750
2709.191406	34771.273438
2706.237305	34741.179688
2703.281250	34744.082031
2700.323242	34658.210938
2697.364258	34703.375000
2694.404297	34802.539063
2691.443359	34688.871094
2688.480469	34879.058594
2685.515625	35052.195313
2682.550781	34583.621094
2679.583984	34834.234375
2676.615234	34969.222656
2673.646484	34784.160156
2670.674805	34772.605469
2667.703125	34711.421875
2664.729492	34693.164063
2661.754883	34441.289063
2658.778320	34585.261719
2655.800781	34310.132813
2652.821289	34279.457031
2649.840820	34129.683594
2646.859375	34442.859375
2643.876953	34174.121094
2640.892578	33893.046875
2637.906250	34177.406250
2634.918945	34046.375000
2631.930664	33736.433594
2628.941406	33743.667969
2625.950195	33667.308594
2622.957031	33583.488281
2619.963867	33546.496094
2616.967773	33561.273438
2613.971680	33369.964844
2610.973633	33417.312500
2607.974609	33129.531250
2604.973633	32850.335938
2601.971680	32795.394531
2598.967773	32749.648438
2595.962891	32491.775391
2592.957031	32425.396484
2589.949219	32287.583984
2586.940430	31947.156250
2583.929688	31955.000000
2580.917969	31700.515625
2577.905273	31549.136719
2574.890625	31493.261719
2571.875000	31142.316406
2568.857422	31326.945313
2565.838867	31062.511719
2562.819336	31160.066406
2559.797852	30680.794922
2556.775391	30460.822266
2553.750977	30269.974609
2550.725586	30098.296875
2547.698242	30091.953125
2544.669922	29703.375000
2541.640625	29453.771484
2538.609375	29045.203125
2535.577148	29240.472656
2532.542969	29039.189453
2529.507813	28833.140625
2526.471680	28537.531250
2523.433594	28266.050781
2520.393555	28131.347656
2517.353516	27863.572266
2514.310547	28063.623047
2511.267578	27511.900391
2508.222656	27518.970703
2505.175781	27184.638672
2502.127930	26894.896484
2499.079102	26833.343750
2496.028320	26420.267578
2492.976563	26024.763672
2489.922852	25962.029297
2486.868164	25896.072266
2483.812500	25525.871094
2480.754883	25269.650391
2477.695313	25016.925781
2474.634766	24734.203125
2471.573242	24740.771484
2468.509766	24433.119141
2465.445313	24213.027344
2462.378906	23936.054688
2459.311523	23841.072266
2456.242188	23408.103516
2453.171875	23232.013672
2450.100586	23110.605469
2447.027344	22729.798828
2443.953125	22542.044922
2440.876953	22137.455078
2437.799805	22003.750000
2434.720703	21970.035156
2431.640625	21797.558594
2428.558594	21291.812500
2425.475586	21245.478516
2422.390625	21004.662109
2419.304688	20685.480469
2416.217773	20507.480469
2413.128906	20396.007813
2410.038086	20146.292969
2406.946289	19977.666016
2403.853516	19793.021484
2400.758789	19423.541016
2397.663086	19237.697266
2394.565430	18867.998047
2391.466797	18794.707031
2388.366211	18562.625000
2385.264648	18256.599609
2382.161133	18087.806641
2379.056641	17923.998047
2375.950195	17828.748047
2372.842773	17657.957031
2369.734375	17483.298828
2366.624023	17008.998047
2363.511719	16989.041016
2360.398438	16847.841797
2357.284180	16632.927734
2354.167969	16384.511719
2351.049805	16320.755859
2347.930664	16028.622070
2344.810547	15741.561523
2341.688477	15680.579102
2338.564453	15523.600586
2335.439453	15283.561523
2332.313477	15135.700195
2329.185547	15193.384766
2326.056641	14794.837891
2322.925781	14663.365234
2319.792969	14447.407227
2316.660156	14160.641602
2313.524414	14091.035156
2310.387695	13808.679688
2307.250000	13660.422852
2304.110352	13529.818359
2300.969727	13314.963867
2297.827148	13183.837891
2294.682617	13090.998047
2291.537109	12925.913086
2288.390625	12826.122070
2285.242188	12738.331055
2282.092773	12424.416016
2278.941406	12295.633789
2275.788086	12091.637695
2272.633789	12062.195313
2269.478516	11860.868164
2266.321289	11676.353516
2263.162109	11389.910156
2260.001953	11251.664063
2256.840820	11130.149414
2253.676758	11075.924805
2250.512695	10931.688477
2247.346680	10684.146484
2244.178711	10729.639648
2241.009766	10397.219727
2237.838867	10367.101563
2234.666992	10061.165039
2231.493164	9968.206055
2228.318359	9983.201172
2225.141602	9719.578125
2221.963867	9589.141602
2218.784180	9629.444336
2215.602539	9312.122070
2212.419922	9207.187500
2209.236328	9169.873047
2206.050781	9021.934570
2202.863281	8908.646484
2199.674805	8771.941406
2196.485352	8612.634766
2193.292969	8519.274414
2190.100586	8468.276367
2186.905273	8249.854492
2183.709961	8138.014648
2180.511719	8041.132324
2177.312500	7970.908691
2174.112305	7887.469727
2170.910156	7617.513672
2167.706055	7663.854004
2164.500977	7593.929688
2161.294922	7380.619629
2158.085938	7243.095215
2154.876953	7266.147949
2151.665039	7075.864258
2148.452148	7102.859375
2145.238281	6954.050293
2142.022461	6881.564941
2138.804688	6815.361816
2135.585938	6639.709473
2132.365234	6543.403809
2129.143555	6528.659180
2125.919922	6487.557617
2122.695313	6333.314453
2119.468750	6203.234863
2116.240234	6079.472168
2113.010742	5982.917969
2109.780273	5982.394531
2106.546875	5950.935547
2103.312500	5798.145508
2100.077148	5800.794922
2096.839844	5667.523926
2093.600586	5551.358887
2090.360352	5505.509766
2087.119141	5392.613281
2083.875000	5283.675781
2080.629883	5227.228516
2077.383789	5085.357910
2074.135742	5063.690430
2070.885742	5073.583008
2067.634766	4928.138184
2064.381836	4858.150879
2061.127930	4814.347656
2057.871094	4793.619629
2054.614258	4673.905273
2051.355469	4598.795898
2048.094727	4595.063477
2044.832031	4487.872559
2041.568359	4428.274902
2038.303711	4416.967773
2035.037109	4199.046387
2031.768555	4256.697754
2028.498047	4139.213379
2025.226563	4079.152588
2021.954102	4041.298096
2018.678711	3961.489502
2015.403320	3869.546631
2012.125000	3801.334229
2008.845703	3762.917480
2005.564453	3715.392334
2002.282227	3664.864746
1998.998047	3563.381348
1995.712891	3601.995361
1992.424805	3480.102783
1989.136719	3402.414795
1985.845703	3383.303223
1982.553711	3355.095703
1979.260742	3320.082520
1975.964844	3233.511475
1972.667969	3178.871826
1969.370117	3164.455078
1966.070313	3087.171143
1962.768555	3079.625000
1959.465820	3047.865479
1956.161133	2945.025146
1952.854492	2895.211914
1949.546875	2886.256836
1946.237305	2807.812500
1942.925781	2822.312012
1939.613281	2747.745361
1936.298828	2658.918213
1932.982422	2669.695557
1929.665039	2630.725830
1926.346680	2612.882324
1923.025391	2555.154541
1919.703125	2497.481445
1916.378906	2526.356689
1913.053711	2428.156738
1909.726563	2417.212158
1906.397461	2280.856201
1903.067383	2291.760742
1899.735352	2297.401611
1896.401367	2261.040283
1893.066406	2187.984375
1889.729492	2219.137695
1886.390625	2163.394531
1883.050781	2114.440918
1879.708984	2091.718018
1876.365234	2055.556885
1873.020508	1999.250854
1869.673828	2042.352295
1866.326172	1933.839844
1862.975586	1949.316772
1859.624023	1898.390137
1856.271484	1881.062866
1852.916016	1873.439331
1849.559570	1826.345947
1846.202148	1793.442749
1842.841797	1800.009033
1839.480469	1735.911865
1836.118164	1663.699341
1832.752930	1668.831055
1829.386719	1656.133301
1826.018555	1627.858887
1822.649414	1634.482544
1819.278320	1586.964233
1815.905273	1500.948853
1812.531250	1505.400269
1809.154297	1490.594238
1805.777344	1471.361206
1802.397461	1424.775513
1799.016602	1435.907593
1795.633789	1374.603027
1792.249023	1368.758301
1788.863281	1364.395264
1785.475586	1312.069458
1782.085938	1284.134888
1778.694336	1305.620972
1775.301758	1282.136963
1771.907227	1277.087891
1768.510742	1248.486938
1765.113281	1227.271362
1761.713867	1228.138550
1758.312500	1179.755859
1754.910156	1169.624268
1751.505859	1133.066284
1748.099609	1135.443970
1744.691406	1117.277954
1741.282227	1085.931030
1737.871094	1089.792847
1734.458008	1043.106567
1731.042969	1016.966309
1727.626953	1008.414551
1724.208984	1023.276672
1720.790039	972.327148
1717.368164	958.693787
1713.945313	945.073547
1710.520508	957.745972
1707.093750	938.301819
1703.666016	907.208252
1700.236328	898.741150
1696.804688	869.154236
1693.371094	852.703552
1689.936523	832.629761
1686.500000	840.218994
1683.061523	814.353699
1679.622070	819.036865
1676.179688	792.480652
1672.736328	758.690247
1669.291016	767.746948
1665.844727	758.661926
1662.396484	748.860596
1658.945313	759.356873
1655.494141	728.562012
1652.040039	710.103088
1648.584961	703.961609
1645.126953	661.669189
1641.668945	683.745544
1638.208008	684.849609
1634.745117	652.015747
1631.281250	622.101013
1627.815430	620.347961
1624.347656	607.781799
1620.878906	626.214294
1617.408203	580.525452
1613.935547	568.717041
1610.460938	578.506226
1606.984375	585.408691
1603.506836	536.236389
1600.027344	532.375732
1596.545898	544.316895
1593.062500	531.842712
1589.577148	523.685120
1586.090820	495.458984
1582.602539	512.410339
1579.112305	480.636169
1575.620117	494.713776
1572.126953	476.575958
1568.630859	459.886566
1565.133789	480.386505
1561.634766	474.429047
1558.133789	455.622833
1554.631836	446.114502
1551.127930	416.639648
1547.621094	423.560577
1544.114258	410.518585
1540.604492	387.516693
1537.092773	411.528992
1533.580078	382.856384
1530.065430	393.332336
1526.548828	388.868408
1523.030273	363.802795
1519.509766	370.010864
1515.988281	355.627258
1512.463867	353.319122
1508.938477	331.157867
1505.411133	357.214447
1501.882813	327.989319
1498.351563	334.903717
1494.818359	326.241943
1491.284180	334.564575
1487.748047	311.772125
1484.209961	308.081024
1480.669922	295.918549
1477.128906	292.944855
1473.584961	273.041229
1470.040039	283.480194
1466.493164	271.354340
1462.944336	258.536194
1459.393555	272.486755
1455.840820	274.459381
1452.287109	257.438538
1448.730469	254.495377
1445.172852	252.257782
1441.613281	255.640823
1438.051758	240.769547
1434.488281	232.227661
1430.922852	218.785721
1427.356445	234.093414
1423.787109	215.760376
1420.216797	201.646927
1416.644531	228.836304
1413.070313	202.839783
1409.494141	197.842438
1405.916016	199.837433
1402.336914	184.370911
1398.754883	191.256699
1395.171875	195.344696
1391.585938	179.903961
1387.999023	166.569778
1384.410156	192.954681
1380.819336	167.095184
1377.226563	167.705292
1373.632813	172.487778
1370.036133	157.800858
1366.438477	159.109360
1362.837891	173.610870
1359.236328	160.333939
1355.632813	154.701599
1352.027344	137.287659
1348.419922	159.393433
1344.810547	141.302200
1341.199219	129.460251
1337.585938	145.308197
1333.970703	138.317368
1330.354492	130.642456
1326.735352	134.720230
1323.115234	124.292900
1319.493164	129.059784
1315.869141	115.886810
1312.242188	124.789658
1308.614258	106.119690
1304.984375	117.084465
1301.353516	118.400574
1297.719727	109.394981
1294.083984	115.527237
1290.446289	113.405403
1286.807617	108.537926
1283.166016	98.182701
1279.523438	103.621605
1275.877930	100.138374
1272.231445	95.287674
1268.582031	101.404617
1264.931641	83.546814
1261.279297	88.294502
1257.625000	84.828049
1253.968750	97.091194
1250.310547	86.789833
1246.650391	82.646416
1242.988281	82.603302
1239.324219	83.924828
1235.658203	74.333580
1231.990234	88.608429
1228.320313	79.705910
1224.648438	82.387810
1220.975586	65.331345
1217.299805	77.540382
1213.622070	67.982269
1209.943359	78.138664
1206.261719	58.403519
1202.578125	63.124184
1198.893555	53.593498
1195.206055	64.414063
1191.517578	58.281067
1187.826172	55.541138
1184.133789	63.635658
1180.438477	58.189255
1176.742188	57.482388
1173.042969	54.748516
1169.342773	58.773006
1165.639648	54.015686
1161.935547	49.938183
1158.228516	47.888409
1154.520508	54.604443
1150.809570	50.532993
1147.097656	51.853153
1143.382813	55.864143
1139.666992	49.107563
1135.948242	49.081608
1132.227539	47.039665
1128.505859	42.984940
1124.781250	44.304752
1121.055664	43.610363
1117.327148	40.234390
1113.596680	44.904587
1109.865234	40.191734
1106.130859	42.178932
1102.394531	38.141632
1098.657227	42.134151
1094.916992	36.095798
1091.174805	39.417034
1087.430664	36.725151
1083.684570	34.703484
1079.936523	30.015875
1076.186523	30.666552
1072.434570	35.314373
1068.680664	27.970055
1064.924805	27.955135
1061.166992	27.274973
1057.406250	33.244404
1053.644531	31.233047
1049.880859	25.902933
1046.114258	27.880550
1042.346680	32.509907
1038.576172	26.524496
1034.803711	33.800625
1031.030273	27.820896
1027.253906	26.481890
1023.475586	27.129379
1019.695313	23.808138
1015.913086	23.134377
1012.128906	24.443207
1008.342773	25.090343
1004.553711	21.117352
