4046.277344	219.067291
4043.892578	196.007584
4041.505859	202.216858
4039.119141	227.273331
4036.731445	216.714386
4034.342773	219.768417
4031.952148	222.819962
4029.561523	237.371628
4027.169922	244.594772
4024.777344	231.959747
4022.383789	237.090286
4019.989258	257.877258
4017.593750	229.597366
4015.197266	248.284286
4012.799805	247.143173
4010.401367	262.681061
4008.001953	256.325134
4005.601563	268.722229
4003.201172	248.833893
4000.798828	235.205643
3998.395508	254.878387
3995.991211	261.016632
3993.585938	260.912964
3991.180664	267.043793
3988.773438	264.860321
3986.365234	278.252350
3983.957031	275.028137
3981.546875	254.170135
3979.135742	270.661224
3976.724609	294.395325
3974.311523	274.590454
3971.898438	297.268158
3969.483398	298.185028
3967.068359	306.345734
3964.651367	305.188995
3962.234375	293.691833
3959.815430	312.181458
3957.396484	304.823700
3954.975586	328.458344
3952.554688	308.710052
3950.131836	303.426361
3947.708984	318.779755
3945.284180	312.464813
3942.859375	332.956268
3940.432617	306.032288
3938.005859	330.629700
3935.577148	336.674774
3933.148438	315.956390
3930.718750	359.037720
3928.287109	336.270050
3925.855469	345.386597
3923.421875	368.881042
3920.988281	367.705841
3918.552734	343.944122
3916.117188	387.936279
3913.680664	344.693695
3911.242188	385.573578
3908.803711	360.817352
3906.363281	413.953339
3903.922852	407.641418
3901.480469	377.786774
3899.038086	413.453644
3896.593750	394.873322
3894.149414	398.804535
3891.703125	411.931915
3889.256836	430.157318
3886.808594	406.493011
3884.360352	424.705688
3881.910156	420.452209
3879.459961	414.161835
3877.007813	438.467163
3874.555664	437.270721
3872.101563	465.622253
3869.646484	450.157196
3867.191406	452.011230
3864.734375	465.057556
3862.277344	471.989899
3859.818359	451.462646
3857.358398	457.378204
3854.897461	483.608521
3852.436523	496.614990
3849.973633	485.246887
3847.509766	491.138641
3845.044922	491.953735
3842.579102	515.074402
3840.113281	518.919434
3837.645508	523.774231
3835.176758	513.434570
3832.707031	535.496155
3830.236328	543.373474
3827.764648	540.118164
3825.291992	564.163635
3822.818359	578.083008
3820.343750	576.837524
3817.868164	580.641968
3815.390625	563.245667
3812.913086	554.944336
3810.434570	608.172852
3807.955078	576.671814
3805.473633	619.770203
3802.992188	605.414612
3800.509766	623.292419
3798.025391	616.998901
3795.541016	591.594177
3793.054688	631.580688
3790.568359	644.391479
3788.080078	641.113464
3785.591797	645.873779
3783.101563	651.634033
3780.610352	674.451416
3778.119141	651.101013
3775.625977	671.893921
3773.131836	648.563293
3770.636719	677.355835
3768.140625	709.129395
3765.643555	710.841187
3763.145508	709.549072
3760.646484	691.251587
3758.146484	714.966919
3755.645508	727.667664
3753.143555	749.349976
3750.639648	718.081909
3748.135742	756.721252
3745.630859	798.322327
3743.124023	795.001831
3740.617188	786.698364
3738.108398	784.381592
3735.599609	824.905762
3733.088867	818.591309
3730.577148	836.172424
3728.064453	824.882813
3725.551758	836.478638
3723.037109	806.307678
3720.521484	836.783386
3718.004883	853.326233
3715.487305	882.764038
3712.967773	866.518799
3710.448242	900.887146
3707.927734	901.507202
3705.406250	909.065857
3702.882813	925.536499
3700.359375	962.794373
3697.833984	974.278015
3695.308594	981.793091
3692.781250	961.601257
3690.252930	956.259155
3687.723633	972.667908
3685.193359	1025.621460
3682.662109	997.542419
3680.129883	1007.002014
3677.596680	1057.901123
3675.062500	1029.842651
3672.527344	1061.954956
3669.990234	1061.514893
3667.453125	1107.379761
3664.915039	1074.421997
3662.375000	1100.555054
3659.833984	1118.794189
3657.292969	1152.755127
3654.750000	1128.680420
3652.206055	1112.487549
3649.661133	1161.143066
3647.115234	1156.732788
3644.568359	1169.993652
3642.019531	1156.752441
3639.470703	1203.346069
3636.920898	1222.451782
3634.369141	1263.099121
3631.817383	1271.388916
3629.263672	1355.061401
3626.708984	1284.031860
3624.153320	1274.692505
3621.596680	1244.825317
3619.039063	1323.480713
3616.480469	1335.630615
3613.920898	1343.863403
3611.360352	1343.302734
3608.797852	1394.461182
3606.235352	1363.641113
3603.670898	1418.647583
3601.105469	1439.496582
3598.540039	1439.869385
3595.972656	1494.774048
3593.404297	1503.883179
3590.834961	1489.632690
3588.264648	1550.281738
3585.692383	1540.883789
3583.120117	1579.109375
3580.545898	1557.078735
3577.971680	1612.741699
3575.395508	1633.418213
3572.818359	1630.793701
3570.240234	1686.354492
3567.661133	1710.850098
3565.081055	1680.096436
3562.500000	1721.037720
3559.917969	1724.188232
3557.333984	1812.492798
3554.750000	1776.909668
3552.164063	1825.474731
3549.577148	1841.138306
3546.989258	1837.466797
3544.400391	1828.969482
3541.810547	1853.297607
3539.219727	1915.234009
3536.626953	1929.859863
3534.034180	1957.005371
3531.439453	1950.400269
3528.844727	1992.924805
3526.248047	2046.967041
3523.650391	2067.278320
3521.051758	2071.217773
3518.451172	2085.730957
3515.850586	2074.278809
3513.249023	2134.895752
3510.645508	2202.183594
3508.041016	2201.255127
3505.436523	2212.801025
3502.830078	2238.724365
3500.222656	2308.729004
3497.613281	2308.712646
3495.003906	2297.200195
3492.393555	2312.508301
3489.781250	2357.474854
3487.167969	2382.310791
3484.553711	2449.204590
3481.938477	2489.274414
3479.322266	2531.220947
3476.705078	2531.105225
3474.086914	2575.861328
3471.466797	2533.735107
3468.845703	2675.750488
3466.224609	2623.127441
3463.601563	2674.437744
3460.977539	2729.514404
3458.351563	2787.400635
3455.725586	2840.477539
3453.098633	2817.388428
3450.469727	2858.041748
3447.839844	3014.644287
3445.208984	2991.508301
3442.577148	3056.730469
3439.944336	3031.695557
3437.310547	3066.473145
3434.674805	3146.756592
3432.039063	3191.885010
3429.401367	3248.348389
3426.762695	3277.286621
3424.123047	3303.357910
3421.481445	3417.445557
3418.839844	3438.701660
3416.197266	3494.935547
3413.552734	3608.793213
3410.907227	3589.300781
3408.260742	3685.071045
3405.613281	3641.954590
3402.963867	3698.921143
3400.314453	3790.745361
3397.663086	3824.964844
3395.011719	3867.637939
3392.358398	3938.540283
3389.704102	3984.893555
3387.047852	4004.846191
3384.391602	4072.772949
3381.733398	4126.531250
3379.075195	4148.274414
3376.415039	4289.355957
3373.753906	4289.402344
3371.090820	4404.946777
3368.427734	4444.362793
3365.762695	4513.767090
3363.097656	4461.194824
3360.430664	4605.523438
3357.762695	4617.607910
3355.092773	4694.307129
3352.422852	4732.554688
3349.750977	4768.896484
3347.079102	4937.098633
3344.405273	4930.308594
3341.729492	5022.591309
3339.053711	5083.964844
3336.376953	5137.813477
3333.698242	5209.349609
3331.018555	5294.817871
3328.337891	5408.189453
3325.656250	5421.716309
3322.973633	5465.979004
3320.289063	5570.744141
3317.604492	5667.038574
3314.917969	5663.673340
3312.230469	5731.005371
3309.541016	5810.365234
3306.851563	5858.055664
3304.160156	5919.638184
3301.467773	6018.310547
3298.774414	6091.834961
3296.080078	6196.839355
3293.384766	6217.357422
3290.687500	6278.645020
3287.990234	6438.098145
3285.291016	6358.449707
3282.589844	6574.202148
3279.888672	6513.068359
3277.186523	6707.289063
3274.482422	6820.899414
3271.777344	6821.654785
3269.071289	6895.389648
3266.364258	7011.535645
3263.655273	7121.118652
3260.945313	7215.843262
3258.234375	7163.849609
3255.522461	7268.609863
3252.809570	7505.963379
3250.095703	7562.587402
3247.379883	7646.779297
3244.663086	7674.761719
3241.945313	7796.541504
3239.226563	7908.099609
3236.505859	7979.121094
3233.784180	8108.872070
3231.061523	8195.350586
3228.337891	8247.791992
3225.613281	8338.718750
3222.886719	8511.181641
3220.160156	8632.160156
3217.431641	8816.252930
3214.702148	8815.179688
3211.970703	8972.480469
3209.239258	9034.474609
3206.505859	9161.354492
3203.771484	9319.207031
3201.035156	9401.067383
3198.298828	9543.144531
3195.560547	9593.787109
3192.821289	9770.333984
3190.081055	9983.215820
3187.339844	10027.208984
3184.596680	10220.647461
3181.853516	10268.138672
3179.108398	10302.834961
3176.361328	10546.870117
3173.614258	10673.310547
3170.865234	10813.281250
3168.115234	11013.128906
3165.364258	11092.847656
3162.612305	11368.693359
3159.858398	11351.939453
3157.104492	11375.128906
3154.347656	11561.581055
3151.590820	11712.504883
3148.833008	11978.400391
3146.073242	12120.849609
3143.312500	12261.360352
3140.550781	12352.866211
3137.787109	12487.716797
3135.023438	12586.271484
3132.257813	12817.623047
3129.491211	12903.290039
3126.722656	13147.840820
3123.954102	13152.029297
3121.183594	13278.937500
3118.412109	13516.678711
3115.638672	13587.409180
3112.865234	13782.442383
3110.089844	13886.316406
3107.313477	13991.897461
3104.536133	14007.376953
3101.756836	14205.468750
3098.976563	14353.023438
3096.195313	14595.724609
3093.413086	14733.088867
3090.628906	14741.903320
3087.844727	15145.685547
3085.058594	15092.389648
3082.270508	15456.192383
3079.482422	15724.642578
3076.692383	15621.863281
3073.901367	15863.125000
3071.109375	16129.239258
3068.315430	16164.223633
3065.520508	16404.916016
3062.724609	16491.599609
3059.927734	16648.808594
3057.128906	16835.355469
3054.329102	16897.609375
3051.528320	17103.509766
3048.726563	17329.744141
3045.922852	17539.722656
3043.118164	17618.476563
3040.312500	17796.947266
3037.505859	18048.287109
3034.697266	18074.173828
3031.887695	18267.320313
3029.077148	18344.664063
3026.264648	18533.066406
3023.452148	18666.199219
3020.637695	18806.316406
3017.821289	19062.617188
3015.004883	19238.810547
3012.186523	19419.279297
3009.367188	19744.115234
3006.545898	19854.173828
3003.724609	19869.333984
3000.901367	20074.863281
2998.077148	20325.349609
2995.250977	20476.515625
2992.423828	20610.738281
2989.595703	20562.742188
2986.766602	21003.396484
2983.935547	21115.994141
2981.104492	21330.890625
2978.270508	21438.822266
2975.436523	21552.824219
2972.600586	21839.515625
2969.763672	22091.580078
2966.925781	22070.355469
2964.085938	22255.167969
2961.245117	22607.021484
2958.403320	22801.093750
2955.560547	22864.855469
2952.715820	23033.142578
2949.870117	23323.384766
2947.023438	23622.144531
2944.174805	23680.136719
2941.325195	24018.816406
2938.474609	24243.185547
2935.622070	24367.421875
2932.768555	24328.572266
2929.914063	24651.447266
2927.058594	24847.972656
2924.201172	25215.816406
2921.342773	25317.441406
2918.483398	25471.423828
2915.622070	25839.353516
2912.759766	26146.677734
2909.896484	26360.304688
2907.032227	26312.804688
2904.166016	26668.333984
2901.298828	26829.978516
2898.429688	26872.074219
2895.559570	27150.199219
2892.688477	27242.601563
2889.816406	27686.533203
2886.942383	27811.656250
2884.067383	27894.919922
2881.191406	28218.865234
2878.314453	28286.218750
2875.435547	28917.966797
2872.554688	29122.080078
2869.673828	29305.177734
2866.791016	29486.367188
2863.907227	29672.589844
2861.021484	29679.277344
2858.134766	30168.357422
2855.247070	30102.080078
2852.358398	30448.607422
2849.467773	30639.128906
2846.576172	30681.634766
2843.682617	31170.859375
2840.789063	31209.617188
2837.893555	31338.119141
2834.996094	31556.250000
2832.097656	31847.498047
2829.198242	32047.080078
2826.297852	32051.699219
2823.395508	32330.246094
2820.492188	32370.878906
2817.587891	32741.964844
2814.681641	32663.636719
2811.774414	32771.109375
2808.866211	32876.757813
2805.956055	32968.550781
2803.044922	33614.152344
2800.131836	33488.347656
2797.218750	33804.507813
2794.303711	33701.007813
2791.386719	33744.171875
2788.468750	34084.609375
2785.549805	34219.183594
2782.629883	34621.570313
2779.708008	34452.000000
2776.785156	34847.058594
2773.860352	34917.742188
2770.935547	35098.585938
2768.007813	35327.941406
2765.080078	35107.152344
2762.150391	35087.945313
2759.219727	35430.414063
2756.287109	35289.136719
2753.353516	35652.484375
2750.418945	35698.617188
2747.482422	36012.902344
2744.544922	35868.167969
2741.606445	36239.066406
2738.666016	36184.472656
2735.724609	36084.867188
2732.782227	36312.414063
2729.837891	36440.390625
2726.892578	36579.277344
2723.945313	36682.390625
2720.997070	36486.910156
2718.047852	36843.386719
2715.097656	36740.335938
2712.145508	36781.324219
2709.191406	36794.335938
2706.237305	37339.511719
2703.281250	36938.683594
2700.323242	37025.960938
2697.364258	37176.515625
2694.404297	37475.566406
2691.443359	37387.699219
2688.480469	37320.996094
2685.515625	37433.992188
2682.550781	37188.582031
2679.583984	37668.902344
2676.615234	37437.906250
2673.646484	37228.996094
2670.674805	37292.906250
2667.703125	37202.828125
2664.729492	37226.316406
2661.754883	37106.910156
2658.778320	37298.390625
2655.800781	37156.367188
2652.821289	36671.222656
2649.840820	36971.656250
2646.859375	36992.601563
2643.876953	36969.093750
2640.892578	36949.789063
2637.906250	37114.695313
2634.918945	36941.320313
2631.930664	36669.378906
2628.941406	36773.953125
2625.950195	36554.964844
2622.957031	36355.378906
2619.963867	36460.750000
2616.967773	36530.125000
2613.971680	35979.562500
2610.973633	36079.921875
2607.974609	35854.277344
2604.973633	35543.847656
2601.971680	35425.222656
2598.967773	35466.507813
2595.962891	35318.882813
2592.957031	34910.253906
2589.949219	35078.031250
2586.940430	34713.898438
2583.929688	34636.601563
2580.917969	34356.820313
2577.905273	34481.355469
2574.890625	34259.101563
2571.875000	33945.855469
2568.857422	33923.714844
2565.838867	33697.847656
2562.819336	33587.242188
2559.797852	33267.382813
2556.775391	32900.664063
2553.750977	32528.484375
2550.725586	32323.546875
2547.698242	32276.539063
2544.669922	31949.703125
2541.640625	32234.609375
2538.609375	31472.578125
2535.577148	31200.115234
2532.542969	31258.330078
2529.507813	31098.212891
2526.471680	30697.009766
2523.433594	30463.212891
2520.393555	30192.607422
2517.353516	30036.521484
2514.310547	30079.437500
2511.267578	29608.929688
2508.222656	29543.607422
2505.175781	29334.724609
2502.127930	28948.843750
2499.079102	28560.851563
2496.028320	28265.808594
2492.976563	28088.984375
2489.922852	27963.896484
2486.868164	27408.443359
2483.812500	27212.597656
2480.754883	27115.039063
2477.695313	26885.166016
2474.634766	26585.244141
2471.573242	26569.732422
2468.509766	26253.076172
2465.445313	26097.406250
2462.378906	25628.765625
2459.311523	25643.843750
2456.242188	25157.908203
2453.171875	25011.951172
2450.100586	24596.730469
2447.027344	24377.935547
2443.953125	24103.230469
2440.876953	23806.013672
2437.799805	23560.244141
2434.720703	23414.566406
2431.640625	23257.654297
2428.558594	22927.273438
2425.475586	22709.089844
2422.390625	22544.593750
2419.304688	22385.101563
2416.217773	22068.660156
2413.128906	21793.781250
2410.038086	21535.330078
2406.946289	21043.421875
2403.853516	21015.890625
2400.758789	20825.191406
2397.663086	20608.011719
2394.565430	20134.365234
2391.466797	19989.494141
2388.366211	19849.589844
2385.264648	19657.419922
2382.161133	19550.816406
2379.056641	19225.277344
2375.950195	19102.863281
2372.842773	18803.564453
2369.734375	18668.580078
2366.624023	18316.703125
2363.511719	18092.882813
2360.398438	17958.398438
2357.284180	17788.716797
2354.167969	17609.560547
2351.049805	17428.158203
2347.930664	17208.447266
2344.810547	16856.746094
2341.688477	16645.500000
2338.564453	16561.708984
2335.439453	16385.988281
2332.313477	16132.058594
2329.185547	16094.165039
2326.056641	15856.576172
2322.925781	15686.279297
2319.792969	15455.476563
2316.660156	15133.138672
2313.524414	14909.177734
2310.387695	14672.668945
2307.250000	14665.018555
2304.110352	14353.185547
2300.969727	14204.006836
2297.827148	14211.686523
2294.682617	14048.390625
2291.537109	13764.432617
2288.390625	13624.527344
2285.242188	13417.253906
2282.092773	13241.123047
2278.941406	13049.286133
2275.788086	12974.187500
2272.633789	12842.881836
2269.478516	12488.292969
2266.321289	12385.042969
2263.162109	12185.328125
2260.001953	11956.524414
2256.840820	11979.380859
2253.676758	11701.878906
2250.512695	11704.285156
2247.346680	11374.261719
2244.178711	11339.717773
2241.009766	11150.583984
2237.838867	11060.974609
2234.666992	10840.618164
2231.493164	10717.357422
2228.318359	10570.587891
2225.141602	10357.843750
2221.963867	10212.160156
2218.784180	10081.549805
2215.602539	9933.768555
2212.419922	9801.833008
2209.236328	9697.500000
2206.050781	9608.171875
2202.863281	9447.542969
2199.674805	9241.586914
2196.485352	9221.553711
2193.292969	9053.491211
2190.100586	9035.125000
2186.905273	8979.992188
2183.709961	8681.644531
2180.511719	8607.959961
2177.312500	8475.732422
2174.112305	8455.323242
2170.910156	8284.250977
2167.706055	8119.580566
2164.500977	7980.801758
2161.294922	7952.857422
2158.085938	7807.270020
2154.876953	7737.368652
2151.665039	7573.331055
2148.452148	7463.138184
2145.238281	7335.935547
2142.022461	7274.930176
2138.804688	7203.878906
2135.585938	7174.832031
2132.365234	7025.483887
2129.143555	6942.229004
2125.919922	6840.437012
2122.695313	6755.793457
2119.468750	6644.109375
2116.240234	6559.634277
2113.010742	6471.366699
2109.780273	6315.093750
2106.546875	6162.060059
2103.312500	6208.599609
2100.077148	6036.442383
2096.839844	6071.409180
2093.600586	5977.436523
2090.360352	5874.292480
2087.119141	5708.011230
2083.875000	5607.402344
2080.629883	5555.422852
2077.383789	5553.543457
2074.135742	5382.335449
2070.885742	5338.994141
2067.634766	5248.786621
2064.381836	5177.877441
2061.127930	5057.100586
2057.871094	5016.292969
2054.614258	4924.101074
2051.355469	4875.721191
2048.094727	4811.283691
2044.832031	4723.148438
2041.568359	4663.438477
2038.303711	4662.737305
2035.037109	4602.344238
2031.768555	4498.407715
2028.498047	4451.909668
2025.226563	4310.696777
2021.954102	4239.124023
2018.678711	4238.618164
2015.403320	4197.668457
2012.125000	4062.942871
2008.845703	3998.480957
2005.564453	3969.130127
2002.282227	3835.465332
1998.998047	3829.816406
1995.712891	3780.801514
1992.424805	3706.735352
1989.136719	3703.432617
1985.845703	3692.533936
1982.553711	3562.416016
1979.260742	3487.832520
1975.964844	3447.460205
1972.667969	3341.910156
1969.370117	3375.923828
1966.070313	3286.416748
1962.768555	3177.306641
1959.465820	3182.586182
1956.161133	3138.687256
1952.854492	3167.417725
1949.546875	3060.837891
1946.237305	3062.381348
1942.925781	2961.992920
1939.613281	2899.433594
1936.298828	2849.002686
1932.982422	2813.697998
1929.665039	2802.540527
1926.346680	2759.004883
1923.025391	2705.723389
1919.703125	2669.799561
1916.378906	2641.430420
1913.053711	2624.364014
1909.726563	2590.031250
1906.397461	2484.383545
1903.067383	2462.910889
1899.735352	2446.710449
1896.401367	2393.777832
1893.066406	2334.899414
1889.729492	2339.010010
1886.390625	2296.687744
1883.050781	2251.411865
1879.708984	2221.141357
1876.365234	2199.124512
1873.020508	2201.791748
1869.673828	2079.703369
1866.326172	2064.504639
1862.975586	2077.679199
1859.624023	2047.576050
1856.271484	1993.643311
1852.916016	1977.767700
1849.559570	1947.009888
1846.202148	1932.659790
1842.841797	1868.467407
1839.480469	1875.736816
1836.118164	1815.350220
1832.752930	1764.681152
1829.386719	1730.399292
1826.018555	1710.996338
1822.649414	1717.579224
1819.278320	1684.110107
1815.905273	1654.379150
1812.531250	1658.014648
1809.154297	1595.742920
1805.777344	1534.271606
1802.397461	1503.929688
1799.016602	1527.592773
1795.633789	1483.979980
1792.249023	1481.775024
1788.863281	1464.067017
1785.475586	1379.960571
1782.085938	1387.396729
1778.694336	1379.343140
1775.301758	1356.559814
1771.907227	1325.696777
1768.510742	1342.712402
1765.113281	1302.320313
1761.713867	1251.671753
1758.312500	1245.175415
1754.910156	1208.562744
1751.505859	1205.764648
1748.099609	1205.170654
1744.691406	1144.421265
1741.282227	1165.854370
1737.871094	1125.703979
1734.458008	1123.683594
1731.042969	1077.003174
1727.626953	1077.203369
1724.208984	1089.105713
1720.790039	1057.862671
1717.368164	1065.377686
1713.945313	1037.097778
1710.520508	1042.424805
1707.093750	995.212830
1703.666016	982.322754
1700.236328	937.373169
1696.804688	923.795105
1693.371094	908.773743
1689.936523	921.424133
1686.500000	885.321655
1683.061523	865.250793
1679.622070	857.554077
1676.179688	838.968933
1672.736328	816.045776
1669.291016	833.056274
1665.844727	802.179810
1662.396484	780.032898
1658.945313	786.890808
1655.494141	764.772888
1652.040039	736.885742
1648.584961	748.094849
1645.126953	729.643921
1641.668945	712.656555
1638.208008	681.237549
1634.745117	704.003662
1631.281250	674.063049
1627.815430	652.086731
1624.347656	653.924194
1620.878906	636.302917
1617.408203	642.467346
1613.935547	628.468323
1610.460938	613.763489
1606.984375	594.038818
1603.506836	590.866394
1600.027344	577.638489
1596.545898	566.577820
1593.062500	544.761963
1589.577148	568.162476
1586.090820	562.141602
1582.602539	535.343384
1579.112305	548.684509
1575.620117	523.351318
1572.126953	495.896606
1568.630859	477.051849
1565.133789	490.394562
1561.634766	462.282532
1558.133789	467.763245
1554.631836	438.976654
1551.127930	430.194702
1547.621094	428.552032
1544.114258	408.380463
1540.604492	445.216797
1537.092773	435.024597
1533.580078	410.609894
1530.065430	386.930908
1526.548828	405.219360
1523.030273	404.304291
1519.509766	381.373962
1515.988281	386.150146
1512.463867	378.150787
1508.938477	372.995789
1505.411133	363.593292
1501.882813	354.200134
1498.351563	337.735901
1494.818359	325.534271
1491.284180	335.271912
1487.748047	331.567169
1484.209961	311.614075
1480.669922	314.281036
1477.128906	308.474457
1473.584961	297.029358
1470.040039	291.237122
1466.493164	273.468781
1462.944336	270.511963
1459.393555	262.629333
1455.840820	277.978088
1452.287109	268.692657
1448.730469	269.961945
1445.172852	259.987122
1441.613281	262.663910
1438.051758	249.192978
1434.488281	245.557953
1430.922852	244.030228
1427.356445	233.392532
1423.787109	226.268173
1420.216797	216.350342
1416.644531	226.736893
1413.070313	219.626526
1409.494141	218.116043
1405.916016	209.619675
1402.336914	222.083145
1398.754883	208.707123
1395.171875	204.414276
1391.585938	186.179672
1387.999023	200.023132
1384.410156	188.775162
1380.819336	171.968781
1377.226563	167.009415
1373.632813	171.792267
1370.036133	185.607178
1366.438477	166.752167
1362.837891	169.444214
1359.236328	158.251678
1355.632813	167.188721
1352.027344	148.381607
1348.419922	162.165497
1344.810547	146.843460
1341.199219	144.690872
1337.585938	139.772644
1333.970703	139.008957
1330.354492	134.789825
1326.735352	131.956741
1323.115234	129.817032
1319.493164	139.412170
1315.869141	131.062469
1312.242188	120.652985
1308.614258	121.968735
1304.984375	131.547836
1301.353516	110.140068
1297.719727	124.531395
1294.083984	113.464249
1290.446289	108.594269
1286.807617	103.042336
1283.166016	101.615669
1279.523438	111.856438
1275.877930	104.939529
1272.231445	100.086327
1268.582031	107.571121
1264.931641	96.558197
1261.279297	97.876854
1257.625000	88.248535
1253.968750	90.253784
1250.310547	82.689522
1246.650391	88.793663
1242.988281	76.459259
1239.324219	93.477249
1235.658203	75.015541
1231.990234	82.473999
1228.320313	79.024666
1224.648438	80.345139
1220.975586	82.344719
1217.299805	74.139488
1213.622070	71.381386
1209.943359	72.023468
1206.261719	80.135056
1202.578125	68.554222
1198.893555	69.875069
1195.206055	61.701893
1191.517578	56.925694
1187.826172	60.959785
1184.133789	59.573807
1180.438477	60.219112
1176.742188	56.129864
1173.042969	66.238945
1169.342773	64.852974
1165.639648	64.818825
1161.935547	52.637547
1158.228516	47.888409
1154.520508	48.537281
1150.809570	60.639591
1147.097656	50.506321
1143.382813	56.537205
1139.666992	55.834629
1135.948242	45.047501
1132.227539	51.071636
1128.505859	45.671497
1124.781250	42.290901
1121.055664	42.939434
1117.327148	36.881523
1113.596680	46.915241
1109.865234	45.550632
1106.130859	44.187450
1102.394531	46.171448
1098.657227	45.478130
1094.916992	42.780205
1091.174805	46.765976
1087.430664	35.389690
1083.684570	38.040359
1079.936523	38.020107
1076.186523	32.666542
1072.434570	35.980682
1068.680664	37.959358
1064.924805	36.607914
1061.166992	37.918865
1057.406250	33.909290
1053.644531	26.581316
1049.880859	35.201420
1046.114258	39.165535
1042.346680	36.490715
1038.576172	27.850721
1034.803711	31.149595
1031.030273	31.795309
1027.253906	29.130077
1023.475586	23.159227
1019.695313	34.389534
1015.913086	31.727144
1012.128906	29.728224
1008.342773	17.827351
1004.553711	25.736773
