4046.277344	229.548981
4043.892578	210.681946
4041.505859	234.697281
4039.119141	244.030823
4036.731445	233.465256
4034.342773	249.070862
4031.952148	241.649811
4029.561523	229.006104
4027.169922	256.092834
4024.777344	245.542969
4022.383789	263.201538
4019.989258	246.392853
4017.593750	254.644348
4015.197266	259.759613
4012.799805	261.742340
4010.401367	250.172440
4008.001953	254.241180
4005.601563	286.428741
4003.201172	255.080765
4000.798828	263.305420
3998.395508	275.684784
3995.991211	284.934479
3993.585938	288.979309
3991.180664	266.004730
3988.773438	283.556366
3986.365234	275.137573
3983.957031	275.028137
3981.546875	292.555023
3979.135742	302.808716
3976.724609	287.139099
3974.311523	327.436157
3971.898438	339.735016
3969.483398	321.998413
3967.068359	326.009827
3964.651367	310.361694
3962.234375	297.828339
3959.815430	319.417450
3957.396484	331.689514
3954.975586	328.458344
3952.554688	334.521942
3950.131836	341.612671
3947.708984	360.045746
3945.284180	351.651825
3942.859375	355.634399
3940.432617	384.343567
3938.005859	354.319702
3935.577148	351.088989
3933.148438	349.919128
3930.718750	374.469147
3928.287109	375.347321
3925.855469	389.587860
3923.421875	399.706757
3920.988281	403.654755
3918.552734	392.198975
3916.117188	406.409424
3913.680664	413.427246
3911.242188	415.311981
3908.803711	411.044769
3906.363281	411.904053
3903.922852	439.392395
3901.480469	435.120270
3899.038086	443.132263
3896.593750	448.068695
3894.149414	462.204224
3891.703125	455.884949
3889.256836	464.896881
3886.808594	439.175873
3884.360352	480.856689
3881.910156	483.724152
3879.459961	476.388123
3877.007813	499.648621
3874.555664	486.196106
3872.101563	489.056213
3869.646484	514.319885
3867.191406	531.418579
3864.734375	502.709930
3862.277344	507.592560
3859.818359	539.924927
3857.358398	531.575134
3854.897461	563.871277
3852.436523	539.269043
3849.973633	558.338501
3847.509766	562.171082
3845.044922	536.584595
3842.579102	560.701111
3840.113281	588.851929
3837.645508	577.468689
3835.176758	598.500671
3832.707031	615.466248
3830.236328	623.311096
3827.764648	613.954529
3825.291992	629.881592
3822.818359	663.986938
3820.343750	625.328247
3817.868164	638.201233
3815.390625	681.345581
3812.913086	655.843323
3810.434570	677.764771
3807.955078	656.317017
3805.473633	677.212341
3802.992188	681.972839
3800.509766	704.854065
3798.025391	696.514221
3795.541016	735.468262
3793.054688	719.076721
3790.568359	727.830566
3788.080078	727.533203
3785.591797	718.195557
3783.101563	698.824829
3780.610352	778.830811
3778.119141	777.508911
3775.625977	777.190735
3773.131836	770.858032
3770.636719	805.612549
3768.140625	816.300110
3765.643555	823.975098
3763.145508	806.624146
3760.646484	826.300720
3758.146484	824.961853
3755.645508	826.622498
3753.143555	870.245117
3750.639648	889.862305
3748.135742	875.520508
3745.630859	889.131470
3743.124023	928.665833
3740.617188	942.243286
3738.108398	958.799377
3735.599609	977.334045
3733.088867	962.989990
3730.577148	994.447876
3728.064453	1017.919312
3725.551758	999.596985
3723.037109	1024.040527
3720.521484	1023.618652
3718.004883	1012.269470
3715.487305	1057.529419
3712.967773	1059.078491
3710.448242	1032.845337
3707.927734	1089.941040
3705.406250	1093.456543
3702.882813	1080.122925
3700.359375	1132.174805
3697.833984	1122.796021
3695.308594	1164.889648
3692.781250	1152.536499
3690.252930	1154.037720
3687.723633	1174.318604
3685.193359	1188.653809
3682.662109	1191.124878
3680.129883	1218.275024
3677.596680	1200.007324
3675.062500	1237.981323
3672.527344	1250.286865
3669.990234	1252.725464
3667.453125	1265.013916
3664.915039	1288.124634
3662.375000	1327.950562
3659.833984	1312.639771
3657.292969	1345.536743
3654.750000	1355.792969
3652.206055	1394.540405
3649.661133	1381.190552
3647.115234	1402.219482
3644.568359	1422.248901
3642.019531	1397.129395
3639.470703	1458.333862
3636.920898	1493.018433
3634.369141	1458.100464
3631.817383	1481.001587
3629.263672	1521.506836
3626.708984	1493.469971
3624.153320	1545.674683
3621.596680	1539.163452
3619.039063	1528.747314
3616.480469	1584.778931
3613.920898	1620.253906
3611.360352	1610.791870
3608.797852	1636.467163
3606.235352	1663.095947
3603.670898	1679.951782
3601.105469	1737.726685
3598.540039	1699.981201
3595.972656	1750.881836
3593.404297	1755.016968
3590.834961	1763.040039
3588.264648	1818.712036
3585.692383	1859.754395
3583.120117	1814.275269
3580.545898	1859.169434
3577.971680	1917.618774
3575.395508	1937.197144
3572.818359	1974.220825
3570.240234	1990.848633
3567.661133	2042.357544
3565.081055	2075.413330
3562.500000	2094.881592
3559.917969	2065.927979
3557.333984	2139.573730
3554.750000	2197.680420
3552.164063	2170.651855
3549.577148	2232.561523
3546.989258	2256.741455
3544.400391	2302.145264
3541.810547	2224.922363
3539.219727	2319.507568
3536.626953	2329.141113
3534.034180	2402.392822
3531.439453	2439.927490
3528.844727	2501.510742
3526.248047	2487.941162
3523.650391	2494.593018
3521.051758	2581.085693
3518.451172	2524.225098
3515.850586	2587.562012
3513.249023	2624.903320
3510.645508	2678.539307
3508.041016	2722.529053
3505.436523	2710.825195
3502.830078	2764.354736
3500.222656	2801.539063
3497.613281	2828.148926
3495.003906	2880.600830
3492.393555	2949.286133
3489.781250	3006.426514
3487.167969	2990.804688
3484.553711	2962.762695
3481.938477	3082.914795
3479.322266	3091.166260
3476.705078	3123.288330
3474.086914	3138.197266
3471.466797	3180.767822
3468.845703	3201.361572
3466.224609	3241.960449
3463.601563	3384.507568
3460.977539	3392.600586
3458.351563	3413.065918
3455.725586	3459.214111
3453.098633	3565.266846
3450.469727	3470.547363
3447.839844	3595.516846
3445.208984	3659.561035
3442.577148	3639.959961
3439.944336	3727.665771
3437.310547	3783.027588
3434.674805	3798.496826
3432.039063	3865.158447
3429.401367	3962.094238
3426.762695	3917.773926
3424.123047	3993.767090
3421.481445	4007.215088
3418.839844	4172.998047
3416.197266	4225.136230
3413.552734	4283.846680
3410.907227	4385.033203
3408.260742	4393.557129
3405.613281	4564.482422
3402.963867	4482.311035
3400.314453	4597.387207
3397.663086	4648.237793
3395.011719	4699.043457
3392.358398	4754.515625
3389.704102	4796.753418
3387.047852	4884.142090
3384.391602	4973.337402
3381.733398	5142.408203
3379.075195	5156.196289
3376.415039	5198.165527
3373.753906	5183.731934
3371.090820	5332.699219
3368.427734	5447.747070
3365.762695	5517.660645
3363.097656	5592.201660
3360.430664	5675.114258
3357.762695	5716.726074
3355.092773	5735.821289
3352.422852	5898.139160
3349.750977	5967.671387
3347.079102	5938.923828
3344.405273	6071.020996
3341.729492	6104.869141
3339.053711	6140.555176
3336.376953	6215.428711
3333.698242	6381.709961
3331.018555	6411.627930
3328.337891	6556.229004
3325.656250	6577.652832
3322.973633	6665.214355
3320.289063	6721.962891
3317.604492	6827.072754
3314.917969	7008.400391
3312.230469	6975.622559
3309.541016	7073.973633
3306.851563	7111.826660
3304.160156	7234.184570
3301.467773	7245.931152
3298.774414	7435.881348
3296.080078	7500.411621
3293.384766	7530.570313
3290.687500	7623.737793
3287.990234	7719.602051
3285.291016	7874.659668
3282.589844	7896.264160
3279.888672	7909.519043
3277.186523	7981.960938
3274.482422	8250.357422
3271.777344	8256.041992
3269.071289	8347.633789
3266.364258	8528.716797
3263.655273	8657.028320
3260.945313	8905.167969
3258.234375	8829.389648
3255.522461	9057.876953
3252.809570	9090.821289
3250.095703	9298.731445
3247.379883	9345.347656
3244.663086	9519.833008
3241.945313	9566.308594
3239.226563	9638.484375
3236.505859	9878.780273
3233.784180	9951.671875
3231.061523	10108.976563
3228.337891	10209.235352
3225.613281	10496.564453
3222.886719	10523.199219
3220.160156	10606.639648
3217.431641	10734.901367
3214.702148	10936.317383
3211.970703	11089.037109
3209.239258	11299.270508
3206.505859	11390.410156
3203.771484	11531.752930
3201.035156	11692.161133
3198.298828	11792.136719
3195.560547	11921.241211
3192.821289	12108.642578
3190.081055	12125.278320
3187.339844	12347.985352
3184.596680	12613.334961
3181.853516	12772.762695
3179.108398	12735.334961
3176.361328	13002.890625
3173.614258	13019.073242
3170.865234	13105.271484
3168.115234	13387.760742
3165.364258	13536.417969
3162.612305	13509.633789
3159.858398	13671.718750
3157.104492	13676.655273
3154.347656	14018.133789
3151.590820	14010.211914
3148.833008	14266.042969
3146.073242	14412.930664
3143.312500	14620.359375
3140.550781	14547.000000
3137.787109	14743.323242
3135.023438	14955.750000
3132.257813	15132.732422
3129.491211	15171.305664
3126.722656	15418.478516
3123.954102	15518.275391
3121.183594	15544.884766
3118.412109	15811.402344
3115.638672	16136.288086
3112.865234	16214.849609
3110.089844	15985.253906
3107.313477	16386.160156
3104.536133	16621.103516
3101.756836	16637.220703
3098.976563	16968.958984
3096.195313	16967.822266
3093.413086	17122.117188
3090.628906	17118.208984
3087.844727	17608.923828
3085.058594	17634.408203
3082.270508	18180.958984
3079.482422	18329.876953
3076.692383	18541.386719
3073.901367	18534.150391
3071.109375	18775.814453
3068.315430	19092.433594
3065.520508	19207.500000
3062.724609	19372.533203
3059.927734	19563.332031
3057.128906	19657.476563
3054.329102	19979.238281
3051.528320	20058.824219
3048.726563	20413.126953
3045.922852	20706.468750
3043.118164	20670.623047
3040.312500	20976.056641
3037.505859	20944.562500
3034.697266	21039.501953
3031.887695	21363.039063
3029.077148	21502.169922
3026.264648	21762.083984
3023.452148	21678.740234
3020.637695	22009.396484
3017.821289	22076.054688
3015.004883	22268.669922
3012.186523	22463.771484
3009.367188	22701.255859
3006.545898	22969.542969
3003.724609	23024.968750
3000.901367	23277.810547
2998.077148	23518.029297
2995.250977	23726.179688
2992.423828	23762.574219
2989.595703	23677.826172
2986.766602	24125.056641
2983.935547	24241.576172
2981.104492	24386.232422
2978.270508	24330.451172
2975.436523	24721.888672
2972.600586	24844.080078
2969.763672	24958.224609
2966.925781	25103.091797
2964.085938	25032.990234
2961.245117	25467.220703
2958.403320	25535.994141
2955.560547	25978.394531
2952.715820	25871.966797
2949.870117	25975.587891
2947.023438	26299.513672
2944.174805	26239.582031
2941.325195	26532.382813
2938.474609	26868.763672
2935.622070	26871.746094
2932.768555	26817.767578
2929.914063	27214.855469
2927.058594	27309.572266
2924.201172	27390.197266
2921.342773	27612.427734
2918.483398	27937.613281
2915.622070	28233.666016
2912.759766	28146.875000
2909.896484	28416.361328
2907.032227	28661.164063
2904.166016	28799.324219
2901.298828	28989.664063
2898.429688	28998.554688
2895.559570	29422.080078
2892.688477	29339.324219
2889.816406	29832.802734
2886.942383	29660.314453
2884.067383	30002.755859
2881.191406	30364.875000
2878.314453	30250.562500
2875.435547	30468.074219
2872.554688	30810.378906
2869.673828	31014.414063
2866.791016	31262.488281
2863.907227	31315.287109
2861.021484	31380.162109
2858.134766	31636.373047
2855.247070	31897.541016
2852.358398	31839.164063
2849.467773	32098.257813
2846.576172	32268.064453
2843.682617	32338.330078
2840.789063	32177.035156
2837.893555	32420.798828
2834.996094	32741.142578
2832.097656	32806.718750
2829.198242	32963.621094
2826.297852	33357.382813
2823.395508	33001.316406
2820.492188	33054.562500
2817.587891	33535.511719
2814.681641	33254.660156
2811.774414	33275.015625
2808.866211	33401.066406
2805.956055	33579.398438
2803.044922	34101.921875
2800.131836	33786.199219
2797.218750	34061.042969
2794.303711	33971.148438
2791.386719	34236.210938
2788.468750	34112.882813
2785.549805	34193.488281
2782.629883	34162.722656
2779.708008	34354.453125
2776.785156	34333.027344
2773.860352	34636.476563
2770.935547	34729.433594
2768.007813	34704.421875
2765.080078	34810.902344
2762.150391	34655.289063
2759.219727	34876.824219
2756.287109	34879.886719
2753.353516	35164.164063
2750.418945	35206.257813
2747.482422	35154.640625
2744.544922	35184.761719
2741.606445	35407.097656
2738.666016	35702.351563
2735.724609	35429.582031
2732.782227	35332.050781
2729.837891	35440.093750
2726.892578	35468.242188
2723.945313	35767.835938
2720.997070	35546.476563
2718.047852	35645.703125
2715.097656	35620.289063
2712.145508	35531.371094
2709.191406	35773.492188
2706.237305	35729.406250
2703.281250	35807.976563
2700.323242	35297.277344
2697.364258	35788.277344
2694.404297	35625.984375
2691.443359	35710.324219
2688.480469	35453.683594
2685.515625	35331.363281
2682.550781	35437.609375
2679.583984	35655.816406
2676.615234	35678.410156
2673.646484	35507.339844
2670.674805	35301.070313
2667.703125	35092.453125
2664.729492	35285.886719
2661.754883	35133.746094
2658.778320	35015.332031
2655.800781	35024.632813
2652.821289	34767.042969
2649.840820	34648.921875
2646.859375	34442.023438
2643.876953	34271.335938
2640.892578	34531.371094
2637.906250	34523.214844
2634.918945	34161.035156
2631.930664	33928.839844
2628.941406	34022.949219
2625.950195	33952.312500
2622.957031	33804.039063
2619.963867	33822.890625
2616.967773	33455.273438
2613.971680	33456.730469
2610.973633	33048.730469
2607.974609	32961.996094
2604.973633	32843.671875
2601.971680	32478.949219
2598.967773	32731.335938
2595.962891	32356.160156
2592.957031	32082.773438
2589.949219	32170.378906
2586.940430	31775.169922
2583.929688	31662.673828
2580.917969	31629.126953
2577.905273	31460.357422
2574.890625	31326.564453
2571.875000	31166.357422
2568.857422	30906.027344
2565.838867	30592.093750
2562.819336	30703.109375
2559.797852	30428.423828
2556.775391	30134.957031
2553.750977	29886.390625
2550.725586	29760.335938
2547.698242	29313.101563
2544.669922	29187.404297
2541.640625	29261.505859
2538.609375	28826.630859
2535.577148	28770.552734
2532.542969	28676.611328
2529.507813	28408.953125
2526.471680	28026.271484
2523.433594	27577.277344
2520.393555	27818.787109
2517.353516	27314.373047
2514.310547	27375.796875
2511.267578	26949.244141
2508.222656	26965.603516
2505.175781	26649.578125
2502.127930	26237.863281
2499.079102	26116.759766
2496.028320	25850.705078
2492.976563	25438.261719
2489.922852	25481.417969
2486.868164	25272.464844
2483.812500	25012.162109
2480.754883	24725.925781
2477.695313	24409.707031
2474.634766	24137.066406
2471.573242	23870.382813
2468.509766	23785.117188
2465.445313	23594.691406
2462.378906	23376.708984
2459.311523	23154.845703
2456.242188	22862.308594
2453.171875	22521.992188
2450.100586	22361.847656
2447.027344	21868.310547
2443.953125	21772.835938
2440.876953	21426.306641
2437.799805	21273.431641
2434.720703	21184.839844
2431.640625	20849.589844
2428.558594	20812.369141
2425.475586	20548.945313
2422.390625	20392.742188
2419.304688	20186.449219
2416.217773	19895.316406
2413.128906	19604.449219
2410.038086	19372.089844
2406.946289	19269.318359
2403.853516	18892.640625
2400.758789	18674.648438
2397.663086	18536.794922
2394.565430	18236.830078
2391.466797	18169.480469
2388.366211	17927.205078
2385.264648	17655.326172
2382.161133	17486.007813
2379.056641	17231.484375
2375.950195	17268.556641
2372.842773	16852.654297
2369.734375	16640.576172
2366.624023	16559.701172
2363.511719	16283.674805
2360.398438	16193.393555
2357.284180	15844.744141
2354.167969	15753.937500
2351.049805	15711.323242
2347.930664	15462.754883
2344.810547	15119.878906
2341.688477	14901.434570
2338.564453	14844.868164
2335.439453	14709.948242
2332.313477	14477.591797
2329.185547	14410.895508
2326.056641	14106.984375
2322.925781	13923.129883
2319.792969	13736.250977
2316.660156	13587.036133
2313.524414	13484.206055
2310.387695	13218.075195
2307.250000	13050.973633
2304.110352	13008.246094
2300.969727	12742.696289
2297.827148	12601.496094
2294.682617	12529.603516
2291.537109	12266.225586
2288.390625	12188.192383
2285.242188	11941.093750
2282.092773	11829.942383
2278.941406	11667.326172
2275.788086	11628.557617
2272.633789	11310.041992
2269.478516	11231.858398
2266.321289	11149.785156
2263.162109	10889.707031
2260.001953	10795.206055
2256.840820	10628.833984
2253.676758	10491.067383
2250.512695	10445.063477
2247.346680	10320.138672
2244.178711	10194.538086
2241.009766	9893.135742
2237.838867	9930.276367
2234.666992	9767.195313
2231.493164	9500.281250
2228.318359	9382.429688
2225.141602	9396.904297
2221.963867	9158.849609
2218.784180	9062.543945
2215.602539	8943.535156
2212.419922	8804.997070
2209.236328	8748.242188
2206.050781	8548.707031
2202.863281	8540.754883
2199.674805	8325.817383
2196.485352	8334.428711
2193.292969	8121.352539
2190.100586	7983.636719
2186.905273	7943.086914
2183.709961	7756.300781
2180.511719	7801.892090
2177.312500	7669.264160
2174.112305	7513.326172
2170.910156	7372.366699
2167.706055	7240.902344
2164.500977	7151.678223
2161.294922	7113.990723
2158.085938	6961.787598
2154.876953	6956.933594
2151.665039	6804.943359
2148.452148	6711.455078
2145.238281	6635.164063
2142.022461	6555.055664
2138.804688	6459.480469
2135.585938	6433.893555
2132.365234	6284.896973
2129.143555	6260.187988
2125.919922	6099.777344
2122.695313	6013.160156
2119.468750	5939.020020
2116.240234	5795.247070
2113.010742	5703.472656
2109.780273	5718.556641
2106.546875	5560.393066
2103.312500	5565.478027
2100.077148	5428.394531
2096.839844	5323.873535
2093.600586	5283.516602
2090.360352	5233.937500
2087.119141	5108.061035
2083.875000	5068.629395
2080.629883	4994.564453
2077.383789	4970.621582
2074.135742	4851.260254
2070.885742	4811.249023
2067.634766	4683.615234
2064.381836	4632.958984
2061.127930	4671.461426
2057.871094	4553.285645
2054.614258	4475.897461
2051.355469	4397.814453
2048.094727	4364.275391
2044.832031	4295.513184
2041.568359	4220.687500
2038.303711	4198.760742
2035.037109	4056.705811
2031.768555	4040.229736
2028.498047	3929.729492
2025.226563	3946.186523
2021.954102	3805.281982
2018.678711	3843.919678
2015.403320	3742.876221
2012.125000	3705.233154
2008.845703	3560.134521
2005.564453	3535.565918
2002.282227	3527.775146
1998.998047	3463.658447
1995.712891	3425.471680
1992.424805	3348.534180
1989.136719	3280.031250
1985.845703	3224.509033
1982.553711	3223.716797
1979.260742	3095.403809
1975.964844	3026.390625
1972.667969	3067.398926
1969.370117	3003.768799
1966.070313	2890.955811
1962.768555	2891.833740
1959.465820	2865.462891
1956.161133	2798.265625
1952.854492	2777.256104
1949.546875	2724.523682
1946.237305	2710.366211
1942.925781	2663.755127
1939.613281	2654.921387
1936.298828	2578.207764
1932.982422	2532.479004
1929.665039	2510.907471
1926.346680	2434.371826
1923.025391	2421.901123
1919.703125	2411.698730
1916.378906	2371.420898
1913.053711	2371.023682
1909.726563	2294.736084
1906.397461	2259.076660
1903.067383	2203.183105
1899.735352	2167.600830
1896.401367	2180.797607
1893.066406	2172.992920
1889.729492	2107.506592
1886.390625	2054.812988
1883.050781	2048.575195
1879.708984	1998.952393
1876.365234	1944.890381
1873.020508	1937.218018
1869.673828	1920.588135
1866.326172	1847.974365
1862.975586	1838.865479
1859.624023	1809.624512
1856.271484	1731.204102
1852.916016	1764.639648
1849.559570	1758.565552
1846.202148	1721.228638
1842.841797	1655.651123
1839.480469	1697.236816
1836.118164	1609.432129
1832.752930	1629.450806
1829.386719	1557.359375
1826.018555	1572.928955
1822.649414	1535.063232
1819.278320	1492.042969
1815.905273	1491.313110
1812.531250	1443.169189
1809.154297	1452.088989
1805.777344	1430.654541
1802.397461	1402.582642
1799.016602	1390.804443
1795.633789	1335.434204
1792.249023	1335.518066
1788.863281	1311.237061
1785.475586	1272.958374
1782.085938	1281.184448
1778.694336	1227.475342
1775.301758	1195.924316
1771.907227	1200.492065
1768.510742	1174.873413
1765.113281	1183.860718
1761.713867	1115.620483
1758.312500	1154.029175
1754.910156	1083.665649
1751.505859	1063.305176
1748.099609	1075.258789
1744.691406	1043.917603
1741.282227	1026.538452
1737.871094	1014.306152
1734.458008	1022.596069
1731.042969	1000.126709
1727.626953	986.460693
1724.208984	967.687683
1720.790039	933.580261
1717.368164	926.542480
1713.945313	943.612854
1710.520508	915.406616
1707.093750	898.901917
1703.666016	893.352173
1700.236328	868.127075
1696.804688	846.569336
1693.371094	822.119873
1689.936523	805.700256
1686.500000	823.487366
1683.061523	776.544434
1679.622070	764.531311
1676.179688	756.161621
1672.736328	734.005615
1669.291016	756.862061
1665.844727	712.968140
1662.396484	726.387512
1658.945313	694.144958
1655.494141	677.866882
1652.040039	652.194580
1648.584961	652.593384
1645.126953	645.760193
1641.668945	622.309631
1638.208008	665.344421
1634.745117	626.743774
1631.281250	603.336975
1627.815430	595.101257
1624.347656	578.942810
1620.878906	582.977417
1617.408203	550.274719
1613.935547	555.758911
1610.460938	556.200684
1606.984375	553.765015
1603.506836	538.392822
1600.027344	526.628113
1596.545898	499.794891
1593.062500	504.568756
1589.577148	491.403168
1586.090820	465.344238
1582.602539	476.577454
1579.112305	468.459106
1575.620117	456.053070
1572.126953	475.144806
1568.630859	426.986450
1565.133789	466.089294
1561.634766	459.424530
1558.133789	402.776306
1554.631836	423.273438
1551.127930	393.096649
1547.621094	395.751038
1544.114258	397.689880
1540.604492	378.968536
1537.092773	395.865265
1533.580078	372.893555
1530.065430	369.149139
1526.548828	366.119263
1523.030273	360.960602
1519.509766	361.488525
1515.988281	331.492859
1512.463867	340.548553
1508.938477	324.066681
1505.411133	311.853882
1501.882813	301.070099
1498.351563	315.786591
1494.818359	321.288177
1491.284180	308.393585
1487.748047	292.684021
1484.209961	279.816711
1480.669922	276.143555
1477.128906	267.532745
1473.584961	282.918701
1470.040039	252.452530
1466.493164	267.125427
1462.944336	252.196060
1459.393555	253.476044
1455.840820	244.198471
1452.287109	238.447159
1448.730469	239.028809
1445.172852	242.420425
1441.613281	227.548431
1438.051758	242.875397
1434.488281	218.195770
1430.922852	212.474594
1427.356445	198.348602
1423.787109	198.947876
1420.216797	206.548065
1416.644531	214.840195
1413.070313	201.440887
1409.494141	201.337891
1405.916016	198.439972
1402.336914	183.672546
1398.754883	179.390411
1395.171875	178.600861
1391.585938	164.563309
1387.999023	179.114792
1384.410156	172.057053
1380.819336	172.665024
1377.226563	155.875458
1373.632813	155.795410
1370.036133	155.715378
1366.438477	155.635361
1362.837891	147.916458
1359.236328	147.840378
1355.632813	141.520737
1352.027344	149.768356
1348.419922	130.286804
1344.810547	142.687515
1341.199219	130.844849
1337.585938	128.009613
1333.970703	119.644524
1330.354492	136.863525
1326.735352	122.284515
1323.115234	124.292900
1319.493164	121.468025
1315.869141	110.368393
1312.242188	115.137421
1308.614258	107.497864
1304.984375	117.773193
1301.353516	108.074944
1297.719727	104.578850
1294.083984	102.461655
1290.446289	109.281570
1286.807617	103.729286
1283.166016	98.182701
1279.523438	93.328072
1275.877930	98.766617
1272.231445	90.489014
1268.582031	98.663956
1264.931641	80.122765
1261.279297	82.134422
1257.625000	84.143951
1253.968750	84.783859
1250.310547	88.839981
1246.650391	73.767044
1242.988281	81.237961
1239.324219	88.018723
1235.658203	68.195946
1231.990234	77.021172
1228.320313	75.618431
1224.648438	68.089096
1220.975586	65.331345
1217.299805	68.017876
1213.622070	76.819969
1209.943359	67.946671
1206.261719	71.306618
1202.578125	61.087921
1198.893555	67.161469
1195.206055	59.667763
1191.517578	56.248009
1187.826172	58.927792
1184.133789	56.865906
1180.438477	52.099682
1176.742188	52.748547
1173.042969	54.748516
1169.342773	51.341938
1165.639648	58.066860
1161.935547	62.760151
1158.228516	59.354645
1154.520508	52.582054
1150.809570	46.490353
1147.097656	57.913914
1143.382813	47.114338
1139.666992	43.725914
1135.948242	50.426308
1132.227539	39.647717
1128.505859	45.671497
1124.781250	49.003742
1121.055664	47.635933
1117.327148	42.246109
1113.596680	40.213062
1109.865234	40.191734
1106.130859	42.178932
1102.394531	36.803329
1098.657227	36.783783
1094.916992	34.758915
1091.174805	38.080864
1087.430664	34.054230
1083.684570	39.375107
1079.936523	38.687126
1076.186523	35.333199
1072.434570	34.648064
1068.680664	30.633869
1064.924805	36.607914
1061.166992	32.596920
1057.406250	31.249739
1053.644531	28.574915
1049.880859	31.216354
1046.114258	35.182598
1042.346680	31.846441
1038.576172	30.503172
1034.803711	27.173050
1031.030273	21.196873
1027.253906	29.130077
1023.475586	25.805996
1019.695313	27.776161
1015.913086	23.134377
1012.128906	25.764460
1008.342773	24.430073
1004.553711	18.477684
