4046.277344	212.778290
4043.892578	211.730118
4041.505859	204.312363
4039.119141	212.610535
4036.731445	222.995956
4034.342773	199.884598
4031.952148	231.188782
4029.561523	218.549210
4027.169922	216.372299
4024.777344	234.049469
4022.383789	220.379074
4019.989258	233.864395
4017.593750	232.728241
4015.197266	233.679337
4012.799805	240.886383
4010.401367	241.833344
4008.001953	241.737518
4005.601563	239.558578
4003.201172	242.587006
4000.798828	263.305420
3998.395508	259.039673
3995.991211	230.859329
3993.585938	244.281067
3991.180664	238.988617
3988.773438	277.324341
3986.365234	256.448975
3983.957031	271.914612
3981.546875	260.394714
3979.135742	286.216461
3976.724609	264.333832
3974.311523	278.735229
3971.898438	283.803040
3969.483398	296.114288
3967.068359	295.996216
3964.651367	278.290985
3962.234375	269.906952
3959.815430	313.215149
3957.396484	292.424072
3954.975586	302.636139
3952.554688	312.839966
3950.131836	318.907288
3947.708984	324.969666
3945.284180	340.308228
3942.859375	306.154846
3940.432617	339.005463
3938.005859	327.539703
3935.577148	320.201385
3933.148438	332.423187
3930.718750	348.750092
3928.287109	339.355103
3925.855469	313.520569
3923.421875	375.046173
3920.988281	356.407623
3918.552734	347.024231
3916.117188	354.068817
3913.680664	378.547516
3911.242188	364.038879
3908.803711	370.042816
3906.363281	369.893951
3903.922852	403.544525
3901.480469	408.501160
3899.038086	428.804657
3896.593750	397.942291
3894.149414	388.578766
3891.703125	397.621613
3889.256836	393.374268
3886.808594	397.300964
3884.360352	408.370880
3881.910156	424.534271
3879.459961	427.423187
3877.007813	430.309631
3874.555664	444.405670
3872.101563	442.188324
3869.646484	448.120270
3867.191406	450.993164
3864.734375	447.757813
3862.277344	475.041534
3859.818359	456.546692
3857.358398	502.099640
3854.897461	485.640472
3852.436523	462.085510
3849.973633	461.898193
3847.509766	469.828888
3845.044922	489.925079
3842.579102	512.032654
3840.113281	525.000488
3837.645508	486.289429
3835.176758	486.091919
3832.707031	541.569824
3830.236328	561.587097
3827.764648	546.186890
3825.291992	540.909546
3822.818359	566.966003
3820.343750	553.602356
3817.868164	565.494751
3815.390625	555.170471
3812.913086	574.115112
3810.434570	573.881226
3807.955078	580.704468
3805.473633	567.366882
3802.992188	598.363159
3800.509766	594.091309
3798.025391	625.051086
3795.541016	638.881470
3793.054688	651.694702
3790.568359	636.349121
3788.080078	615.991516
3785.591797	628.797791
3783.101563	610.467651
3780.610352	674.451416
3778.119141	688.220825
3775.625977	695.961731
3773.131836	698.684082
3770.636719	718.438049
3768.140625	686.092712
3765.643555	708.838806
3763.145508	702.543640
3760.646484	736.267944
3758.146484	728.966309
3755.645508	777.644836
3753.143555	779.323975
3750.639648	794.983582
3748.135742	749.733032
3745.630859	775.370544
3743.124023	796.996826
3740.617188	818.605042
3738.108398	814.281799
3735.599609	816.935669
3733.088867	848.466858
3730.577148	875.990112
3728.064453	862.694092
3725.551758	859.354980
3723.037109	899.763794
3720.521484	907.343506
3718.004883	895.048828
3715.487305	902.623718
3712.967773	933.021362
3710.448242	916.761841
3707.927734	961.012573
3705.406250	936.823608
3702.882813	968.146851
3700.359375	968.737549
3697.833984	972.297791
3695.308594	989.710815
3692.781250	1043.713257
3690.252930	1043.281738
3687.723633	1022.092041
3685.193359	1048.347168
3682.662109	1060.753052
3680.129883	1084.008057
3677.596680	1080.598633
3675.062500	1093.961182
3672.527344	1102.382202
3669.990234	1107.839111
3667.453125	1116.246704
3664.915039	1102.981323
3662.375000	1135.008911
3659.833984	1191.609253
3657.292969	1186.196777
3654.750000	1135.562622
3652.206055	1197.987915
3649.661133	1233.837402
3647.115234	1240.198242
3644.568359	1265.202759
3642.019531	1262.714478
3639.470703	1237.671387
3636.920898	1264.605347
3634.369141	1322.873413
3631.817383	1293.917358
3629.263672	1332.542236
3626.708984	1343.731567
3624.153320	1363.715576
3621.596680	1368.036621
3619.039063	1393.857788
3616.480469	1400.116089
3613.920898	1450.317627
3611.360352	1468.261230
3608.797852	1456.914307
3606.235352	1473.863892
3603.670898	1513.224121
3601.105469	1544.754272
3598.540039	1527.547485
3595.972656	1569.756226
3593.404297	1606.088745
3590.834961	1620.011963
3588.264648	1635.868286
3585.692383	1635.183960
3583.120117	1684.059448
3580.545898	1667.812988
3577.971680	1701.097778
3575.395508	1716.884644
3572.818359	1735.568115
3570.240234	1786.236328
3567.661133	1854.309448
3565.081055	1744.044800
3562.500000	1824.668091
3559.917969	1859.722412
3557.333984	1897.649902
3554.750000	1869.769409
3552.164063	1922.163086
3549.577148	1932.953613
3546.989258	2022.952393
3544.400391	2019.205444
3541.810547	2012.565308
3539.219727	2035.840698
3536.626953	2034.984619
3534.034180	2070.762207
3531.439453	2107.472900
3528.844727	2146.078613
3526.248047	2185.613770
3523.650391	2240.513916
3521.051758	2266.506836
3518.451172	2265.552002
3515.850586	2283.821533
3513.249023	2279.015625
3510.645508	2318.391357
3508.041016	2338.533447
3505.436523	2413.354248
3502.830078	2458.376465
3500.222656	2436.245850
3497.613281	2501.344971
3495.003906	2516.574219
3492.393555	2528.916992
3489.781250	2633.135742
3487.167969	2624.368896
3484.553711	2665.338867
3481.938477	2685.242676
3479.322266	2701.306641
3476.705078	2768.933594
3474.086914	2713.342285
3471.466797	2834.347656
3468.845703	2862.719238
3466.224609	2898.694092
3463.601563	2962.278076
3460.977539	3016.280029
3458.351563	3037.857178
3455.725586	3113.673584
3453.098633	3046.699707
3450.469727	3102.473389
3447.839844	3170.557617
3445.208984	3166.361328
3442.577148	3319.848633
3439.944336	3306.095947
3437.310547	3334.113281
3434.674805	3396.258301
3432.039063	3447.918457
3429.401367	3464.462646
3426.762695	3565.316406
3424.123047	3548.647217
3421.481445	3630.444092
3418.839844	3703.654053
3416.197266	3722.886719
3413.552734	3764.792969
3410.907227	3838.794189
3408.260742	3899.506104
3405.613281	3865.740723
3402.963867	3918.836426
3400.314453	4040.757080
3397.663086	4082.414307
3395.011719	4100.469238
3392.358398	4216.499512
3389.704102	4194.922363
3387.047852	4212.902344
3384.391602	4322.145508
3381.733398	4402.134766
3379.075195	4521.543945
3376.415039	4612.655273
3373.753906	4585.320313
3371.090820	4693.226074
3368.427734	4740.027832
3365.762695	4799.923828
3363.097656	4851.326660
3360.430664	4853.938477
3357.762695	5010.216797
3355.092773	4986.530273
3352.422852	5074.271973
3349.750977	5107.660156
3347.079102	5293.490234
3344.405273	5347.323242
3341.729492	5322.601074
3339.053711	5427.753418
3336.376953	5485.190430
3333.698242	5620.049316
3331.018555	5649.360840
3328.337891	5762.580078
3325.656250	5744.259766
3322.973633	5797.702637
3320.289063	5886.491211
3317.604492	5995.683594
3314.917969	6096.405762
3312.230469	6130.064453
3309.541016	6298.514160
3306.851563	6304.171387
3304.160156	6397.148438
3301.467773	6364.681641
3298.774414	6512.313477
3296.080078	6605.075684
3293.384766	6637.474609
3290.687500	6763.471680
3287.990234	6856.926758
3285.291016	6889.169434
3282.589844	6905.643555
3279.888672	6979.477051
3277.186523	7095.795898
3274.482422	7137.118164
3271.777344	7245.871094
3269.071289	7352.680176
3266.364258	7494.484863
3263.655273	7543.863281
3260.945313	7711.292480
3258.234375	7695.974121
3255.522461	7801.426270
3252.809570	7901.256348
3250.095703	8010.208496
3247.379883	8137.476563
3244.663086	8226.903320
3241.945313	8282.215820
3239.226563	8334.719727
3236.505859	8439.560547
3233.784180	8586.567383
3231.061523	8614.989258
3228.337891	8711.305664
3225.613281	8935.979492
3222.886719	8990.800781
3220.160156	9102.405273
3217.431641	9203.831055
3214.702148	9249.298828
3211.970703	9365.214844
3209.239258	9466.386719
3206.505859	9654.362305
3203.771484	9714.173828
3201.035156	9849.782227
3198.298828	9956.038086
3195.560547	10084.114258
3192.821289	10202.948242
3190.081055	10463.082031
3187.339844	10624.500977
3184.596680	10632.645508
3181.853516	10852.156250
3179.108398	10892.063477
3176.361328	11055.734375
3173.614258	11137.368164
3170.865234	11300.784180
3168.115234	11385.870117
3165.364258	11427.259766
3162.612305	11527.651367
3159.858398	11484.498047
3157.104492	11649.207031
3154.347656	11967.983398
3151.590820	12053.443359
3148.833008	12243.962891
3146.073242	12403.509766
3143.312500	12577.403320
3140.550781	12563.770508
3137.787109	12741.958984
3135.023438	12906.422852
3132.257813	13093.338867
3129.491211	13142.742188
3126.722656	13441.379883
3123.954102	13466.205078
3121.183594	13574.025391
3118.412109	13801.715820
3115.638672	13988.629883
3112.865234	14013.156250
3110.089844	13942.167969
3107.313477	14365.579102
3104.536133	14347.593750
3101.756836	14509.549805
3098.976563	14486.113281
3096.195313	14629.881836
3093.413086	14901.102539
3090.628906	14978.995117
3087.844727	15138.503906
3085.058594	15330.170898
3082.270508	15553.954102
3079.482422	15710.298828
3076.692383	15868.293945
3073.901367	15989.420898
3071.109375	16168.633789
3068.315430	16312.782227
3065.520508	16319.040039
3062.724609	16578.332031
3059.927734	16714.052734
3057.128906	16797.833984
3054.329102	17110.136719
3051.528320	17031.212891
3048.726563	17242.310547
3045.922852	17473.730469
3043.118164	17576.580078
3040.312500	17715.865234
3037.505859	17863.039063
3034.697266	18001.175781
3031.887695	18173.888672
3029.077148	18197.017578
3026.264648	18461.052734
3023.452148	18659.091797
3020.637695	18618.005859
3017.821289	18833.544922
3015.004883	18958.367188
3012.186523	19136.298828
3009.367188	19075.544922
3006.545898	19444.699219
3003.724609	19429.919922
3000.901367	19639.185547
2998.077148	19599.539063
2995.250977	19774.912109
2992.423828	20043.869141
2989.595703	19984.630859
2986.766602	20327.462891
2983.935547	20359.107422
2981.104492	20717.351563
2978.270508	20590.833984
2975.436523	20887.787109
2972.600586	20837.113281
2969.763672	20830.539063
2966.925781	21060.029297
2964.085938	21343.900391
2961.245117	21385.496094
2958.403320	21548.441406
2955.560547	21736.736328
2952.715820	21771.931641
2949.870117	22056.583984
2947.023438	21875.576172
2944.174805	22111.642578
2941.325195	22356.265625
2938.474609	22256.025391
2935.622070	22452.142578
2932.768555	22516.656250
2929.914063	22585.482422
2927.058594	22787.302734
2924.201172	22872.560547
2921.342773	23018.957031
2918.483398	23284.988281
2915.622070	23426.689453
2912.759766	23667.832031
2909.896484	23631.992188
2907.032227	23725.332031
2904.166016	23983.445313
2901.298828	23950.107422
2898.429688	24145.126953
2895.559570	24180.550781
2892.688477	24159.337891
2889.816406	24543.718750
2886.942383	24657.191406
2884.067383	24854.035156
2881.191406	24993.330078
2878.314453	24805.826172
2875.435547	25175.130859
2872.554688	25434.728516
2869.673828	25480.650391
2866.791016	25724.253906
2863.907227	26015.310547
2861.021484	25978.572266
2858.134766	26224.205078
2855.247070	26241.064453
2852.358398	26455.191406
2849.467773	26696.796875
2846.576172	26724.638672
2843.682617	26875.156250
2840.789063	27094.632813
2837.893555	27073.884766
2834.996094	27190.363281
2832.097656	27328.292969
2829.198242	27629.916016
2826.297852	27524.472656
2823.395508	27641.369141
2820.492188	28048.332031
2817.587891	28155.404297
2814.681641	27827.925781
2811.774414	28049.353516
2808.866211	28081.476563
2805.956055	28469.248047
2803.044922	28604.189453
2800.131836	28567.326172
2797.218750	28803.326172
2794.303711	28828.996094
2791.386719	28902.636719
2788.468750	28939.357422
2785.549805	29067.677734
2782.629883	29256.654297
2779.708008	29359.027344
2776.785156	29234.648438
2773.860352	29632.718750
2770.935547	29580.089844
2768.007813	29713.703125
2765.080078	29674.726563
2762.150391	29550.439453
2759.219727	30009.697266
2756.287109	30045.642578
2753.353516	29922.181641
2750.418945	30016.890625
2747.482422	30193.246094
2744.544922	30245.175781
2741.606445	30343.837891
2738.666016	30281.695313
2735.724609	30182.203125
2732.782227	30424.302734
2729.837891	30618.623047
2726.892578	30493.623047
2723.945313	30741.164063
2720.997070	30548.363281
2718.047852	30674.427734
2715.097656	30782.580078
2712.145508	30842.351563
2709.191406	30613.416016
2706.237305	30819.564453
2703.281250	30750.664063
2700.323242	30663.220703
2697.364258	30876.642578
2694.404297	30937.843750
2691.443359	30869.818359
2688.480469	30724.218750
2685.515625	30804.773438
2682.550781	30940.886719
2679.583984	30833.341797
2676.615234	30888.441406
2673.646484	30704.386719
2670.674805	30792.292969
2667.703125	30584.878906
2664.729492	30744.205078
2661.754883	30521.011719
2658.778320	30816.279297
2655.800781	30619.265625
2652.821289	30325.910156
2649.840820	30283.625000
2646.859375	30507.996094
2643.876953	30316.468750
2640.892578	30219.765625
2637.906250	30427.921875
2634.918945	30441.710938
2631.930664	30010.433594
2628.941406	30107.998047
2625.950195	30078.425781
2622.957031	29692.984375
2619.963867	30017.660156
2616.967773	29872.123047
2613.971680	29796.787109
2610.973633	29628.115234
2607.974609	29345.396484
2604.973633	29272.873047
2601.971680	28982.228516
2598.967773	29186.265625
2595.962891	28944.162109
2592.957031	28960.068359
2589.949219	28832.148438
2586.940430	28417.691406
2583.929688	28457.871094
2580.917969	28397.564453
2577.905273	28301.626953
2574.890625	28290.359375
2571.875000	28076.828125
2568.857422	27912.369141
2565.838867	27662.746094
2562.819336	27482.050781
2559.797852	27362.744141
2556.775391	27016.093750
2553.750977	26766.474609
2550.725586	26653.416016
2547.698242	26615.611328
2544.669922	26451.523438
2541.640625	26308.207031
2538.609375	26063.564453
2535.577148	26148.078125
2532.542969	25749.619141
2529.507813	25584.613281
2526.471680	25321.781250
2523.433594	25273.958984
2520.393555	25087.986328
2517.353516	24814.208984
2514.310547	24908.005859
2511.267578	24614.830078
2508.222656	24469.699219
2505.175781	24258.222656
2502.127930	23927.994141
2499.079102	23713.664063
2496.028320	23396.265625
2492.976563	23384.687500
2489.922852	23089.003906
2486.868164	23165.130859
2483.812500	22752.830078
2480.754883	22624.619141
2477.695313	22266.052734
2474.634766	22099.775391
2471.573242	21857.708984
2468.509766	21647.689453
2465.445313	21538.191406
2462.378906	21290.988281
2459.311523	21244.496094
2456.242188	20934.917969
2453.171875	20803.123047
2450.100586	20354.033203
2447.027344	20183.566406
2443.953125	20019.755859
2440.876953	19611.455078
2437.799805	19461.042969
2434.720703	19480.470703
2431.640625	19214.185547
2428.558594	18940.027344
2425.475586	18881.806641
2422.390625	18582.917969
2419.304688	18601.052734
2416.217773	18177.857422
2413.128906	17958.199219
2410.038086	17674.828125
2406.946289	17694.134766
2403.853516	17415.984375
2400.758789	17272.193359
2397.663086	16940.382813
2394.565430	16700.884766
2391.466797	16618.113281
2388.366211	16339.463867
2385.264648	16160.206055
2382.161133	16060.864258
2379.056641	15884.306641
2375.950195	15719.174805
2372.842773	15439.953125
2369.734375	15457.707031
2366.624023	15011.674805
2363.511719	14947.656250
2360.398438	14928.661133
2357.284180	14570.165039
2354.167969	14510.437500
2351.049805	14346.515625
2347.930664	14310.983398
2344.810547	14082.404297
2341.688477	13779.563477
2338.564453	13702.708984
2335.439453	13599.521484
2332.313477	13231.743164
2329.185547	13255.146484
2326.056641	12949.377930
2322.925781	12877.857422
2319.792969	12720.199219
2316.660156	12603.370117
2313.524414	12485.050781
2310.387695	12118.959961
2307.250000	12135.605469
2304.110352	11928.472656
2300.969727	11730.284180
2297.827148	11856.861328
2294.682617	11588.909180
2291.537109	11376.838867
2288.390625	11396.142578
2285.242188	11084.301758
2282.092773	10894.182617
2278.941406	10793.882813
2275.788086	10652.440430
2272.633789	10588.798828
2269.478516	10412.720703
2266.321289	10255.807617
2263.162109	10091.914063
2260.001953	9955.859375
2256.840820	9870.535156
2253.676758	9751.302734
2250.512695	9631.388672
2247.346680	9434.202148
2244.178711	9355.583008
2241.009766	9189.469727
2237.838867	9155.976563
2234.666992	8957.006836
2231.493164	8881.109375
2228.318359	8762.761719
2225.141602	8572.904297
2221.963867	8492.565430
2218.784180	8415.444336
2215.602539	8250.372070
2212.419922	8108.232422
2209.236328	8018.044434
2206.050781	7976.595703
2202.863281	7798.693848
2199.674805	7707.986816
2196.485352	7698.865234
2193.292969	7433.606934
2190.100586	7452.803711
2186.905273	7263.815918
2183.709961	7272.900879
2180.511719	7111.535156
2177.312500	6980.015137
2174.112305	6983.745605
2170.910156	6807.904297
2167.706055	6808.585938
2164.500977	6604.909180
2161.294922	6522.262695
2158.085938	6416.314941
2154.876953	6380.563965
2151.665039	6313.704590
2148.452148	6146.525879
2145.238281	6175.501465
2142.022461	5975.891113
2138.804688	5959.848145
2135.585938	5917.411133
2132.365234	5773.317383
2129.143555	5724.021973
2125.919922	5683.301758
2122.695313	5574.401855
2119.468750	5509.768066
2116.240234	5328.250977
2113.010742	5308.688477
2109.780273	5173.084473
2106.546875	5131.957031
2103.312500	5046.806152
2100.077148	5071.446289
2096.839844	4976.362305
2093.600586	4912.242188
2090.360352	4814.235352
2087.119141	4726.344238
2083.875000	4682.469727
2080.629883	4638.635742
2077.383789	4601.771484
2074.135742	4461.804688
2070.885742	4446.597168
2067.634766	4399.876465
2064.381836	4324.761230
2061.127930	4223.597168
2057.871094	4201.615234
2054.614258	4148.187012
2051.355469	4034.973633
2048.094727	3965.571289
2044.832031	3970.571533
2041.568359	3886.709229
2038.303711	3793.738037
2035.037109	3770.494141
2031.768555	3715.145020
2028.498047	3623.914063
2025.226563	3583.968750
2021.954102	3543.296631
2018.678711	3444.640625
2015.403320	3439.173096
2012.125000	3283.455811
2008.845703	3297.126709
2005.564453	3258.207031
2002.282227	3236.840332
1998.998047	3126.427490
1995.712891	3106.663818
1992.424805	3034.442871
1989.136719	2990.415527
1985.845703	2965.423828
1982.553711	2909.319092
1979.260742	2855.544189
1975.964844	2855.686768
1972.667969	2832.320068
1969.370117	2765.013672
1966.070313	2737.923096
1962.768555	2731.302490
1959.465820	2686.844482
1956.161133	2583.421875
1952.854492	2594.273193
1949.546875	2527.269531
1946.237305	2492.811768
1942.925781	2505.953369
1939.613281	2418.710205
1936.298828	2360.968506
1932.982422	2325.899902
1929.665039	2306.689209
1926.346680	2241.550293
1923.025391	2223.150146
1919.703125	2241.638184
1916.378906	2157.067871
1913.053711	2131.215088
1909.726563	2097.121338
1906.397461	2087.843506
1903.067383	2041.791504
1899.735352	2036.299194
1896.401367	2045.060303
1893.066406	1979.604858
1889.729492	1949.424805
1886.390625	1961.957031
1883.050781	1889.150146
1879.708984	1854.566895
1876.365234	1793.097778
1873.020508	1791.478271
1869.673828	1721.133789
1866.326172	1715.069580
1862.975586	1733.638184
1859.624023	1692.513672
1856.271484	1637.262817
1852.916016	1638.700439
1849.559570	1573.845459
1846.202148	1571.588867
1842.841797	1543.290039
1839.480469	1492.705688
1836.118164	1506.844727
1832.752930	1509.080933
1829.386719	1462.298828
1826.018555	1431.150024
1822.649414	1385.192383
1819.278320	1366.717285
1815.905273	1340.847656
1812.531250	1334.264771
1809.154297	1348.421265
1805.777344	1284.110596
1802.397461	1282.741821
1799.016602	1245.143433
1795.633789	1237.881714
1792.249023	1226.933350
1788.863281	1201.967285
1785.475586	1177.025269
1782.085938	1156.532715
1778.694336	1147.855347
1775.301758	1089.079590
1771.907227	1117.267822
1768.510742	1079.911743
1765.113281	1093.360474
1761.713867	1041.343750
1758.312500	1043.771606
1754.910156	1007.992737
1751.505859	998.684448
1748.099609	1012.871826
1744.691406	972.024475
1741.282227	955.414001
1737.871094	928.559204
1734.458008	895.137817
1731.042969	923.982361
1727.626953	902.304138
1724.208984	890.155640
1720.790039	864.128296
1717.368164	875.392700
1713.945313	864.004639
1710.520508	886.207031
1707.093750	820.102051
1703.666016	816.049866
1700.236328	763.164612
1696.804688	777.357544
1693.371094	776.972412
1689.936523	754.752625
1686.500000	765.290405
1683.061523	715.467896
1679.622070	720.200073
1676.179688	694.419312
1672.736328	709.320923
1669.291016	676.313965
1665.844727	669.450256
1662.396484	643.744629
1658.945313	655.742371
1655.494141	651.795044
1652.040039	622.516479
1648.584961	607.013123
1645.126953	593.694397
1641.668945	582.557007
1638.208008	601.771912
1634.745117	560.314697
1631.281250	546.323059
1627.815430	548.214478
1624.347656	521.264771
1620.878906	539.740540
1617.408203	523.625305
1613.935547	523.363647
1610.460938	525.260620
1606.984375	489.039215
1603.506836	490.232208
1600.027344	474.899292
1596.545898	486.869171
1593.062500	486.625336
1589.577148	456.251709
1586.090820	439.531616
1582.602539	435.727936
1579.112305	443.388672
1575.620117	434.574921
1572.126953	422.907501
1568.630859	406.960266
1565.133789	409.615265
1561.634766	388.688873
1558.133789	382.066162
1554.631836	393.294525
1551.127930	379.541595
1547.621094	366.515381
1544.114258	357.778351
1540.604492	365.433929
1537.092773	326.802429
1533.580078	329.484192
1530.065430	330.740570
1526.548828	326.308228
1523.030273	326.143524
1519.509766	319.587097
1515.988281	319.425659
1512.463867	307.203156
1508.938477	293.574615
1505.411133	294.843658
1501.882813	282.651703
1498.351563	300.209686
1494.818359	275.996429
1491.284180	284.344543
1487.748047	269.354156
1484.209961	270.630829
1480.669922	264.137329
1477.128906	271.062225
1473.584961	241.997787
1470.040039	246.105957
1466.493164	246.685745
1462.944336	232.471222
1459.393555	243.618637
1455.840820	228.012405
1452.287109	208.905029
1448.730469	218.641052
1445.172852	218.529724
1441.613281	223.334564
1438.051758	212.691467
1434.488281	206.970276
1430.922852	197.748627
1427.356445	194.143341
1423.787109	189.841110
1420.216797	187.643661
1416.644531	188.947403
1413.070313	182.555801
1409.494141	185.957916
1405.916016	187.958984
1402.336914	168.308304
1398.754883	168.920151
1395.171875	173.019592
1391.585938	175.022842
1387.999023	154.721725
1384.410156	140.014038
1380.819336	148.993195
1377.226563	153.787842
1373.632813	141.885117
1370.036133	143.897690
1366.438477	147.297745
1362.837891	133.333145
1359.236328	126.323708
1355.632813	129.033615
1352.027344	132.434052
1348.419922	117.119522
1344.810547	126.756386
1341.199219	130.152557
1337.585938	124.549889
1333.970703	116.186592
1330.354492	120.965233
1326.735352	127.120628
1323.115234	115.316193
1319.493164	110.425484
1315.869141	115.197006
1312.242188	108.932411
1308.614258	98.539711
1304.984375	98.488693
1301.353516	102.567940
1297.719727	97.698662
1294.083984	99.711006
1290.446289	93.473549
1286.807617	89.303360
1283.166016	92.003372
1279.523438	80.975822
1275.877930	86.420792
1272.231445	90.489014
1268.582031	84.275459
1264.931641	80.807571
1261.279297	73.920982
1257.625000	68.409714
1253.968750	71.792786
1250.310547	80.639374
1246.650391	75.133102
1242.988281	71.680550
1239.324219	73.690094
1235.658203	62.058311
1231.990234	65.433914
1228.320313	67.443466
1224.648438	65.365532
1220.975586	65.331345
1217.299805	63.936806
1213.622070	69.341919
1209.943359	60.472534
1206.261719	59.082626
1202.578125	56.336639
1198.893555	51.558300
1195.206055	54.921463
1191.517578	56.925694
1187.826172	48.767830
1184.133789	52.127079
1180.438477	54.806156
1176.742188	48.014702
1173.042969	50.017162
1169.342773	55.395248
1165.639648	47.938919
1161.935547	53.987225
1158.228516	39.794594
1154.520508	51.233799
1150.809570	47.164127
1147.097656	47.139233
1143.382813	43.075966
1139.666992	34.308025
1135.948242	45.047501
1132.227539	43.679688
1128.505859	39.626740
1124.781250	40.277050
1121.055664	36.901077
1117.327148	39.563816
1113.596680	38.872627
1109.865234	32.153389
1106.130859	38.161892
1102.394531	35.465027
1098.657227	30.764618
1094.916992	33.422035
1091.174805	31.400011
1087.430664	32.718773
1083.684570	28.029737
1079.936523	36.686069
1076.186523	29.333223
1072.434570	34.648064
1068.680664	29.301962
1064.924805	29.951931
1061.166992	29.270702
1057.406250	24.600859
1053.644531	23.258652
1049.880859	31.880533
1046.114258	21.242325
1042.346680	23.221363
1038.576172	23.872047
1034.803711	21.208235
1031.030273	23.846481
1027.253906	22.509605
1023.475586	25.805996
1019.695313	21.162790
1015.913086	25.117323
1012.128906	26.425087
1008.342773	27.071161
1004.553711	18.477684
