4046.277344	327.028687
4043.892578	333.317719
4041.505859	323.756531
4039.119141	346.670380
4036.731445	354.909058
4034.342773	347.443390
4031.952148	357.767273
4029.561523	346.123383
4027.169922	347.031921
4024.777344	356.298523
4022.383789	358.246552
4019.989258	370.633301
4017.593750	391.359131
4015.197266	375.556061
4012.799805	391.049316
4010.401367	395.063965
4008.001953	382.403748
4005.601563	395.792419
4003.201172	394.594330
4000.798828	421.496826
3998.395508	425.490845
3995.991211	431.561371
3993.585938	415.797577
3991.180664	447.843872
3988.773438	409.235168
3986.365234	444.373138
3983.957031	430.704437
3981.546875	440.907379
3979.135742	435.546814
3976.724609	430.190369
3974.311523	457.996155
3971.898438	461.956787
3969.483398	466.949463
3967.068359	457.448700
3964.651367	467.611633
3962.234375	471.561554
3959.815430	489.980164
3957.396484	472.218384
3954.975586	483.391510
3952.554688	521.399963
3950.131836	502.614410
3947.708984	492.096924
3945.284180	493.962524
3942.859375	534.997864
3940.432617	544.057373
3938.005859	529.419556
3935.577148	545.680847
3933.148438	548.549683
3930.718750	573.020081
3928.287109	567.648560
3925.855469	552.001770
3923.421875	563.083069
3920.988281	582.372131
3918.552734	588.298462
3916.117188	584.983276
3913.680664	603.213928
3911.242188	581.436768
3908.803711	588.378296
3906.363281	607.609741
3903.922852	582.783813
3901.480469	632.716064
3899.038086	648.835693
3896.593750	669.034119
3894.149414	676.945129
3891.703125	632.719238
3889.256836	659.029663
3886.808594	685.318665
3884.360352	650.330627
3881.910156	684.765625
3879.459961	687.549438
3877.007813	696.448975
3874.555664	697.186890
3872.101563	707.093750
3869.646484	696.623352
3867.191406	717.720520
3864.734375	755.082520
3862.277344	747.656372
3859.818359	754.471375
3857.358398	747.051086
3854.897461	797.547668
3852.436523	792.146606
3849.973633	780.658691
3847.509766	810.784607
3845.044922	805.384094
3842.579102	836.488953
3840.113281	823.987244
3837.645508	849.993408
3835.176758	869.901978
3832.707031	898.904663
3830.236328	844.910278
3827.764648	876.933411
3825.291992	914.996521
3822.818359	904.517944
3820.343750	906.170288
3817.868164	924.987854
3815.390625	930.667603
3812.913086	965.603149
3810.434570	969.244019
3807.955078	971.873474
3805.473633	1013.802979
3802.992188	998.279297
3800.509766	991.830383
3798.025391	1000.484314
3795.541016	996.051453
3793.054688	1032.855591
3790.568359	1078.677124
3788.080078	1084.265625
3785.591797	1077.795654
3783.101563	1126.553833
3780.610352	1142.151367
3778.119141	1137.671143
3775.625977	1163.279053
3773.131836	1159.795532
3770.636719	1185.372681
3768.140625	1197.907837
3765.643555	1216.439453
3763.145508	1230.952515
3760.646484	1245.453247
3758.146484	1270.941284
3755.645508	1269.420288
3753.143555	1279.889771
3750.639648	1296.342651
3748.135742	1259.870972
3745.630859	1308.250732
3743.124023	1351.602783
3740.617188	1360.020996
3738.108398	1336.538330
3735.599609	1384.805542
3733.088867	1365.314697
3730.577148	1409.547729
3728.064453	1431.853271
3725.551758	1453.145386
3723.037109	1528.107178
3720.521484	1511.576660
3718.004883	1487.112183
3715.487305	1477.562256
3712.967773	1551.396118
3710.448242	1524.959839
3707.927734	1528.297607
3705.406250	1552.450562
3702.882813	1614.238647
3700.359375	1627.439453
3697.833984	1637.658447
3695.308594	1663.703857
3692.781250	1707.534668
3690.252930	1695.950806
3687.723633	1675.479736
3685.193359	1790.391235
3682.662109	1711.624756
3680.129883	1767.189819
3677.596680	1805.932007
3675.062500	1792.360229
3672.527344	1806.408081
3669.990234	1874.652954
3667.453125	1916.239990
3664.915039	1914.460571
3662.375000	1947.135864
3659.833984	1955.183838
3657.292969	1969.126099
3654.750000	1992.887817
3652.206055	1987.146362
3649.661133	2033.473999
3647.115234	2058.159668
3644.568359	2081.842529
3642.019531	2055.467773
3639.470703	2120.321289
3636.920898	2181.198975
3634.369141	2162.653076
3631.817383	2184.281494
3629.263672	2206.870117
3626.708984	2215.738037
3624.153320	2234.380371
3621.596680	2335.147461
3619.039063	2324.399658
3616.480469	2304.866455
3613.920898	2351.760986
3611.360352	2409.354004
3608.797852	2439.575195
3606.235352	2440.507813
3603.670898	2491.164795
3601.105469	2516.438721
3598.540039	2450.116211
3595.972656	2551.340576
3593.404297	2598.943604
3590.834961	2661.100830
3588.264648	2676.521729
3585.692383	2722.065918
3583.120117	2704.406982
3580.545898	2789.725586
3577.971680	2816.715088
3575.395508	2867.944580
3572.818359	2892.936768
3570.240234	2993.545898
3567.661133	2973.874268
3565.081055	3033.668945
3562.500000	3024.648926
3559.917969	3077.593750
3557.333984	3147.911865
3554.750000	3248.156006
3552.164063	3184.912109
3549.577148	3216.434814
3546.989258	3291.403320
3544.400391	3360.514160
3541.810547	3335.935547
3539.219727	3381.811035
3536.626953	3419.931396
3534.034180	3460.910889
3531.439453	3586.655029
3528.844727	3611.152832
3526.248047	3661.625488
3523.650391	3600.413574
3521.051758	3632.567871
3518.451172	3743.545898
3515.850586	3843.856201
3513.249023	3847.040039
3510.645508	3894.398193
3508.041016	3931.155273
3505.436523	3941.012207
3502.830078	3923.043213
3500.222656	4046.028320
3497.613281	4139.198730
3495.003906	4068.477539
3492.393555	4196.029785
3489.781250	4333.044434
3487.167969	4312.078613
3484.553711	4440.318848
3481.938477	4403.071289
3479.322266	4507.273926
3476.705078	4548.348145
3474.086914	4676.267090
3471.466797	4671.424805
3468.845703	4695.203125
3466.224609	4727.541504
3463.601563	4804.647461
3460.977539	4944.565430
3458.351563	4853.905273
3455.725586	5042.228027
3453.098633	5115.258789
3450.469727	5208.198730
3447.839844	5233.559082
3445.208984	5310.212402
3442.577148	5296.559570
3439.944336	5404.450684
3437.310547	5447.711426
3434.674805	5487.139160
3432.039063	5550.238770
3429.401367	5617.074219
3426.762695	5727.435059
3424.123047	5775.193848
3421.481445	5879.709961
3418.839844	5980.351074
3416.197266	6102.659180
3413.552734	6133.152344
3410.907227	6221.265625
3408.260742	6242.232910
3405.613281	6311.336426
3402.963867	6480.426758
3400.314453	6578.613281
3397.663086	6551.289551
3395.011719	6671.981445
3392.358398	6740.745605
3389.704102	6787.787109
3387.047852	6888.448242
3384.391602	6965.495605
3381.733398	7115.844238
3379.075195	7239.735840
3376.415039	7281.754883
3373.753906	7315.281250
3371.090820	7420.142578
3368.427734	7549.315918
3365.762695	7575.172852
3363.097656	7720.108398
3360.430664	7874.291504
3357.762695	7814.701660
3355.092773	7978.074219
3352.422852	8051.428223
3349.750977	8089.156250
3347.079102	8338.252930
3344.405273	8248.659180
3341.729492	8475.973633
3339.053711	8694.681641
3336.376953	8629.323242
3333.698242	8766.567383
3331.018555	8782.400391
3328.337891	9032.300781
3325.656250	8954.780273
3322.973633	9179.229492
3320.289063	9284.262695
3317.604492	9399.444336
3314.917969	9483.814453
3312.230469	9644.386719
3309.541016	9684.872070
3306.851563	9768.073242
3304.160156	9916.230469
3301.467773	10076.329102
3298.774414	10297.548828
3296.080078	10300.541016
3293.384766	10343.405273
3290.687500	10575.339844
3287.990234	10573.566406
3285.291016	10740.361328
3282.589844	10871.829102
3279.888672	10867.144531
3277.186523	11099.263672
3274.482422	11112.046875
3271.777344	11260.674805
3269.071289	11608.716797
3266.364258	11759.766602
3263.655273	11705.771484
3260.945313	11922.148438
3258.234375	12136.491211
3255.522461	12204.996094
3252.809570	12401.517578
3250.095703	12584.049805
3247.379883	12630.166992
3244.663086	12612.744141
3241.945313	12977.065430
3239.226563	12984.325195
3236.505859	13152.407227
3233.784180	13399.343750
3231.061523	13554.238281
3228.337891	13682.376953
3225.613281	13814.987305
3222.886719	13918.133789
3220.160156	14074.353516
3217.431641	14165.377930
3214.702148	14459.642578
3211.970703	14665.761719
3209.239258	14755.485352
3206.505859	14844.211914
3203.771484	15032.512695
3201.035156	15207.851563
3198.298828	15361.110352
3195.560547	15418.358398
3192.821289	15783.127930
3190.081055	15855.642578
3187.339844	15901.644531
3184.596680	16297.617188
3181.853516	16456.355469
3179.108398	16595.824219
3176.361328	16669.626953
3173.614258	16896.224609
3170.865234	17083.511719
3168.115234	17257.902344
3165.364258	17468.486328
3162.612305	17533.546875
3159.858398	17660.287109
3157.104492	17723.384766
3154.347656	17932.470703
3151.590820	18149.531250
3148.833008	18447.968750
3146.073242	18587.597656
3143.312500	18495.275391
3140.550781	18829.363281
3137.787109	18995.769531
3135.023438	19145.748047
3132.257813	19496.273438
3129.491211	19508.544922
3126.722656	19698.730469
3123.954102	19871.589844
3121.183594	20029.853516
3118.412109	20314.255859
3115.638672	20416.277344
3112.865234	20495.671875
3110.089844	20523.642578
3107.313477	20816.312500
3104.536133	21109.621094
3101.756836	21099.484375
3098.976563	21431.066406
3096.195313	21573.591797
3093.413086	21619.851563
3090.628906	21891.478516
3087.844727	22187.099609
3085.058594	22357.732422
3082.270508	22726.423828
3079.482422	22893.968750
3076.692383	23053.292969
3073.901367	23113.048828
3071.109375	23466.410156
3068.315430	23713.851563
3065.520508	23576.419922
3062.724609	24099.873047
3059.927734	24074.097656
3057.128906	24394.960938
3054.329102	24355.667969
3051.528320	24609.167969
3048.726563	24857.976563
3045.922852	25081.589844
3043.118164	25151.677734
3040.312500	25364.259766
3037.505859	25372.693359
3034.697266	25646.400391
3031.887695	25792.613281
3029.077148	26042.753906
3026.264648	26121.080078
3023.452148	26213.546875
3020.637695	26473.808594
3017.821289	26872.339844
3015.004883	26883.572266
3012.186523	27166.234375
3009.367188	27336.916016
3006.545898	27506.550781
3003.724609	27780.568359
3000.901367	27648.763672
2998.077148	27952.554688
2995.250977	28202.984375
2992.423828	27974.748047
2989.595703	28422.937500
2986.766602	28856.585938
2983.935547	28823.523438
2981.104492	28717.208984
2978.270508	29127.183594
2975.436523	29145.175781
2972.600586	29402.943359
2969.763672	29689.554688
2966.925781	29588.333984
2964.085938	29802.394531
2961.245117	30357.722656
2958.403320	30328.447266
2955.560547	30464.492188
2952.715820	30639.958984
2949.870117	30799.449219
2947.023438	30953.519531
2944.174805	30927.509766
2941.325195	31376.152344
2938.474609	31532.365234
2935.622070	31593.761719
2932.768555	31578.867188
2929.914063	31951.947266
2927.058594	31981.533203
2924.201172	32206.208984
2921.342773	32463.037109
2918.483398	32597.234375
2915.622070	32691.980469
2912.759766	32961.320313
2909.896484	33273.195313
2907.032227	33147.570313
2904.166016	33443.363281
2901.298828	33734.523438
2898.429688	33615.804688
2895.559570	33724.542969
2892.688477	34157.085938
2889.816406	34282.003906
2886.942383	34220.628906
2884.067383	34239.296875
2881.191406	34526.519531
2878.314453	34922.941406
2875.435547	35020.265625
2872.554688	35234.675781
2869.673828	35369.933594
2866.791016	35868.433594
2863.907227	35696.394531
2861.021484	35927.410156
2858.134766	36327.957031
2855.247070	36044.238281
2852.358398	36482.429688
2849.467773	36767.128906
2846.576172	36834.558594
2843.682617	36978.832031
2840.789063	37123.828125
2837.893555	37304.941406
2834.996094	37472.078125
2832.097656	37611.449219
2829.198242	37828.281250
2826.297852	38123.335938
2823.395508	37905.554688
2820.492188	38296.726563
2817.587891	38310.562500
2814.681641	38355.339844
2811.774414	38412.968750
2808.866211	38665.644531
2805.956055	38826.152344
2803.044922	39151.386719
2800.131836	38915.804688
2797.218750	39181.480469
2794.303711	39517.234375
2791.386719	39497.785156
2788.468750	39737.957031
2785.549805	39467.464844
2782.629883	39589.277344
2779.708008	39974.519531
2776.785156	40116.496094
2773.860352	40264.320313
2770.935547	40376.105469
2768.007813	40297.308594
2765.080078	40357.730469
2762.150391	40458.195313
2759.219727	40653.238281
2756.287109	40631.531250
2753.353516	40649.031250
2750.418945	41106.050781
2747.482422	41004.097656
2744.544922	40987.328125
2741.606445	41144.953125
2738.666016	41319.425781
2735.724609	41181.812500
2732.782227	41220.160156
2729.837891	41621.898438
2726.892578	41332.367188
2723.945313	41541.929688
2720.997070	41358.671875
2718.047852	41757.027344
2715.097656	41533.988281
2712.145508	41624.472656
2709.191406	41725.867188
2706.237305	41672.324219
2703.281250	41713.535156
2700.323242	41594.082031
2697.364258	41762.851563
2694.404297	41711.023438
2691.443359	41657.542969
2688.480469	41583.000000
2685.515625	41689.003906
2682.550781	41701.320313
2679.583984	41738.050781
2676.615234	41721.671875
2673.646484	41487.250000
2670.674805	41542.500000
2667.703125	41349.558594
2664.729492	41079.429688
2661.754883	41177.609375
2658.778320	41197.570313
2655.800781	40900.972656
2652.821289	40833.734375
2649.840820	40774.933594
2646.859375	40702.761719
2643.876953	40405.195313
2640.892578	40583.699219
2637.906250	40473.992188
2634.918945	40689.937500
2631.930664	39993.000000
2628.941406	39846.878906
2625.950195	39825.414063
2622.957031	39783.066406
2619.963867	39914.437500
2616.967773	39866.222656
2613.971680	39391.726563
2610.973633	39466.351563
2607.974609	39134.140625
2604.973633	38903.863281
2601.971680	38325.691406
2598.967773	38567.089844
2595.962891	38490.433594
2592.957031	37966.429688
2589.949219	38052.183594
2586.940430	37547.941406
2583.929688	37349.761719
2580.917969	37368.406250
2577.905273	36838.578125
2574.890625	36907.175781
2571.875000	36747.734375
2568.857422	36818.773438
2565.838867	36297.570313
2562.819336	36369.554688
2559.797852	35847.355469
2556.775391	35414.117188
2553.750977	35101.132813
2550.725586	34861.968750
2547.698242	34793.148438
2544.669922	34178.695313
2541.640625	34232.355469
2538.609375	33651.691406
2535.577148	33748.390625
2532.542969	33471.703125
2529.507813	33233.968750
2526.471680	32911.644531
2523.433594	32745.958984
2520.393555	32363.265625
2517.353516	32175.761719
2514.310547	32009.787109
2511.267578	31563.857422
2508.222656	31335.074219
2505.175781	31328.888672
2502.127930	30780.500000
2499.079102	30548.263672
2496.028320	30203.957031
2492.976563	29769.851563
2489.922852	29427.837891
2486.868164	29433.939453
2483.812500	28982.761719
2480.754883	28999.673828
2477.695313	28460.011719
2474.634766	28103.818359
2471.573242	27796.931641
2468.509766	27690.269531
2465.445313	27449.099609
2462.378906	27199.171875
2459.311523	27008.960938
2456.242188	26603.857422
2453.171875	26326.140625
2450.100586	25956.703125
2447.027344	25852.798828
2443.953125	25366.814453
2440.876953	24909.716797
2437.799805	24903.896484
2434.720703	24632.552734
2431.640625	24416.640625
2428.558594	24092.214844
2425.475586	23808.623047
2422.390625	23472.603516
2419.304688	23328.074219
2416.217773	23043.587891
2413.128906	22807.107422
2410.038086	22482.658203
2406.946289	22494.078125
2403.853516	21880.708984
2400.758789	21618.515625
2397.663086	21421.964844
2394.565430	21040.757813
2391.466797	20948.712891
2388.366211	20634.187500
2385.264648	20344.126953
2382.161133	20265.402344
2379.056641	19904.101563
2375.950195	19698.468750
2372.842773	19583.125000
2369.734375	19226.644531
2366.624023	18810.207031
2363.511719	18746.029297
2360.398438	18735.707031
2357.284180	18445.269531
2354.167969	18394.167969
2351.049805	17971.033203
2347.930664	17760.687500
2344.810547	17532.906250
2341.688477	17382.205078
2338.564453	17154.000000
2335.439453	16946.000000
2332.313477	16734.992188
2329.185547	16592.912109
2326.056641	16214.483398
2322.925781	16099.916992
2319.792969	15882.489258
2316.660156	15678.822266
2313.524414	15484.111328
2310.387695	15222.625000
2307.250000	15049.010742
2304.110352	15032.423828
2300.969727	14660.070313
2297.827148	14641.283203
2294.682617	14315.570313
2291.537109	14157.861328
2288.390625	13973.284180
2285.242188	13777.757813
2282.092773	13640.348633
2278.941406	13422.938477
2275.788086	13319.912109
2272.633789	13114.734375
2269.478516	12851.914063
2266.321289	12728.698242
2263.162109	12603.218750
2260.001953	12387.668945
2256.840820	12279.853516
2253.676758	12087.568359
2250.512695	11883.610352
2247.346680	11772.222656
2244.178711	11683.823242
2241.009766	11440.097656
2237.838867	11399.238281
2234.666992	11241.772461
2231.493164	11031.669922
2228.318359	10902.075195
2225.141602	10615.196289
2221.963867	10479.618164
2218.784180	10447.165039
2215.602539	10246.555664
2212.419922	10020.209961
2209.236328	9970.735352
2206.050781	9812.216797
2202.863281	9726.011719
2199.674805	9606.169922
2196.485352	9422.959961
2193.292969	9291.617188
2190.100586	9253.565430
2186.905273	9116.942383
2183.709961	8929.601563
2180.511719	8923.819336
2177.312500	8693.760742
2174.112305	8606.074219
2170.910156	8510.661133
2167.706055	8295.160156
2164.500977	8146.938477
2161.294922	8150.100098
2158.085938	8055.849609
2154.876953	7849.526855
2151.665039	7789.756348
2148.452148	7650.669922
2145.238281	7640.043945
2142.022461	7577.339844
2138.804688	7383.373535
2135.585938	7322.397949
2132.365234	7116.310547
2129.143555	7134.659180
2125.919922	7052.165039
2122.695313	6910.832031
2119.468750	6838.589844
2116.240234	6685.096191
2113.010742	6530.971680
2109.780273	6509.297363
2106.546875	6364.678223
2103.312500	6336.142090
2100.077148	6284.452148
2096.839844	6160.217773
2093.600586	6013.714844
2090.360352	6013.936523
2087.119141	5859.155762
2083.875000	5839.406250
2080.629883	5735.698730
2077.383789	5649.798828
2074.135742	5540.888672
2070.885742	5482.854492
2067.634766	5394.116211
2064.381836	5353.880859
2061.127930	5265.284668
2057.871094	5214.395020
2054.614258	5122.876465
2051.355469	5023.772461
2048.094727	4877.223145
2044.832031	4992.911621
2041.568359	4772.210938
2038.303711	4835.771973
2035.037109	4684.228516
2031.768555	4636.090820
2028.498047	4553.593262
2025.226563	4474.229492
2021.954102	4345.292969
2018.678711	4331.757813
2015.403320	4331.969238
2012.125000	4245.229980
2008.845703	4121.979980
2005.564453	4111.619629
2002.282227	4088.319824
1998.998047	3955.421631
1995.712891	3956.564453
1992.424805	3877.090088
1989.136719	3749.801514
1985.845703	3691.774170
1982.553711	3632.282227
1979.260742	3610.039551
1975.964844	3566.573730
1972.667969	3454.141357
1969.370117	3482.795410
1966.070313	3416.721924
1962.768555	3369.641357
1959.465820	3259.028809
1956.161133	3199.206787
1952.854492	3183.296387
1949.546875	3127.344971
1946.237305	3041.230225
1942.925781	3060.147217
1939.613281	3038.292480
1936.298828	2919.906982
1932.982422	2832.546387
1929.665039	2862.072998
1926.346680	2832.819580
1923.025391	2808.863037
1919.703125	2768.374268
1916.378906	2767.033691
1913.053711	2689.014648
1909.726563	2674.186523
1906.397461	2560.987793
1903.067383	2537.976807
1899.735352	2492.478271
1896.401367	2470.270752
1893.066406	2421.099609
1889.729492	2377.968506
1886.390625	2368.576416
1883.050781	2300.062744
1879.708984	2257.798828
1876.365234	2235.764160
1873.020508	2230.939697
1869.673828	2153.658203
1866.326172	2113.783936
1862.975586	2106.784424
1859.624023	2063.986572
1856.271484	2062.980957
1852.916016	2019.499023
1849.559570	1991.700195
1846.202148	1969.883667
1842.841797	1904.928955
1839.480469	1976.886719
1836.118164	1914.220581
1832.752930	1831.553223
1829.386719	1855.166260
1826.018555	1747.368896
1822.649414	1773.966309
1819.278320	1721.930298
1815.905273	1656.602783
1812.531250	1662.459839
1809.154297	1672.012817
1805.777344	1626.046631
1802.397461	1578.645264
1799.016602	1536.465576
1795.633789	1531.278198
1792.249023	1509.844482
1788.863281	1484.001343
1785.475586	1458.920898
1782.085938	1484.020264
1778.694336	1410.306519
1775.301758	1386.771118
1771.907227	1355.156738
1768.510742	1374.366333
1765.113281	1341.316406
1761.713867	1317.858765
1758.312500	1309.859863
1754.910156	1253.378662
1751.505859	1282.134644
1748.099609	1274.897339
1744.691406	1205.310425
1741.282227	1175.386597
1737.871094	1168.943848
1734.458008	1155.181885
1731.042969	1125.325562
1727.626953	1136.478760
1724.208984	1117.631714
1720.790039	1072.484131
1717.368164	1063.916260
1713.945313	1072.154541
1710.520508	1030.014893
1707.093750	1022.938721
1703.666016	1002.742249
1700.236328	995.685669
1696.804688	997.378174
1693.371094	943.726563
1689.936523	951.264893
1686.500000	944.973572
1683.061523	871.067627
1679.622070	876.449341
1676.179688	867.297791
1672.736328	864.689087
1669.291016	870.064880
1665.844727	833.367615
1662.396484	848.177063
1658.945313	817.323059
1655.494141	782.878296
1652.040039	788.279541
1648.584961	767.629272
1645.126953	748.445435
1641.668945	756.023132
1638.208008	733.251465
1634.745117	710.502197
1631.281250	690.662048
1627.815430	693.924133
1624.347656	692.135803
1620.878906	671.613037
1617.408203	630.223022
1613.935547	650.785095
1610.460938	633.190918
1606.984375	605.545593
1603.506836	618.181335
1600.027344	607.813599
1596.545898	598.174072
1593.062500	575.624634
1589.577148	593.270691
1586.090820	571.462830
1582.602539	547.526550
1579.112305	531.493347
1575.620117	511.896332
1572.126953	525.950928
1568.630859	530.693359
1565.133789	541.149658
1561.634766	495.149597
1558.133789	492.044098
1554.631836	461.103943
1551.127930	477.280701
1547.621094	458.500763
1544.114258	466.822357
1540.604492	452.340271
1537.092773	442.856476
1533.580078	419.149445
1530.065430	431.740906
1526.548828	430.101257
1523.030273	413.541473
1519.509766	399.128784
1515.988281	398.217346
1512.463867	405.110870
1508.938477	377.250488
1505.411133	378.477203
1501.882813	363.409332
1498.351563	355.436920
1494.818359	354.549286
1491.284180	353.662354
1487.748047	337.222900
1484.209961	322.919800
1480.669922	323.462280
1477.128906	314.121582
1473.584961	297.029358
1470.040039	318.738953
1466.493164	308.004791
1462.944336	295.167999
1459.393555	301.354858
1455.840820	291.349182
1452.287109	289.090790
1448.730469	283.319427
1445.172852	259.987122
1441.613281	286.542450
1438.051758	263.232025
1434.488281	245.557953
1430.922852	258.054962
1427.356445	264.231171
1423.787109	241.679642
1420.216797	233.154251
1416.644531	249.830460
1413.070313	238.511612
1409.494141	217.416946
1405.916016	225.690521
1402.336914	213.702652
1398.754883	205.915054
1395.171875	205.111938
1391.585938	216.163666
1387.999023	193.750626
1384.410156	194.347855
1380.819336	182.412231
1377.226563	193.452576
1373.632813	171.096756
1370.036133	173.094330
1366.438477	186.206589
1362.837891	173.610870
1359.236328	172.827484
1355.632813	181.757034
1352.027344	177.503235
1348.419922	169.095642
1344.810547	159.311310
1341.199219	143.998566
1337.585938	138.388763
1333.970703	158.373383
1330.354492	147.923203
1326.735352	135.411102
1323.115234	141.555801
1319.493164	139.412170
1315.869141	143.478912
1312.242188	142.025803
1308.614258	141.263214
1304.984375	128.792908
1301.353516	130.791336
1297.719727	127.283470
1294.083984	135.469437
1290.446289	124.402290
1286.807617	126.398598
1283.166016	118.780472
1279.523438	105.680313
1275.877930	114.541840
1272.231445	113.111267
1268.582031	104.830452
1264.931641	106.830353
1261.279297	107.459206
1257.625000	92.353119
1253.968750	101.193642
1250.310547	85.423065
1246.650391	90.159721
1242.988281	94.891396
1239.324219	88.018723
1235.658203	87.290810
1231.990234	87.926826
1228.320313	89.924622
1224.648438	82.387810
1220.975586	70.775627
1217.299805	72.098953
1213.622070	76.140144
1209.943359	77.459198
1206.261719	78.776840
1202.578125	73.305504
1198.893555	73.267059
1195.206055	63.736019
1191.517578	67.768684
1187.826172	71.797081
1184.133789	67.020531
1180.438477	60.895729
1176.742188	66.950073
1173.042969	62.859406
1169.342773	64.177422
1165.639648	70.220390
1161.935547	61.410469
1158.228516	53.958767
1154.520508	64.042244
1150.809570	59.292046
1147.097656	60.607582
1143.382813	57.883331
1139.666992	57.852749
1135.948242	48.409256
1132.227539	52.415627
1128.505859	48.358055
1124.781250	48.332458
1121.055664	44.952221
1117.327148	40.234390
1113.596680	44.234367
1109.865234	46.890358
1106.130859	44.187450
1102.394531	38.810783
1098.657227	44.140541
1094.916992	38.769562
1091.174805	47.434059
1087.430664	44.737911
1083.684570	41.377232
1079.936523	32.683952
1076.186523	35.999863
1072.434570	39.978535
1068.680664	35.961498
1064.924805	34.611118
1061.166992	37.253624
1057.406250	43.217724
1053.644531	39.871975
1049.880859	33.873066
1046.114258	35.846420
1042.346680	35.163776
1038.576172	24.535160
1034.803711	32.475109
1031.030273	30.470505
1027.253906	29.792126
1023.475586	33.084610
1019.695313	34.389534
1015.913086	29.744198
1012.128906	24.443207
1008.342773	29.051977
1004.553711	30.356194
