4046.277344	196.007584
4043.892578	211.730118
4041.505859	207.455627
4039.119141	200.042435
4036.731445	218.808243
4034.342773	223.954483
4031.952148	203.990112
4029.561523	227.960419
4027.169922	237.277847
4024.777344	237.184067
4022.383789	232.912476
4019.989258	233.864395
4017.593750	207.681259
4015.197266	211.771896
4012.799805	238.800797
4010.401367	228.282349
4008.001953	251.115265
4005.601563	221.852066
4003.201172	226.969818
4000.798828	239.368576
3998.395508	265.281586
3995.991211	239.178589
3993.585938	249.478531
3991.180664	277.434601
3988.773438	280.440338
3986.365234	255.410721
3983.957031	260.498352
3981.546875	278.031006
3979.135742	292.438568
3976.724609	274.699860
3974.311523	289.097137
3971.898438	297.268158
3969.483398	288.866730
3967.068359	286.681671
3964.651367	279.325531
3962.234375	297.828339
3959.815430	297.709473
3957.396484	312.056793
3954.975586	297.471710
3952.554688	296.320374
3950.131836	307.554596
3947.708984	331.159546
3945.284180	331.027100
3942.859375	323.678864
3940.432617	322.518860
3938.005859	340.929688
3935.577148	327.408508
3933.148438	360.210876
3930.718750	329.203644
3928.287109	340.383453
3925.855469	348.470398
3923.421875	330.862671
3920.988281	348.190735
3918.552734	365.504791
3916.117188	353.042542
3913.680664	351.874786
3911.242188	378.395355
3908.803711	375.168060
3906.363281	380.140320
3903.922852	377.938904
3901.480469	370.620087
3899.038086	367.400665
3896.593750	382.597473
3894.149414	379.375580
3891.703125	380.244843
3889.256836	395.417786
3886.808594	391.172943
3884.360352	379.784912
3881.910156	406.165009
3879.459961	431.503601
3877.007813	405.837036
3874.555664	436.251434
3872.101563	414.678925
3869.646484	416.548157
3867.191406	428.596222
3864.734375	423.334686
3862.277344	429.266663
3859.818359	464.681152
3857.358398	449.247040
3854.897461	452.113007
3852.436523	454.976501
3849.973633	482.201416
3847.509766	474.902649
3845.044922	485.867706
3842.579102	498.851593
3840.113281	504.730225
3837.645508	524.787354
3835.176758	518.498047
3832.707031	536.508423
3830.236328	530.219177
3827.764648	538.095276
3825.291992	537.876404
3822.818359	556.859680
3820.343750	559.663696
3817.868164	549.337769
3815.390625	559.208069
3812.913086	564.025269
3810.434570	597.078491
3807.955078	575.663635
3805.473633	604.653870
3802.992188	603.399902
3800.509766	579.994202
3798.025391	596.868408
3795.541016	594.612549
3793.054688	601.409607
3790.568359	624.285645
3788.080078	628.050049
3785.591797	649.891663
3783.101563	621.512268
3780.610352	646.349304
3778.119141	680.194885
3775.625977	670.891113
3773.131836	680.640564
3770.636719	683.367859
3768.140625	679.081543
3765.643555	692.819885
3763.145508	703.544373
3760.646484	740.269409
3758.146484	702.967468
3755.645508	730.666321
3753.143555	730.366455
3750.639648	754.035950
3748.135742	748.734741
3745.630859	769.383118
3743.124023	794.004333
3740.617188	764.762573
3738.108398	788.368286
3735.599609	784.059021
3733.088867	843.487610
3730.577148	838.163269
3728.064453	820.902710
3725.551758	847.419495
3723.037109	872.920044
3720.521484	867.591370
3718.004883	921.870483
3715.487305	915.532532
3712.967773	900.266357
3710.448242	891.957642
3707.927734	927.292847
3705.406250	938.806274
3702.882813	929.500244
3700.359375	977.652283
3697.833984	944.574463
3695.308594	986.741638
3692.781250	971.494263
3690.252930	980.981506
3687.723633	1000.345398
3685.193359	1043.406860
3682.662109	1023.221741
3680.129883	1025.759888
3677.596680	1021.387756
3675.062500	1022.937561
3672.527344	1037.304199
3669.990234	1055.601074
3667.453125	1098.512939
3664.915039	1076.391602
3662.375000	1087.757935
3659.833984	1097.146484
3657.292969	1162.590942
3654.750000	1124.747803
3652.206055	1140.987671
3649.661133	1140.513672
3647.115234	1148.877319
3644.568359	1194.532104
3642.019531	1205.808960
3639.470703	1231.786987
3636.920898	1223.432129
3634.369141	1260.159424
3631.817383	1241.024414
3629.263672	1217.009644
3626.708984	1241.948486
3624.153320	1312.845215
3621.596680	1348.479248
3619.039063	1344.984863
3616.480469	1371.781494
3613.920898	1408.321899
3611.360352	1385.281006
3608.797852	1392.509521
3606.235352	1478.740967
3603.670898	1477.148560
3601.105469	1514.541382
3598.540039	1503.192505
3595.972656	1549.306519
3593.404297	1576.887207
3590.834961	1573.308960
3588.264648	1615.444214
3585.692383	1599.213745
3583.120117	1556.758911
3580.545898	1594.961426
3577.971680	1631.189697
3575.395508	1658.652222
3572.818359	1687.061401
3570.240234	1751.326172
3567.661133	1768.039917
3565.081055	1708.194946
3562.500000	1796.581299
3559.917969	1830.679443
3557.333984	1772.817261
3554.750000	1822.372314
3552.164063	1809.037720
3549.577148	1800.546265
3546.989258	1903.159546
3544.400391	1914.913696
3541.810547	1953.684570
3539.219727	1938.390503
3536.626953	1960.722168
3534.034180	1979.178345
3531.439453	1987.982056
3528.844727	2025.674683
3526.248047	2022.896362
3523.650391	2143.309570
3521.051758	2133.748779
3518.451172	2184.776855
3515.850586	2212.692383
3513.249023	2270.368408
3510.645508	2259.807373
3508.041016	2297.253906
3505.436523	2311.638184
3502.830078	2277.091553
3500.222656	2382.554443
3497.613281	2461.093506
3495.003906	2452.390381
3492.393555	2473.378418
3489.781250	2512.534180
3487.167969	2551.656006
3484.553711	2593.612793
3481.938477	2568.617676
3479.322266	2641.107910
3476.705078	2659.093262
3474.086914	2748.667480
3471.466797	2786.631348
3468.845703	2881.797607
3466.224609	2881.530762
3463.601563	2902.231934
3460.977539	2975.313477
3458.351563	2972.147949
3455.725586	3004.204590
3453.098633	3033.378906
3450.469727	3050.163086
3447.839844	3142.036865
3445.208984	3146.405273
3442.577148	3219.160889
3439.944336	3181.713867
3437.310547	3273.372314
3434.674805	3260.597656
3432.039063	3278.177734
3429.401367	3352.614014
3426.762695	3444.040527
3424.123047	3468.146973
3421.481445	3520.631592
3418.839844	3603.350586
3416.197266	3696.402832
3413.552734	3660.793213
3410.907227	3716.882568
3408.260742	3812.598633
3405.613281	3869.517822
3402.963867	3867.868896
3400.314453	3908.675537
3397.663086	4024.889160
3395.011719	4082.559082
3392.358398	4178.810059
3389.704102	4189.271484
3387.047852	4325.874023
3384.391602	4308.971191
3381.733398	4484.910156
3379.075195	4543.169434
3376.415039	4520.552734
3373.753906	4579.683594
3371.090820	4676.323730
3368.427734	4746.598633
3365.762695	4869.352051
3363.097656	4885.087891
3360.430664	4904.558594
3357.762695	4939.940918
3355.092773	5062.395996
3352.422852	5166.020996
3349.750977	5103.916992
3347.079102	5246.719727
3344.405273	5236.056641
3341.729492	5284.282227
3339.053711	5360.490723
3336.376953	5408.618164
3333.698242	5513.640625
3331.018555	5538.333008
3328.337891	5688.904297
3325.656250	5764.768066
3322.973633	5790.248047
3320.289063	5837.126465
3317.604492	5943.547363
3314.917969	6029.401855
3312.230469	6172.854004
3309.541016	6159.042969
3306.851563	6291.159668
3304.160156	6358.130371
3301.467773	6374.896484
3298.774414	6489.108398
3296.080078	6673.733398
3293.384766	6655.095215
3290.687500	6874.712891
3287.990234	6878.238770
3285.291016	7033.658691
3282.589844	7062.105957
3279.888672	7115.513184
3277.186523	7282.648926
3274.482422	7508.814453
3271.777344	7499.106934
3269.071289	7589.177734
3266.364258	7864.776855
3263.655273	7838.307129
3260.945313	8007.454590
3258.234375	8119.275879
3255.522461	8154.486328
3252.809570	8200.720703
3250.095703	8404.410156
3247.379883	8535.190430
3244.663086	8628.125000
3241.945313	8748.573242
3239.226563	8761.339844
3236.505859	8945.953125
3233.784180	9007.305664
3231.061523	9154.918945
3228.337891	9253.754883
3225.613281	9317.639648
3222.886719	9372.295898
3220.160156	9571.733398
3217.431641	9760.000977
3214.702148	9759.434570
3211.970703	9912.663086
3209.239258	10098.700195
3206.505859	10214.141602
3203.771484	10295.653320
3201.035156	10310.376953
3198.298828	10504.127930
3195.560547	10563.483398
3192.821289	10787.981445
3190.081055	10808.840820
3187.339844	11067.682617
3184.596680	11171.341797
3181.853516	11359.640625
3179.108398	11467.629883
3176.361328	11590.998047
3173.614258	11635.091797
3170.865234	11891.971680
3168.115234	12176.807617
3165.364258	12186.956055
3162.612305	12334.250977
3159.858398	12535.889648
3157.104492	12600.310547
3154.347656	12760.829102
3151.590820	12997.371094
3148.833008	13178.415039
3146.073242	13332.119141
3143.312500	13377.017578
3140.550781	13642.734375
3137.787109	13792.404297
3135.023438	13848.788086
3132.257813	14148.291016
3129.491211	14165.607422
3126.722656	14475.541016
3123.954102	14467.413086
3121.183594	14768.813477
3118.412109	14753.339844
3115.638672	14958.772461
3112.865234	15140.588867
3110.089844	15139.373047
3107.313477	15297.532227
3104.536133	15449.247070
3101.756836	15540.548828
3098.976563	15705.504883
3096.195313	15799.301758
3093.413086	16138.293945
3090.628906	16142.001953
3087.844727	16205.847656
3085.058594	16435.630859
3082.270508	16686.732422
3079.482422	16970.779297
3076.692383	17035.027344
3073.901367	17265.816406
3071.109375	17418.503906
3068.315430	17648.017578
3065.520508	17796.816406
3062.724609	18011.644531
3059.927734	18259.349609
3057.128906	18463.054688
3054.329102	18526.380859
3051.528320	18893.123047
3048.726563	18975.820313
3045.922852	19243.041016
3043.118164	19329.960938
3040.312500	19577.177734
3037.505859	19726.203125
3034.697266	19948.089844
3031.887695	20377.107422
3029.077148	20327.222656
3026.264648	20489.857422
3023.452148	20689.667969
3020.637695	20787.144531
3017.821289	21237.902344
3015.004883	21371.427734
3012.186523	21369.103516
3009.367188	21451.009766
3006.545898	21833.296875
3003.724609	22019.453125
3000.901367	22238.203125
2998.077148	22337.259766
2995.250977	22512.310547
2992.423828	22536.859375
2989.595703	22752.316406
2986.766602	23016.173828
2983.935547	23208.251953
2981.104492	23467.246094
2978.270508	23378.339844
2975.436523	23582.332031
2972.600586	23950.998047
2969.763672	23711.283203
2966.925781	23954.474609
2964.085938	24360.326172
2961.245117	24414.666016
2958.403320	24558.679688
2955.560547	24944.359375
2952.715820	25168.851563
2949.870117	25251.701172
2947.023438	25398.570313
2944.174805	25655.894531
2941.325195	25893.681641
2938.474609	25958.492188
2935.622070	26374.738281
2932.768555	26238.619141
2929.914063	26540.503906
2927.058594	26928.777344
2924.201172	27006.945313
2921.342773	27332.552734
2918.483398	27617.646484
2915.622070	27685.769531
2912.759766	27944.234375
2909.896484	28061.898438
2907.032227	28395.000000
2904.166016	28698.138672
2901.298828	28654.857422
2898.429688	28780.677734
2895.559570	28847.140625
2892.688477	29202.619141
2889.816406	29431.574219
2886.942383	29528.080078
2884.067383	29580.144531
2881.191406	29626.939453
2878.314453	29937.796875
2875.435547	30239.683594
2872.554688	30198.423828
2869.673828	30532.876953
2866.791016	30739.539063
2863.907227	30984.148438
2861.021484	31227.662109
2858.134766	31386.939453
2855.247070	31468.154297
2852.358398	31541.496094
2849.467773	31808.507813
2846.576172	31978.443359
2843.682617	32004.767578
2840.789063	32218.496094
2837.893555	32312.013672
2834.996094	32451.175781
2832.097656	32653.175781
2829.198242	32854.121094
2826.297852	33105.726563
2823.395508	33452.714844
2820.492188	33414.488281
2817.587891	33462.355469
2814.681641	33779.437500
2811.774414	33751.406250
2808.866211	33904.746094
2805.956055	34067.390625
2803.044922	34478.914063
2800.131836	34465.167969
2797.218750	34583.554688
2794.303711	34675.238281
2791.386719	34829.402344
2788.468750	34968.855469
2785.549805	34914.613281
2782.629883	35451.093750
2779.708008	35322.218750
2776.785156	35394.441406
2773.860352	35571.746094
2770.935547	35700.167969
2768.007813	35637.140625
2765.080078	35721.000000
2762.150391	35441.242188
2759.219727	35994.234375
2756.287109	35923.468750
2753.353516	35824.632813
2750.418945	36326.417969
2747.482422	36175.527344
2744.544922	36143.062500
2741.606445	36326.687500
2738.666016	36457.417969
2735.724609	36188.558594
2732.782227	36239.351563
2729.837891	36676.453125
2726.892578	36505.433594
2723.945313	36690.027344
2720.997070	36453.835938
2718.047852	36446.703125
2715.097656	36647.984375
2712.145508	36655.992188
2709.191406	36889.140625
2706.237305	36734.558594
2703.281250	36723.031250
2700.323242	36841.679688
2697.364258	36921.343750
2694.404297	36886.910156
2691.443359	36920.871094
2688.480469	36811.347656
2685.515625	36698.535156
2682.550781	36818.492188
2679.583984	37095.058594
2676.615234	37096.789063
2673.646484	37086.714844
2670.674805	36884.777344
2667.703125	36807.500000
2664.729492	36814.351563
2661.754883	36605.214844
2658.778320	36535.691406
2655.800781	36489.726563
2652.821289	36348.964844
2649.840820	36215.027344
2646.859375	36068.625000
2643.876953	35855.296875
2640.892578	35806.339844
2637.906250	36048.796875
2634.918945	35695.968750
2631.930664	35613.652344
2628.941406	35623.378906
2625.950195	35243.609375
2622.957031	35245.957031
2619.963867	35035.355469
2616.967773	34914.242188
2613.971680	34992.621094
2610.973633	34789.058594
2607.974609	34478.984375
2604.973633	34429.117188
2601.971680	34363.464844
2598.967773	34340.308594
2595.962891	34070.062500
2592.957031	34104.421875
2589.949219	33898.511719
2586.940430	33679.488281
2583.929688	33483.074219
2580.917969	33390.589844
2577.905273	33083.281250
2574.890625	33181.792969
2571.875000	33000.011719
2568.857422	32823.363281
2565.838867	32728.023438
2562.819336	32679.121094
2559.797852	32191.707031
2556.775391	32143.072266
2553.750977	31640.621094
2550.725586	31193.982422
2547.698242	31026.906250
2544.669922	31139.835938
2541.640625	31048.833984
2538.609375	30415.189453
2535.577148	30555.419922
2532.542969	30192.021484
2529.507813	30192.183594
2526.471680	29485.132813
2523.433594	29229.675781
2520.393555	29080.546875
2517.353516	29025.273438
2514.310547	28867.318359
2511.267578	28612.574219
2508.222656	28454.933594
2505.175781	28048.775391
2502.127930	27793.910156
2499.079102	27680.289063
2496.028320	27342.218750
2492.976563	26962.673828
2489.922852	26939.628906
2486.868164	26455.027344
2483.812500	26324.244141
2480.754883	26135.519531
2477.695313	25839.900391
2474.634766	25436.716797
2471.573242	25421.732422
2468.509766	25259.037109
2465.445313	25020.617188
2462.378906	24746.533203
2459.311523	24669.109375
2456.242188	24230.869141
2453.171875	24068.242188
2450.100586	23909.011719
2447.027344	23474.144531
2443.953125	23311.253906
2440.876953	23006.275391
2437.799805	22736.503906
2434.720703	22630.996094
2431.640625	22471.199219
2428.558594	22093.318359
2425.475586	21770.917969
2422.390625	21673.316406
2419.304688	21495.593750
2416.217773	21231.388672
2413.128906	21064.542969
2410.038086	20737.666016
2406.946289	20385.208984
2403.853516	20238.363281
2400.758789	20143.351563
2397.663086	19670.513672
2394.565430	19690.451172
2391.466797	19346.519531
2388.366211	19131.115234
2385.264648	18778.884766
2382.161133	18777.419922
2379.056641	18357.220703
2375.950195	18151.501953
2372.842773	18032.855469
2369.734375	17907.074219
2366.624023	17554.746094
2363.511719	17507.220703
2360.398438	17214.011719
2357.284180	17035.044922
2354.167969	16946.894531
2351.049805	16787.453125
2347.930664	16509.529297
2344.810547	16191.000000
2341.688477	16111.390625
2338.564453	15885.377930
2335.439453	15760.373047
2332.313477	15457.957031
2329.185547	15501.104492
2326.056641	15179.108398
2322.925781	15089.779297
2319.792969	14788.218750
2316.660156	14485.339844
2313.524414	14492.929688
2310.387695	14243.065430
2307.250000	14076.282227
2304.110352	13853.113281
2300.969727	13654.025391
2297.827148	13613.433594
2294.682617	13412.249023
2291.537109	13215.222656
2288.390625	13081.929688
2285.242188	12843.941406
2282.092773	12808.562500
2278.941406	12488.410156
2275.788086	12477.802734
2272.633789	12235.769531
2269.478516	12088.230469
2266.321289	12042.179688
2263.162109	11702.537109
2260.001953	11640.088867
2256.840820	11438.529297
2253.676758	11304.334961
2250.512695	11117.333008
2247.346680	10898.919922
2244.178711	10848.024414
2241.009766	10760.096680
2237.838867	10498.780273
2234.666992	10478.870117
2231.493164	10284.093750
2228.318359	10148.551758
2225.141602	9970.634766
2221.963867	9865.251953
2218.784180	9697.849609
2215.602539	9606.047852
2212.419922	9516.686523
2209.236328	9321.408203
2206.050781	9309.952148
2202.863281	9052.980469
2199.674805	9029.109375
2196.485352	8693.354492
2193.292969	8678.286133
2190.100586	8599.810547
2186.905273	8555.056641
2183.709961	8393.793945
2180.511719	8245.972656
2177.312500	8183.466309
2174.112305	8040.563477
2170.910156	7979.769043
2167.706055	7837.092285
2164.500977	7684.407715
2161.294922	7609.046875
2158.085938	7481.544922
2154.876953	7455.415039
2151.665039	7301.631836
2148.452148	7217.246094
2145.238281	7150.048340
2142.022461	7001.284668
2138.804688	6943.572266
2135.585938	6765.529297
2132.365234	6753.003906
2129.143555	6756.006348
2125.919922	6582.175781
2122.695313	6493.778809
2119.468750	6354.325195
2116.240234	6266.890137
2113.010742	6158.635742
2109.780273	6115.474121
2106.546875	5954.028809
2103.312500	5967.429199
2100.077148	5929.048828
2096.839844	5778.727539
2093.600586	5755.134766
2090.360352	5566.459473
2087.119141	5487.463867
2083.875000	5487.931641
2080.629883	5364.361328
2077.383789	5324.841309
2074.135742	5253.030273
2070.885742	5182.824707
2067.634766	5064.240723
2064.381836	5018.782715
2061.127930	4921.128418
2057.871094	4884.224609
2054.614258	4809.748047
2051.355469	4743.778809
2048.094727	4641.834473
2044.832031	4618.921875
2041.568359	4485.725098
2038.303711	4527.219727
2035.037109	4402.608398
2031.768555	4309.476074
2028.498047	4256.952148
2025.226563	4219.760254
2021.954102	4148.230957
2018.678711	4105.779785
2015.403320	4070.998047
2012.125000	3973.706299
2008.845703	3894.802490
2005.564453	3839.594238
2002.282227	3777.583008
1998.998047	3729.332275
1995.712891	3597.429932
1992.424805	3579.729980
1989.136719	3485.270752
1985.845703	3520.063721
1982.553711	3364.968018
1979.260742	3360.312256
1975.964844	3310.897217
1972.667969	3246.362061
1969.370117	3191.741211
1966.070313	3165.202637
1962.768555	3063.723389
1959.465820	3020.618652
1956.161133	3025.969971
1952.854492	2973.849121
1949.546875	2941.427490
1946.237305	2914.323486
1942.925781	2847.983154
1939.613281	2830.759033
1936.298828	2813.550293
1932.982422	2714.931885
1929.665039	2697.040283
1926.346680	2617.401611
1923.025391	2610.112061
1919.703125	2599.066406
1916.378906	2563.210205
1913.053711	2525.884521
1909.726563	2518.649414
1906.397461	2440.072998
1903.067383	2365.325195
1899.735352	2294.400635
1896.401367	2327.034180
1893.066406	2303.417480
1889.729492	2252.851807
1886.390625	2219.557373
1883.050781	2161.594971
1879.708984	2133.612305
1876.365234	2114.628906
1873.020508	2092.673828
1869.673828	2052.063477
1866.326172	2024.185181
1862.975586	2006.035034
1859.624023	1959.556396
1856.271484	1897.465332
1852.916016	1857.790039
1849.559570	1877.739868
1846.202148	1854.489868
1842.841797	1808.194214
1839.480469	1769.380615
1836.118164	1735.064453
1832.752930	1746.848511
1829.386719	1722.230103
1826.018555	1710.254028
1822.649414	1670.095459
1819.278320	1608.469849
1815.905273	1566.916504
1812.531250	1572.817383
1809.154297	1520.213501
1805.777344	1554.994995
1802.397461	1541.657349
1799.016602	1462.525879
1795.633789	1435.942871
1792.249023	1421.203979
1788.863281	1379.161499
1785.475586	1388.078003
1782.085938	1347.567139
1778.694336	1334.372559
1775.301758	1309.400757
1771.907227	1312.439819
1768.510742	1252.903809
1765.113281	1264.795898
1761.713867	1224.461426
1758.312500	1236.354736
1754.910156	1198.277100
1751.505859	1169.782593
1748.099609	1147.921387
1744.691406	1128.281982
1741.282227	1117.460449
1737.871094	1109.580566
1734.458008	1048.234253
1731.042969	1078.467529
1727.626953	1043.540771
1724.208984	1048.876831
1720.790039	1021.309021
1717.368164	1009.843628
1713.945313	977.939331
1710.520508	986.215576
1707.093750	939.761108
1703.666016	935.649658
1700.236328	927.897400
1696.804688	919.423828
1693.371094	906.589172
1689.936523	857.375732
1686.500000	873.682251
1683.061523	841.983582
1679.622070	811.769409
1676.179688	810.640137
1672.736328	777.566772
1669.291016	789.516724
1665.844727	794.201538
1662.396484	745.235901
1658.945313	761.530640
1655.494141	735.804199
1652.040039	707.931519
1648.584961	740.136414
1645.126953	698.549072
1641.668945	702.537720
1638.208008	702.187622
1634.745117	665.734741
1631.281250	653.133911
1627.815430	648.480042
1624.347656	643.109558
1620.878906	619.008118
1617.408203	602.133118
1613.935547	597.512817
1610.460938	605.848572
1606.984375	583.251160
1603.506836	547.737427
1600.027344	562.550903
1596.545898	579.503601
1593.062500	538.302368
1589.577148	512.924500
1586.090820	500.478088
1582.602539	500.227142
1579.112305	486.366577
1575.620117	488.270325
1572.126953	471.566895
1568.630859	476.336639
1565.133789	471.093292
1561.634766	479.430573
1558.133789	460.621826
1554.631836	418.276947
1551.127930	435.188660
1547.621094	419.995239
1544.114258	416.220245
1540.604492	409.599457
1537.092773	390.881348
1533.580078	407.763397
1530.065430	386.930908
1526.548828	393.133881
1523.030273	376.592743
1519.509766	361.488525
1515.988281	352.078064
1512.463867	356.157013
1508.938477	348.885803
1505.411133	318.941467
1501.882813	318.071716
1498.351563	341.984131
1494.818359	310.672913
1491.284180	318.296112
1487.748047	310.358185
1484.209961	301.014954
1480.669922	278.262299
1477.128906	285.180023
1473.584961	306.201263
1470.040039	269.376709
1466.493164	288.269928
1462.944336	245.855927
1459.393555	261.925232
1455.840820	260.384552
1452.287109	257.438538
1448.730469	258.010498
1445.172852	260.689789
1441.613281	238.083069
1438.051758	249.894928
1434.488281	237.840408
1430.922852	240.524048
1427.356445	219.374954
1423.787109	208.054642
1420.216797	226.152634
1416.644531	216.239807
1413.070313	217.528183
1409.494141	206.930603
1405.916016	194.946304
1402.336914	199.735168
1398.754883	185.672562
1395.171875	197.437668
1391.585938	194.547302
1387.999023	190.265900
1384.410156	171.360474
1380.819336	188.678299
1377.226563	179.535126
1373.632813	155.795410
1370.036133	176.570114
1366.438477	173.005371
1362.837891	168.055328
1359.236328	145.758118
1355.632813	163.026352
1352.027344	154.621964
1348.419922	152.463287
1344.810547	155.155365
1341.199219	125.998749
1337.585938	146.692093
1333.970703	127.943565
1330.354492	129.951218
1326.735352	136.101974
1323.115234	129.817032
1319.493164	127.679459
1315.869141	117.956215
1312.242188	127.547440
1308.614258	108.186951
1304.984375	125.349251
1301.353516	107.386566
1297.719727	108.018944
1294.083984	114.839569
1290.446289	109.281570
1286.807617	109.224876
1283.166016	123.586617
1279.523438	107.739021
1275.877930	104.253654
1272.231445	95.287674
1268.582031	104.830452
1264.931641	90.394913
1261.279297	95.823494
1257.625000	89.616730
1253.968750	95.039970
1250.310547	93.623672
1246.650391	82.646416
1242.988281	83.968651
1239.324219	92.112617
1235.658203	72.969666
1231.990234	77.702774
1228.320313	73.574692
1224.648438	76.940681
1220.975586	83.705788
1217.299805	70.738594
1213.622070	69.341919
1209.943359	76.779732
1206.261719	67.231956
1202.578125	63.124184
1198.893555	63.091080
1195.206055	63.736019
1191.517578	70.479431
1187.826172	62.314445
1184.133789	62.281708
1180.438477	55.482777
1176.742188	61.539970
1173.042969	62.183498
1169.342773	63.501869
1165.639648	58.066860
1161.935547	58.036266
1158.228516	55.307739
1154.520508	51.233799
1150.809570	55.923180
1147.097656	57.913914
1143.382813	54.518021
1139.666992	46.416740
1135.948242	56.477467
1132.227539	48.383656
1128.505859	47.686417
1124.781250	43.633469
1121.055664	46.965004
1117.327148	49.622414
1113.596680	38.872627
1109.865234	42.201324
1106.130859	38.161892
1102.394531	43.494843
1098.657227	44.809338
1094.916992	35.427357
1091.174805	40.753208
1087.430664	34.721962
1083.684570	41.377232
1079.936523	41.355206
1076.186523	32.666542
1072.434570	35.314373
1068.680664	33.297684
1064.924805	34.611118
1061.166992	37.253624
1057.406250	31.249739
1053.644531	32.562111
1049.880859	34.537243
1046.114258	33.854954
1042.346680	30.519506
1038.576172	34.481846
1034.803711	32.475109
1031.030273	23.184080
1027.253906	34.426456
1023.475586	27.791073
1019.695313	32.405521
1015.913086	31.066162
1012.128906	24.443207
1008.342773	29.712250
1004.553711	33.655781
