4046.277344	226.404480
4043.892578	218.019135
4041.505859	226.315231
4039.119141	218.894592
4036.731445	218.808243
4034.342773	215.582352
4031.952148	227.004379
4029.561523	231.097488
4027.169922	237.277847
4024.777344	230.914886
4022.383789	244.401443
4019.989258	228.644211
4017.593750	250.469849
4015.197266	238.895386
4012.799805	250.271576
4010.401367	261.638672
4008.001953	252.157242
4005.601563	257.265076
4003.201172	262.368774
4000.798828	247.694443
3998.395508	266.321899
3995.991211	274.535431
3993.585938	247.399551
3991.180664	261.848389
3988.773438	275.247009
3986.365234	276.175842
3983.957031	257.384827
3981.546875	265.581848
3979.135742	270.661224
3976.724609	277.809692
3974.311523	273.554260
3971.898438	292.089264
3969.483398	284.725281
3967.068359	297.031189
3964.651367	285.532776
3962.234375	285.418823
3959.815430	293.574615
3957.396484	302.757080
3954.975586	305.734802
3952.554688	295.287903
3950.131836	292.073669
3947.708984	323.938019
3945.284180	310.402344
3942.859375	319.555542
3940.432617	327.670929
3938.005859	352.259705
3935.577148	338.733948
3933.148438	327.277313
3930.718750	341.548767
3928.287109	346.553558
3925.855469	327.911682
3923.421875	358.605804
3920.988281	352.299194
3918.552734	347.024231
3916.117188	355.095123
3913.680664	372.392273
3911.242188	364.038879
3908.803711	365.942596
3906.363281	383.214233
3903.922852	358.478638
3901.480469	410.548767
3899.038086	382.751648
3896.593750	359.068756
3894.149414	388.578766
3891.703125	407.843262
3889.256836	395.417786
3886.808594	386.066254
3884.360352	419.601074
3881.910156	393.918823
3879.459961	423.342773
3877.007813	429.289917
3874.555664	398.538116
3872.101563	419.773254
3869.646484	427.751190
3867.191406	440.812744
3864.734375	437.581512
3862.277344	451.645508
3859.818359	461.630737
3857.358398	479.738922
3854.897461	459.224884
3852.436523	465.132233
3849.973633	476.110443
3847.509766	468.814148
3845.044922	490.939392
3842.579102	495.809814
3840.113281	494.595062
3837.645508	503.512177
3835.176758	523.561523
3832.707031	531.447021
3830.236328	519.088623
3827.764648	503.705719
3825.291992	529.788025
3822.818359	571.008545
3820.343750	557.643250
3817.868164	513.994324
3815.390625	553.151672
3812.913086	565.034241
3810.434570	561.778259
3807.955078	570.622803
3805.473633	592.560791
3802.992188	559.076721
3800.509766	596.105164
3798.025391	628.070618
3795.541016	609.704224
3793.054688	616.495117
3790.568359	609.206299
3788.080078	618.001282
3785.591797	636.833557
3783.101563	661.674622
3780.610352	658.393066
3778.119141	683.204590
3775.625977	667.882629
3773.131836	689.662354
3770.636719	693.387939
3768.140625	715.138977
3765.643555	685.811584
3763.145508	746.577698
3760.646484	714.259949
3758.146484	759.964844
3755.645508	738.662659
3753.143555	759.341309
3750.639648	739.055115
3748.135742	752.727966
3745.630859	777.366394
3743.124023	744.129700
3740.617188	784.704224
3738.108398	803.318359
3735.599609	820.920715
3733.088867	828.549805
3730.577148	813.277222
3728.064453	815.927551
3725.551758	818.575439
3723.037109	868.943176
3720.521484	845.727661
3718.004883	864.253601
3715.487305	906.595703
3712.967773	916.147583
3710.448242	925.691284
3707.927734	918.367065
3705.406250	944.754395
3702.882813	1004.811523
3700.359375	913.267883
3697.833984	942.594177
3695.308594	961.009155
3692.781250	985.344482
3690.252930	1006.692688
3687.723633	994.414551
3685.193359	993.015015
3682.662109	995.567078
3680.129883	1019.836365
3677.596680	1055.927490
3675.062500	1034.774902
3672.527344	1058.996826
3669.990234	1072.356689
3667.453125	1086.690308
3664.915039	1079.346069
3662.375000	1107.445801
3659.833984	1105.018311
3657.292969	1103.576172
3654.750000	1153.259766
3652.206055	1146.884155
3649.661133	1149.354858
3647.115234	1194.046753
3644.568359	1147.418213
3642.019531	1178.337280
3639.470703	1225.902710
3636.920898	1194.022705
3634.369141	1260.159424
3631.817383	1254.737427
3629.263672	1257.152344
3626.708984	1275.223755
3624.153320	1282.518677
3621.596680	1292.740845
3619.039063	1305.886475
3616.480469	1319.997803
3613.920898	1390.742310
3611.360352	1332.564209
3608.797852	1381.775391
3606.235352	1401.682617
3603.670898	1441.072998
3601.105469	1430.725098
3598.540039	1432.075806
3595.972656	1486.983643
3593.404297	1514.590332
3590.834961	1490.605591
3588.264648	1531.802856
3585.692383	1520.468262
3583.120117	1558.702515
3580.545898	1633.815552
3577.971680	1571.961914
3575.395508	1589.743896
3572.818359	1608.480591
3570.240234	1691.203125
3567.661133	1661.414795
3565.081055	1662.656006
3562.500000	1718.132202
3559.917969	1796.795898
3557.333984	1785.397339
3554.750000	1801.091919
3552.164063	1798.402100
3549.577148	1836.305908
3546.989258	1881.906006
3544.400391	1924.570313
3541.810547	1917.969971
3539.219727	1917.163696
3536.626953	1955.899902
3534.034180	1987.854736
3531.439453	1967.745728
3528.844727	2076.725830
3526.248047	2060.446533
3523.650391	2100.963135
3521.051758	2091.420166
3518.451172	2167.467773
3515.850586	2171.360596
3513.249023	2177.170898
3510.645508	2264.609375
3508.041016	2288.614014
3505.436523	2281.891113
3502.830078	2259.826416
3500.222656	2356.667725
3497.613281	2366.214844
3495.003906	2446.642578
3492.393555	2397.731201
3489.781250	2472.333496
3487.167969	2544.001953
3484.553711	2594.569336
3481.938477	2554.278564
3479.322266	2587.597656
3476.705078	2692.522949
3474.086914	2723.844482
3471.466797	2764.681885
3468.845703	2735.847656
3466.224609	2750.898926
3463.601563	2859.341797
3460.977539	2864.799316
3458.351563	2929.294189
3455.725586	2959.465332
3453.098633	3007.688232
3450.469727	3040.652100
3447.839844	3168.656250
3445.208984	3154.958008
3442.577148	3171.666504
3439.944336	3250.076416
3437.310547	3259.136230
3434.674805	3282.417236
3432.039063	3364.470459
3429.401367	3452.140381
3426.762695	3441.198242
3424.123047	3524.970703
3421.481445	3493.178223
3418.839844	3637.416016
3416.197266	3574.387451
3413.552734	3644.720459
3410.907227	3736.728760
3408.260742	3782.369873
3405.613281	3776.037354
3402.963867	3895.240479
3400.314453	3977.546631
3397.663086	3989.053467
3395.011719	4038.255127
3392.358398	4037.474854
3389.704102	4153.481445
3387.047852	4226.082520
3384.391602	4276.976074
3381.733398	4301.487793
3379.075195	4367.347168
3376.415039	4411.533203
3373.753906	4448.164551
3371.090820	4498.848633
3368.427734	4567.322266
3365.762695	4652.623535
3363.097656	4687.208496
3360.430664	4693.640137
3357.762695	4826.562012
3355.092773	4791.714844
3352.422852	4973.161133
3349.750977	4993.491211
3347.079102	5035.316895
3344.405273	5165.931152
3341.729492	5198.297852
3339.053711	5264.267090
3336.376953	5278.818848
3333.698242	5393.230957
3331.018555	5439.434082
3328.337891	5459.482910
3325.656250	5571.801270
3322.973633	5717.566895
3320.289063	5782.173340
3317.604492	5834.619629
3314.917969	5948.438965
3312.230469	5963.557129
3309.541016	6029.799805
3306.851563	6063.454590
3304.160156	6176.973633
3301.467773	6292.250000
3298.774414	6291.399902
3296.080078	6459.409668
3293.384766	6600.377930
3290.687500	6656.865234
3287.990234	6789.284180
3285.291016	6837.301758
3282.589844	6888.053223
3279.888672	6855.471680
3277.186523	7076.370605
3274.482422	7187.047852
3271.777344	7132.192383
3269.071289	7353.604004
3266.364258	7350.431152
3263.655273	7498.635254
3260.945313	7712.214844
3258.234375	7772.519043
3255.522461	7877.016113
3252.809570	7916.920898
3250.095703	8153.889160
3247.379883	8234.143555
3244.663086	8237.945313
3241.945313	8339.245117
3239.226563	8401.838867
3236.505859	8668.402344
3233.784180	8710.583984
3231.061523	8831.696289
3228.337891	8924.247070
3225.613281	9088.276367
3222.886719	9140.281250
3220.160156	9401.235352
3217.431641	9511.694336
3214.702148	9704.482422
3211.970703	9563.871094
3209.239258	9847.970703
3206.505859	9958.948242
3203.771484	10099.998047
3201.035156	10149.534180
3198.298828	10335.133789
3195.560547	10383.605469
3192.821289	10646.514648
3190.081055	10713.049805
3187.339844	10879.832031
3184.596680	11138.528320
3181.853516	11288.575195
3179.108398	11347.416992
3176.361328	11500.876953
3173.614258	11627.812500
3170.865234	11852.862305
3168.115234	11911.343750
3165.364258	12085.178711
3162.612305	12148.951172
3159.858398	12221.743164
3157.104492	12328.955078
3154.347656	12531.321289
3151.590820	12720.811523
3148.833008	12853.940430
3146.073242	12969.735352
3143.312500	13337.172852
3140.550781	13376.614258
3137.787109	13415.112305
3135.023438	13726.696289
3132.257813	13750.537109
3129.491211	13836.700195
3126.722656	14046.522461
3123.954102	14207.405273
3121.183594	14344.681641
3118.412109	14361.866211
3115.638672	14526.896484
3112.865234	14640.409180
3110.089844	14798.859375
3107.313477	15130.050781
3104.536133	15140.532227
3101.756836	15275.152344
3098.976563	15370.981445
3096.195313	15599.753906
3093.413086	15815.743164
3090.628906	16017.169922
3087.844727	16123.260742
3085.058594	16154.779297
3082.270508	16567.445313
3079.482422	16687.486328
3076.692383	16994.703125
3073.901367	16924.548828
3071.109375	17263.613281
3068.315430	17324.052734
3065.520508	17580.337891
3062.724609	17606.597656
3059.927734	17893.804688
3057.128906	18097.671875
3054.329102	18042.394531
3051.528320	18398.636719
3048.726563	18728.685547
3045.922852	18658.027344
3043.118164	18886.042969
3040.312500	19088.015625
3037.505859	19301.380859
3034.697266	19251.937500
3031.887695	19626.980469
3029.077148	19826.468750
3026.264648	20096.009766
3023.452148	20291.550781
3020.637695	20335.906250
3017.821289	20642.140625
3015.004883	20760.839844
3012.186523	20847.494141
3009.367188	21106.970703
3006.545898	21446.867188
3003.724609	21556.119141
3000.901367	21845.916016
2998.077148	22046.935547
2995.250977	22160.183594
2992.423828	22122.982422
2989.595703	22396.080078
2986.766602	22853.595703
2983.935547	22872.642578
2981.104492	23048.804688
2978.270508	23288.333984
2975.436523	23356.537109
2972.600586	23642.431641
2969.763672	23793.238281
2966.925781	23953.593750
2964.085938	24125.246094
2961.245117	24559.876953
2958.403320	24678.314453
2955.560547	24873.136719
2952.715820	25063.384766
2949.870117	25160.335938
2947.023438	25674.296875
2944.174805	25653.261719
2941.325195	25904.210938
2938.474609	26153.175781
2935.622070	26146.833984
2932.768555	26384.939453
2929.914063	26597.429688
2927.058594	26937.531250
2924.201172	26885.320313
2921.342773	27056.173828
2918.483398	27462.910156
2915.622070	27356.333984
2912.759766	27890.955078
2909.896484	28093.328125
2907.032227	28212.611328
2904.166016	28393.710938
2901.298828	28623.468750
2898.429688	28629.906250
2895.559570	28936.865234
2892.688477	29178.238281
2889.816406	29298.410156
2886.942383	29663.794922
2884.067383	29637.537109
2881.191406	30103.251953
2878.314453	30042.052734
2875.435547	30319.576172
2872.554688	30393.728516
2869.673828	30823.535156
2866.791016	31257.285156
2863.907227	31154.052734
2861.021484	31267.519531
2858.134766	31628.578125
2855.247070	31801.447266
2852.358398	31782.917969
2849.467773	32089.609375
2846.576172	32179.880859
2843.682617	32471.410156
2840.789063	32564.001953
2837.893555	32873.210938
2834.996094	32923.234375
2832.097656	33068.089844
2829.198242	33544.761719
2826.297852	33308.257813
2823.395508	33958.386719
2820.492188	33710.695313
2817.587891	33894.414063
2814.681641	33908.484375
2811.774414	34109.128906
2808.866211	34242.539063
2805.956055	34436.820313
2803.044922	34525.289063
2800.131836	34581.050781
2797.218750	35074.320313
2794.303711	34827.031250
2791.386719	34998.273438
2788.468750	35302.160156
2785.549805	35264.042969
2782.629883	35502.457031
2779.708008	35554.105469
2776.785156	35851.167969
2773.860352	35828.214844
2770.935547	36134.265625
2768.007813	36158.164063
2765.080078	36192.273438
2762.150391	35949.847656
2759.219727	36501.761719
2756.287109	36493.859375
2753.353516	36454.421875
2750.418945	36668.855469
2747.482422	36937.574219
2744.544922	36896.253906
2741.606445	37038.707031
2738.666016	37026.265625
2735.724609	36922.035156
2732.782227	36901.988281
2729.837891	37157.921875
2726.892578	37101.265625
2723.945313	37342.433594
2720.997070	37520.621094
2718.047852	37574.035156
2715.097656	37378.300781
2712.145508	37684.917969
2709.191406	37584.093750
2706.237305	37666.101563
2703.281250	37419.046875
2700.323242	37462.148438
2697.364258	37454.500000
2694.404297	37662.210938
2691.443359	37679.785156
2688.480469	37536.164063
2685.515625	37563.031250
2682.550781	37579.746094
2679.583984	37874.511719
2676.615234	37950.847656
2673.646484	37495.871094
2670.674805	37433.437500
2667.703125	37429.089844
2664.729492	37218.746094
2661.754883	37265.738281
2658.778320	37209.355469
2655.800781	37039.664063
2652.821289	36904.527344
2649.840820	37120.128906
2646.859375	37040.390625
2643.876953	36847.574219
2640.892578	36662.460938
2637.906250	36742.093750
2634.918945	36629.148438
2631.930664	36210.949219
2628.941406	36263.050781
2625.950195	36200.589844
2622.957031	35925.980469
2619.963867	36073.296875
2616.967773	36107.792969
2613.971680	35742.628906
2610.973633	35866.445313
2607.974609	35213.308594
2604.973633	35214.761719
2601.971680	35301.972656
2598.967773	35048.656250
2595.962891	34940.328125
2592.957031	34357.234375
2589.949219	34649.117188
2586.940430	34101.562500
2583.929688	33939.835938
2580.917969	33959.203125
2577.905273	33693.125000
2574.890625	33521.820313
2571.875000	33276.886719
2568.857422	33173.023438
2565.838867	32829.062500
2562.819336	32763.558594
2559.797852	32549.990234
2556.775391	32338.259766
2553.750977	31867.134766
2550.725586	31641.015625
2547.698242	31486.125000
2544.669922	31280.179688
2541.640625	31061.210938
2538.609375	30753.355469
2535.577148	30621.373047
2532.542969	30440.058594
2529.507813	30218.541016
2526.471680	29794.687500
2523.433594	29709.429688
2520.393555	29584.757813
2517.353516	29135.441406
2514.310547	29066.187500
2511.267578	28878.707031
2508.222656	28739.828125
2505.175781	28424.630859
2502.127930	28129.398438
2499.079102	27631.916016
2496.028320	27393.847656
2492.976563	27151.074219
2489.922852	26878.220703
2486.868164	26756.193359
2483.812500	26545.105469
2480.754883	26148.601563
2477.695313	26173.339844
2474.634766	25898.251953
2471.573242	25666.683594
2468.509766	25188.849609
2465.445313	25127.480469
2462.378906	24856.609375
2459.311523	24669.109375
2456.242188	24364.466797
2453.171875	24051.142578
2450.100586	23926.916016
2447.027344	23684.027344
2443.953125	23318.572266
2440.876953	22912.810547
2437.799805	22827.488281
2434.720703	22643.175781
2431.640625	22361.630859
2428.558594	22175.253906
2425.475586	21971.203125
2422.390625	21614.150391
2419.304688	21578.226563
2416.217773	21388.478516
2413.128906	21045.927734
2410.038086	20710.968750
2406.946289	20629.410156
2403.853516	20327.269531
2400.758789	20188.591797
2397.663086	19836.857422
2394.565430	19614.582031
2391.466797	19432.841797
2388.366211	19166.595703
2385.264648	19052.117188
2382.161133	18651.742188
2379.056641	18531.958984
2375.950195	18250.501953
2372.842773	18099.628906
2369.734375	17791.279297
2366.624023	17486.427734
2363.511719	17387.517578
2360.398438	17313.585938
2357.284180	17230.085938
2354.167969	16926.837891
2351.049805	16605.423828
2347.930664	16470.253906
2344.810547	16333.602539
2341.688477	16118.597656
2338.564453	15857.364258
2335.439453	15747.572266
2332.313477	15495.541016
2329.185547	15399.596680
2326.056641	15042.497070
2322.925781	14994.754883
2319.792969	14841.695313
2316.660156	14545.172852
2313.524414	14483.361328
2310.387695	14221.544922
2307.250000	14026.092773
2304.110352	13770.298828
2300.969727	13593.536133
2297.827148	13471.030273
2294.682617	13392.370117
2291.537109	13084.080078
2288.390625	13025.525391
2285.242188	12797.885742
2282.092773	12545.056641
2278.941406	12503.483398
2275.788086	12349.345703
2272.633789	12147.792969
2269.478516	12092.983398
2266.321289	11890.148438
2263.162109	11680.375977
2260.001953	11485.035156
2256.840820	11472.530273
2253.676758	11298.011719
2250.512695	11184.481445
2247.346680	11014.991211
2244.178711	10842.500000
2241.009766	10715.920898
2237.838867	10509.818359
2234.666992	10311.000000
2231.493164	10207.682617
2228.318359	10004.460938
2225.141602	9975.356445
2221.963867	9772.428711
2218.784180	9644.383789
2215.602539	9499.952148
2212.419922	9412.996094
2209.236328	9363.021484
2206.050781	9266.003906
2202.863281	9076.512695
2199.674805	8942.080078
2196.485352	8812.473633
2193.292969	8704.134766
2190.100586	8624.864258
2186.905273	8454.105469
2183.709961	8400.051758
2180.511719	8230.335938
2177.312500	8222.539063
2174.112305	8074.931641
2170.910156	7904.819824
2167.706055	7801.976563
2164.500977	7587.689453
2161.294922	7533.423828
2158.085938	7473.752441
2154.876953	7330.794434
2151.665039	7316.423340
2148.452148	7171.335449
2145.238281	7108.826660
2142.022461	6977.185059
2138.804688	6899.281738
2135.585938	6694.853027
2132.365234	6607.060059
2129.143555	6594.613281
2125.919922	6523.232910
2122.695313	6534.863770
2119.468750	6382.993652
2116.240234	6255.273438
2113.010742	6075.808594
2109.780273	6038.102539
2106.546875	5964.855957
2103.312500	5976.704590
2100.077148	5753.665527
2096.839844	5740.887207
2093.600586	5586.865234
2090.360352	5563.373535
2087.119141	5547.613281
2083.875000	5377.710938
2080.629883	5306.580566
2077.383789	5260.927734
2074.135742	5192.226074
2070.885742	5093.584961
2067.634766	4984.270996
2064.381836	4908.108398
2061.127930	4908.836914
2057.871094	4818.190430
2054.614258	4800.538086
2051.355469	4671.670898
2048.094727	4611.931641
2044.832031	4584.435547
2041.568359	4489.555176
2038.303711	4387.873535
2035.037109	4339.090820
2031.768555	4301.827148
2028.498047	4229.428711
2025.226563	4140.286133
2021.954102	4029.841064
2018.678711	3983.629150
2015.403320	3988.585938
2012.125000	3873.791504
2008.845703	3802.559082
2005.564453	3759.586914
2002.282227	3689.236328
1998.998047	3594.592285
1995.712891	3627.104248
1992.424805	3598.742676
1989.136719	3500.473633
1985.845703	3429.649658
1982.553711	3393.066406
1979.260742	3304.901611
1975.964844	3225.924561
1972.667969	3251.670410
1969.370117	3181.887939
1966.070313	3149.293213
1962.768555	3068.266602
1959.465820	3031.971436
1956.161133	2991.927734
1952.854492	3040.388428
1949.546875	2925.556396
1946.237305	2808.567871
1942.925781	2835.147461
1939.613281	2818.684326
1936.298828	2722.279785
1932.982422	2720.209473
1929.665039	2618.668701
1926.346680	2621.167725
1923.025391	2567.952881
1919.703125	2550.155029
1916.378906	2518.083252
1913.053711	2504.835449
1909.726563	2449.521729
1906.397461	2425.803711
1903.067383	2351.062744
1899.735352	2306.405273
1896.401367	2288.787598
1893.066406	2248.699219
1889.729492	2224.382080
1886.390625	2203.831787
1883.050781	2123.422607
1879.708984	2136.604736
1876.365234	2079.484863
1873.020508	2059.788818
1869.673828	1990.807983
1866.326172	1947.279663
1862.975586	1923.942749
1859.624023	1920.022095
1856.271484	1914.613281
1852.916016	1852.573608
1849.559570	1874.015625
1846.202148	1842.578247
1842.841797	1777.685669
1839.480469	1764.918091
1836.118164	1757.366089
1832.752930	1726.043823
1829.386719	1673.957153
1826.018555	1662.746948
1822.649414	1652.288940
1819.278320	1575.099121
1815.905273	1540.974121
1812.531250	1548.369385
1809.154297	1515.770630
1805.777344	1495.785278
1802.397461	1456.585083
1799.016602	1446.259155
1795.633789	1418.206055
1792.249023	1421.942627
1788.863281	1370.301758
1785.475586	1351.180664
1782.085938	1301.099243
1778.694336	1296.774292
1775.301758	1314.558838
1771.907227	1235.843994
1768.510742	1226.402954
1765.113281	1206.669678
1761.713867	1192.103271
1758.312500	1164.319824
1754.910156	1163.746704
1751.505859	1127.926025
1748.099609	1138.379883
1744.691406	1126.814819
1741.282227	1079.331909
1737.871094	1059.011841
1734.458008	1065.814697
1731.042969	1038.931030
1727.626953	1037.686401
1724.208984	971.344849
1720.790039	1007.418640
1717.368164	976.230896
1713.945313	939.230774
1710.520508	934.386353
1707.093750	951.435120
1703.666016	915.959473
1700.236328	922.795044
1696.804688	890.282043
1693.371094	872.364563
1689.936523	851.553162
1686.500000	835.854248
1683.061523	821.624756
1679.622070	840.839050
1676.179688	812.819275
1672.736328	808.059570
1669.291016	775.003540
1665.844727	776.069092
1662.396484	770.608704
1658.945313	754.284851
1655.494141	742.322144
1652.040039	705.036072
1648.584961	714.814026
1645.126953	716.627502
1641.668945	681.577209
1638.208008	680.515137
1634.745117	644.073120
1631.281250	643.030212
1627.815430	615.298645
1624.347656	620.759338
1620.878906	588.021729
1617.408203	575.483643
1613.935547	585.994507
1610.460938	584.262512
1606.984375	565.990967
1603.506836	559.238464
1600.027344	547.463318
1596.545898	535.699707
1593.062500	541.173279
1589.577148	507.185455
1586.090820	489.005829
1582.602539	526.743469
1579.112305	492.096954
1575.620117	480.395020
1572.126953	490.171967
1568.630859	459.886566
1565.133789	444.643463
1561.634766	447.992493
1558.133789	447.767273
1554.631836	431.125031
1551.127930	449.457153
1547.621094	445.665588
1544.114258	424.059998
1540.604492	425.983429
1537.092773	407.257080
1533.580078	399.935455
1530.065430	384.085815
1526.548828	368.251984
1523.030273	362.381714
1519.509766	375.692413
1515.988281	347.109222
1512.463867	352.609619
1508.938477	341.794617
1505.411133	334.534180
1501.882813	335.073303
1498.351563	331.363525
1494.818359	328.364990
1491.284180	327.491333
1487.748047	303.288544
1484.209961	304.548004
1480.669922	295.212280
1477.128906	301.415527
1473.584961	290.679565
1470.040039	285.595734
1466.493164	269.239868
1462.944336	269.103058
1459.393555	266.149841
1455.840820	261.792023
1452.287109	243.370850
1448.730469	248.871170
1445.172852	245.933777
1441.613281	235.976151
1438.051758	249.192978
1434.488281	236.437225
1430.922852	230.005508
1427.356445	236.896927
1423.787109	222.065048
1420.216797	221.951645
1416.644531	202.943512
1413.070313	210.533707
1409.494141	209.027878
1405.916016	199.837433
1402.336914	192.751419
1398.754883	189.162643
1395.171875	186.275116
1391.585938	179.903961
1387.999023	165.872833
1384.410156	169.967300
1380.819336	179.627319
1377.226563	172.576401
1373.632813	174.574326
1370.036133	168.228226
1366.438477	164.667770
1362.837891	154.860901
1359.236328	149.228546
1355.632813	158.863968
1352.027344	162.249054
1348.419922	149.691223
1344.810547	148.921432
1341.199219	138.460159
1337.585938	134.237106
1333.970703	136.934189
1330.354492	141.702133
1326.735352	134.029358
1323.115234	126.364449
1319.493164	127.679459
1315.869141	128.303253
1312.242188	120.652985
1308.614258	119.901466
1304.984375	118.461929
1301.353516	109.451691
1297.719727	109.394981
1294.083984	113.464249
1290.446289	98.971992
1286.807617	103.042336
1283.166016	96.809517
1279.523438	94.700539
1275.877930	105.625412
1272.231445	104.199471
1268.582031	93.867790
1264.931641	100.667061
1261.279297	89.663414
1257.625000	86.196243
1253.968750	86.151344
1250.310547	82.689522
1246.650391	91.525780
1242.988281	75.776581
1239.324219	73.690094
1235.658203	81.835136
1231.990234	70.886742
1228.320313	81.068405
1224.648438	72.174446
1220.975586	74.178299
1217.299805	75.499847
1213.622070	73.420853
1209.943359	67.267204
1206.261719	64.515511
1202.578125	65.839203
1198.893555	63.091080
1195.206055	61.023849
1191.517578	70.479431
1187.826172	62.991779
1184.133789	54.158005
1180.438477	60.219112
1176.742188	62.892498
1173.042969	62.183498
1169.342773	52.693043
1165.639648	60.092449
1161.935547	58.036266
1158.228516	59.354645
1154.520508	55.278572
1150.809570	49.859219
1147.097656	52.526573
1143.382813	41.729843
1139.666992	51.125683
1135.948242	43.030449
1132.227539	49.055653
1128.505859	46.343136
1124.781250	43.633469
1121.055664	44.952221
1117.327148	38.893246
1113.596680	33.510887
1109.865234	38.852013
1106.130859	38.161892
1102.394531	38.141632
1098.657227	35.446190
1094.916992	40.774883
1091.174805	30.731926
1087.430664	34.721962
1083.684570	37.372986
1079.936523	36.686069
1076.186523	31.999880
1072.434570	39.312225
1068.680664	36.627453
1064.924805	27.955135
1061.166992	31.931677
1057.406250	30.584850
1053.644531	39.871975
1049.880859	25.238754
1046.114258	27.880550
1042.346680	20.567493
1038.576172	31.166285
1034.803711	30.486837
1031.030273	27.158493
1027.253906	23.171654
1023.475586	29.114456
1019.695313	26.453487
1015.913086	20.490448
1012.128906	25.764460
1008.342773	23.769800
1004.553711	25.076857
