4046.277344	191.814911
4043.892578	216.970963
4041.505859	195.930313
4039.119141	204.231796
4036.731445	203.104309
4034.342773	211.396286
4031.952148	214.451141
4029.561523	220.640579
4027.169922	220.553406
4024.777344	225.690567
4022.383789	218.290176
4019.989258	225.512100
4017.593750	212.899368
4015.197266	237.852173
4012.799805	228.372803
4010.401367	225.155182
4008.001953	237.569626
4005.601563	246.849487
4003.201172	219.681793
4000.798828	226.879776
3998.395508	235.112305
3995.991211	252.697372
3993.585938	262.991974
3991.180664	259.770233
3988.773438	260.705658
3986.365234	240.875153
3983.957031	279.179504
3981.546875	263.506989
3979.135742	260.291077
3976.724609	267.443665
3974.311523	256.975220
3971.898438	268.266388
3969.483398	277.477722
3967.068359	280.471954
3964.651367	289.670929
3962.234375	296.794220
3959.815430	289.439758
3957.396484	301.723785
3954.975586	272.682404
3952.554688	305.612640
3950.131836	296.201904
3947.708984	296.083466
3945.284180	310.402344
3942.859375	289.661652
3940.432617	298.819397
3938.005859	311.059723
3935.577148	329.467682
3933.148438	343.744080
3930.718750	308.628418
3928.287109	335.241699
3925.855469	321.744049
3923.421875	302.092010
3920.988281	311.214722
3918.552734	341.890717
3916.117188	346.884827
3913.680664	354.952423
3911.242188	349.682434
3908.803711	347.491730
3906.363281	353.499756
3903.922852	359.502869
3901.480469	354.239075
3899.038086	369.447449
3896.593750	369.298645
3894.149414	382.443329
3891.703125	395.577301
3889.256836	400.526550
3886.808594	394.236969
3884.360352	392.036041
3881.910156	396.980377
3879.459961	391.719574
3877.007813	427.250549
3874.555664	423.000824
3872.101563	422.829834
3869.646484	431.825012
3867.191406	447.939056
3864.734375	449.793091
3862.277344	447.576630
3859.818359	451.462646
3857.358398	439.083069
3854.897461	440.937164
3852.436523	447.867493
3849.973633	456.822388
3847.509766	461.710907
3845.044922	457.466278
3842.579102	485.670563
3840.113281	468.243683
3837.645508	479.197693
3835.176758	484.066528
3832.707031	481.845306
3830.236328	514.029236
3827.764648	488.533844
3825.291992	515.633423
3822.818359	524.519348
3820.343750	510.162781
3817.868164	516.013977
3815.390625	516.813232
3812.913086	553.935364
3810.434570	535.555237
3807.955078	541.385925
3805.473633	588.529724
3802.992188	588.289734
3800.509766	573.952637
3798.025391	604.920593
3795.541016	593.606445
3793.054688	573.250000
3790.568359	622.275024
3788.080078	609.962219
3785.591797	612.726318
3783.101563	636.573181
3780.610352	646.349304
3778.119141	660.130188
3775.625977	651.837402
3773.131836	671.618835
3770.636719	688.377869
3768.140625	695.107056
3765.643555	671.794983
3763.145508	676.523499
3760.646484	702.255554
3758.146484	730.966187
3755.645508	734.664490
3753.143555	720.375122
3750.639648	737.057678
3748.135742	709.800537
3745.630859	762.397827
3743.124023	758.094604
3740.617188	734.850098
3738.108398	753.484741
3735.599609	768.118774
3733.088867	774.773743
3730.577148	778.436707
3728.064453	798.016907
3725.551758	835.484009
3723.037109	808.296143
3720.521484	831.814392
3718.004883	843.392334
3715.487305	858.932373
3712.967773	852.622681
3710.448242	853.263184
3707.927734	901.507202
3705.406250	877.342712
3702.882813	882.926147
3700.359375	914.258423
3697.833984	911.900452
3695.308594	948.142944
3692.781250	973.472839
3690.252930	928.570190
3687.723633	993.426025
3685.193359	982.146240
3682.662109	969.887756
3680.129883	1007.989258
3677.596680	1023.361450
3675.062500	1005.181702
3672.527344	1064.913086
3669.990234	1062.500488
3667.453125	1073.882568
3664.915039	1101.996582
3662.375000	1063.147949
3659.833984	1125.682129
3657.292969	1130.132813
3654.750000	1138.512085
3652.206055	1142.953125
3649.661133	1183.737305
3647.115234	1176.371826
3644.568359	1147.418213
3642.019531	1163.620361
3639.470703	1158.232910
3636.920898	1199.904541
3634.369141	1189.606201
3631.817383	1216.536987
3629.263672	1223.863281
3626.708984	1233.140381
3624.153320	1298.171143
3621.596680	1284.917847
3619.039063	1256.036011
3616.480469	1332.699463
3613.920898	1379.999268
3611.360352	1351.112671
3608.797852	1373.968750
3606.235352	1360.714844
3603.670898	1362.096680
3601.105469	1399.537598
3598.540039	1434.024170
3595.972656	1449.005737
3593.404297	1456.187134
3590.834961	1488.659668
3588.264648	1497.762817
3585.692383	1564.215820
3583.120117	1563.561279
3580.545898	1583.305298
3577.971680	1587.497070
3575.395508	1604.302002
3572.818359	1650.196411
3570.240234	1678.596680
3567.661133	1674.015869
3565.081055	1707.226074
3562.500000	1735.565430
3559.917969	1804.540649
3557.333984	1768.946533
3554.750000	1791.419067
3552.164063	1785.832520
3549.577148	1812.144043
3546.989258	1873.211426
3544.400391	1924.570313
3541.810547	1900.595215
3539.219727	1911.374512
3536.626953	1897.068604
3534.034180	1994.603027
3531.439453	1980.272949
3528.844727	2029.527588
3526.248047	2073.926025
3523.650391	2054.766846
3521.051758	2102.964355
3518.451172	2120.348877
3515.850586	2116.572021
3513.249023	2152.190186
3510.645508	2222.352051
3508.041016	2235.814697
3505.436523	2250.224854
3502.830078	2308.744629
3500.222656	2324.069336
3497.613281	2324.046631
3495.003906	2402.576416
3492.393555	2413.052246
3489.781250	2451.276123
3487.167969	2500.947998
3484.553711	2550.577393
3481.938477	2532.291992
3479.322266	2565.620361
3476.705078	2580.772217
3474.086914	2681.836182
3471.466797	2695.016113
3468.845703	2725.354492
3466.224609	2846.250732
3463.601563	2833.607666
3460.977539	2868.610107
3458.351563	2872.155762
3455.725586	2949.946289
3453.098633	3032.427246
3450.469727	3011.168213
3447.839844	3063.129395
3445.208984	3068.481689
3442.577148	3139.370605
3439.944336	3246.278564
3437.310547	3208.834961
3434.674805	3302.339355
3432.039063	3297.143311
3429.401367	3345.031250
3426.762695	3362.558594
3424.123047	3394.275879
3421.481445	3507.378174
3418.839844	3489.799805
3416.197266	3540.336670
3413.552734	3562.466064
3410.907227	3625.212891
3408.260742	3593.440186
3405.613281	3661.783691
3402.963867	3753.664063
3400.314453	3791.688721
3397.663086	3850.427002
3395.011719	3856.326172
3392.358398	3936.655762
3389.704102	3971.708008
3387.047852	4076.394775
3384.391602	4179.108887
3381.733398	4242.228027
3379.075195	4256.400391
3376.415039	4317.550781
3373.753906	4476.347168
3371.090820	4419.031738
3368.427734	4530.715820
3365.762695	4634.797363
3363.097656	4601.867188
3360.430664	4651.456543
3357.762695	4773.152344
3355.092773	4846.038574
3352.422852	4865.496582
3349.750977	4959.801758
3347.079102	5019.415039
3344.405273	5153.775879
3341.729492	5261.851563
3339.053711	5219.425293
3336.376953	5324.575195
3333.698242	5444.568359
3331.018555	5378.788574
3328.337891	5442.695801
3325.656250	5531.716309
3322.973633	5677.499512
3320.289063	5662.021973
3317.604492	5777.828125
3314.917969	5813.500977
3312.230469	5976.580078
3309.541016	6035.378906
3306.851563	6059.737305
3304.160156	6152.819336
3301.467773	6216.104492
3298.774414	6162.378906
3296.080078	6340.649902
3293.384766	6375.017578
3290.687500	6520.594727
3287.990234	6539.098633
3285.291016	6671.509277
3282.589844	6677.893555
3279.888672	6741.645508
3277.186523	6847.891602
3274.482422	6993.802734
3271.777344	7090.602539
3269.071289	7218.726563
3266.364258	7211.917969
3263.655273	7404.486816
3260.945313	7583.047363
3258.234375	7645.251465
3255.522461	7775.615234
3252.809570	7873.613770
3250.095703	7965.999023
3247.379883	8049.095703
3244.663086	8126.597168
3241.945313	8249.101563
3239.226563	8341.155273
3236.505859	8474.484375
3233.784180	8606.777344
3231.061523	8737.116211
3228.337891	8792.076172
3225.613281	8888.272461
3222.886719	9021.063477
3220.160156	9169.321289
3217.431641	9238.648438
3214.702148	9372.940430
3211.970703	9377.116211
3209.239258	9449.916016
3206.505859	9673.570313
3203.771484	9716.916992
3201.035156	9805.916016
3198.298828	10051.954102
3195.560547	10079.548828
3192.821289	10201.123047
3190.081055	10285.184570
3187.339844	10533.311523
3184.596680	10631.734375
3181.853516	10795.667969
3179.108398	10898.437500
3176.361328	11120.366211
3173.614258	11055.475586
3170.865234	11275.317383
3168.115234	11282.229492
3165.364258	11469.969727
3162.612305	11657.542969
3159.858398	11688.784180
3157.104492	11866.109375
3154.347656	12224.705078
3151.590820	12297.359375
3148.833008	12437.016602
3146.073242	12526.720703
3143.312500	12633.547852
3140.550781	12693.209961
3137.787109	12970.867188
3135.023438	13070.116211
3132.257813	13331.991211
3129.491211	13462.613281
3126.722656	13581.375977
3123.954102	13720.794922
3121.183594	13756.311523
3118.412109	14020.002930
3115.638672	14140.101563
3112.865234	14206.018555
3110.089844	14142.153320
3107.313477	14429.509766
3104.536133	14377.294922
3101.756836	14558.130859
3098.976563	14818.837891
3096.195313	14921.113281
3093.413086	15038.568359
3090.628906	15102.929688
3087.844727	15317.142578
3085.058594	15238.647461
3082.270508	15830.197266
3079.482422	15950.561523
3076.692383	16034.074219
3073.901367	16185.583008
3071.109375	16271.595703
3068.315430	16649.275391
3065.520508	16666.121094
3062.724609	16802.761719
3059.927734	17033.121094
3057.128906	17133.736328
3054.329102	17323.554688
3051.528320	17442.689453
3048.726563	17678.587891
3045.922852	17826.878906
3043.118164	18180.056641
3040.312500	18259.378906
3037.505859	18404.533203
3034.697266	18571.808594
3031.887695	18848.378906
3029.077148	18953.041016
3026.264648	19168.734375
3023.452148	19352.242188
3020.637695	19476.068359
3017.821289	19853.710938
3015.004883	19736.687500
3012.186523	19992.339844
3009.367188	20126.283203
3006.545898	20246.806641
3003.724609	20500.992188
3000.901367	20620.347656
2998.077148	20847.578125
2995.250977	20933.927734
2992.423828	20952.099609
2989.595703	21154.996094
2986.766602	21503.498047
2983.935547	21385.365234
2981.104492	21684.890625
2978.270508	21826.195313
2975.436523	21948.845703
2972.600586	22021.130859
2969.763672	22337.443359
2966.925781	22018.384766
2964.085938	22298.308594
2961.245117	22901.841797
2958.403320	23046.523438
2955.560547	23219.207031
2952.715820	23397.882813
2949.870117	23438.468750
2947.023438	23710.833984
2944.174805	23911.855469
2941.325195	24080.230469
2938.474609	24203.722656
2935.622070	24564.646484
2932.768555	24540.605469
2929.914063	24842.367188
2927.058594	24962.648438
2924.201172	25224.566406
2921.342773	25342.806641
2918.483398	25609.552734
2915.622070	25756.337891
2912.759766	25939.669922
2909.896484	26239.822266
2907.032227	26270.042969
2904.166016	26708.458984
2901.298828	26670.421875
2898.429688	26829.371094
2895.559570	26791.296875
2892.688477	26908.240234
2889.816406	27427.169922
2886.942383	27468.892578
2884.067383	27617.527344
2881.191406	27940.726563
2878.314453	27901.341797
2875.435547	28082.558594
2872.554688	28131.667969
2869.673828	28472.250000
2866.791016	28755.279297
2863.907227	28693.906250
2861.021484	29097.007813
2858.134766	29361.166016
2855.247070	29376.625000
2852.358398	29577.238281
2849.467773	29780.257813
2846.576172	29768.681641
2843.682617	30264.363281
2840.789063	30154.957031
2837.893555	30620.650391
2834.996094	30634.572266
2832.097656	30948.660156
2829.198242	31182.271484
2826.297852	31195.033203
2823.395508	31445.535156
2820.492188	31579.558594
2817.587891	31769.398438
2814.681641	31805.923828
2811.774414	31964.515625
2808.866211	32089.433594
2805.956055	32136.906250
2803.044922	32543.287109
2800.131836	32508.091797
2797.218750	32966.257813
2794.303711	33014.070313
2791.386719	32887.816406
2788.468750	33160.949219
2785.549805	33146.058594
2782.629883	33287.832031
2779.708008	33337.910156
2776.785156	33209.179688
2773.860352	33699.503906
2770.935547	33703.152344
2768.007813	33569.273438
2765.080078	33722.367188
2762.150391	33696.957031
2759.219727	33838.742188
2756.287109	33909.628906
2753.353516	34292.347656
2750.418945	34247.945313
2747.482422	34392.593750
2744.544922	34318.378906
2741.606445	34249.320313
2738.666016	34568.902344
2735.724609	34695.253906
2732.782227	34544.535156
2729.837891	34867.765625
2726.892578	34740.000000
2723.945313	35101.007813
2720.997070	34934.218750
2718.047852	35212.574219
2715.097656	35280.546875
2712.145508	35112.179688
2709.191406	35269.000000
2706.237305	35240.371094
2703.281250	35413.878906
2700.323242	35390.261719
2697.364258	35403.832031
2694.404297	35386.972656
2691.443359	35329.601563
2688.480469	35153.292969
2685.515625	35301.003906
2682.550781	35197.343750
2679.583984	35367.632813
2676.615234	35279.175781
2673.646484	35365.062500
2670.674805	35285.082031
2667.703125	35095.816406
2664.729492	35273.273438
2661.754883	34934.578125
2658.778320	35034.648438
2655.800781	34681.238281
2652.821289	34598.359375
2649.840820	34429.988281
2646.859375	34674.273438
2643.876953	34262.957031
2640.892578	34162.785156
2637.906250	34405.156250
2634.918945	34389.519531
2631.930664	34137.976563
2628.941406	34155.902344
2625.950195	33974.042969
2622.957031	34004.535156
2619.963867	33983.218750
2616.967773	33794.976563
2613.971680	34024.867188
2610.973633	33530.718750
2607.974609	33341.242188
2604.973633	33436.859375
2601.971680	33302.539063
2598.967773	33074.273438
2595.962891	32825.402344
2592.957031	32720.619141
2589.949219	32716.500000
2586.940430	32370.062500
2583.929688	32268.089844
2580.917969	32013.460938
2577.905273	32026.224609
2574.890625	31823.337891
2571.875000	31622.285156
2568.857422	31585.462891
2565.838867	31224.009766
2562.819336	31092.185547
2559.797852	30839.664063
2556.775391	30348.339844
2553.750977	30085.623047
2550.725586	30052.849609
2547.698242	29887.123047
2544.669922	29441.675781
2541.640625	29744.232422
2538.609375	29245.626953
2535.577148	29115.160156
2532.542969	28773.847656
2529.507813	28805.958984
2526.471680	28474.962891
2523.433594	28419.111328
2520.393555	27958.617188
2517.353516	27843.839844
2514.310547	27753.812500
2511.267578	27429.761719
2508.222656	27211.087891
2505.175781	27026.253906
2502.127930	26924.427734
2499.079102	26693.142578
2496.028320	26426.822266
2492.976563	26087.017578
2489.922852	25996.417969
2486.868164	25535.166016
2483.812500	25525.052734
2480.754883	25146.187500
2477.695313	25134.611328
2474.634766	24741.554688
2471.573242	24577.472656
2468.509766	24296.011719
2465.445313	23969.119141
2462.378906	23912.408203
2459.311523	23709.042969
2456.242188	23308.720703
2453.171875	23065.093750
2450.100586	22840.402344
2447.027344	22493.072266
2443.953125	22266.398438
2440.876953	22129.328125
2437.799805	21829.904297
2434.720703	21700.453125
2431.640625	21545.957031
2428.558594	21256.929688
2425.475586	21047.626953
2422.390625	20728.285156
2419.304688	20570.443359
2416.217773	20332.576172
2413.128906	20057.693359
2410.038086	19861.529297
2406.946289	19680.095703
2403.853516	19409.916016
2400.758789	19295.898438
2397.663086	19016.445313
2394.565430	18736.437500
2391.466797	18705.158203
2388.366211	18286.041016
2385.264648	18059.130859
2382.161133	18116.003906
2379.056641	17764.558594
2375.950195	17576.017578
2372.842773	17281.453125
2369.734375	17056.308594
2366.624023	16980.867188
2363.511719	16944.855469
2360.398438	16556.351563
2357.284180	16518.953125
2354.167969	16173.518555
2351.049805	15967.124023
2347.930664	15817.824219
2344.810547	15639.015625
2341.688477	15507.614258
2338.564453	15283.483398
2335.439453	15077.957031
2332.313477	14869.417969
2329.185547	14627.499023
2326.056641	14529.602539
2322.925781	14283.266602
2319.792969	14207.162109
2316.660156	13978.747070
2313.524414	13879.721680
2310.387695	13530.513672
2307.250000	13530.566406
2304.110352	13404.800781
2300.969727	13237.758789
2297.827148	13153.606445
2294.682617	12929.577148
2291.537109	12842.458984
2288.390625	12477.366211
2285.242188	12334.948242
2282.092773	12187.896484
2278.941406	12097.304688
2275.788086	11901.331055
2272.633789	11664.323242
2269.478516	11607.363281
2266.321289	11399.212891
2263.162109	11300.474609
2260.001953	11089.491211
2256.840820	10998.099609
2253.676758	10917.854492
2250.512695	10776.853516
2247.346680	10658.089844
2244.178711	10466.035156
2241.009766	10300.978516
2237.838867	10071.416992
2234.666992	9994.174805
2231.493164	9925.666992
2228.318359	9763.522461
2225.141602	9703.837891
2221.963867	9462.492188
2218.784180	9384.127930
2215.602539	9257.894531
2212.419922	9117.637695
2209.236328	8951.598633
2206.050781	8858.698242
2202.863281	8759.607422
2199.674805	8641.004883
2196.485352	8513.891602
2193.292969	8325.796875
2190.100586	8234.960938
2186.905273	8257.679688
2183.709961	8008.169434
2180.511719	7963.730957
2177.312500	7848.219238
2174.112305	7766.400391
2170.910156	7615.952148
2167.706055	7468.765625
2164.500977	7398.933594
2161.294922	7283.947266
2158.085938	7204.912109
2154.876953	7138.411621
2151.665039	7035.381836
2148.452148	6937.115723
2145.238281	6882.495117
2142.022461	6845.026855
2138.804688	6658.401367
2135.585938	6618.739746
2132.365234	6528.654297
2129.143555	6385.112793
2125.919922	6273.502930
2122.695313	6268.198242
2119.468750	6089.335938
2116.240234	6049.268555
2113.010742	5902.413086
2109.780273	5923.591797
2106.546875	5733.624023
2103.312500	5717.755371
2100.077148	5640.090820
2096.839844	5530.835938
2093.600586	5494.239746
2090.360352	5402.898926
2087.119141	5300.075684
2083.875000	5242.824707
2080.629883	5102.421875
2077.383789	5099.218750
2074.135742	5023.666992
2070.885742	4996.652344
2067.634766	4901.225586
2064.381836	4865.068359
2061.127930	4704.494141
2057.871094	4674.604492
2054.614258	4594.855469
2051.355469	4575.015625
2048.094727	4534.491211
2044.832031	4385.178711
2041.568359	4367.760254
2038.303711	4233.214355
2035.037109	4178.383789
2031.768555	4191.680664
2028.498047	4099.457031
2025.226563	4081.445068
2021.954102	3964.917480
2018.678711	3901.177734
2015.403320	3868.020508
2012.125000	3808.961426
2008.845703	3704.979492
2005.564453	3691.009033
2002.282227	3603.174561
1998.998047	3564.903809
1995.712891	3555.581787
1992.424805	3478.581787
1989.136719	3372.008789
1985.845703	3298.207764
1982.553711	3236.626953
1979.260742	3276.816650
1975.964844	3108.328613
1972.667969	3167.496826
1969.370117	3140.958496
1966.070313	3023.533691
1962.768555	3025.104980
1959.465820	2970.666016
1956.161133	2926.869385
1952.854492	2893.699707
1949.546875	2828.062988
1946.237305	2825.942139
1942.925781	2745.298584
1939.613281	2673.033447
1936.298828	2653.638184
1932.982422	2599.579346
1929.665039	2614.147217
1926.346680	2566.936768
1923.025391	2500.196777
1919.703125	2463.619873
1916.378906	2448.888672
1913.053711	2412.370117
1909.726563	2356.349854
1906.397461	2338.685059
1903.067383	2301.519287
1899.735352	2271.891602
1896.401367	2245.291748
1893.066406	2232.208740
1889.729492	2165.944336
1886.390625	2105.733887
1883.050781	2129.410400
1879.708984	2088.725586
1876.365234	2042.845215
1873.020508	2018.682861
1869.673828	1983.337769
1866.326172	1927.119873
1862.975586	1942.600098
1859.624023	1911.816895
1856.271484	1878.826172
1852.916016	1839.905151
1849.559570	1798.786865
1846.202148	1783.764648
1842.841797	1765.035645
1839.480469	1703.186890
1836.118164	1708.302490
1832.752930	1655.456665
1829.386719	1657.618530
1826.018555	1611.528442
1822.649414	1601.095459
1819.278320	1515.773315
1815.905273	1473.524048
1812.531250	1514.290405
1809.154297	1469.120117
1805.777344	1437.315674
1802.397461	1401.103149
1799.016602	1415.943970
1795.633789	1353.171021
1792.249023	1350.291504
1788.863281	1339.292847
1785.475586	1315.759277
1782.085938	1290.773071
1778.694336	1257.701538
1775.301758	1251.925659
1771.907227	1209.330078
1768.510742	1214.624756
1765.113281	1200.047729
1761.713867	1178.130493
1758.312500	1169.465210
1754.910156	1146.114136
1751.505859	1123.520020
1748.099609	1114.158936
1744.691406	1076.196167
1741.282227	1071.999512
1737.871094	1049.484375
1734.458008	999.155457
1731.042969	1003.787476
1727.626953	997.437622
1724.208984	1005.722229
1720.790039	979.637878
1717.368164	986.460876
1713.945313	930.466553
1710.520508	917.596558
1707.093750	867.527893
1703.666016	884.600952
1700.236328	875.416138
1696.804688	856.768982
1693.371094	861.441772
1689.936523	835.541016
1686.500000	830.034546
1683.061523	808.536926
1679.622070	806.682251
1676.179688	780.132202
1672.736328	763.046387
1669.291016	769.198303
1665.844727	734.727051
1662.396484	736.536682
1658.945313	723.127991
1655.494141	701.041809
1652.040039	673.186401
1648.584961	680.809753
1645.126953	681.193848
1641.668945	657.002869
1638.208008	623.444336
1634.745117	638.296692
1631.281250	628.596313
1627.815430	618.905334
1624.347656	627.248108
1620.878906	619.008118
1617.408203	563.239319
1613.935547	586.714417
1610.460938	574.908569
1606.984375	564.552612
1603.506836	555.644409
1600.027344	551.774048
1596.545898	505.539673
1593.062500	534.713684
1589.577148	502.881195
1586.090820	479.684601
1582.602539	493.777222
1579.112305	484.933960
1575.620117	458.916840
1572.126953	448.668365
1568.630859	440.575623
1565.133789	444.643463
1561.634766	427.986450
1558.133789	428.485413
1554.631836	412.566681
1551.127930	402.371155
1547.621094	407.873138
1544.114258	399.115295
1540.604492	393.215454
1537.092773	379.489532
1533.580078	398.512207
1530.065430	369.149139
1526.548828	358.299225
1523.030273	352.433960
1519.509766	346.574463
1515.988281	349.238739
1512.463867	346.933838
1508.938477	325.484924
1505.411133	333.116638
1501.882813	313.821320
1498.351563	322.158966
1494.818359	307.134491
1491.284180	325.369354
1487.748047	295.511902
1484.209961	300.308350
1480.669922	264.137329
1477.128906	286.591827
1473.584961	281.507629
1470.040039	266.556030
1466.493164	264.306152
1462.944336	262.762939
1459.393555	242.210434
1455.840820	257.569580
1452.287109	241.964081
1448.730469	224.968292
1445.172852	236.096420
1441.613281	212.799911
1438.051758	239.365646
1434.488281	216.792587
1430.922852	221.590668
1427.356445	216.571442
1423.787109	201.049438
1420.216797	212.849533
1416.644531	207.842148
1413.070313	217.528183
1409.494141	195.745163
1405.916016	184.465317
1402.336914	199.036789
1398.754883	186.370575
1395.171875	177.205551
1391.585938	176.417450
1387.999023	182.599518
1384.410156	177.629761
1380.819336	167.095184
1377.226563	162.834183
1373.632813	157.881958
1370.036133	172.399170
1366.438477	159.109360
1362.837891	143.055359
1359.236328	144.369949
1355.632813	153.314133
1352.027344	149.074982
1348.419922	127.514748
1344.810547	148.921432
1341.199219	145.383179
1337.585938	124.549889
1333.970703	127.251976
1330.354492	134.789825
1326.735352	123.666267
1323.115234	131.198059
1319.493164	122.848351
1315.869141	121.405228
1312.242188	117.205757
1308.614258	115.766930
1304.984375	99.177429
1301.353516	114.958694
1297.719727	112.147057
1294.083984	111.401260
1290.446289	96.910072
1286.807617	101.668434
1283.166016	90.630188
1279.523438	98.131721
1275.877930	98.766617
1272.231445	98.715286
1268.582031	87.701294
1264.931641	95.873390
1261.279297	80.081062
1257.625000	90.300827
1253.968750	89.570045
1250.310547	76.539063
1246.650391	76.499161
1242.988281	76.459259
1239.324219	81.877884
1235.658203	79.107300
1231.990234	68.841934
1228.320313	72.893440
1224.648438	75.578896
1220.975586	68.734024
1217.299805	69.378235
1213.622070	72.061211
1209.943359	66.587738
1206.261719	59.761738
1202.578125	71.947998
1198.893555	60.377483
1195.206055	69.160362
1191.517578	68.446373
1187.826172	56.218468
1184.133789	60.927757
1180.438477	64.278824
1176.742188	59.511181
1173.042969	60.155777
1169.342773	55.395248
1165.639648	53.340488
1161.935547	53.987225
1158.228516	55.307739
1154.520508	43.818378
1150.809570	50.532993
1147.097656	53.873409
1143.382813	45.095154
1139.666992	43.053207
1135.948242	47.064556
1132.227539	41.663704
1128.505859	51.716255
1124.781250	39.605766
1121.055664	42.939434
1117.327148	36.881523
1113.596680	35.521538
1109.865234	44.210911
1106.130859	42.848438
1102.394531	34.795876
1098.657227	32.771008
1094.916992	38.101120
1091.174805	33.404266
1087.430664	31.383310
1083.684570	34.703484
1079.936523	28.681835
1076.186523	29.999887
1072.434570	37.979607
1068.680664	37.959358
1064.924805	33.945522
1061.166992	33.262161
1057.406250	33.244404
1053.644531	27.910381
1049.880859	35.201420
1046.114258	26.552906
1042.346680	28.529102
1038.576172	30.503172
1034.803711	27.173050
1031.030273	34.444920
1027.253906	23.171654
1023.475586	22.497534
1019.695313	23.808138
1015.913086	23.134377
1012.128906	23.782579
1008.342773	26.410889
1004.553711	27.056608
