4046.277344	193.911240
4043.892578	206.489273
4041.505859	210.598907
4039.119141	195.853058
4036.731445	213.573593
4034.342773	212.442795
4031.952148	227.004379
4029.561523	207.046616
4027.169922	215.327026
4024.777344	233.004608
4022.383789	222.467972
4019.989258	226.556137
4017.593750	233.771866
4015.197266	229.506485
4012.799805	214.816437
4010.401367	220.985641
4008.001953	229.233856
4005.601563	243.724808
4003.201172	248.833893
4000.798828	237.287109
3998.395508	233.031662
3995.991211	242.298309
3993.585938	252.597015
3991.180664	258.731140
3988.773438	258.628326
3986.365234	254.372467
3983.957031	275.028137
3981.546875	272.843872
3979.135742	246.809860
3976.724609	285.065918
3974.311523	277.699036
3971.898438	291.053497
3969.483398	268.159454
3967.068359	302.205933
3964.651367	275.187378
3962.234375	295.760101
3959.815430	292.540894
3957.396484	295.523987
3954.975586	303.669037
3952.554688	311.807495
3950.131836	314.779022
3947.708984	303.305023
3945.284180	302.152435
3942.859375	350.480286
3940.432617	321.488464
3938.005859	321.359711
3935.577148	335.645203
3933.148438	325.218964
3930.718750	327.146118
3928.287109	359.922089
3925.855469	349.498352
3923.421875	342.165436
3920.988281	344.082306
3918.552734	344.970825
3916.117188	370.489410
3913.680664	350.848938
3911.242188	355.835205
3908.803711	386.443604
3906.363281	386.288147
3903.922852	377.938904
3901.480469	354.239075
3899.038086	374.564453
3896.593750	386.689423
3894.149414	392.669067
3891.703125	399.665955
3889.256836	413.809296
3886.808594	426.919800
3884.360352	409.391785
3881.910156	405.144501
3879.459961	402.940704
3877.007813	428.270233
3874.555664	420.962250
3872.101563	435.056244
3869.646484	453.212555
3867.191406	430.632324
3864.734375	440.634399
3862.277344	480.127655
3859.818359	467.731567
3857.358398	475.673340
3854.897461	469.384735
3852.436523	477.319092
3849.973633	482.201416
3847.509766	448.519165
3845.044922	463.552277
3842.579102	498.851593
3840.113281	484.459930
3837.645508	494.394257
3835.176758	514.447266
3832.707031	515.250549
3830.236328	495.815613
3827.764648	535.060852
3825.291992	543.942688
3822.818359	543.721436
3820.343750	549.561462
3817.868164	564.484924
3815.390625	556.179871
3812.913086	541.827454
3810.434570	567.829712
3807.955078	572.639099
3805.473633	548.219482
3802.992188	595.341125
3800.509766	587.042786
3798.025391	605.927124
3795.541016	630.832581
3793.054688	639.626282
3790.568359	629.312073
3788.080078	661.211121
3785.591797	664.958679
3783.101563	666.694946
3780.610352	696.531677
3778.119141	713.301758
3775.625977	684.930664
3773.131836	686.655090
3770.636719	692.385925
3768.140625	705.123047
3765.643555	735.870789
3763.145508	703.544373
3760.646484	736.267944
3758.146484	745.965515
3755.645508	747.658569
3753.143555	782.321350
3750.639648	764.023193
3748.135742	789.665588
3745.630859	788.343323
3743.124023	760.089539
3740.617188	810.628357
3738.108398	815.278442
3735.599609	850.808594
3733.088867	827.553955
3730.577148	821.240723
3728.064453	864.684143
3725.551758	859.354980
3723.037109	859.001038
3720.521484	877.529419
3718.004883	898.029053
3715.487305	880.778076
3712.967773	900.266357
3710.448242	908.824463
3707.927734	945.144470
3705.406250	942.771667
3702.882813	940.400574
3700.359375	948.926941
3697.833984	967.347168
3695.308594	980.803406
3692.781250	984.355164
3690.252930	966.148071
3687.723633	1010.230286
3685.193359	1031.549927
3682.662109	1042.974976
3680.129883	1050.441284
3677.596680	1066.782837
3675.062500	1061.408691
3672.527344	1053.080688
3669.990234	1095.026001
3667.453125	1113.291138
3664.915039	1100.026978
3662.375000	1139.930908
3659.833984	1157.169678
3657.292969	1127.182007
3654.750000	1198.485596
3652.206055	1153.763550
3649.661133	1208.296143
3647.115234	1212.703735
3644.568359	1197.476685
3642.019531	1242.110840
3639.470703	1215.114746
3636.920898	1265.585571
3634.369141	1240.561279
3631.817383	1289.019897
3629.263672	1282.608643
3626.708984	1317.307129
3624.153320	1318.714844
3621.596680	1307.408813
3619.039063	1336.187744
3616.480469	1330.745361
3613.920898	1365.349609
3611.360352	1371.613647
3608.797852	1371.041260
3606.235352	1409.485962
3603.670898	1424.497681
3601.105469	1453.141113
3598.540039	1496.373047
3595.972656	1496.721558
3593.404297	1499.989624
3590.834961	1505.200317
3588.264648	1566.815552
3585.692383	1592.408569
3583.120117	1587.855225
3580.545898	1623.130737
3577.971680	1629.247803
3575.395508	1646.035156
3572.818359	1652.136597
3570.240234	1726.113281
3567.661133	1711.819336
3565.081055	1773.112183
3562.500000	1823.699585
3559.917969	1797.763916
3557.333984	1813.460449
3554.750000	1879.442261
3552.164063	1885.421509
3549.577148	1892.361572
3546.989258	1931.175659
3544.400391	1953.540283
3541.810547	1944.997192
3539.219727	1961.546875
3536.626953	1963.615479
3534.034180	1993.638916
3531.439453	2054.472900
3528.844727	2042.049561
3526.248047	2105.699463
3523.650391	2119.249023
3521.051758	2196.279785
3518.451172	2163.621338
3515.850586	2177.127686
3513.249023	2176.210205
3510.645508	2255.965820
3508.041016	2229.094727
3505.436523	2280.931641
3502.830078	2293.397705
3500.222656	2297.223633
3497.613281	2422.758545
3495.003906	2412.156006
3492.393555	2436.033691
3489.781250	2468.504883
3487.167969	2518.169678
3484.553711	2561.097168
3481.938477	2586.780518
3479.322266	2574.220215
3476.705078	2658.138184
3474.086914	2651.284912
3471.466797	2713.148193
3468.845703	2755.879883
3466.224609	2822.412598
3463.601563	2784.998779
3460.977539	2876.231689
3458.351563	2967.386475
3455.725586	2893.783936
3453.098633	2974.385986
3450.469727	3032.092285
3447.839844	3054.573242
3445.208984	3145.455078
3442.577148	3147.919434
3439.944336	3165.572510
3437.310547	3198.395020
3434.674805	3179.011719
3432.039063	3272.488037
3429.401367	3268.253662
3426.762695	3326.554688
3424.123047	3399.011230
3421.481445	3413.658691
3418.839844	3482.229736
3416.197266	3529.932373
3413.552734	3528.429688
3410.907227	3608.201904
3408.260742	3589.661621
3405.613281	3704.274658
3402.963867	3763.102539
3400.314453	3816.218262
3397.663086	3858.914307
3395.011719	3908.171143
3392.358398	3904.619873
3389.704102	4032.927002
3387.047852	4097.106445
3384.391602	4107.590820
3381.733398	4154.750000
3379.075195	4171.780273
3376.415039	4304.393066
3373.753906	4306.311523
3371.090820	4414.336914
3368.427734	4498.802734
3365.762695	4507.199707
3363.097656	4609.369629
3360.430664	4632.708496
3357.762695	4703.812988
3355.092773	4774.855957
3352.422852	4796.217285
3349.750977	4893.359375
3347.079102	4997.900391
3344.405273	4983.604004
3341.729492	5065.583496
3339.053711	5101.714844
3336.376953	5148.085449
3333.698242	5305.490723
3331.018555	5272.425781
3328.337891	5263.635254
3325.656250	5326.630859
3322.973633	5415.661621
3320.289063	5467.357910
3317.604492	5518.077148
3314.917969	5633.894043
3312.230469	5698.448242
3309.541016	5775.032715
3306.851563	5851.549805
3304.160156	5882.478027
3301.467773	5985.809570
3298.774414	6053.778320
3296.080078	6115.192383
3293.384766	6179.333984
3290.687500	6277.717773
3287.990234	6374.162109
3285.291016	6482.562012
3282.589844	6538.095703
3279.888672	6575.070801
3277.186523	6706.364258
3274.482422	6840.316406
3271.777344	6894.667969
3269.071289	6940.656738
3266.364258	7102.954590
3263.655273	7144.194336
3260.945313	7369.921387
3258.234375	7388.873047
3255.522461	7463.115723
3252.809570	7464.499023
3250.095703	7644.559082
3247.379883	7702.017090
3244.663086	7820.158691
3241.945313	7858.170410
3239.226563	7886.952637
3236.505859	7947.873535
3233.784180	8139.187500
3231.061523	8154.948242
3228.337891	8365.276367
3225.613281	8334.130859
3222.886719	8425.895508
3220.160156	8653.243164
3217.431641	8614.675781
3214.702148	8707.107422
3211.970703	8893.750000
3209.239258	8866.101563
3206.505859	9002.201172
3203.771484	8976.353516
3201.035156	9268.555664
3198.298828	9283.715820
3195.560547	9571.873047
3192.821289	9612.438477
3190.081055	9744.195313
3187.339844	9755.464844
3184.596680	9949.020508
3181.853516	10058.584961
3179.108398	10174.425781
3176.361328	10387.565430
3173.614258	10515.895508
3170.865234	10614.096680
3168.115234	10780.393555
3165.364258	10831.133789
3162.612305	10967.209961
3159.858398	10961.526367
3157.104492	11183.637695
3154.347656	11309.394531
3151.590820	11441.385742
3148.833008	11472.653320
3146.073242	11618.947266
3143.312500	11744.282227
3140.550781	11902.996094
3137.787109	12047.996094
3135.023438	12213.666992
3132.257813	12151.384766
3129.491211	12291.558594
3126.722656	12442.444336
3123.954102	12623.889648
3121.183594	12566.035156
3118.412109	12666.981445
3115.638672	12985.126953
3112.865234	13022.708984
3110.089844	12929.633789
3107.313477	13219.322266
3104.536133	13263.941406
3101.756836	13322.012695
3098.976563	13553.584961
3096.195313	13634.840820
3093.413086	13810.361328
3090.628906	13910.285156
3087.844727	14142.077148
3085.058594	14281.241211
3082.270508	14543.153320
3079.482422	14739.386719
3076.692383	14961.431641
3073.901367	14976.367188
3071.109375	15211.534180
3068.315430	15375.790039
3065.520508	15482.648438
3062.724609	15568.842773
3059.927734	15797.062500
3057.128906	15873.207031
3054.329102	16087.689453
3051.528320	16170.770508
3048.726563	16465.220703
3045.922852	16532.892578
3043.118164	16604.957031
3040.312500	16765.162109
3037.505859	16872.677734
3034.697266	16972.080078
3031.887695	17338.337891
3029.077148	17328.037109
3026.264648	17328.408203
3023.452148	17475.402344
3020.637695	17773.265625
3017.821289	17967.869141
3015.004883	18159.634766
3012.186523	17873.968750
3009.367188	18348.453125
3006.545898	18421.013672
3003.724609	18615.761719
3000.901367	18741.263672
2998.077148	18952.503906
2995.250977	19032.613281
2992.423828	19087.882813
2989.595703	19361.435547
2986.766602	19607.351563
2983.935547	19726.750000
2981.104492	20084.390625
2978.270508	19997.859375
2975.436523	20273.025391
2972.600586	20481.820313
2969.763672	20449.847656
2966.925781	20663.652344
2964.085938	21012.849609
2961.245117	21034.351563
2958.403320	21202.730469
2955.560547	21508.123047
2952.715820	21524.962891
2949.870117	21822.902344
2947.023438	21774.593750
2944.174805	21977.349609
2941.325195	22270.287109
2938.474609	22434.044922
2935.622070	22436.365234
2932.768555	22351.935547
2929.914063	22703.712891
2927.058594	22859.958984
2924.201172	22988.060547
2921.342773	23120.412109
2918.483398	23349.679688
2915.622070	23409.212891
2912.759766	23522.837891
2909.896484	23692.232422
2907.032227	23913.830078
2904.166016	24059.333984
2901.298828	23862.044922
2898.429688	24222.691406
2895.559570	24341.707031
2892.688477	24700.933594
2889.816406	24899.689453
2886.942383	24879.900391
2884.067383	25122.732422
2881.191406	25254.083984
2878.314453	25462.634766
2875.435547	25460.837891
2872.554688	25786.277344
2869.673828	26082.787109
2866.791016	26454.474609
2863.907227	26545.828125
2861.021484	26663.085938
2858.134766	26952.582031
2855.247070	27124.076172
2852.358398	27240.029297
2849.467773	27368.843750
2846.576172	27609.925781
2843.682617	27725.482422
2840.789063	27840.925781
2837.893555	28068.498047
2834.996094	28079.246094
2832.097656	28148.634766
2829.198242	28339.525391
2826.297852	28253.585938
2823.395508	28329.667969
2820.492188	28587.359375
2817.587891	28861.162109
2814.681641	28721.771484
2811.774414	28817.250000
2808.866211	29071.648438
2805.956055	29223.570313
2803.044922	29402.828125
2800.131836	29564.750000
2797.218750	29484.564453
2794.303711	29525.365234
2791.386719	29543.832031
2788.468750	29969.265625
2785.549805	29865.025391
2782.629883	30408.052734
2779.708008	30461.134766
2776.785156	30215.666016
2773.860352	30650.056641
2770.935547	30972.958984
2768.007813	30812.976563
2765.080078	30963.892578
2762.150391	31043.833984
2759.219727	31325.000000
2756.287109	31333.068359
2753.353516	31476.625000
2750.418945	31479.488281
2747.482422	31651.777344
2744.544922	31640.072266
2741.606445	31770.431641
2738.666016	31824.138672
2735.724609	31904.982422
2732.782227	31927.976563
2729.837891	32046.042969
2726.892578	31988.298828
2723.945313	32361.576172
2720.997070	32079.851563
2718.047852	32210.310547
2715.097656	32160.183594
2712.145508	32460.687500
2709.191406	32286.039063
2706.237305	32290.910156
2703.281250	32139.312500
2700.323242	32319.207031
2697.364258	32457.525391
2694.404297	32606.689453
2691.443359	32457.712891
2688.480469	32567.064453
2685.515625	32553.166016
2682.550781	32501.335938
2679.583984	32697.279297
2676.615234	32692.576172
2673.646484	32833.511719
2670.674805	32609.099609
2667.703125	32587.589844
2664.729492	32773.753906
2661.754883	32652.164063
2658.778320	32537.394531
2655.800781	32472.255859
2652.821289	32498.640625
2649.840820	32384.906250
2646.859375	32368.525391
2643.876953	32236.494141
2640.892578	32423.734375
2637.906250	32581.488281
2634.918945	32088.792969
2631.930664	32041.580078
2628.941406	32057.949219
2625.950195	32097.695313
2622.957031	32000.386719
2619.963867	31929.878906
2616.967773	31575.642578
2613.971680	31738.132813
2610.973633	31566.076172
2607.974609	31324.982422
2604.973633	31262.388672
2601.971680	31064.105469
2598.967773	31083.240234
2595.962891	30747.919922
2592.957031	30723.085938
2589.949219	30738.166016
2586.940430	30255.539063
2583.929688	30402.843750
2580.917969	30188.082031
2577.905273	30078.880859
2574.890625	29924.154297
2571.875000	29681.691406
2568.857422	29673.101563
2565.838867	29417.703125
2562.819336	29571.474609
2559.797852	29102.031250
2556.775391	29090.373047
2553.750977	28852.205078
2550.725586	28444.027344
2547.698242	28483.867188
2544.669922	28042.363281
2541.640625	28129.367188
2538.609375	27740.375000
2535.577148	27558.658203
2532.542969	27594.646484
2529.507813	27327.484375
2526.471680	27280.375000
2523.433594	26783.171875
2520.393555	26754.433594
2517.353516	26359.855469
2514.310547	26488.279297
2511.267578	26075.275391
2508.222656	25871.181641
2505.175781	25774.771484
2502.127930	25417.597656
2499.079102	25205.863281
2496.028320	25091.017578
2492.976563	24735.443359
2489.922852	24602.890625
2486.868164	24135.732422
2483.812500	24136.896484
2480.754883	23954.083984
2477.695313	23901.376953
2474.634766	23381.455078
2471.573242	23257.191406
2468.509766	23014.695313
2465.445313	22789.546875
2462.378906	22496.923828
2459.311523	22449.875000
2456.242188	22245.640625
2453.171875	21903.166016
2450.100586	21816.554688
2447.027344	21561.623047
2443.953125	21246.750000
2440.876953	20993.115234
2437.799805	20846.939453
2434.720703	20746.365234
2431.640625	20653.179688
2428.558594	20298.855469
2425.475586	20063.236328
2422.390625	19871.595703
2419.304688	19698.759766
2416.217773	19335.787109
2413.128906	19157.679688
2410.038086	18957.078125
2406.946289	18819.728516
2403.853516	18555.605469
2400.758789	18351.501953
2397.663086	18181.498047
2394.565430	18025.365234
2391.466797	17786.277344
2388.366211	17448.222656
2385.264648	17343.406250
2382.161133	17181.484375
2379.056641	16901.333984
2375.950195	16632.707031
2372.842773	16406.960938
2369.734375	16363.152344
2366.624023	16001.897461
2363.511719	15931.794922
2360.398438	15813.572266
2357.284180	15616.796875
2354.167969	15480.367188
2351.049805	15366.512695
2347.930664	15173.409180
2344.810547	14800.224609
2341.688477	14687.630859
2338.564453	14509.503906
2335.439453	14346.739258
2332.313477	14252.890625
2329.185547	14286.208984
2326.056641	13913.650391
2322.925781	13752.245117
2319.792969	13478.446289
2316.660156	13478.538086
2313.524414	13133.345703
2310.387695	13010.047852
2307.250000	12958.560547
2304.110352	12618.858398
2300.969727	12488.797852
2297.827148	12366.808594
2294.682617	12221.869141
2291.537109	12079.446289
2288.390625	12038.044922
2285.242188	11691.758789
2282.092773	11707.714844
2278.941406	11577.681641
2275.788086	11232.083984
2272.633789	11104.764648
2269.478516	11063.911133
2266.321289	10946.284180
2263.162109	10828.763672
2260.001953	10664.675781
2256.840820	10435.898438
2253.676758	10462.615234
2250.512695	10216.760742
2247.346680	10090.364258
2244.178711	10191.381836
2241.009766	9899.447266
2237.838867	9654.303711
2234.666992	9545.733398
2231.493164	9386.057617
2228.318359	9372.194336
2225.141602	9260.750977
2221.963867	9064.452148
2218.784180	9005.146484
2215.602539	8715.624023
2212.419922	8704.449219
2209.236328	8519.760742
2206.050781	8449.038086
2202.863281	8256.010742
2199.674805	8240.356445
2196.485352	8116.566406
2193.292969	7990.540039
2190.100586	7942.141113
2186.905273	7891.437500
2183.709961	7721.101563
2180.511719	7636.144043
2177.312500	7453.581055
2174.112305	7492.236816
2170.910156	7297.417480
2167.706055	7229.977051
2164.500977	7047.940430
2161.294922	7031.351563
2158.085938	6900.227051
2154.876953	6858.794922
2151.665039	6704.515625
2148.452148	6594.733887
2145.238281	6565.942383
2142.022461	6575.268066
2138.804688	6390.324707
2135.585938	6342.247070
2132.365234	6194.070313
2129.143555	6124.400879
2125.919922	6047.039551
2122.695313	6004.632813
2119.468750	5908.026855
2116.240234	5744.133301
2113.010742	5604.389648
2109.780273	5662.075195
2106.546875	5568.126953
2103.312500	5456.487305
2100.077148	5336.453125
2096.839844	5309.201172
2093.600586	5255.729004
2090.360352	5157.558105
2087.119141	5070.274902
2083.875000	4981.531250
2080.629883	4929.850098
2077.383789	4887.457031
2074.135742	4796.613281
2070.885742	4740.472656
2067.634766	4679.770508
2064.381836	4587.613281
2061.127930	4542.402832
2057.871094	4509.519043
2054.614258	4445.198730
2051.355469	4327.240723
2048.094727	4278.400391
2044.832031	4275.587402
2041.568359	4198.473145
2038.303711	4070.899170
2035.037109	4035.278076
2031.768555	4017.282471
2028.498047	3953.430176
2025.226563	3807.871338
2021.954102	3757.926025
2018.678711	3772.156250
2015.403320	3704.722656
2012.125000	3603.030273
2008.845703	3502.958984
2005.564453	3521.088379
2002.282227	3536.152832
1998.998047	3459.852051
1995.712891	3311.340088
1992.424805	3391.123047
1989.136719	3251.905762
1985.845703	3170.564453
1982.553711	3183.467773
1979.260742	3097.681152
1975.964844	3024.873291
1972.667969	2989.291992
1969.370117	3009.074463
1966.070313	2940.198975
1962.768555	2878.203613
1959.465820	2808.698486
1956.161133	2830.794922
1952.854492	2740.961914
1949.546875	2699.583496
1946.237305	2674.107178
1942.925781	2624.493408
1939.613281	2583.982666
1936.298828	2526.160889
1932.982422	2533.232910
1929.665039	2467.200195
1926.346680	2441.150635
1923.025391	2449.756348
1919.703125	2414.708740
1916.378906	2356.378418
1913.053711	2328.173828
1909.726563	2287.222168
1906.397461	2255.321533
1903.067383	2223.450928
1899.735352	2163.849365
1896.401367	2123.052979
1893.066406	2098.785889
1889.729492	2069.297119
1886.390625	2046.575684
1883.050781	2025.372559
1879.708984	1975.760864
1876.365234	1958.349854
1873.020508	1961.881714
1869.673828	1932.540405
1866.326172	1885.307129
1862.975586	1836.626587
1859.624023	1814.846069
1856.271484	1840.056763
1852.916016	1796.683472
1849.559570	1696.743896
1846.202148	1727.928955
1842.841797	1655.651123
1839.480469	1666.743164
1836.118164	1612.405640
1832.752930	1592.299683
1829.386719	1552.903442
1826.018555	1558.825195
1822.649414	1519.482666
1819.278320	1477.953125
1815.905273	1478.712524
1812.531250	1446.132568
1809.154297	1420.988647
1805.777344	1421.773071
1802.397461	1370.033325
1799.016602	1339.786133
1795.633789	1336.912231
1792.249023	1305.971191
1788.863281	1316.405151
1785.475586	1248.606079
1782.085938	1248.730713
1778.694336	1229.687012
1775.301758	1212.135254
1771.907227	1174.714722
1768.510742	1213.152466
1765.113281	1191.218506
1761.713867	1114.885010
1758.312500	1108.456055
1754.910156	1099.094116
1751.505859	1082.397705
1748.099609	1056.909668
1744.691406	1039.515991
1741.282227	1025.805176
1737.871094	1033.361084
1734.458008	982.307495
1731.042969	986.215698
1727.626953	963.043213
1724.208984	939.161743
1720.790039	920.420959
1717.368164	926.542480
1713.945313	902.713257
1710.520508	899.346863
1707.093750	900.361145
1703.666016	880.225403
1700.236328	865.211487
1696.804688	821.798828
1693.371094	833.042603
1689.936523	820.984558
1686.500000	787.114258
1683.061523	765.637939
1679.622070	766.711487
1676.179688	775.773926
1672.736328	739.087708
1669.291016	740.897583
1665.844727	715.869324
1662.396484	728.562317
1658.945313	705.738159
1655.494141	671.348938
1652.040039	662.328552
1648.584961	677.192261
1645.126953	642.867615
1641.668945	651.943420
1638.208008	631.390930
1634.745117	623.133545
1631.281250	596.841736
1627.815430	596.543945
1624.347656	584.710571
1620.878906	592.345398
1617.408203	579.805176
1613.935547	511.125427
1610.460938	548.285767
1606.984375	524.278809
1603.506836	526.172974
1600.027344	501.482147
1596.545898	494.050140
1593.062500	494.520447
1589.577148	494.272675
1586.090820	499.761078
1582.602539	465.827576
1579.112305	469.175415
1575.620117	476.815308
1572.126953	471.566895
1568.630859	427.701660
1565.133789	445.358307
1561.634766	429.415466
1558.133789	414.916718
1554.631836	406.142639
1551.127930	388.102692
1547.621094	382.915863
1544.114258	384.861176
1540.604492	403.188324
1537.092773	390.169373
1533.580078	351.544708
1530.065430	381.951996
1526.548828	351.901031
1523.030273	351.723419
1519.509766	338.762329
1515.988281	335.751862
1512.463867	340.548553
1508.938477	329.030487
1505.411133	316.106445
1501.882813	312.404510
1498.351563	287.464935
1494.818359	291.565460
1491.284180	308.393585
1487.748047	284.907410
1484.209961	275.577057
1480.669922	262.724823
1477.128906	278.827026
1473.584961	282.918701
1470.040039	263.030151
1466.493164	248.095383
1462.944336	261.354004
1459.393555	247.843246
1455.840820	251.235901
1452.287109	262.362213
1448.730469	238.325790
1445.172852	235.393753
1441.613281	221.929947
1438.051758	218.307083
1434.488281	209.075058
1430.922852	201.254807
1427.356445	206.058273
1423.787109	220.664017
1420.216797	201.646927
1416.644531	196.645264
1413.070313	197.244202
1409.494141	181.064285
1405.916016	183.766586
1402.336914	180.879044
1398.754883	178.692383
1395.171875	170.926605
1391.585938	166.655212
1387.999023	167.963669
1384.410156	172.057053
1380.819336	172.665024
1377.226563	164.225922
1373.632813	151.622330
1370.036133	155.715378
1366.438477	143.823746
1362.837891	147.222015
1359.236328	147.840378
1355.632813	142.214478
1352.027344	154.621964
1348.419922	136.523941
1344.810547	131.604996
1341.199219	134.306366
1337.585938	130.777374
1333.970703	134.167847
1330.354492	139.628433
1326.735352	122.975395
1323.115234	130.507538
1319.493164	110.425484
1315.869141	126.233849
1312.242188	122.031876
1308.614258	109.565132
1304.984375	112.952072
1301.353516	110.140068
1297.719727	105.266869
1294.083984	104.524643
1290.446289	104.470436
1286.807617	100.294540
1283.166016	94.749741
1279.523438	100.876663
1275.877930	91.907822
1272.231445	84.319305
1268.582031	78.794128
1264.931641	93.818962
1261.279297	91.716774
1257.625000	80.039368
1253.968750	89.570045
1250.310547	84.056290
1246.650391	86.744583
1242.988281	73.728569
1239.324219	80.513252
1235.658203	56.602638
1231.990234	85.882011
1228.320313	76.980927
1224.648438	81.026024
1220.975586	71.456161
1217.299805	73.459305
1213.622070	65.262978
1209.943359	64.549332
1206.261719	60.440849
1202.578125	63.124184
1198.893555	72.588661
1195.206055	57.633636
1191.517578	68.446373
1187.826172	62.991779
1184.133789	69.051460
1180.438477	54.129539
1176.742188	53.424809
1173.042969	46.637623
1169.342773	44.586418
1165.639648	53.340488
1161.935547	53.987225
1158.228516	50.586346
1154.520508	55.952702
1150.809570	44.469036
1147.097656	49.832901
1143.382813	51.152710
1139.666992	42.380501
1135.948242	45.719852
1132.227539	40.991707
1128.505859	42.313301
1124.781250	41.619617
1121.055664	43.610363
1117.327148	39.563816
1113.596680	40.883282
1109.865234	36.842426
1106.130859	35.483864
1102.394531	40.818237
1098.657227	40.796558
1094.916992	43.448647
1091.174805	38.748951
1087.430664	39.396072
1083.684570	37.372986
1079.936523	33.350971
1076.186523	38.666519
1072.434570	31.316519
1068.680664	32.631729
1064.924805	31.948725
1061.166992	27.274973
1057.406250	32.579517
1053.644531	34.555710
1049.880859	27.895466
1046.114258	27.216728
1042.346680	26.538700
1038.576172	26.524496
1034.803711	29.161324
1031.030273	24.508884
1027.253906	29.130077
1023.475586	24.482611
1019.695313	19.840115
1015.913086	21.151430
1012.128906	27.085714
1008.342773	21.128712
1004.553711	25.076857
