4046.277344	222.211807
4043.892578	221.163635
4041.505859	228.410751
4039.119141	228.320679
4036.731445	217.761322
4034.342773	234.419647
4031.952148	216.543350
4029.561523	238.417313
4027.169922	243.549500
4024.777344	249.722427
4022.383789	259.023743
4019.989258	248.480927
4017.593750	252.557098
4015.197266	250.370712
4012.799805	265.913544
4010.401367	247.045273
4008.001953	271.954712
4005.601563	264.556000
4003.201172	239.463577
4000.798828	266.427643
3998.395508	277.765411
3995.991211	289.094116
3993.585938	278.584381
3991.180664	286.786346
3988.773438	272.131012
3986.365234	296.940918
3983.957031	286.444397
3981.546875	286.330444
3979.135742	303.845734
3976.724609	296.468536
3974.311523	317.074249
3971.898438	302.447052
3969.483398	327.175232
3967.068359	309.450592
3964.651367	333.121552
3962.234375	331.954498
3959.815430	344.226563
3957.396484	329.622894
3954.975586	333.622772
3952.554688	334.521942
3950.131836	322.003479
3947.708984	347.665955
3945.284180	362.995422
3942.859375	376.250885
3940.432617	350.339996
3938.005859	338.869690
3935.577148	379.917419
3933.148438	358.152527
3930.718750	396.073120
3928.287109	338.326752
3925.855469	389.587860
3923.421875	388.403992
3920.988281	383.112518
3918.552734	374.745087
3916.117188	397.172852
3913.680664	393.935638
3911.242188	397.879120
3908.803711	424.370422
3906.363281	395.509888
3903.922852	411.738312
3901.480469	425.905945
3899.038086	425.734467
3896.593750	440.907776
3894.149414	425.391510
3891.703125	429.308685
3889.256836	420.961578
3886.808594	437.133209
3884.360352	434.914978
3881.910156	454.129211
3879.459961	461.086578
3877.007813	487.412323
3874.555664	495.369629
3872.101563	483.961884
3869.646484	484.784668
3867.191406	482.552521
3864.734375	492.533600
3862.277344	484.196533
3859.818359	491.118164
3857.358398	515.312805
3854.897461	504.944183
3852.436523	507.786285
3849.973633	517.732056
3847.509766	542.890808
3845.044922	560.928711
3842.579102	562.728943
3840.113281	573.649170
3837.645508	577.468689
3835.176758	573.183350
3832.707031	579.024170
3830.236328	615.216125
3827.764648	599.794128
3825.291992	613.704834
3822.818359	596.274414
3820.343750	610.174866
3817.868164	613.965759
3815.390625	659.138794
3812.913086	695.193909
3810.434570	638.430237
3807.955078	659.341553
3805.473633	682.251099
3802.992188	683.987549
3800.509766	703.847168
3798.025391	673.364197
3795.541016	735.468262
3793.054688	694.939880
3790.568359	702.698303
3788.080078	723.513672
3785.591797	735.271545
3783.101563	726.938416
3780.610352	764.779724
3778.119141	763.463623
3775.625977	756.131348
3773.131836	801.932922
3770.636719	791.584473
3768.140625	821.308044
3765.643555	835.989319
3763.145508	813.629578
3760.646484	810.294861
3758.146484	840.961121
3755.645508	892.592346
3753.143555	863.251160
3750.639648	839.926147
3748.135742	867.533997
3745.630859	874.162964
3743.124023	925.673401
3740.617188	911.333740
3738.108398	954.812683
3735.599609	937.483521
3733.088867	960.998291
3730.577148	977.525330
3728.064453	973.142822
3725.551758	995.618469
3723.037109	1009.127380
3720.521484	993.804504
3718.004883	1029.157104
3715.487305	1031.711792
3712.967773	1025.330933
3710.448242	1071.539795
3707.927734	1066.138794
3705.406250	1065.698853
3702.882813	1071.204468
3700.359375	1070.761963
3697.833984	1086.161621
3695.308594	1118.373169
3692.781250	1118.900269
3690.252930	1142.171021
3687.723633	1174.318604
3685.193359	1171.856567
3682.662109	1181.248291
3680.129883	1172.861206
3677.596680	1216.783691
3675.062500	1239.954224
3672.527344	1273.951538
3669.990234	1293.135986
3667.453125	1270.925171
3664.915039	1277.291870
3662.375000	1358.466919
3659.833984	1325.431641
3657.292969	1330.782959
3654.750000	1351.860229
3652.206055	1365.057495
3649.661133	1360.561035
3647.115234	1399.273560
3644.568359	1432.064331
3642.019531	1421.657593
3639.470703	1433.815796
3636.920898	1450.864990
3634.369141	1452.221069
3631.817383	1502.550537
3629.263672	1472.552246
3626.708984	1552.190918
3624.153320	1543.718140
3621.596680	1590.012573
3619.039063	1544.386597
3616.480469	1585.755981
3613.920898	1629.043701
3611.360352	1622.506714
3608.797852	1681.355347
3606.235352	1686.505981
3603.670898	1773.553345
3601.105469	1760.142700
3598.540039	1765.252686
3595.972656	1793.728882
3593.404297	1817.313843
3590.834961	1791.256470
3588.264648	1833.300659
3585.692383	1815.034668
3583.120117	1913.394775
3580.545898	1901.908936
3577.971680	1956.456665
3575.395508	1964.372192
3572.818359	1972.280518
3570.240234	1967.575195
3567.661133	2032.664307
3565.081055	2031.812134
3562.500000	2060.015381
3559.917969	2118.205566
3557.333984	2159.895264
3554.750000	2110.624268
3552.164063	2155.181885
3549.577148	2188.103516
3546.989258	2226.793457
3544.400391	2249.999512
3541.810547	2242.297119
3539.219727	2311.788818
3536.626953	2308.887695
3534.034180	2356.118652
3531.439453	2440.891113
3528.844727	2376.290771
3526.248047	2441.725586
3523.650391	2487.855957
3521.051758	2518.554688
3518.451172	2568.458984
3515.850586	2571.221680
3513.249023	2677.747314
3510.645508	2741.925293
3508.041016	2776.288574
3505.436523	2804.864502
3502.830078	2836.293213
3500.222656	2835.096191
3497.613281	2873.192383
3495.003906	2903.592041
3492.393555	2927.262207
3489.781250	2990.154785
3487.167969	3068.301514
3484.553711	3076.568115
3481.938477	3130.711914
3479.322266	3200.097656
3476.705078	3274.199463
3474.086914	3308.139160
3471.466797	3271.428955
3468.845703	3358.758545
3466.224609	3414.547363
3463.601563	3440.741211
3460.977539	3482.155273
3458.351563	3530.199463
3455.725586	3568.682861
3453.098633	3573.830322
3450.469727	3682.641602
3447.839844	3740.972900
3445.208984	3765.043213
3442.577148	3714.051025
3439.944336	3908.067383
3437.310547	3896.916992
3434.674805	3990.129150
3432.039063	3974.209717
3429.401367	3978.208008
3426.762695	4046.629395
3424.123047	4110.255859
3421.481445	4213.587402
3418.839844	4277.086426
3416.197266	4304.587891
3413.552734	4406.755371
3410.907227	4356.681641
3408.260742	4467.239258
3405.613281	4520.103027
3402.963867	4533.278320
3400.314453	4619.086426
3397.663086	4704.819824
3395.011719	4783.880371
3392.358398	4851.565430
3389.704102	4911.656738
3387.047852	4946.276855
3384.391602	5055.207031
3381.733398	5090.673828
3379.075195	5149.614746
3376.415039	5248.916016
3373.753906	5302.099121
3371.090820	5347.723633
3368.427734	5520.959473
3365.762695	5525.166504
3363.097656	5578.134766
3360.430664	5669.490234
3357.762695	5798.246094
3355.092773	5880.996582
3352.422852	5989.888184
3349.750977	6097.749023
3347.079102	6021.239746
3344.405273	6213.142578
3341.729492	6313.287109
3339.053711	6396.528320
3336.376953	6395.653320
3333.698242	6629.062988
3331.018555	6607.559570
3328.337891	6776.324219
3325.656250	6788.331543
3322.973633	6789.145020
3320.289063	6920.352539
3317.604492	7019.791504
3314.917969	7057.722656
3312.230469	7249.103516
3309.541016	7294.337891
3306.851563	7334.884277
3304.160156	7447.856445
3301.467773	7605.302246
3298.774414	7563.045898
3296.080078	7772.259766
3293.384766	7895.970215
3290.687500	7883.300781
3287.990234	8062.448730
3285.291016	8159.933105
3282.589844	8111.052734
3279.888672	8178.814453
3277.186523	8304.791992
3274.482422	8480.586914
3271.777344	8475.081055
3269.071289	8642.332031
3266.364258	8713.400391
3263.655273	8919.166992
3260.945313	8985.436523
3258.234375	8987.089844
3255.522461	9242.242188
3252.809570	9340.529297
3250.095703	9578.724609
3247.379883	9582.871094
3244.663086	9564.924805
3241.945313	9795.347656
3239.226563	9912.477539
3236.505859	9863.157227
3233.784180	10039.862305
3231.061523	10324.764648
3228.337891	10398.312500
3225.613281	10568.125977
3222.886719	10556.212891
3220.160156	10916.469727
3217.431641	10961.217773
3214.702148	11071.865234
3211.970703	11106.430664
3209.239258	11313.911133
3206.505859	11523.037109
3203.771484	11690.836914
3201.035156	11768.012695
3198.298828	12011.373047
3195.560547	12292.867188
3192.821289	12220.903320
3190.081055	12440.019531
3187.339844	12753.778320
3184.596680	12770.113281
3181.853516	12817.407227
3179.108398	13005.815430
3176.361328	13303.293945
3173.614258	13328.445313
3170.865234	13399.045898
3168.115234	13634.133789
3165.364258	13719.072266
3162.612305	13874.783203
3159.858398	13986.773438
3157.104492	13938.027344
3154.347656	14246.735352
3151.590820	14372.005859
3148.833008	14618.615234
3146.073242	14765.349609
3143.312500	14962.663086
3140.550781	15066.568359
3137.787109	15128.757813
3135.023438	15257.813477
3132.257813	15401.215820
3129.491211	15542.681641
3126.722656	15850.207031
3123.954102	15896.549805
3121.183594	15926.603516
3118.412109	16137.931641
3115.638672	16342.758789
3112.865234	16415.822266
3110.089844	16516.744141
3107.313477	16625.677734
3104.536133	16729.109375
3101.756836	16854.937500
3098.976563	16987.843750
3096.195313	17397.478516
3093.413086	17563.265625
3090.628906	17582.515625
3087.844727	17857.582031
3085.058594	17929.615234
3082.270508	18371.101563
3079.482422	18605.103516
3076.692383	18647.126953
3073.901367	18893.332031
3071.109375	19143.791016
3068.315430	19369.863281
3065.520508	19475.861328
3062.724609	19576.398438
3059.927734	19890.445313
3057.128906	20134.531250
3054.329102	20259.630859
3051.528320	20342.662109
3048.726563	20466.656250
3045.922852	20700.226563
3043.118164	20936.257813
3040.312500	21109.707031
3037.505859	21181.466797
3034.697266	21476.601563
3031.887695	21612.191406
3029.077148	21575.105469
3026.264648	22003.015625
3023.452148	22120.402344
3020.637695	22241.232422
3017.821289	22375.267578
3015.004883	22527.814453
3012.186523	22714.818359
3009.367188	23047.068359
3006.545898	23060.833984
3003.724609	23264.166016
3000.901367	23539.925781
2998.077148	23567.597656
2995.250977	23778.378906
2992.423828	23835.974609
2989.595703	23926.220703
2986.766602	24286.750000
2983.935547	24238.925781
2981.104492	24477.160156
2978.270508	24577.523438
2975.436523	24822.439453
2972.600586	25082.119141
2969.763672	24984.662109
2966.925781	25224.646484
2964.085938	25219.646484
2961.245117	25599.230469
2958.403320	25449.787109
2955.560547	25789.349609
2952.715820	25971.281250
2949.870117	26128.447266
2947.023438	26367.128906
2944.174805	26355.441406
2941.325195	26585.023438
2938.474609	26767.037109
2935.622070	26964.662109
2932.768555	26864.205078
2929.914063	27091.369141
2927.058594	27354.216797
2924.201172	27399.822266
2921.342773	27893.179688
2918.483398	27834.455078
2915.622070	27969.765625
2912.759766	28121.544922
2909.896484	28415.488281
2907.032227	28580.878906
2904.166016	28657.140625
2901.298828	28981.818359
2898.429688	28865.212891
2895.559570	29149.419922
2892.688477	29232.224609
2889.816406	29413.296875
2886.942383	29509.812500
2884.067383	29682.753906
2881.191406	29771.224609
2878.314453	30067.246094
2875.435547	30244.894531
2872.554688	30287.830078
2869.673828	30532.876953
2866.791016	30953.748047
2863.907227	30688.548828
2861.021484	30811.755859
2858.134766	31121.917969
2855.247070	31247.400391
2852.358398	31280.171875
2849.467773	31531.732422
2846.576172	31471.824219
2843.682617	31617.626953
2840.789063	31682.095703
2837.893555	31945.939453
2834.996094	32016.226563
2832.097656	32196.855469
2829.198242	32445.427734
2826.297852	32274.914063
2823.395508	32355.226563
2820.492188	32314.048828
2817.587891	32586.183594
2814.681641	32459.748047
2811.774414	32559.572266
2808.866211	32416.052734
2805.956055	32836.246094
2803.044922	32961.500000
2800.131836	33218.820313
2797.218750	33128.417969
2794.303711	32933.457031
2791.386719	33162.984375
2788.468750	33290.328125
2785.549805	33324.199219
2782.629883	33649.089844
2779.708008	33644.242188
2776.785156	33446.949219
2773.860352	33879.031250
2770.935547	33933.875000
2768.007813	33823.808594
2765.080078	34151.804688
2762.150391	33962.355469
2759.219727	34255.851563
2756.287109	34411.808594
2753.353516	34363.933594
2750.418945	34377.425781
2747.482422	34393.445313
2744.544922	34433.269531
2741.606445	34763.132813
2738.666016	34810.386719
2735.724609	34649.359375
2732.782227	34670.265625
2729.837891	34898.335938
2726.892578	34645.785156
2723.945313	34701.417969
2720.997070	34684.058594
2718.047852	34813.343750
2715.097656	34899.292969
2712.145508	34797.152344
2709.191406	34916.019531
2706.237305	34937.468750
2703.281250	34888.695313
2700.323242	34569.453125
2697.364258	34568.187500
2694.404297	34696.968750
2691.443359	34714.195313
2688.480469	34880.746094
2685.515625	34512.414063
2682.550781	34558.328125
2679.583984	34613.460938
2676.615234	34584.308594
2673.646484	34466.769531
2670.674805	34319.035156
2667.703125	34310.207031
2664.729492	34240.843750
2661.754883	34089.179688
2658.778320	34003.996094
2655.800781	34083.441406
2652.821289	33680.257813
2649.840820	33685.101563
2646.859375	33458.515625
2643.876953	33321.800781
2640.892578	33571.375000
2637.906250	33653.250000
2634.918945	33428.718750
2631.930664	33313.136719
2628.941406	33182.597656
2625.950195	32986.140625
2622.957031	32957.765625
2619.963867	32863.441406
2616.967773	33027.097656
2613.971680	32798.492188
2610.973633	32708.503906
2607.974609	32406.878906
2604.973633	32105.517578
2601.971680	32312.398438
2598.967773	31984.699219
2595.962891	31820.357422
2592.957031	31609.585938
2589.949219	31522.849609
2586.940430	31291.613281
2583.929688	31059.748047
2580.917969	31039.759766
2577.905273	30878.726563
2574.890625	30920.189453
2571.875000	30586.914063
2568.857422	30631.767578
2565.838867	30291.455078
2562.819336	30120.322266
2559.797852	29722.613281
2556.775391	29814.056641
2553.750977	29306.884766
2550.725586	29214.972656
2547.698242	29008.332031
2544.669922	28749.861328
2541.640625	28620.345703
2538.609375	28160.195313
2535.577148	28091.232422
2532.542969	27919.318359
2529.507813	27819.210938
2526.471680	27626.978516
2523.433594	27160.884766
2520.393555	27077.687500
2517.353516	26862.189453
2514.310547	26871.226563
2511.267578	26495.009766
2508.222656	26523.072266
2505.175781	26094.822266
2502.127930	25815.425781
2499.079102	25643.683594
2496.028320	25146.744141
2492.976563	24917.291016
2489.922852	24819.042969
2486.868164	24608.757813
2483.812500	24419.107422
2480.754883	23993.330078
2477.695313	23944.691406
2474.634766	23695.134766
2471.573242	23550.314453
2468.509766	23475.806641
2465.445313	23221.894531
2462.378906	22917.654297
2459.311523	22726.974609
2456.242188	22387.384766
2453.171875	22268.761719
2450.100586	22094.898438
2447.027344	21885.394531
2443.953125	21533.781250
2440.876953	21253.193359
2437.799805	21095.523438
2434.720703	20975.345703
2431.640625	20880.431641
2428.558594	20774.242188
2425.475586	20281.359375
2422.390625	20001.275391
2419.304688	19773.289063
2416.217773	19438.623047
2413.128906	19368.923828
2410.038086	19228.089844
2406.946289	18926.464844
2403.853516	18707.554688
2400.758789	18613.251953
2397.663086	18296.162109
2394.565430	18068.142578
2391.466797	17954.886719
2388.366211	17650.621094
2385.264648	17372.421875
2382.161133	17297.492188
2379.056641	17096.203125
2375.950195	16742.974609
2372.842773	16674.859375
2369.734375	16455.626953
2366.624023	16345.903320
2363.511719	16053.908203
2360.398438	16031.989258
2357.284180	15729.165039
2354.167969	15572.626953
2351.049805	15441.087891
2347.930664	15208.675781
2344.810547	15050.179688
2341.688477	14698.840820
2338.564453	14639.967773
2335.439453	14407.541016
2332.313477	14398.426758
2329.185547	14211.077148
2326.056641	13983.953125
2322.925781	13849.666016
2319.792969	13807.286133
2316.660156	13528.797852
2313.524414	13280.866211
2310.387695	13241.986328
2307.250000	13056.550781
2304.110352	12872.875977
2300.969727	12688.573242
2297.827148	12534.669922
2294.682617	12287.074219
2291.537109	12255.097656
2288.390625	12188.987305
2285.242188	11904.567383
2282.092773	11735.494141
2278.941406	11660.979492
2275.788086	11580.980469
2272.633789	11386.921875
2269.478516	11044.898438
2266.321289	11116.528320
2263.162109	10883.375000
2260.001953	10635.405273
2256.840820	10594.042969
2253.676758	10433.372070
2250.512695	10257.838867
2247.346680	10245.125977
2244.178711	10057.211914
2241.009766	9866.314453
2237.838867	9799.386719
2234.666992	9667.892578
2231.493164	9433.322266
2228.318359	9382.429688
2225.141602	9221.400391
2221.963867	9114.796875
2218.784180	9077.483398
2215.602539	8813.075195
2212.419922	8852.914063
2209.236328	8639.105469
2206.050781	8518.099609
2202.863281	8296.015625
2199.674805	8246.628906
2196.485352	8209.040039
2193.292969	8078.270996
2190.100586	7915.520996
2186.905273	7860.134277
2183.709961	7692.942383
2180.511719	7669.762695
2177.312500	7566.111328
2174.112305	7390.694824
2170.910156	7257.600586
2167.706055	7246.364746
2164.500977	7095.519531
2161.294922	7089.822754
2158.085938	6857.368652
2154.876953	6818.292969
2151.665039	6797.936523
2148.452148	6639.087891
2145.238281	6695.052246
2142.022461	6470.318848
2138.804688	6412.081543
2135.585938	6360.110352
2132.365234	6227.451172
2129.143555	6035.944824
2125.919922	5984.219238
2122.695313	6024.012695
2119.468750	5923.523438
2116.240234	5768.141113
2113.010742	5684.894531
2109.780273	5613.330566
2106.546875	5512.445313
2103.312500	5487.406738
2100.077148	5367.357910
2096.839844	5404.187500
2093.600586	5267.307129
2090.360352	5209.249512
2087.119141	5076.443848
2083.875000	5022.382324
2080.629883	4942.947266
2077.383789	4885.916992
2074.135742	4798.922363
2070.885742	4760.474609
2067.634766	4748.975098
2064.381836	4569.936035
2061.127930	4540.098145
2057.871094	4489.555176
2054.614258	4471.292480
2051.355469	4377.869629
2048.094727	4271.500000
2044.832031	4247.998047
2041.568359	4180.854980
2038.303711	4116.071777
2035.037109	4013.085205
2031.768555	3972.917969
2028.498047	3889.208984
2025.226563	3875.118408
2021.954102	3733.484375
2018.678711	3743.145752
2015.403320	3693.276611
2012.125000	3612.945557
2008.845703	3609.686768
2005.564453	3527.946289
2002.282227	3479.793701
1998.998047	3401.997559
1995.712891	3344.818604
1992.424805	3318.113770
1989.136719	3260.267334
1985.845703	3233.626465
1982.553711	3123.474121
1979.260742	3112.862061
1975.964844	2993.767334
1972.667969	2952.134521
1969.370117	2971.934814
1966.070313	2861.409912
1962.768555	2911.521484
1959.465820	2842.757080
1956.161133	2787.674805
1952.854492	2781.036621
1949.546875	2690.514160
1946.237305	2671.085449
1942.925781	2579.946533
1939.613281	2588.510498
1936.298828	2552.561523
1932.982422	2535.494629
1929.665039	2448.360840
1926.346680	2482.577148
1923.025391	2418.889648
1919.703125	2383.856934
1916.378906	2363.147461
1913.053711	2297.352051
1909.726563	2251.906982
1906.397461	2265.835693
1903.067383	2202.432373
1899.735352	2106.826904
1896.401367	2146.300781
1893.066406	2123.521729
1889.729492	2138.972900
1886.390625	2064.547852
1883.050781	2023.875610
1879.708984	2000.448608
1876.365234	1929.187744
1873.020508	1931.238892
1869.673828	1875.766846
1866.326172	1839.761108
1862.975586	1832.148804
1859.624023	1796.197876
1856.271484	1758.044434
1852.916016	1716.201538
1849.559570	1702.702637
1846.202148	1704.850098
1842.841797	1694.344971
1839.480469	1651.868164
1836.118164	1620.582886
1832.752930	1587.841431
1829.386719	1552.160767
1826.018555	1566.990479
1822.649414	1532.095459
1819.278320	1458.672241
1815.905273	1455.735107
1812.531250	1450.577637
1809.154297	1424.691162
1805.777344	1352.941895
1802.397461	1388.527222
1799.016602	1344.222534
1795.633789	1329.521973
1792.249023	1300.061768
1788.863281	1297.209106
1785.475586	1255.247559
1782.085938	1247.993164
1778.694336	1246.643188
1775.301758	1183.397705
1771.907227	1201.965088
1768.510742	1166.775879
1765.113281	1142.657349
1761.713867	1153.126465
1758.312500	1131.977661
1754.910156	1057.951538
1751.505859	1103.693237
1748.099609	1081.130615
1744.691406	1052.720825
1741.282227	1040.470093
1737.871094	1008.443115
1734.458008	978.644958
1731.042969	972.304749
1727.626953	929.380615
1724.208984	959.641907
1720.790039	927.731689
1717.368164	917.773926
1713.945313	885.915161
1710.520508	885.477051
1707.093750	883.579712
1703.666016	863.452209
1700.236328	844.802124
1696.804688	859.683167
1693.371094	851.247192
1689.936523	822.440186
1686.500000	799.481140
1683.061523	767.092102
1679.622070	762.351074
1676.179688	763.425415
1672.736328	729.649475
1669.291016	753.959473
1665.844727	712.968140
1662.396484	696.665100
1658.945313	692.695801
1655.494141	677.142639
1652.040039	671.738708
1648.584961	655.487366
1645.126953	655.160950
1641.668945	638.933472
1638.208008	629.223633
1634.745117	617.357056
1631.281250	595.398315
1627.815430	605.199951
1624.347656	606.339844
1620.878906	588.742310
1617.408203	580.525452
1613.935547	561.518066
1610.460938	538.931824
1606.984375	536.504761
1603.506836	546.299805
1600.027344	514.414368
1596.545898	519.183472
1593.062500	495.955902
1589.577148	488.533661
1586.090820	481.118622
1582.602539	466.544220
1579.112305	456.282043
1575.620117	486.122528
1572.126953	461.548798
1568.630859	434.853851
1565.133789	425.342224
1561.634766	434.416962
1558.133789	411.346008
1554.631836	411.139130
1551.127930	403.084595
1547.621094	410.012329
1544.114258	396.264465
1540.604492	391.790771
1537.092773	382.337494
1533.580078	362.930756
1530.065430	362.747711
1526.548828	371.095642
1523.030273	338.933472
1519.509766	349.415222
1515.988281	340.720703
1512.463867	336.291687
1508.938477	319.811981
1505.411133	328.155334
1501.882813	313.821320
1498.351563	312.246399
1494.818359	312.088287
1491.284180	299.198364
1487.748047	291.977081
1484.209961	266.391174
1480.669922	287.443542
1477.128906	281.650574
1473.584961	273.041229
1470.040039	265.850830
1466.493164	243.866486
1462.944336	268.398590
1459.393555	257.700653
1455.840820	237.864807
1452.287109	246.184387
1448.730469	238.325790
1445.172852	242.420425
1441.613281	236.678452
1438.051758	235.153931
1434.488281	223.106934
1430.922852	237.017868
1427.356445	206.058273
1423.787109	201.749954
1420.216797	204.447571
1416.644531	201.543900
1413.070313	193.746964
1409.494141	190.851532
1405.916016	191.452637
1402.336914	195.544907
1398.754883	188.464630
1395.171875	195.344696
1391.585938	171.536331
1387.999023	168.660614
1384.410156	171.360474
1380.819336	160.829102
1377.226563	167.009415
1373.632813	167.619171
1370.036133	149.458954
1366.438477	149.382156
1362.837891	143.055359
1359.236328	146.452209
1355.632813	151.232956
1352.027344	148.381607
1348.419922	137.216949
1344.810547	131.604996
1341.199219	132.229462
1337.585938	133.545151
1333.970703	123.794044
1330.354492	134.789825
1326.735352	127.811501
1323.115234	141.555801
1319.493164	115.256599
1315.869141	121.405228
1312.242188	107.553520
1308.614258	106.808777
1304.984375	116.395729
1301.353516	105.321442
1297.719727	103.890831
1294.083984	110.025940
1290.446289	106.532349
1286.807617	107.164024
1283.166016	96.122925
1279.523438	91.955597
1275.877930	88.478432
1272.231445	83.633781
1268.582031	84.275459
1264.931641	94.503769
1261.279297	83.503334
1257.625000	90.984924
1253.968750	80.681419
1250.310547	84.739677
1246.650391	81.280357
1242.988281	82.603302
1239.324219	78.466301
1235.658203	79.107300
1231.990234	74.976364
1228.320313	70.168457
1224.648438	65.365532
1220.975586	77.580978
1217.299805	69.378235
1213.622070	67.982269
1209.943359	65.228798
1206.261719	58.403519
1202.578125	68.554222
1198.893555	60.377483
1195.206055	66.448189
1191.517578	64.380249
1187.826172	54.863808
1184.133789	54.834980
1180.438477	50.069824
1176.742188	58.158653
1173.042969	56.776237
1169.342773	58.773006
1165.639648	53.340488
1161.935547	59.385948
1158.228516	49.911861
1154.520508	46.514896
1150.809570	57.944500
1147.097656	47.812649
1143.382813	53.171894
1139.666992	48.434860
1135.948242	49.753960
1132.227539	49.727646
1128.505859	52.387894
1124.781250	40.948334
1121.055664	44.281292
1117.327148	40.904964
1113.596680	50.936546
1109.865234	40.191734
1106.130859	40.170410
1102.394531	36.134178
1098.657227	38.790173
1094.916992	32.753593
1091.174805	28.727671
1087.430664	34.721962
1083.684570	39.375107
1079.936523	34.685009
1076.186523	35.999863
1072.434570	30.650209
1068.680664	28.636007
1064.924805	26.623938
1061.166992	21.287785
1057.406250	30.584850
1053.644531	31.897579
1049.880859	31.216354
1046.114258	28.544373
1042.346680	26.538700
1038.576172	24.535160
1034.803711	28.498566
1031.030273	27.820896
1027.253906	31.778267
1023.475586	30.437841
1019.695313	26.453487
1015.913086	27.100269
1012.128906	28.406969
1008.342773	23.109528
1004.553711	21.777269
