4046.277344	215.922791
4043.892578	237.934341
4041.505859	232.601776
4039.119141	223.083969
4036.731445	246.028412
4034.342773	226.047516
4031.952148	228.050476
4029.561523	250.965591
4027.169922	251.911713
4024.777344	260.171051
4022.383789	242.312531
4019.989258	245.348816
4017.593750	254.644348
4015.197266	263.932465
4012.799805	247.143173
4010.401367	272.062531
4008.001953	274.038666
4005.601563	282.262482
4003.201172	249.875031
4000.798828	256.020294
3998.395508	266.321899
3995.991211	291.173920
3993.585938	287.939819
3991.180664	277.434601
3988.773438	282.517670
3986.365234	307.323486
3983.957031	289.557922
3981.546875	274.918701
3979.135742	283.105408
3976.724609	291.285522
3974.311523	300.495209
3971.898438	293.125031
3969.483398	319.927673
3967.068359	315.660309
3964.651367	305.188995
3962.234375	326.783875
3959.815430	333.889435
3957.396484	349.255615
3954.975586	357.379211
3952.554688	340.716797
3950.131836	344.708832
3947.708984	329.096252
3945.284180	350.620575
3942.859375	353.572754
3940.432617	337.975037
3938.005859	346.079712
3935.577148	345.941071
3933.148438	384.911041
3930.718750	354.922668
3928.287109	378.432373
3925.855469	384.448181
3923.421875	391.486572
3920.988281	392.356537
3918.552734	437.373718
3916.117188	394.093994
3913.680664	399.065002
3911.242188	404.031891
3908.803711	421.295258
3906.363281	399.608429
3903.922852	445.537750
3901.480469	427.953583
3899.038086	416.523865
3896.593750	441.930786
3894.149414	447.888153
3891.703125	454.862762
3889.256836	456.722870
3886.808594	459.602661
3884.360352	450.228882
3881.910156	452.088196
3879.459961	453.945862
3877.007813	481.294159
3874.555664	464.791260
3872.101563	464.603394
3869.646484	494.969208
3867.191406	469.317963
3864.734375	512.886230
3862.277344	501.489258
3859.818359	538.908142
3857.358398	522.427551
3854.897461	517.135986
3852.436523	564.658325
3849.973633	519.762390
3847.509766	547.964600
3845.044922	560.928711
3842.579102	575.909973
3840.113281	561.487000
3837.645508	554.167297
3835.176758	566.094543
3832.707031	609.392578
3830.236328	614.204224
3827.764648	619.011841
3825.291992	615.726929
3822.818359	593.242493
3820.343750	591.990845
3817.868164	645.269897
3815.390625	637.941345
3812.913086	637.681519
3810.434570	634.395935
3807.955078	668.415039
3805.473633	654.033936
3802.992188	660.818604
3800.509766	675.653015
3798.025391	690.475098
3795.541016	713.333801
3793.054688	699.968384
3790.568359	717.777710
3788.080078	727.533203
3785.591797	736.276001
3783.101563	706.857300
3780.610352	746.714050
3778.119141	749.418274
3775.625977	761.145508
3773.131836	751.812134
3770.636719	734.470154
3768.140625	759.209167
3765.643555	778.921753
3763.145508	802.621094
3760.646484	799.290894
3758.146484	845.960876
3755.645508	821.624756
3753.143555	842.269348
3750.639648	880.873779
3748.135742	846.569397
3745.630859	883.144043
3743.124023	911.708496
3740.617188	884.412537
3738.108398	919.929077
3735.599609	923.535828
3733.088867	945.064636
3730.577148	928.748657
3728.064453	979.113037
3725.551758	985.672241
3723.037109	989.243103
3720.521484	1006.723999
3718.004883	1032.137329
3715.487305	1026.746948
3712.967773	1005.479370
3710.448242	1024.907959
3707.927734	1074.072876
3705.406250	1071.646851
3702.882813	1086.068481
3700.359375	1106.421021
3697.833984	1099.033203
3695.308594	1159.941040
3692.781250	1147.589966
3690.252930	1132.282104
3687.723633	1197.053711
3685.193359	1197.546509
3682.662109	1226.680908
3680.129883	1224.198486
3677.596680	1227.639038
3675.062500	1245.872925
3672.527344	1242.398560
3669.990234	1285.250977
3667.453125	1265.013916
3664.915039	1268.428589
3662.375000	1303.340698
3659.833984	1303.783936
3657.292969	1339.635254
3654.750000	1385.288086
3652.206055	1378.816284
3649.661133	1347.790527
3647.115234	1333.483154
3644.568359	1423.230469
3642.019531	1450.110352
3639.470703	1415.182007
3636.920898	1423.416138
3634.369141	1467.899536
3631.817383	1438.883179
3629.263672	1526.402222
3626.708984	1502.278198
3624.153320	1581.870850
3621.596680	1538.185547
3619.039063	1596.192017
3616.480469	1553.513306
3613.920898	1579.234863
3611.360352	1654.722534
3608.797852	1647.201294
3606.235352	1662.120483
3603.670898	1672.151733
3601.105469	1689.970947
3598.540039	1767.201050
3595.972656	1745.039185
3593.404297	1745.283081
3590.834961	1781.526733
3588.264648	1800.233154
3585.692383	1862.670898
3583.120117	1831.766968
3580.545898	1866.940308
3577.971680	1927.328247
3575.395508	1919.727417
3572.818359	1968.400024
3570.240234	1989.878906
3567.661133	2028.787109
3565.081055	2041.501343
3562.500000	2030.960205
3559.917969	2085.290039
3557.333984	2095.059814
3554.750000	2145.446777
3552.164063	2160.016113
3549.577148	2163.941650
3546.989258	2248.046875
3544.400391	2242.274170
3541.810547	2293.455811
3539.219727	2350.382813
3536.626953	2387.972412
3534.034180	2373.471436
3531.439453	2438.000244
3528.844727	2433.121338
3526.248047	2541.859375
3523.650391	2559.075195
3521.051758	2607.060059
3518.451172	2632.886963
3515.850586	2593.329346
3513.249023	2623.942627
3510.645508	2723.677734
3508.041016	2798.368164
3505.436523	2799.106934
3502.830078	2862.190918
3500.222656	2803.456543
3497.613281	2855.941650
3495.003906	2900.718018
3492.393555	3009.612305
3489.781250	3045.669922
3487.167969	3043.426025
3484.553711	3063.179199
3481.938477	3208.143311
3479.322266	3251.696777
3476.705078	3208.295410
3474.086914	3311.003174
3471.466797	3287.652344
3468.845703	3377.836914
3466.224609	3515.620117
3463.601563	3506.506104
3460.977539	3505.020508
3458.351563	3569.244141
3455.725586	3559.163818
3453.098633	3665.174072
3450.469727	3753.973633
3447.839844	3801.817139
3445.208984	3834.414307
3442.577148	3839.435791
3439.944336	3891.926270
3437.310547	3937.727295
3434.674805	4017.640869
3432.039063	4087.054199
3429.401367	4180.104004
3426.762695	4174.537109
3424.123047	4157.609375
3421.481445	4340.439941
3418.839844	4280.871582
3416.197266	4415.252930
3413.552734	4537.228027
3410.907227	4516.395020
3408.260742	4555.091797
3405.613281	4592.809570
3402.963867	4680.518066
3400.314453	4760.602539
3397.663086	4774.604980
3395.011719	4877.201660
3392.358398	4949.558105
3389.704102	5010.549316
3387.047852	5024.415527
3384.391602	5088.143066
3381.733398	5173.449219
3379.075195	5204.147461
3376.415039	5368.273438
3373.753906	5412.011719
3371.090820	5519.564453
3368.427734	5518.143555
3365.762695	5633.999512
3363.097656	5724.434082
3360.430664	5763.231445
3357.762695	5818.860352
3355.092773	5957.798828
3352.422852	6030.145020
3349.750977	6056.573242
3347.079102	6221.417969
3344.405273	6264.567871
3341.729492	6357.213867
3339.053711	6470.330566
3336.376953	6440.476074
3333.698242	6703.735840
3331.018555	6680.333984
3328.337891	6789.380859
3325.656250	6873.162598
3322.973633	6889.780273
3320.289063	7029.327148
3317.604492	7149.201172
3314.917969	7268.970215
3312.230469	7463.050781
3309.541016	7602.104004
3306.851563	7581.177246
3304.160156	7758.145020
3301.467773	7798.453125
3298.774414	7868.426758
3296.080078	7994.934082
3293.384766	8078.669922
3290.687500	8200.337891
3287.990234	8329.312500
3285.291016	8425.755859
3282.589844	8691.538086
3279.888672	8567.488281
3277.186523	8780.250000
3274.482422	8888.342773
3271.777344	9060.111328
3269.071289	9199.395508
3266.364258	9278.534180
3263.655273	9445.290039
3260.945313	9594.368164
3258.234375	9656.625977
3255.522461	9807.323242
3252.809570	9842.708008
3250.095703	10097.265625
3247.379883	10156.424805
3244.663086	10235.776367
3241.945313	10393.242188
3239.226563	10573.554688
3236.505859	10645.261719
3233.784180	10881.339844
3231.061523	10927.134766
3228.337891	11056.410156
3225.613281	11175.479492
3222.886719	11325.621094
3220.160156	11456.380859
3217.431641	11583.357422
3214.702148	11779.827148
3211.970703	11770.143555
3209.239258	11905.960938
3206.505859	12203.553711
3203.771484	12233.001953
3201.035156	12485.407227
3198.298828	12516.528320
3195.560547	12819.717773
3192.821289	12913.633789
3190.081055	12953.639648
3187.339844	13200.607422
3184.596680	13313.367188
3181.853516	13527.156250
3179.108398	13721.631836
3176.361328	13843.108398
3173.614258	13775.213867
3170.865234	13998.419922
3168.115234	14300.521484
3165.364258	14369.721680
3162.612305	14703.182617
3159.858398	14645.028320
3157.104492	14904.559570
3154.347656	15010.551758
3151.590820	15083.805664
3148.833008	15426.178711
3146.073242	15399.522461
3143.312500	15582.975586
3140.550781	15896.609375
3137.787109	16180.107422
3135.023438	16340.357422
3132.257813	16363.057617
3129.491211	16578.197266
3126.722656	16788.628906
3123.954102	17099.986328
3121.183594	17125.001953
3118.412109	17387.220703
3115.638672	17633.878906
3112.865234	17824.439453
3110.089844	17726.560547
3107.313477	18006.947266
3104.536133	18187.179688
3101.756836	18444.617188
3098.976563	18573.232422
3096.195313	18796.107422
3093.413086	19024.175781
3090.628906	19028.416016
3087.844727	19523.679688
3085.058594	19495.382813
3082.270508	20005.244141
3079.482422	20250.183594
3076.692383	20374.824219
3073.901367	20662.369141
3071.109375	20769.697266
3068.315430	20962.837891
3065.520508	21303.400391
3062.724609	21412.970703
3059.927734	21637.730469
3057.128906	21835.486328
3054.329102	21876.792969
3051.528320	22159.052734
3048.726563	22530.273438
3045.922852	22655.921875
3043.118164	22843.849609
3040.312500	23216.044922
3037.505859	23065.113281
3034.697266	23369.212891
3031.887695	23748.673828
3029.077148	23747.113281
3026.264648	23926.023438
3023.452148	24089.662109
3020.637695	24104.808594
3017.821289	24473.310547
3015.004883	24548.609375
3012.186523	24915.687500
3009.367188	25042.138672
3006.545898	25088.705078
3003.724609	25483.386719
3000.901367	25632.421875
2998.077148	25868.947266
2995.250977	25967.236328
2992.423828	25957.539063
2989.595703	26110.492188
2986.766602	26629.984375
2983.935547	26642.947266
2981.104492	26850.986328
2978.270508	27110.013672
2975.436523	27171.234375
2972.600586	27370.806641
2969.763672	27746.439453
2966.925781	27646.080078
2964.085938	27706.921875
2961.245117	28266.695313
2958.403320	28229.548828
2955.560547	28537.986328
2952.715820	28783.738281
2949.870117	28896.611328
2947.023438	29105.966797
2944.174805	29076.388672
2941.325195	29260.019531
2938.474609	29420.677734
2935.622070	29715.298828
2932.768555	29809.882813
2929.914063	30110.181641
2927.058594	30169.474609
2924.201172	30587.455078
2921.342773	30612.353516
2918.483398	30969.427734
2915.622070	30972.269531
2912.759766	31114.851563
2909.896484	31492.152344
2907.032227	31634.357422
2904.166016	31806.085938
2901.298828	31982.882813
2898.429688	31982.597656
2895.559570	32188.757813
2892.688477	32397.335938
2889.816406	32707.550781
2886.942383	32899.164063
2884.067383	32823.640625
2881.191406	33424.394531
2878.314453	33350.421875
2875.435547	33501.421875
2872.554688	33744.285156
2869.673828	34155.246094
2866.791016	34283.972656
2863.907227	34472.390625
2861.021484	34612.968750
2858.134766	34561.144531
2855.247070	34776.855469
2852.358398	35049.472656
2849.467773	35156.636719
2846.576172	35058.796875
2843.682617	35168.429688
2840.789063	35319.417969
2837.893555	35876.910156
2834.996094	35901.425781
2832.097656	35844.824219
2829.198242	36295.250000
2826.297852	36334.164063
2823.395508	36044.820313
2820.492188	36176.785156
2817.587891	36333.582031
2814.681641	36406.777344
2811.774414	36280.394531
2808.866211	36504.804688
2805.956055	36328.640625
2803.044922	36855.082031
2800.131836	36936.410156
2797.218750	37048.539063
2794.303711	36998.468750
2791.386719	36960.433594
2788.468750	37126.347656
2785.549805	37195.324219
2782.629883	37200.875000
2779.708008	37369.847656
2776.785156	37064.824219
2773.860352	37273.003906
2770.935547	37688.636719
2768.007813	37385.558594
2765.080078	37380.695313
2762.150391	37254.648438
2759.219727	37480.132813
2756.287109	37347.312500
2753.353516	37673.093750
2750.418945	37777.089844
2747.482422	37652.792969
2744.544922	37383.914063
2741.606445	37808.574219
2738.666016	37558.554688
2735.724609	37615.566406
2732.782227	37571.417969
2729.837891	37585.042969
2726.892578	37557.054688
2723.945313	37821.769531
2720.997070	37599.484375
2718.047852	37629.128906
2715.097656	37554.527344
2712.145508	37855.132813
2709.191406	37716.988281
2706.237305	37578.953125
2703.281250	37644.003906
2700.323242	37518.785156
2697.364258	37950.480469
2694.404297	37628.429688
2691.443359	37375.039063
2688.480469	37386.812500
2685.515625	37443.269531
2682.550781	37406.925781
2679.583984	37577.054688
2676.615234	37670.371094
2673.646484	37136.386719
2670.674805	37207.074219
2667.703125	37037.964844
2664.729492	37104.406250
2661.754883	36941.359375
2658.778320	36855.722656
2655.800781	36644.214844
2652.821289	36595.695313
2649.840820	36577.402344
2646.859375	36352.019531
2643.876953	36224.046875
2640.892578	36220.996094
2637.906250	36017.816406
2634.918945	36116.945313
2631.930664	35706.511719
2628.941406	35671.042969
2625.950195	35544.496094
2622.957031	35538.347656
2619.963867	35588.144531
2616.967773	35116.226563
2613.971680	35096.902344
2610.973633	35106.773438
2607.974609	34697.363281
2604.973633	34545.757813
2601.971680	34081.996094
2598.967773	34203.800781
2595.962891	34124.972656
2592.957031	33716.890625
2589.949219	33536.925781
2586.940430	33254.921875
2583.929688	33151.714844
2580.917969	33075.984375
2577.905273	32893.277344
2574.890625	32519.980469
2571.875000	32378.294922
2568.857422	32283.126953
2565.838867	32002.519531
2562.819336	31891.033203
2559.797852	31533.060547
2556.775391	31126.609375
2553.750977	31051.193359
2550.725586	30773.390625
2547.698242	30404.980469
2544.669922	30397.664063
2541.640625	30065.226563
2538.609375	29911.238281
2535.577148	29785.412109
2532.542969	29483.347656
2529.507813	29274.623047
2526.471680	28977.166016
2523.433594	28723.585938
2520.393555	28614.996094
2517.353516	28516.361328
2514.310547	28360.283203
2511.267578	28070.451172
2508.222656	27774.308594
2505.175781	27466.939453
2502.127930	27211.519531
2499.079102	26880.896484
2496.028320	26827.564453
2492.976563	26503.957031
2489.922852	26188.007813
2486.868164	25968.910156
2483.812500	25567.587891
2480.754883	25671.105469
2477.695313	25262.101563
2474.634766	24970.279297
2471.573242	24753.835938
2468.509766	24650.208984
2465.445313	24541.773438
2462.378906	24375.539063
2459.311523	23977.177734
2456.242188	23603.613281
2453.171875	23654.605469
2450.100586	23048.751953
2447.027344	22975.474609
2443.953125	22545.298828
2440.876953	22394.281250
2437.799805	22071.988281
2434.720703	22079.654297
2431.640625	21787.005859
2428.558594	21458.117188
2425.475586	21264.128906
2422.390625	21093.005859
2419.304688	20844.261719
2416.217773	20602.220703
2413.128906	20417.861328
2410.038086	20069.439453
2406.946289	19915.402344
2403.853516	19640.265625
2400.758789	19561.687500
2397.663086	19290.185547
2394.565430	19074.619141
2391.466797	18771.312500
2388.366211	18452.152344
2385.264648	18358.154297
2382.161133	18173.203125
2379.056641	17779.052734
2375.950195	17689.505859
2372.842773	17615.320313
2369.734375	17311.216797
2366.624023	17004.980469
2363.511719	16756.865234
2360.398438	16767.542969
2357.284180	16535.005859
2354.167969	16405.371094
2351.049805	16060.142578
2347.930664	15972.515625
2344.810547	15689.487305
2341.688477	15589.291992
2338.564453	15353.917969
2335.439453	15216.360352
2332.313477	14920.595703
2329.185547	14945.609375
2326.056641	14624.671875
2322.925781	14465.331055
2319.792969	14272.610352
2316.660156	14131.124023
2313.524414	13849.419922
2310.387695	13795.129883
2307.250000	13629.352539
2304.110352	13421.522461
2300.969727	13196.371094
2297.827148	13091.553711
2294.682617	12966.950195
2291.537109	12876.635742
2288.390625	12598.120117
2285.242188	12480.261719
2282.092773	12342.666016
2278.941406	12083.818359
2275.788086	12029.788086
2272.633789	11892.583984
2269.478516	11719.063477
2266.321289	11626.467773
2263.162109	11286.228516
2260.001953	11298.338867
2256.840820	11077.961914
2253.676758	10947.887695
2250.512695	10742.884766
2247.346680	10590.183594
2244.178711	10496.026367
2241.009766	10383.020508
2237.838867	10224.384766
2234.666992	10077.715820
2231.493164	9857.132813
2228.318359	9909.975586
2225.141602	9586.573242
2221.963867	9418.440430
2218.784180	9434.449219
2215.602539	9217.813477
2212.419922	9168.696289
2209.236328	9119.623047
2206.050781	8986.619141
2202.863281	8768.236328
2199.674805	8654.333984
2196.485352	8514.674805
2193.292969	8471.492188
2190.100586	8349.269531
2186.905273	8263.940430
2183.709961	8044.932617
2180.511719	7966.858398
2177.312500	7946.683105
2174.112305	7894.499512
2170.910156	7694.805176
2167.706055	7482.031250
2164.500977	7384.113770
2161.294922	7290.184082
2158.085938	7137.117676
2154.876953	7134.517578
2151.665039	7076.642578
2148.452148	6959.681641
2145.238281	6896.495117
2142.022461	6755.625488
2138.804688	6715.901855
2135.585938	6558.159668
2132.365234	6407.551758
2129.143555	6420.805176
2125.919922	6208.355957
2122.695313	6211.609375
2119.468750	6107.931641
2116.240234	5987.312012
2113.010742	5996.851563
2109.780273	5840.030273
2106.546875	5862.000000
2103.312500	5750.993652
2100.077148	5619.230469
2096.839844	5552.458984
2093.600586	5498.871094
2090.360352	5356.607910
2087.119141	5357.140625
2083.875000	5277.509766
2080.629883	5224.146484
2077.383789	5136.180664
2074.135742	5039.830566
2070.885742	4951.263184
2067.634766	4900.456543
2064.381836	4892.736816
2061.127930	4743.672852
2057.871094	4682.282715
2054.614258	4611.740234
2051.355469	4575.782715
2048.094727	4513.022461
2044.832031	4478.676270
2041.568359	4337.886230
2038.303711	4263.074219
2035.037109	4240.371094
2031.768555	4164.909180
2028.498047	4127.745117
2025.226563	4050.878174
2021.954102	4029.077393
2018.678711	3937.059326
2015.403320	3861.152832
2012.125000	3847.096680
2008.845703	3774.352539
2005.564453	3736.727539
2002.282227	3651.155762
1998.998047	3529.886475
1995.712891	3580.690674
1992.424805	3447.400879
1989.136719	3375.049561
1985.845703	3335.437012
1982.553711	3301.936523
1979.260742	3283.648193
1975.964844	3164.471191
1972.667969	3109.864746
1969.370117	3100.029053
1966.070313	3037.170166
1962.768555	3006.931641
1959.465820	2976.720947
1956.161133	2841.385742
1952.854492	2878.577148
1949.546875	2817.482422
1946.237305	2700.546143
1942.925781	2749.073730
1939.613281	2722.086670
1936.298828	2680.792969
1932.982422	2609.380615
1929.665039	2578.729248
1926.346680	2512.705566
1923.025391	2497.938232
1919.703125	2502.748779
1916.378906	2425.573242
1913.053711	2411.618408
1909.726563	2379.642822
1906.397461	2319.158447
1903.067383	2257.981201
1899.735352	2253.884766
1896.401367	2198.046143
1893.066406	2229.959961
1889.729492	2152.458740
1886.390625	2069.041016
1883.050781	2072.526367
1879.708984	2028.128662
1876.365234	2018.169678
1873.020508	1961.134277
1869.673828	1952.709961
1866.326172	1969.679321
1862.975586	1913.494751
1859.624023	1884.217529
1856.271484	1830.364380
1852.916016	1826.491577
1849.559570	1845.711792
1846.202148	1808.332275
1842.841797	1750.153442
1839.480469	1679.386841
1836.118164	1694.921509
1832.752930	1656.942627
1829.386719	1621.228149
1826.018555	1609.301514
1822.649414	1589.966431
1819.278320	1577.323730
1815.905273	1546.903809
1812.531250	1492.805908
1809.154297	1463.196289
1805.777344	1485.423584
1802.397461	1447.708008
1799.016602	1432.210693
1795.633789	1418.945068
1792.249023	1362.848877
1788.863281	1351.843994
1785.475586	1313.545410
1782.085938	1283.397217
1778.694336	1289.402100
1775.301758	1239.399048
1771.907227	1255.729492
1768.510742	1217.569214
1765.113281	1213.291626
1761.713867	1189.897095
1758.312500	1134.182739
1754.910156	1151.256958
1751.505859	1147.752808
1748.099609	1113.425049
1744.691406	1062.257690
1741.282227	1044.869507
1737.871094	1053.881714
1734.458008	1032.851318
1731.042969	1000.858887
1727.626953	999.632996
1724.208984	980.122070
1720.790039	971.596069
1717.368164	965.270203
1713.945313	942.882507
1710.520508	920.516541
1707.093750	926.627808
1703.666016	913.771667
1700.236328	908.945862
1696.804688	869.154236
1693.371094	855.616333
1689.936523	842.091431
1686.500000	814.030334
1683.061523	804.901367
1679.622070	789.967224
1676.179688	807.734619
1672.736328	750.704041
1669.291016	756.136414
1665.844727	757.936584
1662.396484	727.112488
1658.945313	720.229736
1655.494141	690.178528
1652.040039	660.156982
1648.584961	653.316895
1645.126953	666.731140
1641.668945	659.893982
1638.208008	660.287537
1634.745117	644.795166
1631.281250	636.534912
1627.815430	598.707947
1624.347656	602.734924
1620.878906	591.624756
1617.408203	606.454590
1613.935547	591.753662
1610.460938	557.639709
1606.984375	555.922546
1603.506836	540.549316
1600.027344	542.434143
1596.545898	537.854004
1593.062500	526.100830
1589.577148	518.663513
1586.090820	501.912140
1582.602539	491.627258
1579.112305	480.636169
1575.620117	475.383423
1572.126953	457.970886
1568.630859	465.608337
1565.133789	456.796082
1561.634766	422.270447
1558.133789	446.338989
1554.631836	425.414795
1551.127930	420.206757
1547.621094	422.847504
1544.114258	409.093170
1540.604492	405.325378
1537.092773	407.969055
1533.580078	402.070343
1530.065430	371.282959
1526.548828	376.782928
1523.030273	363.092255
1519.509766	352.256012
1515.988281	340.010895
1512.463867	342.676971
1508.938477	319.811981
1505.411133	341.621765
1501.882813	322.322113
1498.351563	337.027832
1494.818359	325.534271
1491.284180	320.418091
1487.748047	293.390991
1484.209961	305.961212
1480.669922	295.918549
1477.128906	287.297699
1473.584961	292.796143
1470.040039	260.914612
1466.493164	281.926575
1462.944336	270.511963
1459.393555	263.333435
1455.840820	257.569580
1452.287109	253.921600
1448.730469	242.543945
1445.172852	238.907089
1441.613281	239.487701
1438.051758	230.240265
1434.488281	218.897369
1430.922852	225.798080
1427.356445	213.767929
1423.787109	226.968704
1420.216797	214.950012
1416.644531	212.040985
1413.070313	202.839783
1409.494141	194.346985
1405.916016	191.452637
1402.336914	192.751419
1398.754883	198.236862
1395.171875	190.461075
1391.585938	186.179672
1387.999023	176.327011
1384.410156	169.967300
1380.819336	171.272552
1377.226563	162.834183
1373.632813	170.401230
1370.036133	167.533066
1366.438477	166.752167
1362.837891	153.472015
1359.236328	161.028015
1355.632813	163.720078
1352.027344	140.061142
1348.419922	147.612183
1344.810547	146.843460
1341.199219	146.767776
1337.585938	140.464600
1333.970703	152.840698
1330.354492	135.481064
1326.735352	122.975395
1323.115234	129.817032
1319.493164	131.820419
1315.869141	127.613449
1312.242188	122.721321
1308.614258	113.699661
1304.984375	120.528122
1301.353516	106.009819
1297.719727	111.459038
1294.083984	109.338272
1290.446289	109.281570
1286.807617	109.224876
1283.166016	86.510635
1279.523438	96.759247
1275.877930	100.138374
1272.231445	98.029762
1268.582031	89.071625
1264.931641	95.188583
1261.279297	88.978958
1257.625000	101.246376
1253.968750	98.458679
1250.310547	90.890137
1246.650391	81.963387
1242.988281	80.555290
1239.324219	75.737045
1235.658203	73.651627
1231.990234	83.155602
1228.320313	83.112152
1224.648438	85.111374
1220.975586	74.858833
1217.299805	68.017876
1213.622070	74.100677
1209.943359	67.267204
1206.261719	74.702171
1202.578125	64.481697
1198.893555	67.161469
1195.206055	56.277550
1191.517578	69.124062
1187.826172	58.927792
1184.133789	64.312630
1180.438477	58.865871
1176.742188	53.424809
1173.042969	56.100330
1169.342773	57.421906
1165.639648	47.263725
1161.935547	57.361427
1158.228516	52.609798
1154.520508	55.278572
1150.809570	55.249405
1147.097656	50.506321
1143.382813	56.537205
1139.666992	44.398621
1135.948242	49.753960
1132.227539	43.007694
1128.505859	48.358055
1124.781250	42.290901
1121.055664	45.623150
1117.327148	46.940121
1113.596680	47.585457
1109.865234	34.832836
1106.130859	38.161892
1102.394531	44.833145
1098.657227	36.114986
1094.916992	38.101120
1091.174805	42.757462
1087.430664	34.721962
1083.684570	32.701363
1079.936523	37.353088
1076.186523	37.333191
1072.434570	29.983900
1068.680664	37.959358
1064.924805	38.604710
1061.166992	27.940216
1057.406250	31.249739
1053.644531	28.574915
1049.880859	30.552177
1046.114258	25.889082
1042.346680	33.836842
1038.576172	29.840059
1034.803711	22.533749
1031.030273	22.521677
1027.253906	31.116220
1023.475586	22.497534
1019.695313	26.453487
1015.913086	25.117323
1012.128906	20.479443
1008.342773	30.372522
1004.553711	25.076857
