4046.277344	388.870667
4043.892578	367.907288
4041.505859	383.478607
4039.119141	388.564087
4036.731445	365.378357
4034.342773	374.652832
4031.952148	381.827637
4029.561523	394.225128
4027.169922	410.793793
4024.777344	401.227661
4022.383789	398.980133
4019.989258	391.514069
4017.593750	399.708130
4015.197266	397.463501
4012.799805	420.247681
4010.401367	427.377899
4008.001953	414.704895
4005.601563	438.496338
4003.201172	427.910980
4000.798828	463.126160
3998.395508	449.418213
3995.991211	459.638855
3993.585938	454.258850
3991.180664	459.273773
3988.773438	455.975220
3986.365234	454.755676
3983.957031	462.877563
3981.546875	469.955383
3979.135742	482.212524
3976.724609	471.654510
3974.311523	485.973297
3971.898438	509.602539
3969.483398	507.328674
3967.068359	514.371033
3964.651367	525.545837
3962.234375	521.199585
3959.815430	539.598389
3957.396484	544.549438
3954.975586	526.772827
3952.554688	521.399963
3950.131836	520.159485
3947.708984	557.090820
3945.284180	531.087097
3942.859375	572.107544
3940.432617	571.878479
3938.005859	573.709473
3935.577148	571.420532
3933.148438	612.358459
3930.718750	582.278931
3928.287109	605.697449
3925.855469	594.147156
3923.421875	603.156494
3920.988281	594.697449
3918.552734	627.312988
3916.117188	622.955872
3913.680664	649.378296
3911.242188	653.219055
3908.803711	647.831177
3906.363281	647.570557
3903.922852	657.552246
3901.480469	691.073364
3899.038086	679.537720
3896.593750	707.907654
3894.149414	725.006165
3891.703125	748.223694
3889.256836	721.356506
3886.808594	701.660095
3884.360352	737.109436
3881.910156	730.688782
3879.459961	756.916443
3877.007813	775.984863
3874.555664	780.767761
3872.101563	809.999329
3869.646484	825.967163
3867.191406	817.488770
3864.734375	812.069885
3862.277344	808.689575
3859.818359	811.412598
3857.358398	816.166016
3854.897461	842.250977
3852.436523	869.330078
3849.973633	842.583496
3847.509766	912.259583
3845.044922	906.817810
3842.579102	893.268860
3840.113281	924.325195
3837.645508	935.094055
3835.176758	958.006165
3832.707031	929.273071
3830.236328	964.310791
3827.764648	958.861450
3825.291992	989.813904
3822.818359	995.475037
3820.343750	1016.284668
3817.868164	1013.851318
3815.390625	1017.476074
3812.913086	1035.223389
3810.434570	1060.016113
3807.955078	1047.485962
3805.473633	1084.345947
3802.992188	1093.977051
3800.509766	1122.731934
3798.025391	1159.515015
3795.541016	1121.815552
3793.054688	1144.488525
3790.568359	1173.174438
3788.080078	1178.724365
3785.591797	1183.264893
3783.101563	1185.793213
3780.610352	1177.279053
3778.119141	1203.884766
3775.625977	1250.524902
3773.131836	1264.046753
3770.636719	1283.569214
3768.140625	1269.021118
3765.643555	1307.547363
3763.145508	1315.017578
3760.646484	1337.486694
3758.146484	1312.939331
3755.645508	1361.378296
3753.143555	1323.851563
3750.639648	1398.212402
3748.135742	1400.633179
3745.630859	1435.982300
3743.124023	1407.462402
3740.617188	1459.729370
3738.108398	1427.235596
3735.599609	1448.566406
3733.088867	1487.804565
3730.577148	1515.064697
3728.064453	1541.307007
3725.551758	1533.709961
3723.037109	1562.904663
3720.521484	1585.118164
3718.004883	1603.339478
3715.487305	1616.580200
3712.967773	1662.564697
3710.448242	1581.513306
3707.927734	1666.151855
3705.406250	1650.593994
3702.882813	1718.287231
3700.359375	1727.482910
3697.833984	1668.352173
3695.308594	1715.168823
3692.781250	1730.288696
3690.252930	1777.040039
3687.723633	1738.742676
3685.193359	1816.081177
3682.662109	1835.083008
3680.129883	1840.246826
3677.596680	1881.919312
3675.062500	1884.099121
3672.527344	1915.857544
3669.990234	1935.761475
3667.453125	1982.249268
3664.915039	1988.320923
3662.375000	2028.840820
3659.833984	1985.687500
3657.292969	2085.188477
3654.750000	2063.676270
3652.206055	2033.336304
3649.661133	2149.391846
3647.115234	2118.058350
3644.568359	2116.196533
3642.019531	2181.052490
3639.470703	2221.335693
3636.920898	2240.998291
3634.369141	2260.643799
3631.817383	2232.276855
3629.263672	2309.674805
3626.708984	2359.604248
3624.153320	2299.924805
3621.596680	2360.572021
3619.039063	2436.807617
3616.480469	2413.319336
3613.920898	2478.724854
3611.360352	2421.068848
3608.797852	2531.303223
3606.235352	2506.836670
3603.670898	2574.041016
3601.105469	2621.696533
3598.540039	2604.039795
3595.972656	2667.222168
3593.404297	2706.989746
3590.834961	2729.209473
3588.264648	2711.534180
3585.692383	2822.199219
3583.120117	2810.328857
3580.545898	2825.665527
3577.971680	2892.448730
3575.395508	2929.088623
3572.818359	2948.234375
3570.240234	3002.273438
3567.661133	2980.659424
3565.081055	3083.083740
3562.500000	3091.475830
3559.917969	3094.051514
3557.333984	3178.878174
3554.750000	3210.431885
3552.164063	3182.011475
3549.577148	3224.166748
3546.989258	3230.541016
3544.400391	3296.780273
3541.810547	3375.511230
3539.219727	3404.967529
3536.626953	3413.180420
3534.034180	3495.616455
3531.439453	3486.436768
3528.844727	3600.557373
3526.248047	3658.736816
3523.650391	3721.678467
3521.051758	3672.010498
3518.451172	3725.275391
3515.850586	3757.347656
3513.249023	3667.370605
3510.645508	3856.942871
3508.041016	3903.315674
3505.436523	3944.850586
3502.830078	3958.532959
3500.222656	4045.069580
3497.613281	4098.947266
3495.003906	4071.351318
3492.393555	4171.133301
3489.781250	4180.856934
3487.167969	4277.635254
3484.553711	4230.878906
3481.938477	4321.816406
3479.322266	4349.610352
3476.705078	4414.629395
3474.086914	4543.559570
3471.466797	4581.718262
3468.845703	4612.211914
3466.224609	4586.420898
3463.601563	4682.648438
3460.977539	4765.456055
3458.351563	4873.903809
3455.725586	4906.105957
3453.098633	4934.473633
3450.469727	5024.637207
3447.839844	5135.637695
3445.208984	5141.061035
3442.577148	5224.368652
3439.944336	5262.978027
3437.310547	5346.160156
3434.674805	5411.245117
3432.039063	5430.756348
3429.401367	5565.889160
3426.762695	5590.999512
3424.123047	5695.640625
3421.481445	5724.458008
3418.839844	5710.667480
3416.197266	5858.628418
3413.552734	6011.188965
3410.907227	5912.234375
3408.260742	6038.188965
3405.613281	6090.382813
3402.963867	6249.185059
3400.314453	6332.375000
3397.663086	6334.390625
3395.011719	6363.739258
3392.358398	6471.266602
3389.704102	6538.201660
3387.047852	6641.793457
3384.391602	6729.297363
3381.733398	6756.524414
3379.075195	6931.341797
3376.415039	6950.937012
3373.753906	7104.850586
3371.090820	7268.959961
3368.427734	7161.666016
3365.762695	7382.838379
3363.097656	7321.536133
3360.430664	7459.016602
3357.762695	7567.329590
3355.092773	7698.026855
3352.422852	7805.204102
3349.750977	7805.605469
3347.079102	7900.480469
3344.405273	8050.437500
3341.729492	8087.175781
3339.053711	8116.406738
3336.376953	8306.225586
3333.698242	8484.677734
3331.018555	8602.330078
3328.337891	8611.695313
3325.656250	8718.000000
3322.973633	8848.438477
3320.289063	8856.747070
3317.604492	8898.563477
3314.917969	9065.971680
3312.230469	9120.679688
3309.541016	9322.247070
3306.851563	9367.499023
3304.160156	9477.738281
3301.467773	9491.305664
3298.774414	9589.326172
3296.080078	9775.400391
3293.384766	9812.926758
3290.687500	10038.600586
3287.990234	10061.150391
3285.291016	10176.297852
3282.589844	10275.605469
3279.888672	10284.132813
3277.186523	10342.601563
3274.482422	10560.050781
3271.777344	10545.330078
3269.071289	10819.775391
3266.364258	10859.431641
3263.655273	10865.821289
3260.945313	11058.572266
3258.234375	11203.198242
3255.522461	11214.953125
3252.809570	11374.124023
3250.095703	11589.335938
3247.379883	11552.105469
3244.663086	11617.049805
3241.945313	11844.745117
3239.226563	11949.956055
3236.505859	12126.756836
3233.784180	12313.506836
3231.061523	12455.096680
3228.337891	12496.515625
3225.613281	12636.062500
3222.886719	12743.387695
3220.160156	12797.450195
3217.431641	13016.388672
3214.702148	13108.744141
3211.970703	13267.845703
3209.239258	13485.369141
3206.505859	13634.100586
3203.771484	13675.728516
3201.035156	13885.469727
3198.298828	14065.792969
3195.560547	14262.392578
3192.821289	14434.173828
3190.081055	14426.992188
3187.339844	14449.905273
3184.596680	14717.076172
3181.853516	14985.833984
3179.108398	14988.425781
3176.361328	15255.001953
3173.614258	15323.889648
3170.865234	15661.931641
3168.115234	15653.297852
3165.364258	15826.414063
3162.612305	16035.707031
3159.858398	15964.260742
3157.104492	16195.083984
3154.347656	16295.071289
3151.590820	16471.134766
3148.833008	16505.648438
3146.073242	16749.404297
3143.312500	16961.246094
3140.550781	17017.210938
3137.787109	17308.363281
3135.023438	17326.132813
3132.257813	17547.279297
3129.491211	17576.666016
3126.722656	17959.171875
3123.954102	18065.984375
3121.183594	17970.558594
3118.412109	18218.876953
3115.638672	18252.388672
3112.865234	18490.443359
3110.089844	18571.541016
3107.313477	18646.257813
3104.536133	18762.306641
3101.756836	18715.412109
3098.976563	19080.412109
3096.195313	19126.888672
3093.413086	19395.242188
3090.628906	19336.455078
3087.844727	19660.126953
3085.058594	19710.732422
3082.270508	20020.492188
3079.482422	20215.220703
3076.692383	20364.070313
3073.901367	20339.017578
3071.109375	20472.451172
3068.315430	20739.105469
3065.520508	20968.843750
3062.724609	20879.166016
3059.927734	21013.892578
3057.128906	21296.791016
3054.329102	21309.759766
3051.528320	21422.677734
3048.726563	21565.826172
3045.922852	21781.076172
3043.118164	22039.808594
3040.312500	22025.660156
3037.505859	22123.734375
3034.697266	22152.279297
3031.887695	22675.539063
3029.077148	22547.261719
3026.264648	22717.808594
3023.452148	22890.867188
3020.637695	22821.269531
3017.821289	23087.341797
3015.004883	23260.875000
3012.186523	23380.134766
3009.367188	23581.746094
3006.545898	23738.859375
3003.724609	23827.609375
3000.901367	24067.699219
2998.077148	24162.408203
2995.250977	24314.535156
2992.423828	24359.511719
2989.595703	24643.998047
2986.766602	25100.521484
2983.935547	24975.500000
2981.104492	25009.484375
2978.270508	25121.082031
2975.436523	25434.554688
2972.600586	25682.501953
2969.763672	25709.916016
2966.925781	25903.775391
2964.085938	26005.888672
2961.245117	26231.113281
2958.403320	26061.158203
2955.560547	26670.390625
2952.715820	26631.330078
2949.870117	26769.753906
2947.023438	27320.761719
2944.174805	27257.742188
2941.325195	27287.769531
2938.474609	27549.273438
2935.622070	27520.398438
2932.768555	27687.802734
2929.914063	27980.287109
2927.058594	28122.810547
2924.201172	28275.699219
2921.342773	28368.095703
2918.483398	28568.804688
2915.622070	28874.187500
2912.759766	28855.242188
2909.896484	29292.041016
2907.032227	29257.199219
2904.166016	29450.046875
2901.298828	29872.894531
2898.429688	29478.755859
2895.559570	29772.269531
2892.688477	30108.181641
2889.816406	30339.341797
2886.942383	30356.279297
2884.067383	30519.281250
2881.191406	30801.205078
2878.314453	30843.080078
2875.435547	31109.828125
2872.554688	31146.302734
2869.673828	31458.642578
2866.791016	31605.917969
2863.907227	31663.765625
2861.021484	31969.363281
2858.134766	32054.691406
2855.247070	32440.333984
2852.358398	32658.615234
2849.467773	32513.421875
2846.576172	32807.535156
2843.682617	32911.265625
2840.789063	33030.437500
2837.893555	33166.761719
2834.996094	33154.515625
2832.097656	33500.257813
2829.198242	33587.871094
2826.297852	33993.417969
2823.395508	33677.554688
2820.492188	33845.882813
2817.587891	34180.160156
2814.681641	34000.535156
2811.774414	34067.851563
2808.866211	34165.179688
2805.956055	34478.917969
2803.044922	34914.304688
2800.131836	34814.523438
2797.218750	35093.195313
2794.303711	34961.675781
2791.386719	35324.871094
2788.468750	35425.542969
2785.549805	35192.101563
2782.629883	35288.441406
2779.708008	35411.207031
2776.785156	35652.742188
2773.860352	35835.054688
2770.935547	36049.667969
2768.007813	35868.609375
2765.080078	36027.500000
2762.150391	36011.292969
2759.219727	36254.394531
2756.287109	36579.121094
2753.353516	36226.878906
2750.418945	36573.449219
2747.482422	36833.699219
2744.544922	36641.785156
2741.606445	37055.722656
2738.666016	36938.687500
2735.724609	36854.039063
2732.782227	37071.894531
2729.837891	37126.503906
2726.892578	37111.453125
2723.945313	37320.375000
2720.997070	37323.035156
2718.047852	37423.160156
2715.097656	37389.316406
2712.145508	37588.375000
2709.191406	37520.605469
2706.237305	37414.812500
2703.281250	37543.363281
2700.323242	37401.285156
2697.364258	37538.148438
2694.404297	37599.714844
2691.443359	37599.589844
2688.480469	37418.878906
2685.515625	37606.046875
2682.550781	37718.003906
2679.583984	37699.238281
2676.615234	37359.574219
2673.646484	37420.945313
2670.674805	37510.855469
2667.703125	37338.246094
2664.729492	37196.886719
2661.754883	37339.687500
2658.778320	37062.359375
2655.800781	36900.292969
2652.821289	36945.648438
2649.840820	36950.687500
2646.859375	36802.269531
2643.876953	36824.945313
2640.892578	36560.261719
2637.906250	36583.839844
2634.918945	36477.660156
2631.930664	36034.437500
2628.941406	36087.457031
2625.950195	36074.386719
2622.957031	35974.433594
2619.963867	35733.441406
2616.967773	35591.980469
2613.971680	35515.707031
2610.973633	35308.574219
2607.974609	35179.132813
2604.973633	34674.058594
2601.971680	34878.937500
2598.967773	34802.273438
2595.962891	34341.292969
2592.957031	34058.683594
2589.949219	34085.539063
2586.940430	33622.160156
2583.929688	33508.816406
2580.917969	33515.105469
2577.905273	33372.023438
2574.890625	33183.453125
2571.875000	32839.195313
2568.857422	32745.474609
2565.838867	32193.005859
2562.819336	32334.746094
2559.797852	31926.097656
2556.775391	31830.441406
2553.750977	31295.066406
2550.725586	31237.777344
2547.698242	30888.976563
2544.669922	30532.230469
2541.640625	30656.876953
2538.609375	30267.550781
2535.577148	30026.142578
2532.542969	29713.253906
2529.507813	29700.457031
2526.471680	29526.296875
2523.433594	29187.707031
2520.393555	28747.423828
2517.353516	28739.986328
2514.310547	28406.302734
2511.267578	28355.476563
2508.222656	28059.203125
2505.175781	27726.261719
2502.127930	27611.810547
2499.079102	27133.423828
2496.028320	26886.570313
2492.976563	26558.839844
2489.922852	26338.660156
2486.868164	26431.294922
2483.812500	25807.263672
2480.754883	25640.035156
2477.695313	25533.429688
2474.634766	24973.546875
2471.573242	24792.210938
2468.509766	24618.378906
2465.445313	24600.507813
2462.378906	24192.082031
2459.311523	24137.730469
2456.242188	23759.205078
2453.171875	23585.394531
2450.100586	23140.718750
2447.027344	22986.048828
2443.953125	22473.744141
2440.876953	22389.406250
2437.799805	22032.994141
2434.720703	22029.310547
2431.640625	21781.326172
2428.558594	21557.900391
2425.475586	21364.675781
2422.390625	21091.384766
2419.304688	20842.642578
2416.217773	20437.033203
2413.128906	20278.650391
2410.038086	20112.316406
2406.946289	19814.326172
2403.853516	19561.865234
2400.758789	19294.283203
2397.663086	19112.537109
2394.565430	18847.818359
2391.466797	18605.123047
2388.366211	18336.035156
2385.264648	18126.833984
2382.161133	17907.347656
2379.056641	17807.236328
2375.950195	17456.896484
2372.842773	17321.677734
2369.734375	17118.226563
2366.624023	17036.326172
2363.511719	16776.146484
2360.398438	16680.818359
2357.284180	16431.466797
2354.167969	16237.699219
2351.049805	16032.077148
2347.930664	15643.094727
2344.810547	15514.839844
2341.688477	15335.449219
2338.564453	15111.399414
2335.439453	15057.956055
2332.313477	14892.607422
2329.185547	14776.164063
2326.056641	14421.750977
2322.925781	14228.966797
2319.792969	14062.696289
2316.660156	13984.332031
2313.524414	13764.894531
2310.387695	13528.122070
2307.250000	13352.910156
2304.110352	13142.023438
2300.969727	13179.657227
2297.827148	12954.719727
2294.682617	12764.975586
2291.537109	12770.926758
2288.390625	12510.732422
2285.242188	12273.805664
2282.092773	12155.355469
2278.941406	11984.653320
2275.788086	11856.925781
2272.633789	11662.737305
2269.478516	11462.389648
2266.321289	11379.416992
2263.162109	11292.560547
2260.001953	11068.922852
2256.840820	10851.816406
2253.676758	10777.172852
2250.512695	10702.595703
2247.346680	10482.797852
2244.178711	10421.048828
2241.009766	10199.214844
2237.838867	10131.341797
2234.666992	9883.837891
2231.493164	9768.117188
2228.318359	9554.866211
2225.141602	9463.012695
2221.963867	9438.892578
2218.784180	9368.402344
2215.602539	9128.221680
2212.419922	9022.587891
2209.236328	8905.274414
2206.050781	8773.941406
2202.863281	8597.232422
2199.674805	8587.690430
2196.485352	8388.502930
2193.292969	8371.228516
2190.100586	8202.077148
2186.905273	8035.430176
2183.709961	7957.326172
2180.511719	7952.003906
2177.312500	7892.762207
2174.112305	7722.659180
2170.910156	7636.250977
2167.706055	7460.181641
2164.500977	7367.733887
2161.294922	7189.613770
2158.085938	7113.740723
2154.876953	7006.781738
2151.665039	6944.296387
2148.452148	6791.603516
2145.238281	6823.384766
2142.022461	6724.529297
2138.804688	6668.502441
2135.585938	6436.223145
2132.365234	6398.236328
2129.143555	6323.038086
2125.919922	6233.173828
2122.695313	6225.562500
2119.468750	5969.238281
2116.240234	5843.263184
2113.010742	5828.874512
2109.780273	5739.446777
2106.546875	5655.515625
2103.312500	5603.354004
2100.077148	5546.604492
2096.839844	5480.639648
2093.600586	5358.388672
2090.360352	5409.070801
2087.119141	5268.458984
2083.875000	5252.074219
2080.629883	5177.151855
2077.383789	5069.187012
2074.135742	4846.642090
2070.885742	4857.407715
2067.634766	4787.422363
2064.381836	4722.882324
2061.127930	4638.428223
2057.871094	4651.569336
2054.614258	4526.550781
2051.355469	4523.619629
2048.094727	4462.417480
2044.832031	4410.468750
2041.568359	4336.354004
2038.303711	4217.901855
2035.037109	4173.026855
2031.768555	4116.720215
2028.498047	4021.474121
2025.226563	3975.989258
2021.954102	3885.481689
2018.678711	3898.887451
2015.403320	3814.605225
2012.125000	3769.300537
2008.845703	3680.584473
2005.564453	3643.766602
2002.282227	3597.081543
1998.998047	3518.467773
1995.712891	3450.580566
1992.424805	3429.148682
1989.136719	3386.451660
1985.845703	3340.755371
1982.553711	3228.273438
1979.260742	3188.008057
1975.964844	3207.716064
1972.667969	3115.172852
1969.370117	3053.793701
1966.070313	3056.867676
1962.768555	2989.515381
1959.465820	2910.117432
1956.161133	2891.314209
1952.854492	2788.597900
1949.546875	2754.754150
1946.237305	2742.848389
1942.925781	2755.114014
1939.613281	2733.406738
1936.298828	2627.991699
1932.982422	2642.553955
1929.665039	2565.164795
1926.346680	2530.029297
1923.025391	2531.816406
1919.703125	2451.580322
1916.378906	2462.426758
1913.053711	2420.639404
1909.726563	2352.592773
1906.397461	2319.909424
1903.067383	2289.508789
1899.735352	2227.624268
1896.401367	2224.293701
1893.066406	2190.233154
1889.729492	2164.445801
1886.390625	2078.026855
1883.050781	2089.741455
1879.708984	2031.121094
1876.365234	2019.665161
1873.020508	1979.818848
1869.673828	1966.903320
1866.326172	1914.426758
1862.975586	1888.120728
1859.624023	1847.666992
1856.271484	1884.045044
1852.916016	1832.453125
1849.559570	1778.676147
1846.202148	1736.118164
1842.841797	1728.574219
1839.480469	1703.186890
1836.118164	1692.691406
1832.752930	1592.299683
1829.386719	1615.286865
1826.018555	1604.105469
1822.649414	1598.869629
1819.278320	1531.346313
1815.905273	1560.245605
1812.531250	1462.431152
1809.154297	1469.860596
1805.777344	1469.880981
1802.397461	1434.392334
1799.016602	1410.028809
1795.633789	1373.124878
1792.249023	1363.587524
1788.863281	1359.227173
1785.475586	1323.876709
1782.085938	1274.546265
1778.694336	1309.307007
1775.301758	1261.504883
1771.907227	1204.911133
1768.510742	1216.097046
1765.113281	1210.348633
1761.713867	1159.009766
1758.312500	1190.046631
1754.910156	1134.359131
1751.505859	1145.549805
1748.099609	1105.351440
1744.691406	1081.331421
1741.282227	1104.262085
1737.871094	1062.676270
1734.458008	1057.756958
1731.042969	1006.716125
1727.626953	1029.636597
1724.208984	1036.442505
1720.790039	988.410767
1717.368164	1003.997925
1713.945313	960.410889
1710.520508	933.656311
1707.093750	921.520386
1703.666016	907.208252
1700.236328	883.434143
1696.804688	878.625305
1693.371094	861.441772
1689.936523	846.458374
1686.500000	830.034546
1683.061523	803.447205
1679.622070	803.048523
1676.179688	802.649963
1672.736328	808.059570
1669.291016	748.879822
1665.844727	742.705322
1662.396484	756.109985
1658.945313	732.547546
1655.494141	732.183105
1652.040039	737.609619
1648.584961	698.173645
1645.126953	672.516174
1641.668945	684.468323
1638.208008	648.728882
1634.745117	626.021729
1631.281250	624.987793
1627.815430	626.118652
1624.347656	602.734924
1620.878906	600.272156
1617.408203	607.174866
1613.935547	589.593994
1610.460938	561.237427
1606.984375	555.922546
1603.506836	549.175049
1600.027344	561.114014
1596.545898	536.417786
1593.062500	504.568756
1589.577148	520.098267
1586.090820	486.854767
1582.602539	493.060577
1579.112305	480.636169
1575.620117	471.087799
1572.126953	463.695526
1568.630859	485.634491
1565.133789	453.936646
1561.634766	440.847473
1558.133789	458.479401
1554.631836	442.545563
1551.127930	436.615509
1547.621094	422.134460
1544.114258	413.369415
1540.604492	383.242615
1537.092773	395.153259
1533.580078	382.144745
1530.065430	381.240753
1526.548828	373.228363
1523.030273	368.066132
1519.509766	354.386597
1515.988281	351.368225
1512.463867	355.447540
1508.938477	339.667267
1505.411133	348.709351
1501.882813	328.697723
1498.351563	327.823303
1494.818359	322.703522
1491.284180	309.808228
1487.748047	303.288544
1484.209961	315.147095
1480.669922	290.974792
1477.128906	289.415375
1473.584961	296.323822
1470.040039	279.954346
1466.493164	284.745850
1462.944336	283.896667
1459.393555	276.711334
1455.840820	251.235901
1452.287109	272.912964
1448.730469	246.059067
1445.172852	257.176453
1441.613281	245.808487
1438.051758	235.855881
1434.488281	232.929260
1430.922852	222.993134
1427.356445	221.477600
1423.787109	226.968704
1420.216797	222.651810
1416.644531	200.144287
1413.070313	214.030945
1409.494141	205.532425
1405.916016	190.753906
1402.336914	203.227036
1398.754883	202.424973
1395.171875	192.554062
1391.585938	195.244598
1387.999023	186.781174
1384.410156	174.146820
1380.819336	184.500931
1377.226563	170.488770
1373.632813	167.619171
1370.036133	166.837906
1366.438477	173.700180
1362.837891	170.833099
1359.236328	146.452209
1355.632813	152.620407
1352.027344	166.409286
1348.419922	160.086441
1344.810547	149.614090
1341.199219	150.921585
1337.585938	130.085434
1333.970703	139.700546
1330.354492	139.628433
1326.735352	130.574997
1323.115234	127.054962
1319.493164	124.918823
1315.869141	126.923645
1312.242188	132.373566
1308.614258	121.279640
1304.984375	117.773193
1301.353516	107.386566
1297.719727	117.651207
1294.083984	113.464249
1290.446289	107.906960
1286.807617	100.294540
1283.166016	103.675446
1279.523438	102.249130
1275.877930	91.221947
1272.231445	96.658714
1268.582031	98.663956
1264.931641	93.134148
1261.279297	99.245758
1257.625000	84.143951
1253.968750	88.886307
1250.310547	86.789833
1246.650391	91.525780
1242.988281	79.872620
1239.324219	83.924828
1235.658203	82.517097
1231.990234	74.976364
1228.320313	84.474640
1224.648438	76.259789
1220.975586	80.983650
1217.299805	66.657524
1213.622070	70.701561
1209.943359	67.267204
1206.261719	69.948395
1202.578125	71.269241
1198.893555	67.839874
1195.206055	60.345806
1191.517578	61.669502
1187.826172	66.378433
1184.133789	63.635658
1180.438477	60.895729
1176.742188	56.806126
1173.042969	66.914848
1169.342773	59.448559
1165.639648	67.519608
1161.935547	48.588505
1158.228516	50.586346
1154.520508	52.582054
1150.809570	57.270725
1147.097656	51.179737
1143.382813	47.787399
1139.666992	49.107563
1135.948242	52.443359
1132.227539	45.023678
1128.505859	43.656578
1124.781250	44.304752
1121.055664	44.952221
1117.327148	39.563816
1113.596680	38.202408
1109.865234	34.162975
1106.130859	44.856960
1102.394531	48.848057
1098.657227	42.802948
1094.916992	33.422035
1091.174805	40.753208
1087.430664	39.396072
1083.684570	36.038235
1079.936523	37.353088
1076.186523	39.333183
1072.434570	39.312225
1068.680664	36.627453
1064.924805	34.611118
1061.166992	33.927406
1057.406250	33.909290
1053.644531	33.226646
1049.880859	37.858131
1046.114258	31.863485
1042.346680	24.548298
1038.576172	37.134296
1034.803711	29.824080
1031.030273	33.120113
1027.253906	33.764408
1023.475586	31.761225
1019.695313	25.130812
1015.913086	27.100269
1012.128906	31.049479
1008.342773	26.410889
1004.553711	24.416939
