4046.277344	205.441101
4043.892578	214.874619
4041.505859	204.312363
4039.119141	214.705231
4036.731445	206.245087
4034.342773	208.256729
4031.952148	203.990112
4029.561523	209.138000
4027.169922	224.734512
4024.777344	218.376511
4022.383789	215.156830
4019.989258	232.820358
4017.593750	228.553741
4015.197266	239.938599
4012.799805	212.730835
4010.401367	239.748581
4008.001953	228.191879
4005.601563	236.433899
4003.201172	250.916183
4000.798828	250.816635
3998.395508	227.830063
3995.991211	244.378128
3993.585938	244.281067
3991.180664	237.949539
3988.773438	276.285675
3986.365234	250.219452
3983.957031	275.028137
3981.546875	272.843872
3979.135742	276.883331
3976.724609	285.065918
3974.311523	280.807587
3971.898438	256.872833
3969.483398	278.513092
3967.068359	279.436981
3964.651367	288.636383
3962.234375	288.521210
3959.815430	279.102631
3957.396484	296.557281
3954.975586	325.359680
3952.554688	310.775024
3950.131836	295.169861
3947.708984	314.653168
3945.284180	305.246155
3942.859375	306.154846
3940.432617	321.488464
3938.005859	307.969727
3935.577148	329.467682
3933.148438	316.985565
3930.718750	317.887268
3928.287109	336.270050
3925.855469	334.079285
3923.421875	366.825989
3920.988281	337.919617
3918.552734	365.504791
3916.117188	323.280243
3913.680664	348.797180
3911.242188	368.140747
3908.803711	367.992706
3906.363281	383.214233
3903.922852	368.720886
3901.480469	383.929657
3899.038086	356.143250
3896.593750	379.528503
3894.149414	395.736786
3891.703125	365.934540
3889.256836	387.243774
3886.808594	391.172943
3884.360352	400.203461
3881.910156	438.821503
3879.459961	427.423187
3877.007813	436.427765
3874.555664	427.077911
3872.101563	438.112854
3869.646484	443.028015
3867.191406	440.812744
3864.734375	459.969391
3862.277344	461.817688
3859.818359	459.597107
3857.358398	453.312622
3854.897461	483.608521
3852.436523	473.256805
3849.973633	480.171082
3847.509766	490.123871
3845.044922	503.111450
3842.579102	475.531311
3840.113281	495.608582
3837.645508	501.485962
3835.176758	542.802612
3832.707031	518.287354
3830.236328	556.527771
3827.764648	514.831726
3825.291992	566.185730
3822.818359	530.583130
3820.343750	531.377441
3817.868164	529.141541
3815.390625	539.020081
3812.913086	584.205017
3810.434570	558.752502
3807.955078	586.753479
3805.473633	573.413391
3802.992188	569.150146
3800.509766	593.084351
3798.025391	603.914063
3795.541016	616.747009
3793.054688	626.552185
3790.568359	636.349121
3788.080078	652.167175
3785.591797	637.838013
3783.101563	664.686829
3780.610352	650.363892
3778.119141	655.113953
3775.625977	652.840210
3773.131836	689.662354
3770.636719	698.397949
3768.140625	716.140564
3765.643555	722.855408
3763.145508	729.564514
3760.646484	719.261780
3758.146484	754.965088
3755.645508	763.651245
3753.143555	738.359497
3750.639648	748.043640
3748.135742	769.699341
3745.630859	792.334900
3743.124023	787.021851
3740.617188	768.750916
3738.108398	823.251831
3735.599609	841.842224
3733.088867	811.620300
3730.577148	840.154175
3728.064453	851.748718
3725.551758	817.580811
3723.037109	840.110962
3720.521484	862.622314
3718.004883	884.121521
3715.487305	857.939392
3712.967773	875.451965
3710.448242	914.777466
3707.927734	868.779175
3705.406250	944.754395
3702.882813	919.590820
3700.359375	940.012146
3697.833984	931.702881
3695.308594	963.978333
3692.781250	957.644043
3690.252930	963.181396
3687.723633	973.656372
3685.193359	1020.681152
3682.662109	991.616394
3680.129883	1031.683472
3677.596680	1022.374634
3675.062500	1067.327393
3672.527344	1061.954956
3669.990234	1035.888672
3667.453125	1084.719849
3664.915039	1101.996582
3662.375000	1093.664307
3659.833984	1120.762207
3657.292969	1132.099976
3654.750000	1136.545776
3652.206055	1148.849731
3649.661133	1140.513672
3647.115234	1196.010742
3644.568359	1175.882813
3642.019531	1234.261719
3639.470703	1203.346069
3636.920898	1207.747070
3634.369141	1226.842651
3631.817383	1274.327393
3629.263672	1277.713257
3626.708984	1204.758545
3624.153320	1274.692505
3621.596680	1312.298218
3619.039063	1329.345459
3616.480469	1350.286377
3613.920898	1363.396240
3611.360352	1352.088867
3608.797852	1358.355469
3606.235352	1356.813110
3603.670898	1384.522095
3601.105469	1416.105957
3598.540039	1444.740479
3595.972656	1501.590576
3593.404297	1469.814575
3590.834961	1511.038208
3588.264648	1520.132080
3585.692383	1559.354980
3583.120117	1544.126099
3580.545898	1554.164673
3577.971680	1649.637695
3575.395508	1590.714478
3572.818359	1608.480591
3570.240234	1688.293945
3567.661133	1705.034180
3565.081055	1719.821899
3562.500000	1757.841064
3559.917969	1765.816650
3557.333984	1797.009644
3554.750000	1822.372314
3552.164063	1832.242920
3549.577148	1833.406494
3546.989258	1884.804199
3544.400391	1884.978027
3541.810547	1894.803711
3539.219727	1886.288330
3536.626953	1961.686646
3534.034180	1980.142334
3531.439453	2034.236572
3528.844727	2003.520386
3526.248047	2027.710449
3523.650391	2074.015381
3521.051758	2114.508545
3518.451172	2181.892090
3515.850586	2155.020020
3513.249023	2145.464600
3510.645508	2155.124512
3508.041016	2249.254395
3505.436523	2208.962646
3502.830078	2295.315918
3500.222656	2336.533447
3497.613281	2337.463623
3495.003906	2410.239990
3492.393555	2427.415527
3489.781250	2385.232422
3487.167969	2464.591553
3484.553711	2470.244141
3481.938477	2533.247803
3479.322266	2619.130371
3476.705078	2570.265625
3474.086914	2571.087646
3471.466797	2620.578613
3468.845703	2782.589844
3466.224609	2772.829834
3463.601563	2816.451660
3460.977539	2835.265137
3458.351563	2895.011230
3455.725586	2903.302979
3453.098633	2974.385986
3450.469727	2949.346924
3447.839844	2996.581055
3445.208984	3005.762695
3442.577148	3044.382080
3439.944336	3140.885986
3437.310547	3177.515381
3434.674805	3225.496826
3432.039063	3246.884766
3429.401367	3245.504883
3426.762695	3356.873779
3424.123047	3363.969971
3421.481445	3393.779053
3418.839844	3425.454102
3416.197266	3450.480469
3413.552734	3518.029785
3410.907227	3554.333984
3408.260742	3621.779785
3405.613281	3646.675781
3402.963867	3726.292480
3400.314453	3753.007813
3397.663086	3791.958496
3395.011719	3818.620850
3392.358398	3922.522461
3389.704102	3909.546875
3387.047852	4021.791748
3384.391602	4095.357666
3381.733398	4164.156250
3379.075195	4199.986816
3376.415039	4249.883301
3373.753906	4311.008789
3371.090820	4407.763672
3368.427734	4494.109863
3365.762695	4458.412598
3363.097656	4581.235352
3360.430664	4607.397949
3357.762695	4658.836426
3355.092773	4661.525391
3352.422852	4805.579102
3349.750977	4840.954102
3347.079102	4864.136719
3344.405273	4916.283203
3341.729492	5103.902344
3339.053711	5066.214844
3336.376953	5213.452148
3333.698242	5135.610352
3331.018555	5149.268555
3328.337891	5230.994141
3325.656250	5387.224609
3322.973633	5479.024414
3320.289063	5513.928223
3317.604492	5492.009277
3314.917969	5614.351074
3312.230469	5685.425293
3309.541016	5710.875977
3306.851563	5804.149902
3304.160156	5863.897949
3301.467773	5841.875000
3298.774414	6039.854980
3296.080078	6177.355469
3293.384766	6264.655762
3290.687500	6286.987793
3287.990234	6357.482910
3285.291016	6438.104004
3282.589844	6550.131348
3279.888672	6569.518555
3277.186523	6587.037109
3274.482422	6721.040527
3271.777344	6776.368164
3269.071289	7015.485840
3266.364258	7112.188965
3263.655273	7170.961914
3260.945313	7297.034180
3258.234375	7205.350098
3255.522461	7508.285156
3252.809570	7520.706055
3250.095703	7629.822754
3247.379883	7619.160156
3244.663086	7775.067383
3241.945313	7864.609375
3239.226563	7903.502441
3236.505859	7987.392578
3233.784180	8062.939941
3231.061523	8224.734375
3228.337891	8381.797852
3225.613281	8226.789063
3222.886719	8451.573242
3220.160156	8463.495117
3217.431641	8624.754883
3214.702148	8658.567383
3211.970703	8728.965820
3209.239258	8861.526367
3206.505859	8942.748047
3203.771484	9086.066406
3201.035156	9189.047852
3198.298828	9338.524414
3195.560547	9435.823242
3192.821289	9665.374023
3190.081055	9721.387695
3187.339844	9877.658203
3184.596680	9936.259766
3181.853516	9994.807617
3179.108398	10139.818359
3176.361328	10295.624023
3173.614258	10371.218750
3170.865234	10686.858398
3168.115234	10734.028320
3165.364258	10865.665039
3162.612305	10870.926758
3159.858398	10814.440430
3157.104492	11180.007813
3154.347656	11307.580078
3151.590820	11360.685547
3148.833008	11495.312500
3146.073242	11485.771484
3143.312500	11735.226563
3140.550781	11751.833008
3137.787109	11990.995117
3135.023438	12058.113281
3132.257813	12167.656250
3129.491211	12174.995117
3126.722656	12408.123047
3123.954102	12628.404297
3121.183594	12500.159180
3118.412109	12662.471680
3115.638672	12705.625000
3112.865234	12989.363281
3110.089844	12938.642578
3107.313477	13233.729492
3104.536133	13323.344727
3101.756836	13282.427734
3098.976563	13584.160156
3096.195313	13750.794922
3093.413086	13809.462891
3090.628906	13907.591797
3087.844727	14240.822266
3085.058594	14234.582031
3082.270508	14694.728516
3079.482422	14607.601563
3076.692383	15072.548828
3073.901367	15142.969727
3071.109375	15345.832031
3068.315430	15404.428711
3065.520508	15495.171875
3062.724609	15522.346680
3059.927734	15810.468750
3057.128906	16031.331055
3054.329102	16055.542969
3051.528320	16170.770508
3048.726563	16313.549805
3045.922852	16490.978516
3043.118164	16737.775391
3040.312500	16652.005859
3037.505859	16837.052734
3034.697266	16932.019531
3031.887695	17268.931641
3029.077148	17333.373047
3026.264648	17335.521484
3023.452148	17501.173828
3020.637695	17648.021484
3017.821289	17790.294922
3015.004883	17949.300781
3012.186523	17918.324219
3009.367188	18278.402344
3006.545898	18491.031250
3003.724609	18568.808594
3000.901367	18840.441406
2998.077148	19154.316406
2995.250977	19290.957031
2992.423828	19189.582031
2989.595703	19442.761719
2986.766602	19898.931641
2983.935547	19848.628906
2981.104492	19975.806641
2978.270508	20062.275391
2975.436523	20441.490234
2972.600586	20431.566406
2969.763672	20801.458984
2966.925781	20834.535156
2964.085938	20924.804688
2961.245117	21221.802734
2958.403320	21317.968750
2955.560547	21698.048828
2952.715820	21685.800781
2949.870117	21901.087891
2947.023438	22235.603516
2944.174805	22008.947266
2941.325195	22270.287109
2938.474609	22531.386719
2935.622070	22433.736328
2932.768555	22527.169922
2929.914063	22913.900391
2927.058594	22843.326172
2924.201172	23237.435547
2921.342773	23207.000000
2918.483398	23416.996094
2915.622070	23610.195313
2912.759766	23692.287109
2909.896484	23882.560547
2907.032227	24105.818359
2904.166016	24444.009766
2901.298828	24275.324219
2898.429688	24543.406250
2895.559570	24890.513672
2892.688477	25100.599609
2889.816406	25230.419922
2886.942383	25551.507813
2884.067383	25668.822266
2881.191406	25854.689453
2878.314453	25873.574219
2875.435547	26113.011719
2872.554688	26312.296875
2869.673828	26554.779297
2866.791016	26838.666016
2863.907227	26954.986328
2861.021484	27306.007813
2858.134766	27498.216797
2855.247070	27511.042969
2852.358398	27756.621094
2849.467773	27904.234375
2846.576172	28074.183594
2843.682617	28013.246094
2840.789063	28195.933594
2837.893555	28525.226563
2834.996094	28415.814453
2832.097656	28697.253906
2829.198242	28969.808594
2826.297852	28980.976563
2823.395508	29156.660156
2820.492188	29130.691406
2817.587891	29443.841797
2814.681641	29361.830078
2811.774414	29390.810547
2808.866211	29660.421875
2805.956055	29804.347656
2803.044922	30230.666016
2800.131836	30325.263672
2797.218750	30521.007813
2794.303711	30533.898438
2791.386719	30712.212891
2788.468750	30777.253906
2785.549805	30873.060547
2782.629883	31198.193359
2779.708008	31143.107422
2776.785156	31441.294922
2773.860352	31600.710938
2770.935547	31646.322266
2768.007813	31773.878906
2765.080078	31894.482422
2762.150391	31861.361328
2759.219727	32066.242188
2756.287109	32009.181641
2753.353516	32308.388672
2750.418945	32392.652344
2747.482422	32394.242188
2744.544922	32457.947266
2741.606445	32690.871094
2738.666016	32557.945313
2735.724609	32558.566406
2732.782227	32615.248047
2729.837891	32892.644531
2726.892578	32705.507813
2723.945313	32924.054688
2720.997070	32814.218750
2718.047852	33093.527344
2715.097656	32895.582031
2712.145508	33005.210938
2709.191406	32842.171875
2706.237305	33080.308594
2703.281250	33136.398438
2700.323242	33079.996094
2697.364258	32991.527344
2694.404297	33246.863281
2691.443359	33269.812500
2688.480469	33119.750000
2685.515625	33317.296875
2682.550781	33206.953125
2679.583984	33291.347656
2676.615234	33463.250000
2673.646484	33341.171875
2670.674805	33461.542969
2667.703125	33298.339844
2664.729492	33402.625000
2661.754883	33310.164063
2658.778320	33190.058594
2655.800781	33137.218750
2652.821289	32961.050781
2649.840820	32801.808594
2646.859375	32660.306641
2643.876953	32784.593750
2640.892578	32804.046875
2637.906250	32614.980469
2634.918945	32878.019531
2631.930664	32244.025391
2628.941406	32532.894531
2625.950195	32136.140625
2622.957031	32087.269531
2619.963867	32055.968750
2616.967773	32029.693359
2613.971680	32215.335938
2610.973633	31734.521484
2607.974609	31680.058594
2604.973633	31545.654297
2601.971680	31384.714844
2598.967773	31541.876953
2595.962891	31313.673828
2592.957031	31035.773438
2589.949219	31038.240234
2586.940430	30762.359375
2583.929688	30906.941406
2580.917969	30550.001953
2577.905273	30567.582031
2574.890625	30453.271484
2571.875000	30073.789063
2568.857422	30120.533203
2565.838867	29750.640625
2562.819336	29698.132813
2559.797852	29270.830078
2556.775391	29154.884766
2553.750977	28933.220703
2550.725586	28835.697266
2547.698242	28733.296875
2544.669922	28370.933594
2541.640625	28120.291016
2538.609375	28073.591797
2535.577148	28054.958984
2532.542969	27595.470703
2529.507813	27523.515625
2526.471680	27300.134766
2523.433594	26959.273438
2520.393555	26626.941406
2517.353516	26646.785156
2514.310547	26752.890625
2511.267578	26337.302734
2508.222656	26055.912109
2505.175781	25899.509766
2502.127930	25602.978516
2499.079102	25346.884766
2496.028320	25018.900391
2492.976563	24805.070313
2489.922852	24605.345703
2486.868164	24505.640625
2483.812500	24430.560547
2480.754883	24070.187500
2477.695313	24005.984375
2474.634766	23680.431641
2471.573242	23651.560547
2468.509766	23148.541016
2465.445313	23048.955078
2462.378906	22902.164063
2459.311523	22625.099609
2456.242188	22152.773438
2453.171875	22057.873047
2450.100586	21590.300781
2447.027344	21632.398438
2443.953125	21512.638672
2440.876953	21098.771484
2437.799805	20851.001953
2434.720703	20791.023438
2431.640625	20428.363281
2428.558594	20357.263672
2425.475586	20071.345703
2422.390625	19947.783203
2419.304688	19694.708984
2416.217773	19419.189453
2413.128906	19309.839844
2410.038086	19024.224609
2406.946289	18787.382813
2403.853516	18501.453125
2400.758789	18389.472656
2397.663086	18171.000000
2394.565430	18001.958984
2391.466797	17794.345703
2388.366211	17738.515625
2385.264648	17360.332031
2382.161133	17270.101563
2379.056641	17056.746094
2375.950195	16916.826172
2372.842773	16603.259766
2369.734375	16503.875000
2366.624023	16114.422852
2363.511719	16000.082031
2360.398438	15726.044922
2357.284180	15734.783203
2354.167969	15456.299805
2351.049805	15406.607422
2347.930664	15061.999023
2344.810547	14962.855469
2341.688477	14756.496094
2338.564453	14641.569336
2335.439453	14548.343750
2332.313477	14211.309570
2329.185547	14105.573242
2326.056641	13966.377930
2322.925781	13742.663086
2319.792969	13682.774414
2316.660156	13435.457031
2313.524414	13047.225586
2310.387695	12994.107422
2307.250000	13003.970703
2304.110352	12768.562500
2300.969727	12676.634766
2297.827148	12512.394531
2294.682617	12361.025391
2291.537109	12239.997070
2288.390625	12020.567383
2285.242188	11812.456055
2282.092773	11691.046875
2278.941406	11595.927734
2275.788086	11523.095703
2272.633789	11226.029297
2269.478516	11173.235352
2266.321289	11016.757813
2263.162109	10795.522461
2260.001953	10617.210938
2256.840820	10457.248047
2253.676758	10390.693359
2250.512695	10343.157227
2247.346680	10129.843750
2244.178711	10074.575195
2241.009766	9874.203125
2237.838867	9822.252930
2234.666992	9619.029297
2231.493164	9468.771484
2228.318359	9412.350586
2225.141602	9245.010742
2221.963867	9104.571289
2218.784180	9071.979492
2215.602539	8822.506836
2212.419922	8653.389648
2209.236328	8542.530273
2206.050781	8423.924805
2202.863281	8372.104492
2199.674805	8236.435547
2196.485352	8100.108887
2193.292969	8050.854980
2190.100586	7860.715332
2186.905273	7845.265625
2183.709961	7726.577148
2180.511719	7679.926270
2177.312500	7594.244141
2174.112305	7405.535645
2170.910156	7373.928223
2167.706055	7279.139648
2164.500977	7157.917969
2161.294922	6980.676758
2158.085938	6884.642090
2154.876953	6854.121582
2151.665039	6727.871094
2148.452148	6712.233398
2145.238281	6600.941895
2142.022461	6443.109863
2138.804688	6404.311035
2135.585938	6332.150391
2132.365234	6201.057129
2129.143555	6071.637695
2125.919922	6080.388672
2122.695313	5920.912598
2119.468750	5853.014648
2116.240234	5727.095215
2113.010742	5666.316406
2109.780273	5636.542480
2106.546875	5509.352051
2103.312500	5461.125000
2100.077148	5432.257324
2096.839844	5384.108887
2093.600586	5266.535156
2090.360352	5108.952637
2087.119141	5080.299805
2083.875000	5064.004395
2080.629883	4943.717773
2077.383789	4915.948730
2074.135742	4837.405762
2070.885742	4825.096680
2067.634766	4715.910645
2064.381836	4595.298828
2061.127930	4575.435547
2057.871094	4489.555176
2054.614258	4410.662598
2051.355469	4336.445801
2048.094727	4293.735352
2044.832031	4270.223145
2041.568359	4213.793457
2038.303711	4127.556152
2035.037109	4049.818359
2031.768555	3982.096924
2028.498047	3873.918213
2025.226563	3882.760254
2021.954102	3839.653320
2018.678711	3737.801514
2015.403320	3677.251953
2012.125000	3642.691162
2008.845703	3641.705078
2005.564453	3550.805420
2002.282227	3508.734863
1998.998047	3403.520020
1995.712891	3335.687988
1992.424805	3308.227051
1989.136719	3258.747070
1985.845703	3206.274170
1982.553711	3129.549316
1979.260742	3109.825928
1975.964844	3092.396240
1972.667969	3011.283203
1969.370117	3002.252930
1966.070313	2955.350830
1962.768555	2860.787598
1959.465820	2838.972900
1956.161133	2763.467041
1952.854492	2765.157959
1949.546875	2748.708008
1946.237305	2671.841064
1942.925781	2644.124268
1939.613281	2620.961182
1936.298828	2550.298584
1932.982422	2488.750488
1929.665039	2517.689697
1926.346680	2469.019531
1923.025391	2439.969238
1919.703125	2389.124268
1916.378906	2342.840332
1913.053711	2259.012695
1909.726563	2266.934814
1906.397461	2210.260010
1903.067383	2207.687012
1899.735352	2178.855225
1896.401367	2138.801514
1893.066406	2111.528564
1889.729492	2091.773193
1886.390625	2019.617554
1883.050781	1970.733887
1879.708984	1983.990112
1876.365234	1950.872314
1873.020508	1912.554321
1869.673828	1907.888794
1866.326172	1860.667480
1862.975586	1853.045044
1859.624023	1753.679810
1856.271484	1790.849365
1852.916016	1757.932861
1849.559570	1699.723267
1846.202148	1734.629150
1842.841797	1660.859863
1839.480469	1609.474365
1836.118164	1606.458496
1832.752930	1573.723999
1829.386719	1607.860352
1826.018555	1558.083008
1822.649414	1552.127808
1819.278320	1495.009277
1815.905273	1494.277954
1812.531250	1395.014160
1809.154297	1418.767212
1805.777344	1389.947876
1802.397461	1388.527222
1799.016602	1358.270996
1795.633789	1310.307007
1792.249023	1306.709839
1788.863281	1283.919556
1785.475586	1274.434204
1782.085938	1255.369019
1778.694336	1240.008179
1775.301758	1200.345459
1771.907227	1177.660645
1768.510742	1198.429688
1765.113281	1122.791504
1761.713867	1106.060059
1758.312500	1143.003418
1754.910156	1110.114502
1751.505859	1069.914185
1748.099609	1042.964355
1744.691406	1056.388916
1741.282227	1024.338745
1737.871094	1008.443115
1734.458008	1016.003357
1731.042969	1004.519653
1727.626953	990.119629
1724.208984	983.047791
1720.790039	943.084229
1717.368164	922.158203
1713.945313	897.600769
1710.520508	902.266785
1707.093750	900.361145
1703.666016	885.330261
1700.236328	838.241943
1696.804688	878.625305
1693.371094	810.468872
1689.936523	807.883728
1686.500000	800.936035
1683.061523	790.359375
1679.622070	813.949646
1676.179688	775.047546
1672.736328	728.197449
1669.291016	718.402161
1665.844727	726.748779
1662.396484	716.238403
1658.945313	706.462769
1655.494141	690.178528
1652.040039	673.910278
1648.584961	654.040405
1645.126953	628.404907
1641.668945	633.874084
1638.208008	633.558167
1634.745117	613.024719
1631.281250	594.676636
1627.815430	572.018555
1624.347656	586.873535
1620.878906	576.491882
1617.408203	552.435486
1613.935547	559.358398
1610.460938	542.529480
1606.984375	512.771973
1603.506836	506.046143
1600.027344	503.637512
1596.545898	519.901611
1593.062500	485.907593
1589.577148	464.142853
1586.090820	476.816528
1582.602539	474.427460
1579.112305	464.161316
1575.620117	457.484955
1572.126953	465.126678
1568.630859	443.436493
1565.133789	446.073181
1561.634766	431.558960
1558.133789	407.775299
1554.631836	391.153198
1551.127930	396.663757
1547.621094	380.776672
1544.114258	399.828003
1540.604492	384.667297
1537.092773	370.945679
1533.580078	379.298218
1530.065430	367.015350
1526.548828	371.806549
1523.030273	357.407837
1519.509766	317.456512
1515.988281	344.269897
1512.463867	331.325348
1508.938477	307.756989
1505.411133	318.941467
1501.882813	315.238098
1498.351563	301.625763
1494.818359	314.211334
1491.284180	313.344849
1487.748047	296.925842
1484.209961	285.469574
1480.669922	277.556061
1477.128906	270.356323
1473.584961	261.047180
1470.040039	260.209442
1466.493164	260.782074
1462.944336	258.536194
1459.393555	245.730942
1455.840820	256.865845
1452.287109	223.676102
1448.730469	234.107635
1445.172852	224.853729
1441.613281	229.655350
1438.051758	222.518799
1434.488281	223.106934
1430.922852	210.370880
1427.356445	206.058273
1423.787109	194.744751
1420.216797	210.749039
1416.644531	198.044876
1413.070313	213.331497
1409.494141	178.267914
1405.916016	178.176727
1402.336914	205.322159
1398.754883	168.222137
1395.171875	171.624268
1391.585938	170.141724
1387.999023	172.145340
1384.410156	155.338959
1380.819336	173.361252
1377.226563	165.617676
1373.632813	155.795410
1370.036133	155.715378
1366.438477	144.518539
1362.837891	149.305344
1359.236328	154.781250
1355.632813	147.070572
1352.027344	138.674408
1348.419922	124.049667
1344.810547	134.375626
1341.199219	146.075470
1337.585938	129.393494
1333.970703	129.326736
1330.354492	120.965233
1326.735352	118.139282
1323.115234	119.459290
1319.493164	119.397552
1315.869141	107.609177
1312.242188	113.069084
1308.614258	117.834198
1304.984375	106.753479
1301.353516	101.191193
1297.719727	103.890831
1294.083984	103.836975
1290.446289	98.284683
1286.807617	98.233696
1283.166016	96.122925
1279.523438	100.190430
1275.877930	83.677277
1272.231445	89.803490
1268.582031	93.867790
1264.931641	89.025291
1261.279297	80.765518
1257.625000	84.143951
1253.968750	82.048897
1250.310547	71.071991
1246.650391	72.400986
1242.988281	68.949867
1239.324219	80.513252
1235.658203	65.468109
1231.990234	65.433914
1228.320313	79.705910
1224.648438	70.131775
1220.975586	60.567604
1217.299805	71.418770
1213.622070	64.583160
1209.943359	57.075199
1206.261719	64.515511
1202.578125	63.802940
1198.893555	61.055885
1195.206055	57.633636
1191.517578	56.925694
1187.826172	58.250462
1184.133789	60.927757
1180.438477	59.542492
1176.742188	56.129864
1173.042969	54.072609
1169.342773	56.746353
1165.639648	53.340488
1161.935547	51.962704
1158.228516	45.864952
1154.520508	51.233799
1150.809570	45.816582
1147.097656	51.179737
1143.382813	43.749027
1139.666992	46.416740
1135.948242	41.013397
1132.227539	38.975723
1128.505859	37.611820
1124.781250	45.647324
1121.055664	46.965004
1117.327148	48.951839
1113.596680	41.553497
1109.865234	37.512287
1106.130859	35.483864
1102.394531	42.156540
1098.657227	34.108601
1094.916992	43.448647
1091.174805	37.412781
1087.430664	34.721962
1083.684570	35.370861
1079.936523	34.017990
1076.186523	39.333183
1072.434570	33.315445
1068.680664	31.299822
1064.924805	30.617529
1061.166992	30.601189
1057.406250	27.925299
1053.644531	27.245850
1049.880859	31.216354
1046.114258	25.889082
1042.346680	28.529102
1038.576172	23.872047
1034.803711	27.835808
1031.030273	28.483297
1027.253906	21.185511
1023.475586	27.129379
1019.695313	23.808138
1015.913086	23.795359
1012.128906	25.103832
1008.342773	21.128712
1004.553711	23.757021
