4046.277344	191.814911
4043.892578	201.248428
4041.505859	207.455627
4039.119141	219.941940
4036.731445	210.432816
4034.342773	193.605499
4031.952148	208.174515
4029.561523	217.503510
4027.169922	199.647873
4024.777344	213.152191
4022.383789	205.756760
4019.989258	222.379990
4017.593750	217.073868
4015.197266	213.858322
4012.799805	229.415604
4010.401367	220.985641
4008.001953	222.982025
4005.601563	226.018311
4003.201172	234.257843
4000.798828	245.612976
3998.395508	242.394547
3995.991211	233.979050
3993.585938	251.557526
3991.180664	254.574829
3988.773438	258.628326
3986.365234	252.295959
3983.957031	258.422668
3981.546875	278.031006
3979.135742	268.587189
3976.724609	278.846283
3974.311523	261.119995
3971.898438	269.302155
3969.483398	279.548462
3967.068359	284.611755
3964.651367	292.774536
3962.234375	292.657715
3959.815430	294.608307
3957.396484	281.057770
3954.975586	322.261017
3952.554688	298.385315
3950.131836	292.073669
3947.708984	315.684814
3945.284180	318.652252
3942.859375	323.678864
3940.432617	308.093109
3938.005859	311.059723
3935.577148	337.704376
3933.148438	342.714905
3930.718750	327.146118
3928.287109	334.213379
3925.855469	328.939606
3923.421875	351.413147
3920.988281	355.380524
3918.552734	340.864014
3916.117188	353.042542
3913.680664	339.564301
3911.242188	384.548126
3908.803711	392.593903
3906.363281	372.967865
3903.922852	389.205383
3901.480469	365.501038
3899.038086	377.634644
3896.593750	393.850342
3894.149414	421.301178
3891.703125	397.621613
3889.256836	401.548279
3886.808594	392.194275
3884.360352	429.810333
3881.910156	411.267578
3879.459961	447.825256
3877.007813	443.565613
3874.555664	420.962250
3872.101563	434.037384
3869.646484	429.788086
3867.191406	468.299927
3864.734375	449.793091
3862.277344	470.972656
3859.818359	465.697968
3857.358398	481.771698
3854.897461	487.672455
3852.436523	461.069946
3849.973633	488.292389
3847.509766	487.079620
3845.044922	480.796021
3842.579102	481.614868
3840.113281	502.703186
3837.645508	544.036316
3835.176758	510.396515
3832.707031	536.508423
3830.236328	536.290344
3827.764648	539.106689
3825.291992	551.020020
3822.818359	556.859680
3820.343750	587.949951
3817.868164	550.347595
3815.390625	593.527710
3812.913086	585.214050
3810.434570	571.864075
3807.955078	603.892334
3805.473633	616.746948
3802.992188	593.326416
3800.509766	639.403381
3798.025391	640.148926
3795.541016	654.979309
3793.054688	651.694702
3790.568359	687.618958
3788.080078	675.279419
3785.591797	681.030212
3783.101563	686.776123
3780.610352	708.575439
3778.119141	732.363220
3775.625977	728.052185
3773.131836	721.739624
3770.636719	723.448120
3768.140625	733.167664
3765.643555	751.889771
3763.145508	735.569214
3760.646484	772.281067
3758.146484	758.964905
3755.645508	771.647583
3753.143555	779.323975
3750.639648	814.958069
3748.135742	799.648682
3745.630859	846.221680
3743.124023	815.949158
3740.617188	832.564209
3738.108398	867.105469
3735.599609	846.823547
3733.088867	849.462769
3730.577148	894.903564
3728.064453	901.500427
3725.551758	906.102295
3723.037109	894.792725
3720.521484	911.318726
3718.004883	926.837463
3715.487305	933.406250
3712.967773	939.969360
3710.448242	948.511169
3707.927734	975.888977
3705.406250	974.494812
3702.882813	976.074341
3700.359375	1029.159790
3697.833984	992.100220
3695.308594	1011.484436
3692.781250	1033.820313
3690.252930	1026.470581
3687.723633	1063.608398
3685.193359	1055.263794
3682.662109	1061.740723
3680.129883	1093.880615
3677.596680	1096.388184
3675.062500	1138.350952
3672.527344	1152.669800
3669.990234	1107.839111
3667.453125	1160.581299
3664.915039	1177.826538
3662.375000	1152.728027
3659.833984	1165.041626
3657.292969	1184.229614
3654.750000	1165.057739
3652.206055	1231.401855
3649.661133	1276.078613
3647.115234	1260.819214
3644.568359	1258.332031
3642.019531	1281.355957
3639.470703	1269.054443
3636.920898	1278.329712
3634.369141	1299.355713
3631.817383	1318.404785
3629.263672	1356.040405
3626.708984	1346.667603
3624.153320	1389.150635
3621.596680	1409.107056
3619.039063	1433.933716
3616.480469	1440.175171
3613.920898	1463.990723
3611.360352	1468.261230
3608.797852	1544.739136
3606.235352	1477.765503
3603.670898	1581.475220
3601.105469	1582.764038
3598.540039	1609.380493
3595.972656	1634.026611
3593.404297	1586.620972
3590.834961	1637.525635
3588.264648	1673.798584
3585.692383	1690.597412
3583.120117	1674.341797
3580.545898	1700.838989
3577.971680	1717.603882
3575.395508	1800.350952
3572.818359	1814.148804
3570.240234	1807.570313
3567.661133	1802.935425
3565.081055	1897.133179
3562.500000	1858.565796
3559.917969	1879.084473
3557.333984	1913.133057
3554.750000	1901.689941
3552.164063	1944.401367
3549.577148	1947.450806
3546.989258	1971.750610
3544.400391	1993.132568
3541.810547	2029.939941
3539.219727	2021.367798
3536.626953	2063.917969
3534.034180	2104.503662
3531.439453	2128.672852
3528.844727	2138.372803
3526.248047	2183.688232
3523.650391	2265.536865
3521.051758	2223.216064
3518.451172	2261.705566
3515.850586	2251.140625
3513.249023	2301.114014
3510.645508	2381.777344
3508.041016	2341.413330
3505.436523	2386.485840
3502.830078	2383.560547
3500.222656	2441.039795
3497.613281	2495.594727
3495.003906	2588.421631
3492.393555	2595.946289
3489.781250	2602.506836
3487.167969	2625.325684
3484.553711	2637.604736
3481.938477	2680.462891
3479.322266	2753.861328
3476.705078	2749.831055
3474.086914	2774.445068
3471.466797	2851.525391
3468.845703	2875.120117
3466.224609	2963.533447
3463.601563	2947.981445
3460.977539	3035.334229
3458.351563	2980.718750
3455.725586	3072.741699
3453.098633	3118.062256
3450.469727	3192.827393
3447.839844	3181.015381
3445.208984	3297.501221
3442.577148	3307.500244
3439.944336	3326.984619
3437.310547	3374.923828
3434.674805	3379.182129
3432.039063	3483.004639
3429.401367	3438.870361
3426.762695	3513.205566
3424.123047	3521.182373
3421.481445	3623.817383
3418.839844	3604.296875
3416.197266	3755.045898
3413.552734	3786.538330
3410.907227	3881.321533
3408.260742	3891.004395
3405.613281	3898.789307
3402.963867	3859.374512
3400.314453	3990.754883
3397.663086	4074.870117
3395.011719	4119.321777
3392.358398	4153.369629
3389.704102	4156.307129
3387.047852	4247.735352
3384.391602	4278.858398
3381.733398	4336.291016
3379.075195	4334.438965
3376.415039	4400.254883
3373.753906	4507.348145
3371.090820	4558.945801
3368.427734	4511.943359
3365.762695	4620.724121
3363.097656	4600.929688
3360.430664	4777.070313
3357.762695	4838.743164
3355.092773	4826.369629
3352.422852	4906.689941
3349.750977	4856.862793
3347.079102	4994.158691
3344.405273	5041.574707
3341.729492	5139.417480
3339.053711	5180.188477
3336.376953	5276.017090
3333.698242	5438.034668
3331.018555	5397.448730
3328.337891	5490.258789
3325.656250	5606.292969
3322.973633	5686.817383
3320.289063	5622.902832
3317.604492	5846.722656
3314.917969	5952.161621
3312.230469	5992.393555
3309.541016	6033.519043
3306.851563	6111.784180
3304.160156	6154.677246
3301.467773	6200.317871
3298.774414	6392.574707
3296.080078	6404.668945
3293.384766	6449.209961
3290.687500	6566.945313
3287.990234	6557.631348
3285.291016	6791.916992
3282.589844	6719.555176
3279.888672	6779.587402
3277.186523	6948.718262
3274.482422	7091.812012
3271.777344	7036.997559
3269.071289	7201.173828
3266.364258	7310.724121
3263.655273	7363.873535
3260.945313	7464.029297
3258.234375	7451.584473
3255.522461	7593.093262
3252.809570	7682.877930
3250.095703	7752.319824
3247.379883	7748.969238
3244.663086	7954.513184
3241.945313	7962.111816
3239.226563	8157.267578
3236.505859	8199.691406
3233.784180	8156.641602
3231.061523	8391.855469
3228.337891	8519.475586
3225.613281	8544.227539
3222.886719	8582.711914
3220.160156	8825.574219
3217.431641	8848.322266
3214.702148	8926.915039
3211.970703	9069.519531
3209.239258	9082.973633
3206.505859	9259.224609
3203.771484	9326.521484
3201.035156	9492.456055
3198.298828	9521.221680
3195.560547	9713.401367
3192.821289	9745.691406
3190.081055	9903.846680
3187.339844	10184.967773
3184.596680	10199.683594
3181.853516	10312.782227
3179.108398	10343.817383
3176.361328	10523.202148
3173.614258	10536.823242
3170.865234	10639.563477
3168.115234	10829.486328
3165.364258	10830.224609
3162.612305	10963.577148
3159.858398	11100.440430
3157.104492	11163.671875
3154.347656	11450.909180
3151.590820	11522.994141
3148.833008	11644.861328
3146.073242	11765.712891
3143.312500	11818.539063
3140.550781	12002.564453
3137.787109	12104.091797
3135.023438	12250.746094
3132.257813	12341.221680
3129.491211	12445.168945
3126.722656	12556.247070
3123.954102	12682.572266
3121.183594	12927.901367
3118.412109	12942.998047
3115.638672	13060.863281
3112.865234	13051.547852
3110.089844	13165.651367
3107.313477	13270.647461
3104.536133	13440.349609
3101.756836	13599.104492
3098.976563	13677.682617
3096.195313	13721.131836
3093.413086	13618.088867
3090.628906	13856.401367
3087.844727	14053.207031
3085.058594	14238.170898
3082.270508	14299.198242
3079.482422	14647.046875
3076.692383	14676.468750
3073.901367	14699.590820
3071.109375	14728.955078
3068.315430	15121.630859
3065.520508	15258.119141
3062.724609	15212.972656
3059.927734	15346.611328
3057.128906	15515.863281
3054.329102	15588.520508
3051.528320	15667.358398
3048.726563	15741.661133
3045.922852	16050.434570
3043.118164	16077.250000
3040.312500	16210.957031
3037.505859	16221.638672
3034.697266	16439.726563
3031.887695	16723.464844
3029.077148	16695.646484
3026.264648	16979.013672
3023.452148	16982.199219
3020.637695	17101.740234
3017.821289	17271.777344
3015.004883	17362.675781
3012.186523	17543.972656
3009.367188	17630.226563
3006.545898	17708.421875
3003.724609	18021.312500
3000.901367	17959.343750
2998.077148	18288.654297
2995.250977	18311.546875
2992.423828	18480.332031
2989.595703	18708.187500
2986.766602	18775.027344
2983.935547	18953.964844
2981.104492	19166.287109
2978.270508	19186.050781
2975.436523	19314.279297
2972.600586	19381.556641
2969.763672	19529.841797
2966.925781	19547.626953
2964.085938	19723.869141
2961.245117	19853.308594
2958.403320	19741.595703
2955.560547	20049.394531
2952.715820	20063.363281
2949.870117	20280.250000
2947.023438	20573.333984
2944.174805	20574.746094
2941.325195	20658.621094
2938.474609	20829.232422
2935.622070	20877.845703
2932.768555	20991.246094
2929.914063	21057.248047
2927.058594	21052.277344
2924.201172	21302.804688
2921.342773	21446.402344
2918.483398	21313.609375
2915.622070	21698.240234
2912.759766	21793.410156
2909.896484	21849.203125
2907.032227	21825.525391
2904.166016	22072.271484
2901.298828	22208.931641
2898.429688	22269.642578
2895.559570	22278.896484
2892.688477	22503.205078
2889.816406	22487.093750
2886.942383	22707.617188
2884.067383	22790.546875
2881.191406	22736.933594
2878.314453	22893.609375
2875.435547	23103.111328
2872.554688	23328.912109
2869.673828	23520.666016
2866.791016	23816.312500
2863.907227	23562.966797
2861.021484	23710.148438
2858.134766	23942.935547
2855.247070	23815.375000
2852.358398	24136.154297
2849.467773	24275.005859
2846.576172	24418.912109
2843.682617	24519.474609
2840.789063	24535.291016
2837.893555	24897.302734
2834.996094	24929.316406
2832.097656	24809.476563
2829.198242	24908.742188
2826.297852	24985.501953
2823.395508	25172.451172
2820.492188	25211.984375
2817.587891	25285.039063
2814.681641	25194.566406
2811.774414	25437.810547
2808.866211	25526.974609
2805.956055	25718.289063
2803.044922	25803.796875
2800.131836	25874.628906
2797.218750	25843.287109
2794.303711	25921.740234
2791.386719	25861.246094
2788.468750	26088.691406
2785.549805	26173.755859
2782.629883	26065.267578
2779.708008	26122.013672
2776.785156	26264.228516
2773.860352	26225.068359
2770.935547	26447.417969
2768.007813	26309.113281
2765.080078	26292.160156
2762.150391	26105.392578
2759.219727	26466.400391
2756.287109	26358.144531
2753.353516	26254.240234
2750.418945	26591.669922
2747.482422	26534.568359
2744.544922	26362.613281
2741.606445	26622.103516
2738.666016	26497.865234
2735.724609	26522.466797
2732.782227	26465.482422
2729.837891	26470.529297
2726.892578	26613.062500
2723.945313	26707.951172
2720.997070	26606.009766
2718.047852	26539.750000
2715.097656	26482.015625
2712.145508	26651.281250
2709.191406	26554.593750
2706.237305	26690.660156
2703.281250	26395.285156
2700.323242	26472.957031
2697.364258	26598.710938
2694.404297	26561.343750
2691.443359	26416.792969
2688.480469	26352.523438
2685.515625	26459.515625
2682.550781	26504.863281
2679.583984	26682.457031
2676.615234	26341.886719
2673.646484	26169.994141
2670.674805	26412.267578
2667.703125	26087.398438
2664.729492	26126.015625
2661.754883	25896.513672
2658.778320	26062.843750
2655.800781	25778.148438
2652.821289	25672.457031
2649.840820	25680.935547
2646.859375	25513.324219
2643.876953	25548.667969
2640.892578	25413.083984
2637.906250	25466.009766
2634.918945	25405.894531
2631.930664	25166.802734
2628.941406	25131.947266
2625.950195	24917.419922
2622.957031	24987.953125
2619.963867	25027.519531
2616.967773	24782.427734
2613.971680	24565.914063
2610.973633	24509.697266
2607.974609	24285.154297
2604.973633	24193.277344
2601.971680	23916.605469
2598.967773	23960.638672
2595.962891	23804.949219
2592.957031	23601.158203
2589.949219	23521.400391
2586.940430	23135.953125
2583.929688	23218.408203
2580.917969	23021.037109
2577.905273	22904.322266
2574.890625	22900.496094
2571.875000	22562.595703
2568.857422	22476.884766
2565.838867	22400.355469
2562.819336	22244.417969
2559.797852	21965.326172
2556.775391	21951.144531
2553.750977	21524.451172
2550.725586	21280.755859
2547.698242	21365.998047
2544.669922	21224.126953
2541.640625	21026.267578
2538.609375	20736.205078
2535.577148	20696.199219
2532.542969	20603.486328
2529.507813	20278.578125
2526.471680	20051.109375
2523.433594	19929.998047
2520.393555	19674.095703
2517.353516	19591.894531
2514.310547	19651.931641
2511.267578	19399.775391
2508.222656	19487.746094
2505.175781	19039.750000
2502.127930	18821.013672
2499.079102	18610.671875
2496.028320	18538.195313
2492.976563	18276.556641
2489.922852	18132.238281
2486.868164	17899.658203
2483.812500	17711.460938
2480.754883	17650.980469
2477.695313	17527.621094
2474.634766	17208.320313
2471.573242	17092.615234
2468.509766	16839.902344
2465.445313	16830.509766
2462.378906	16612.384766
2459.311523	16502.849609
2456.242188	16178.351563
2453.171875	15977.912109
2450.100586	15899.732422
2447.027344	15641.024414
2443.953125	15485.001953
2440.876953	15256.785156
2437.799805	15075.079102
2434.720703	15006.402344
2431.640625	14860.679688
2428.558594	14667.224609
2425.475586	14527.459961
2422.390625	14473.732422
2419.304688	14122.737305
2416.217773	14016.603516
2413.128906	13986.643555
2410.038086	13692.975586
2406.946289	13600.919922
2403.853516	13381.244141
2400.758789	13262.750000
2397.663086	13116.098633
2394.565430	13010.742188
2391.466797	12721.541016
2388.366211	12597.103516
2385.264648	12312.383789
2382.161133	12352.589844
2379.056641	12125.412109
2375.950195	11999.855469
2372.842773	11846.253906
2369.734375	11736.213867
2366.624023	11566.793945
2363.511719	11371.016602
2360.398438	11296.670898
2357.284180	11189.482422
2354.167969	11088.005859
2351.049805	10983.412109
2347.930664	10816.394531
2344.810547	10649.528320
2341.688477	10514.844727
2338.564453	10404.293945
2335.439453	10345.844727
2332.313477	10233.870117
2329.185547	10102.813477
2326.056641	9832.867188
2322.925781	9834.667969
2319.792969	9731.906250
2316.660156	9565.414063
2313.524414	9426.983398
2310.387695	9314.980469
2307.250000	9245.302734
2304.110352	9104.816406
2300.969727	8903.172852
2297.827148	8822.637695
2294.682617	8712.753906
2291.537109	8579.125000
2288.390625	8578.289063
2285.242188	8373.375977
2282.092773	8254.371094
2278.941406	8169.587402
2275.788086	8148.315918
2272.633789	7901.970215
2269.478516	7769.930176
2266.321289	7813.797363
2263.162109	7686.665527
2260.001953	7539.081543
2256.840820	7421.681152
2253.676758	7320.985352
2250.512695	7371.266602
2247.346680	7163.297852
2244.178711	7066.803223
2241.009766	6975.130371
2237.838867	6821.250000
2234.666992	6755.781738
2231.493164	6601.356445
2228.318359	6538.410645
2225.141602	6434.596680
2221.963867	6424.488770
2218.784180	6255.561035
2215.602539	6291.910645
2212.419922	6118.486816
2209.236328	6105.396973
2206.050781	5956.548828
2202.863281	5931.776855
2199.674805	5811.372070
2196.485352	5746.720215
2193.292969	5690.743652
2190.100586	5575.313965
2186.905273	5529.640625
2183.709961	5423.778809
2180.511719	5371.179199
2177.312500	5394.429688
2174.112305	5231.755859
2170.910156	5139.499023
2167.706055	5022.356445
2164.500977	4931.842285
2161.294922	4892.866699
2158.085938	4842.237305
2154.876953	4834.492188
2151.665039	4818.189453
2148.452148	4610.478027
2145.238281	4573.293457
2142.022461	4599.889160
2138.804688	4532.437012
2135.585938	4447.184082
2132.365234	4427.995605
2129.143555	4293.210449
2125.919922	4297.376465
2122.695313	4257.351563
2119.468750	4041.478027
2116.240234	4075.957031
2113.010742	3957.132568
2109.780273	3930.492188
2106.546875	3862.887939
2103.312500	3871.872070
2100.077148	3808.220215
2096.839844	3721.460205
2093.600586	3680.322266
2090.360352	3598.332275
2087.119141	3534.926270
2083.875000	3556.364746
2080.629883	3459.138672
2077.383789	3432.847656
2074.135742	3411.968262
2070.885742	3341.871826
2067.634766	3286.450928
2064.381836	3199.570068
2061.127930	3214.942383
2057.871094	3196.514160
2054.614258	3062.981201
2051.355469	3065.352539
2048.094727	3037.817627
2044.832031	2965.858398
2041.568359	2933.032959
2038.303711	2905.597412
2035.037109	2833.036133
2031.768555	2817.911133
2028.498047	2776.040527
2025.226563	2673.075195
2021.954102	2661.864258
2018.678711	2629.286865
2015.403320	2616.579590
2012.125000	2608.459717
2008.845703	2500.479980
2005.564453	2493.945557
2002.282227	2430.295898
1998.998047	2403.246094
1995.712891	2347.307861
1992.424805	2374.318359
1989.136719	2271.317139
1985.845703	2261.107178
1982.553711	2232.680176
1979.260742	2154.941650
1975.964844	2123.556641
1972.667969	2132.392090
1969.370117	2031.314819
1966.070313	2037.154175
1962.768555	2046.773071
1959.465820	2059.409424
1956.161133	1960.072021
1952.854492	1949.296509
1949.546875	1933.996094
1946.237305	1893.026123
1942.925781	1876.256104
1939.613281	1799.882690
1936.298828	1791.469727
1932.982422	1740.843628
1929.665039	1756.580322
1926.346680	1726.355225
1923.025391	1721.755615
1919.703125	1717.159668
1916.378906	1655.406616
1913.053711	1639.569702
1909.726563	1583.172485
1906.397461	1541.098755
1903.067383	1559.117920
1899.735352	1555.360474
1896.401367	1542.606934
1893.066406	1502.131104
1889.729492	1475.928833
1886.390625	1469.221191
1883.050781	1374.199585
1879.708984	1389.990112
1876.365234	1357.161133
1873.020508	1340.058594
1869.673828	1340.153687
1866.326172	1277.528931
1862.975586	1316.460449
1859.624023	1260.620605
1856.271484	1230.183838
1852.916016	1228.838989
1849.559570	1222.281250
1846.202148	1190.417236
1842.841797	1184.627686
1839.480469	1186.280762
1836.118164	1098.725464
1832.752930	1126.423828
1829.386719	1100.623047
1826.018555	1077.816284
1822.649414	1065.418457
1819.278320	1053.773926
1815.905273	1034.728149
1812.531250	1011.996460
1809.154297	1043.341919
1805.777344	988.802124
1802.397461	953.549133
1799.016602	941.990906
1795.633789	916.401978
1792.249023	938.851440
1788.863281	878.587891
1785.475586	878.156738
1782.085938	891.739807
1778.694336	896.462463
1775.301758	840.020752
1771.907227	823.405029
1768.510742	823.736389
1765.113281	786.542664
1761.713867	813.365967
1758.312500	776.213257
1754.910156	778.769897
1751.505859	740.935730
1748.099609	738.368835
1744.691406	736.537781
1741.282227	711.977783
1737.871094	714.558167
1734.458008	712.008118
1731.042969	680.174011
1727.626953	692.278748
1724.208984	643.662231
1720.790039	631.647095
1717.368164	629.142822
1713.945313	650.011963
1710.520508	621.950928
1707.093750	620.913574
1703.666016	619.877014
1700.236328	583.853760
1696.804688	582.107483
1693.371094	599.295532
1689.936523	591.720276
1686.500000	566.693176
1683.061523	525.694397
1679.622070	546.509033
1676.179688	518.635376
1672.736328	524.185974
1669.291016	516.669067
1665.844727	493.928070
1662.396484	482.808472
1658.945313	500.682831
1655.494141	480.155701
1652.040039	457.477203
1648.584961	492.700775
1645.126953	454.129211
1641.668945	473.417908
1638.208008	442.118134
1634.745117	426.012482
1631.281250	422.913239
1627.815430	420.538208
1624.347656	412.397614
1620.878906	392.014465
1617.408203	406.944000
1613.935547	386.583618
1610.460938	356.889435
1606.984375	380.443726
1603.506836	382.409882
1600.027344	333.363495
1596.545898	341.095673
1593.062500	340.924835
1589.577148	332.862885
1586.090820	332.696045
1582.602539	341.845764
1579.112305	338.092804
1575.620117	320.740631
1572.126953	325.588684
1568.630859	305.399017
1565.133789	289.518646
1561.634766	295.803650
1558.133789	317.793365
1554.631836	297.647583
1551.127930	280.375641
1547.621094	278.095337
1544.114258	271.540955
1540.604492	274.253540
1537.092773	266.995453
1533.580078	270.419006
1530.065430	263.881195
1526.548828	236.022507
1523.030273	257.219940
1519.509766	250.698334
1515.988281	245.602844
1512.463867	239.802933
1508.938477	234.008759
1505.411133	214.045166
1501.882813	213.936874
1498.351563	213.120544
1494.818359	209.474228
1491.284180	219.270660
1487.748047	211.382919
1484.209961	197.143600
1480.669922	206.224854
1477.128906	193.414185
1473.584961	197.549210
1470.040039	169.947083
1466.493164	183.957092
1462.944336	190.203735
1459.393555	174.616821
1455.840820	164.675629
1452.287109	165.295227
1448.730469	174.350433
1445.172852	182.693665
1441.613281	162.233597
1438.051758	154.429443
1434.488281	141.722015
1430.922852	157.778168
1427.356445	154.894135
1423.787109	145.708298
1420.216797	142.833237
1416.644531	151.157928
1413.070313	135.692825
1409.494141	132.127991
1405.916016	141.842651
1402.336914	137.579819
1398.754883	120.756966
1395.171875	129.067032
1391.585938	121.330574
1387.999023	129.631714
1384.410156	123.992538
1380.819336	121.144005
1377.226563	112.035484
1373.632813	123.106201
1370.036133	111.920433
1366.438477	111.862915
1362.837891	119.444283
1359.236328	102.724770
1355.632813	98.509537
1352.027344	111.632896
1348.419922	92.863998
1344.810547	93.508812
1341.199219	105.922028
1337.585938	95.488243
1333.970703	81.607246
1330.354492	86.403740
1326.735352	88.431740
1323.115234	94.600708
1319.493164	87.650223
1315.869141	75.188469
1312.242188	86.870148
1308.614258	69.597977
1304.984375	77.826729
1301.353516	75.721298
1297.719727	79.810173
1294.083984	74.955170
1290.446289	80.414742
1286.807617	74.877426
1283.166016	63.853088
1279.523438	63.133694
1275.877930	61.729137
1272.231445	60.326008
1268.582031	63.720470
1264.931641	58.893654
1261.279297	60.916363
1257.625000	61.568745
1253.968750	62.220413
1250.310547	62.871372
1246.650391	58.740425
1242.988281	53.248409
1239.324219	54.585255
1235.658203	52.510880
1231.990234	53.846661
1228.320313	51.774780
1224.648438	53.790386
1220.975586	53.762257
1217.299805	46.932335
1213.622070	46.907768
1209.943359	52.318935
1206.261719	40.746639
1202.578125	41.404034
1198.893555	48.844707
1195.206055	39.326481
1191.517578	47.438080
1187.826172	37.930534
1184.133789	43.326405
1180.438477	38.567295
1176.742188	42.604595
1173.042969	41.230362
1169.342773	33.777592
1165.639648	40.511765
1161.935547	33.067177
1158.228516	40.469078
1154.520508	36.402962
1150.809570	35.709984
1147.097656	33.670879
1143.382813	39.710655
1139.666992	39.689674
1135.948242	27.566381
1132.227539	27.551804
1128.505859	32.910343
1124.781250	28.865219
1121.055664	31.533648
1117.327148	28.834646
1113.596680	26.808708
1109.865234	20.765730
1106.130859	28.788794
1102.394531	31.450117
1098.657227	25.414249
1094.916992	37.432678
1091.174805	22.046816
1087.430664	24.038280
1083.684570	22.023365
1079.936523	27.347797
1076.186523	26.666567
1072.434570	21.988194
1068.680664	23.974333
1064.924805	23.961544
1061.166992	21.287785
1057.406250	21.941307
1053.644531	23.923185
1049.880859	21.253689
1046.114258	26.552906
1042.346680	21.894428
1038.576172	25.861383
1034.803711	19.219963
1031.030273	21.196873
1027.253906	21.847559
1023.475586	23.820919
1019.695313	21.824127
1015.913086	17.846519
1012.128906	19.158188
1008.342773	21.788982
1004.553711	16.497932
