4046.277344	212.778290
4043.892578	220.115463
4041.505859	232.601776
4039.119141	217.847260
4036.731445	215.667450
4034.342773	233.373123
4031.952148	223.866058
4029.561523	248.874207
4027.169922	240.413666
4024.777344	253.901886
4022.383789	237.090286
4019.989258	265.185516
4017.593750	226.466492
4015.197266	255.586761
4012.799805	250.271576
4010.401367	252.257202
4008.001953	257.367096
4005.601563	276.013153
4003.201172	245.710449
4000.798828	267.468353
3998.395508	273.604126
3995.991211	269.335876
3993.585938	283.781830
3991.180664	275.356445
3988.773438	288.749695
3986.365234	283.443604
3983.957031	269.838928
3981.546875	293.592438
3979.135742	292.438568
3976.724609	294.395325
3974.311523	304.639984
3971.898438	303.482819
3969.483398	297.149658
3967.068359	314.625366
3964.651367	315.534393
3962.234375	326.783875
3959.815430	324.585999
3957.396484	315.156677
3954.975586	317.096588
3952.554688	302.515228
3950.131836	322.003479
3947.708984	342.507690
3945.284180	328.964600
3942.859375	342.233704
3940.432617	352.400818
3938.005859	326.509705
3935.577148	346.970642
3933.148438	344.773254
3930.718750	372.411621
3928.287109	361.978790
3925.855469	359.777710
3923.421875	387.376465
3920.988281	354.353424
3918.552734	372.691681
3916.117188	387.936279
3913.680664	377.521637
3911.242188	406.082825
3908.803711	417.195068
3906.363281	408.830170
3903.922852	417.883667
3901.480469	410.548767
3899.038086	427.781250
3896.593750	413.287109
3894.149414	435.617249
3891.703125	439.530304
3889.256836	434.244324
3886.808594	462.666687
3884.360352	437.977753
3881.910156	442.903564
3879.459961	455.986053
3877.007813	451.723145
3874.555664	492.311798
3872.101563	483.961884
3869.646484	469.507843
3867.191406	483.570557
3864.734375	497.621765
3862.277344	514.713135
3859.818359	518.571960
3857.358398	487.870087
3854.897461	502.912201
3852.436523	538.253479
3849.973633	523.822998
3847.509766	534.772827
3845.044922	527.455566
3842.579102	525.213684
3840.113281	563.514038
3837.645508	560.245911
3835.176758	572.170715
3832.707031	578.011902
3830.236328	561.587097
3827.764648	593.725403
3825.291992	585.395569
3822.818359	589.199951
3820.343750	593.001099
3817.868164	586.700806
3815.390625	598.574707
3812.913086	661.897217
3810.434570	638.430237
3807.955078	659.341553
3805.473633	631.863281
3802.992188	624.554138
3800.509766	661.555908
3798.025391	672.357666
3795.541016	700.254333
3793.054688	717.065308
3790.568359	710.740662
3788.080078	715.474609
3785.591797	715.182190
3783.101563	710.873535
3780.610352	788.867310
3778.119141	733.366455
3775.625977	799.252930
3773.131836	764.843567
3770.636719	770.542358
3768.140625	816.300110
3765.643555	797.944275
3763.145508	800.619507
3760.646484	831.302551
3758.146484	819.962097
3755.645508	824.623413
3753.143555	826.283203
3750.639648	884.868652
3748.135742	871.527222
3745.630859	872.167114
3743.124023	886.771179
3740.617188	932.272461
3738.108398	899.995667
3735.599609	950.434937
3733.088867	932.118530
3730.577148	933.725830
3728.064453	983.093140
3725.551758	965.779724
3723.037109	965.381958
3720.521484	991.816895
3718.004883	1002.335510
3715.487305	993.978394
3712.967773	1008.457153
3710.448242	1009.033264
3707.927734	1052.254272
3705.406250	1038.932373
3702.882813	1060.304077
3700.359375	1059.866211
3697.833984	1064.378906
3695.308594	1117.383545
3692.781250	1113.953735
3690.252930	1149.093262
3687.723633	1116.986450
3685.193359	1137.273926
3682.662109	1138.778564
3680.129883	1185.695557
3677.596680	1133.888428
3675.062500	1161.039063
3672.527344	1178.306641
3669.990234	1207.386963
3667.453125	1273.880859
3664.915039	1266.458984
3662.375000	1258.058472
3659.833984	1283.120117
3657.292969	1315.045776
3654.750000	1315.482910
3652.206055	1327.712524
3649.661133	1381.190552
3647.115234	1348.212402
3644.568359	1398.692017
3642.019531	1408.902954
3639.470703	1394.586914
3636.920898	1468.510620
3634.369141	1451.241211
3631.817383	1467.288574
3629.263672	1492.134033
3626.708984	1489.555298
3624.153320	1526.109253
3621.596680	1554.809326
3619.039063	1513.107910
3616.480469	1557.421509
3613.920898	1642.716675
3611.360352	1658.627441
3608.797852	1618.902222
3606.235352	1654.317139
3603.670898	1670.201660
3601.105469	1703.615479
3598.540039	1744.794434
3595.972656	1732.379761
3593.404297	1752.096802
3590.834961	1773.742798
3588.264648	1815.794312
3585.692383	1844.199707
3583.120117	1814.275269
3580.545898	1795.060181
3577.971680	1877.810059
3575.395508	1938.167603
3572.818359	1944.146729
3570.240234	1969.514648
3567.661133	1979.351807
3565.081055	2049.252686
3562.500000	1987.377319
3559.917969	2022.363403
3557.333984	2060.222656
3554.750000	2126.101074
3552.164063	2137.777832
3549.577148	2142.679199
3546.989258	2249.979004
3544.400391	2269.312744
3541.810547	2237.470703
3539.219727	2322.402100
3536.626953	2305.994385
3534.034180	2339.729980
3531.439453	2419.691162
3528.844727	2445.643311
3526.248047	2495.643799
3523.650391	2509.029297
3521.051758	2549.339111
3518.451172	2544.418701
3515.850586	2566.415527
3513.249023	2637.393799
3510.645508	2691.984619
3508.041016	2715.809082
3505.436523	2749.208740
3502.830078	2783.538330
3500.222656	2738.259766
3497.613281	2901.943604
3495.003906	2883.474854
3492.393555	2902.365723
3489.781250	2971.011719
3487.167969	3005.156006
3484.553711	3040.226807
3481.938477	3053.280518
3479.322266	3085.433105
3476.705078	3118.512695
3474.086914	3167.793701
3471.466797	3224.666992
3468.845703	3211.854492
3466.224609	3294.404053
3463.601563	3318.742676
3460.977539	3345.917725
3458.351563	3335.928955
3455.725586	3455.406494
3453.098633	3493.904297
3450.469727	3512.395508
3447.839844	3580.305908
3445.208984	3636.754150
3442.577148	3677.955322
3439.944336	3705.827881
3437.310547	3732.726318
3434.674805	3740.627441
3432.039063	3849.037842
3429.401367	3925.127197
3426.762695	3877.032715
3424.123047	4086.579346
3421.481445	4098.094727
3418.839844	4137.040039
3416.197266	4296.075195
3413.552734	4252.646484
3410.907227	4404.879395
3408.260742	4370.885254
3405.613281	4520.103027
3402.963867	4518.176758
3400.314453	4717.204102
3397.663086	4603.915039
3395.011719	4787.650879
3392.358398	4873.236816
3389.704102	4865.506836
3387.047852	5033.829590
3384.391602	5075.909668
3381.733398	5128.298828
3379.075195	5075.336914
3376.415039	5251.735352
3373.753906	5303.978027
3371.090820	5390.918457
3368.427734	5484.353027
3365.762695	5517.660645
3363.097656	5577.196777
3360.430664	5612.307617
3357.762695	5642.701660
3355.092773	5760.173340
3352.422852	5799.836914
3349.750977	5998.552734
3347.079102	5965.115234
3344.405273	6077.565918
3341.729492	6098.326660
3339.053711	6323.660156
3336.376953	6254.648438
3333.698242	6385.443359
3331.018555	6422.823730
3328.337891	6313.750977
3325.656250	6639.178223
3322.973633	6671.737305
3320.289063	6641.861816
3317.604492	6921.104492
3314.917969	6959.078125
3312.230469	6958.878906
3309.541016	7032.132324
3306.851563	7267.966797
3304.160156	7436.708496
3301.467773	7398.222656
3298.774414	7455.373535
3296.080078	7676.695801
3293.384766	7831.978516
3290.687500	7733.125000
3287.990234	7932.722656
3285.291016	8091.393555
3282.589844	8153.640137
3279.888672	8202.875000
3277.186523	8303.866211
3274.482422	8438.979492
3271.777344	8529.610352
3269.071289	8694.066406
3266.364258	8951.643555
3263.655273	9017.929688
3260.945313	9075.853516
3258.234375	9258.224609
3255.522461	9402.640625
3252.809570	9349.743164
3250.095703	9552.014648
3247.379883	9630.744141
3244.663086	9633.022461
3241.945313	9874.454102
3239.226563	9957.530273
3236.505859	10087.403320
3233.784180	10245.638672
3231.061523	10362.413086
3228.337891	10488.261719
3225.613281	10578.217773
3222.886719	10692.853516
3220.160156	10823.886719
3217.431641	11009.779297
3214.702148	11115.827148
3211.970703	11216.287109
3209.239258	11366.070313
3206.505859	11476.389648
3203.771484	11561.923828
3201.035156	11762.530273
3198.298828	11931.899414
3195.560547	12033.550781
3192.821289	12149.713867
3190.081055	12397.141602
3187.339844	12451.029297
3184.596680	12659.821289
3181.853516	12692.585938
3179.108398	12963.011719
3176.361328	13114.859375
3173.614258	13243.823242
3170.865234	13329.013672
3168.115234	13578.676758
3165.364258	13766.326172
3162.612305	13853.891602
3159.858398	14054.869141
3157.104492	14089.586914
3154.347656	14333.821289
3151.590820	14463.587891
3148.833008	14760.913086
3146.073242	14884.030273
3143.312500	15057.748047
3140.550781	15290.145508
3137.787109	15417.381836
3135.023438	15639.462891
3132.257813	15695.915039
3129.491211	15774.000977
3126.722656	16189.809570
3123.954102	16259.476563
3121.183594	16432.855469
3118.412109	16606.978516
3115.638672	16611.441406
3112.865234	16780.820313
3110.089844	16910.408203
3107.313477	17037.177734
3104.536133	17318.636719
3101.756836	17266.976563
3098.976563	17500.419922
3096.195313	17676.125000
3093.413086	17906.480469
3090.628906	17911.210938
3087.844727	18166.384766
3085.058594	18292.119141
3082.270508	18685.912109
3079.482422	18820.263672
3076.692383	18921.335938
3073.901367	19237.287109
3071.109375	19182.291016
3068.315430	19446.826172
3065.520508	19604.675781
3062.724609	19883.089844
3059.927734	19944.070313
3057.128906	20180.984375
3054.329102	20389.109375
3051.528320	20530.996094
3048.726563	20811.039063
3045.922852	20989.166016
3043.118164	21270.533203
3040.312500	21442.052734
3037.505859	21676.646484
3034.697266	21770.375000
3031.887695	21974.351563
3029.077148	22174.585938
3026.264648	22312.404297
3023.452148	22700.693359
3020.637695	22930.525391
3017.821289	23044.722656
3015.004883	23236.912109
3012.186523	23358.845703
3009.367188	23644.703125
3006.545898	23790.263672
3003.724609	24073.894531
3000.901367	24216.466797
2998.077148	24168.603516
2995.250977	24223.406250
2992.423828	24578.832031
2989.595703	24711.179688
2986.766602	25088.150391
2983.935547	25219.257813
2981.104492	25095.115234
2978.270508	25607.285156
2975.436523	25668.287109
2972.600586	25706.306641
2969.763672	25709.033203
2966.925781	25953.103516
2964.085938	25917.843750
2961.245117	26245.195313
2958.403320	26378.720703
2955.560547	26683.580078
2952.715820	26769.316406
2949.870117	26958.632813
2947.023438	27057.326172
2944.174805	27161.193359
2941.325195	27321.984375
2938.474609	27356.345703
2935.622070	27760.576172
2932.768555	27722.849609
2929.914063	28031.082031
2927.058594	28090.419922
2924.201172	28410.449219
2921.342773	28618.234375
2918.483398	28720.919922
2915.622070	29097.015625
2912.759766	29149.593750
2909.896484	29528.640625
2907.032227	29574.853516
2904.166016	29788.494141
2901.298828	29870.279297
2898.429688	30008.632813
2895.559570	30078.033203
2892.688477	30334.572266
2889.816406	30472.505859
2886.942383	30851.285156
2884.067383	30671.455078
2881.191406	30832.494141
2878.314453	30963.843750
2875.435547	31058.591797
2872.554688	31257.408203
2869.673828	31495.082031
2866.791016	31983.169922
2863.907227	31786.859375
2861.021484	31878.382813
2858.134766	32339.634766
2855.247070	32307.015625
2852.358398	32256.244141
2849.467773	32660.460938
2846.576172	32645.867188
2843.682617	32865.464844
2840.789063	32846.453125
2837.893555	32988.902344
2834.996094	33077.710938
2832.097656	32975.789063
2829.198242	33358.519531
2826.297852	33243.621094
2823.395508	33413.089844
2820.492188	33323.214844
2817.587891	33589.734375
2814.681641	33583.292969
2811.774414	33760.003906
2808.866211	33754.328125
2805.956055	33911.027344
2803.044922	34345.808594
2800.131836	34310.664063
2797.218750	34190.597656
2794.303711	34434.253906
2791.386719	34677.675781
2788.468750	34619.269531
2785.549805	34797.281250
2782.629883	35147.191406
2779.708008	34764.320313
2776.785156	35052.328125
2773.860352	35375.117188
2770.935547	35251.546875
2768.007813	35366.378906
2765.080078	35558.789063
2762.150391	35256.062500
2759.219727	35787.812500
2756.287109	35622.503906
2753.353516	35634.589844
2750.418945	35553.804688
2747.482422	35945.636719
2744.544922	35569.445313
2741.606445	35786.503906
2738.666016	35879.214844
2735.724609	35786.546875
2732.782227	35665.070313
2729.837891	36013.269531
2726.892578	35797.562500
2723.945313	35949.390625
2720.997070	35699.964844
2718.047852	35961.019531
2715.097656	35772.792969
2712.145508	35554.238281
2709.191406	35638.906250
2706.237305	35792.019531
2703.281250	35705.648438
2700.323242	35664.992188
2697.364258	35579.578125
2694.404297	35785.605469
2691.443359	35619.996094
2688.480469	35345.675781
2685.515625	35485.710938
2682.550781	35386.183594
2679.583984	35600.203125
2676.615234	35600.921875
2673.646484	35502.289063
2670.674805	35515.652344
2667.703125	35463.386719
2664.729492	35533.062500
2661.754883	35187.527344
2658.778320	35206.003906
2655.800781	35107.750000
2652.821289	35159.796875
2649.840820	34993.683594
2646.859375	34959.347656
2643.876953	34800.160156
2640.892578	34831.265625
2637.906250	34593.550781
2634.918945	34458.984375
2631.930664	34242.546875
2628.941406	34396.718750
2625.950195	34233.140625
2622.957031	34086.406250
2619.963867	33988.226563
2616.967773	33853.402344
2613.971680	33883.875000
2610.973633	33812.574219
2607.974609	33307.070313
2604.973633	33276.066406
2601.971680	32868.675781
2598.967773	32818.734375
2595.962891	32652.349609
2592.957031	32530.179688
2589.949219	32575.189453
2586.940430	31971.251953
2583.929688	32069.605469
2580.917969	31815.898438
2577.905273	31700.146484
2574.890625	31506.531250
2571.875000	31343.753906
2568.857422	31141.343750
2565.838867	30856.289063
2562.819336	30775.128906
2559.797852	30558.332031
2556.775391	30230.070313
2553.750977	29974.847656
2550.725586	29837.183594
2547.698242	29422.949219
2544.669922	29438.373047
2541.640625	29153.408203
2538.609375	29035.304688
2535.577148	28854.644531
2532.542969	28908.166016
2529.507813	28404.835938
2526.471680	28211.511719
2523.433594	28043.865234
2520.393555	27798.222656
2517.353516	27743.537109
2514.310547	27513.855469
2511.267578	27336.121094
2508.222656	27162.648438
2505.175781	26791.548828
2502.127930	26779.240234
2499.079102	26393.062500
2496.028320	26017.066406
2492.976563	25784.755859
2489.922852	25527.269531
2486.868164	25393.585938
2483.812500	25320.550781
2480.754883	24903.351563
2477.695313	24639.355469
2474.634766	24386.212891
2471.573242	24173.304688
2468.509766	23972.009766
2465.445313	23699.921875
2462.378906	23608.275391
2459.311523	23501.218750
2456.242188	23038.265625
2453.171875	22837.105469
2450.100586	22354.521484
2447.027344	22299.460938
2443.953125	21989.939453
2440.876953	21714.830078
2437.799805	21527.703125
2434.720703	21415.445313
2431.640625	21358.474609
2428.558594	20881.326172
2425.475586	20567.595703
2422.390625	20592.933594
2419.304688	20395.458984
2416.217773	20016.777344
2413.128906	19804.361328
2410.038086	19711.056641
2406.946289	19391.419922
2403.853516	19138.347656
2400.758789	19027.687500
2397.663086	18795.191406
2394.565430	18574.207031
2391.466797	18405.050781
2388.366211	17923.173828
2385.264648	17756.076172
2382.161133	17746.224609
2379.056641	17560.025391
2375.950195	17516.457031
2372.842773	17163.996094
2369.734375	16845.628906
2366.624023	16664.189453
2363.511719	16543.166016
2360.398438	16138.789063
2357.284180	16094.362305
2354.167969	15998.625977
2351.049805	15738.586914
2347.930664	15563.745117
2344.810547	15365.828125
2341.688477	15119.243164
2338.564453	15054.571289
2335.439453	14760.349609
2332.313477	14574.348633
2329.185547	14456.454102
2326.056641	14412.962891
2322.925781	14043.708008
2319.792969	14081.053711
2316.660156	13804.831055
2313.524414	13571.124023
2310.387695	13374.293945
2307.250000	13259.700195
2304.110352	12990.727539
2300.969727	12954.411133
2297.827148	12821.862305
2294.682617	12671.939453
2291.537109	12444.261719
2288.390625	12405.073242
2285.242188	12212.663086
2282.092773	11932.329102
2278.941406	11904.528320
2275.788086	11786.353516
2272.633789	11476.482422
2269.478516	11444.168945
2266.321289	11351.702148
2263.162109	11129.519531
2260.001953	10915.451172
2256.840820	10858.142578
2253.676758	10706.832031
2250.512695	10640.187500
2247.346680	10364.356445
2244.178711	10340.546875
2241.009766	10126.639648
2237.838867	9920.814453
2234.666992	9894.083008
2231.493164	9656.256836
2228.318359	9619.431641
2225.141602	9393.755859
2221.963867	9374.388672
2218.784180	9183.629883
2215.602539	9034.699219
2212.419922	8914.185547
2209.236328	8797.707031
2206.050781	8719.005859
2202.863281	8538.401367
2199.674805	8439.504883
2196.485352	8406.527344
2193.292969	8230.232422
2190.100586	8167.627930
2186.905273	8015.865723
2183.709961	7848.600586
2180.511719	7767.491699
2177.312500	7775.542969
2174.112305	7564.878418
2170.910156	7484.010254
2167.706055	7388.389160
2164.500977	7204.717285
2161.294922	7243.407227
2158.085938	7086.466797
2154.876953	6997.435059
2151.665039	6937.289551
2148.452148	6916.883789
2145.238281	6724.607910
2142.022461	6597.035645
2138.804688	6568.265137
2135.585938	6442.436523
2132.365234	6343.895508
2129.143555	6278.034668
2125.919922	6271.951660
2122.695313	6117.811035
2119.468750	6039.747070
2116.240234	5897.475098
2113.010742	5901.638672
2109.780273	5728.614746
2106.546875	5682.582520
2103.312500	5572.434570
2100.077148	5551.240234
2096.839844	5500.718262
2093.600586	5423.998535
2090.360352	5273.284668
2087.119141	5161.270020
2083.875000	5225.096680
2080.629883	5083.161621
2077.383789	5053.786133
2074.135742	4953.626953
2070.885742	4895.103516
2067.634766	4842.786133
2064.381836	4716.733398
2061.127930	4603.858887
2057.871094	4570.946289
2054.614258	4486.642090
2051.355469	4463.785645
2048.094727	4414.113281
2044.832031	4394.375000
2041.568359	4320.268066
2038.303711	4238.573730
2035.037109	4154.660645
2031.768555	4139.667480
2028.498047	4031.413330
2025.226563	3956.885010
2021.954102	3938.184326
2018.678711	3894.306641
2015.403320	3803.922119
2012.125000	3683.877441
2008.845703	3644.754395
2005.564453	3676.531494
2002.282227	3548.338623
1998.998047	3542.827637
1995.712891	3462.754639
1992.424805	3403.291260
1989.136719	3331.721191
1985.845703	3247.302490
1982.553711	3190.302490
1979.260742	3210.779541
1975.964844	3100.741699
1972.667969	3117.447998
1969.370117	3022.717773
1966.070313	3043.230957
1962.768555	2931.966553
1959.465820	2907.090088
1956.161133	2868.619385
1952.854492	2823.379883
1949.546875	2764.579102
1946.237305	2665.797852
1942.925781	2706.791992
1939.613281	2630.771973
1936.298828	2582.733643
1932.982422	2596.563721
1929.665039	2515.428955
1926.346680	2519.484375
1923.025391	2479.870117
1919.703125	2408.688721
1916.378906	2365.403809
1913.053711	2352.229980
1909.726563	2368.372070
1906.397461	2298.880859
1903.067383	2245.970703
1899.735352	2247.882324
1896.401367	2226.543457
1893.066406	2160.250488
1889.729492	2095.519287
1886.390625	2105.733887
1883.050781	2054.562988
1879.708984	1992.219360
1876.365234	1977.043579
1873.020508	1987.292725
1869.673828	1954.951050
1866.326172	1918.906738
1862.975586	1892.598511
1859.624023	1864.077393
1856.271484	1828.873169
1852.916016	1835.433960
1849.559570	1803.255859
1846.202148	1725.695435
1842.841797	1711.459595
1839.480469	1666.743164
1836.118164	1642.884521
1832.752930	1633.908936
1829.386719	1625.684204
1826.018555	1555.856079
1822.649414	1538.031006
1819.278320	1514.290161
1815.905273	1482.418579
1812.531250	1499.473511
1809.154297	1472.822632
1805.777344	1424.733643
1802.397461	1437.351318
1799.016602	1408.549927
1795.633789	1377.559082
1792.249023	1365.803589
1788.863281	1323.788330
1785.475586	1308.379761
1782.085938	1312.163086
1778.694336	1231.898682
1775.301758	1240.872803
1771.907227	1204.911133
1768.510742	1213.888550
1765.113281	1196.368896
1761.713867	1145.036987
1758.312500	1165.054932
1754.910156	1118.930664
1751.505859	1109.567749
1748.099609	1084.066406
1744.691406	1101.872314
1741.282227	1055.868164
1737.871094	1052.415894
1734.458008	1041.641479
1731.042969	1025.752197
1727.626953	972.556519
1724.208984	989.630676
1720.790039	978.175720
1717.368164	952.117432
1713.945313	908.556030
1710.520508	920.516541
1707.093750	909.116699
1703.666016	914.500916
1700.236328	884.891907
1696.804688	848.755005
1693.371094	841.052612
1689.936523	842.091431
1686.500000	817.667664
1683.061523	799.084595
1679.622070	789.240479
1676.179688	775.047546
1672.736328	738.361694
1669.291016	756.862061
1665.844727	746.331848
1662.396484	737.986511
1658.945313	712.259338
1655.494141	695.248047
1652.040039	692.006653
1648.584961	685.150696
1645.126953	642.144470
1641.668945	660.616760
1638.208008	647.284058
1634.745117	614.468872
1631.281250	640.865112
1627.815430	587.887939
1624.347656	622.922241
1620.878906	575.050659
1617.408203	561.798828
1613.935547	561.518066
1610.460938	575.628113
1606.984375	532.189758
1603.506836	541.268127
1600.027344	547.463318
1596.545898	553.652100
1593.062500	511.746124
1589.577148	517.228760
1586.090820	491.873871
1582.602539	471.560852
1579.112305	466.310211
1575.620117	475.383423
1572.126953	461.548798
1568.630859	443.436493
1565.133789	446.788025
1561.634766	437.989471
1558.133789	406.347015
1554.631836	416.135590
1551.127930	415.212799
1547.621094	403.594757
1544.114258	396.977173
1540.604492	416.010559
1537.092773	381.625519
1533.580078	382.856384
1530.065430	371.282959
1526.548828	359.721069
1523.030273	346.039001
1519.509766	340.892914
1515.988281	350.658417
1512.463867	328.487457
1508.938477	315.557281
1505.411133	340.204224
1501.882813	330.114502
1498.351563	325.699188
1494.818359	294.396210
1491.284180	301.320313
1487.748047	293.390991
1484.209961	292.535645
1480.669922	293.799805
1477.128906	278.827026
1473.584961	285.740814
1470.040039	243.285248
1466.493164	276.992859
1462.944336	252.900513
1459.393555	267.558044
1455.840820	244.902222
1452.287109	262.362213
1448.730469	250.277222
1445.172852	241.015091
1441.613281	235.976151
1438.051758	230.240265
1434.488281	228.018097
1430.922852	218.084488
1427.356445	234.093414
1423.787109	208.054642
1420.216797	206.548065
1416.644531	205.042923
1413.070313	201.440887
1409.494141	192.249725
1405.916016	191.452637
1402.336914	195.544907
1398.754883	184.974548
1395.171875	175.810226
1391.585938	170.839020
1387.999023	167.963669
1384.410156	182.505875
1380.819336	187.982071
1377.226563	169.097031
1373.632813	157.881958
1370.036133	159.191177
1366.438477	155.635361
1362.837891	154.860901
1359.236328	158.251678
1355.632813	139.439560
1352.027344	149.074982
1348.419922	140.682022
1344.810547	140.609543
1341.199219	130.844849
1337.585938	131.469330
1333.970703	123.102455
1330.354492	129.259995
1326.735352	131.956741
1323.115234	114.625671
1319.493164	131.130264
1315.869141	119.335823
1312.242188	124.100212
1308.614258	110.254219
1304.984375	109.508408
1301.353516	119.088951
1297.719727	107.330925
1294.083984	114.151909
1290.446289	103.783127
1286.807617	101.668434
1283.166016	108.481590
1279.523438	98.131721
1275.877930	92.593704
1272.231445	108.312607
1268.582031	88.386459
1264.931641	91.764534
1261.279297	89.663414
1257.625000	77.987076
1253.968750	84.783859
1250.310547	86.789833
1246.650391	77.182190
1242.988281	86.699333
1239.324219	85.289459
1235.658203	77.061424
1231.990234	79.065979
1228.320313	70.168457
1224.648438	70.131775
1220.975586	69.414558
1217.299805	72.779129
1213.622070	77.499786
1209.943359	58.434135
1206.261719	59.082626
1202.578125	65.160446
1198.893555	59.020687
1195.206055	58.311676
1191.517578	65.057938
1187.826172	58.927792
1184.133789	58.219856
1180.438477	54.806156
1176.742188	62.892498
1173.042969	54.072609
1169.342773	54.044144
1165.639648	43.887745
1161.935547	50.613026
1158.228516	53.958767
1154.520508	45.840767
1150.809570	50.532993
1147.097656	47.812649
1143.382813	52.498833
1139.666992	54.489216
1135.948242	52.443359
1132.227539	40.991707
1128.505859	42.984940
1124.781250	47.661175
1121.055664	40.926647
1117.327148	43.587257
1113.596680	40.213062
1109.865234	38.182148
1106.130859	36.153370
1102.394531	38.141632
1098.657227	42.802948
1094.916992	35.427357
1091.174805	34.072353
1087.430664	32.051041
1083.684570	30.699238
1079.936523	29.348854
1076.186523	35.999863
1072.434570	33.981754
1068.680664	37.959358
1064.924805	39.270309
1061.166992	25.279243
1057.406250	36.568844
1053.644531	28.574915
1049.880859	29.223822
1046.114258	33.191132
1042.346680	37.817650
1038.576172	25.198273
1034.803711	30.486837
1031.030273	25.833689
1027.253906	33.102360
1023.475586	28.452765
1019.695313	21.162790
1015.913086	27.761251
1012.128906	27.085714
1008.342773	26.410889
1004.553711	21.777269
