4046.277344	223.259979
4043.892578	245.271515
4041.505859	251.461380
4039.119141	241.936127
4036.731445	246.028412
4034.342773	257.442993
4031.952148	251.064743
4029.561523	248.874207
4027.169922	244.594772
4024.777344	260.171051
4022.383789	272.601593
4019.989258	276.669922
4017.593750	266.124207
4015.197266	254.543549
4012.799805	293.026306
4010.401367	261.638672
4008.001953	286.542328
4005.601563	289.553406
4003.201172	274.862549
4000.798828	316.382813
3998.395508	302.733093
3995.991211	290.134033
3993.585938	293.137268
3991.180664	298.216217
3988.773438	331.335083
3986.365234	323.935547
3983.957031	313.428284
3981.546875	321.603027
3979.135742	324.586060
3976.724609	333.786255
3974.311523	309.820923
3971.898438	351.128571
3969.483398	330.281342
3967.068359	330.149628
3964.651367	358.985046
3962.234375	345.398163
3959.815430	343.192841
3957.396484	355.455414
3954.975586	372.872528
3952.554688	356.203918
3950.131836	355.029480
3947.708984	354.887512
3945.284180	358.870483
3942.859375	364.911835
3940.432617	355.492035
3938.005859	361.529694
3935.577148	388.154114
3933.148438	372.560944
3930.718750	379.612946
3928.287109	401.056030
3925.855469	386.504059
3923.421875	398.679230
3920.988281	403.654755
3918.552734	378.851898
3916.117188	409.488281
3913.680664	425.737732
3911.242188	431.719360
3908.803711	446.921509
3906.363281	442.643188
3903.922852	424.029022
3901.480469	460.715576
3899.038086	447.225861
3896.593750	439.884796
3894.149414	439.707550
3891.703125	483.483337
3889.256836	464.896881
3886.808594	480.029449
3884.360352	473.710205
3881.910156	494.949829
3879.459961	458.026276
3877.007813	499.648621
3874.555664	499.446747
3872.101563	487.018463
3869.646484	504.135315
3867.191406	491.714905
3864.734375	513.903870
3862.277344	522.850891
3859.818359	538.908142
3857.358398	549.870239
3854.897461	544.567566
3852.436523	551.455872
3849.973633	566.459778
3847.509766	590.584045
3845.044922	573.100769
3842.579102	572.868225
3840.113281	569.595154
3837.645508	585.573486
3835.176758	588.373779
3832.707031	583.073303
3830.236328	619.263611
3827.764648	599.794128
3825.291992	602.583374
3822.818359	613.455200
3820.343750	637.450928
3817.868164	610.936279
3815.390625	628.856750
3812.913086	631.627563
3810.434570	670.704773
3807.955078	662.366028
3805.473633	704.421753
3802.992188	680.965515
3800.509766	684.715393
3798.025391	706.579468
3795.541016	720.376587
3793.054688	753.270569
3790.568359	743.915222
3788.080078	710.450195
3785.591797	735.271545
3783.101563	772.121094
3780.610352	772.808899
3778.119141	784.531616
3775.625977	766.159607
3773.131836	795.918457
3770.636719	800.602539
3768.140625	809.288940
3765.643555	835.989319
3763.145508	837.648193
3760.646484	874.318176
3758.146484	853.960510
3755.645508	851.611084
3753.143555	840.271118
3750.639648	868.889099
3748.135742	880.512085
3745.630859	917.072754
3743.124023	896.746094
3740.617188	884.412537
3738.108398	931.889160
3735.599609	890.659119
3733.088867	932.118530
3730.577148	968.566345
3728.064453	949.262024
3725.551758	954.838867
3723.037109	991.231506
3720.521484	997.779724
3718.004883	999.355286
3715.487305	1000.929260
3712.967773	1025.330933
3710.448242	1031.853149
3707.927734	1050.270752
3705.406250	1029.018921
3702.882813	1041.476318
3700.359375	1087.601074
3697.833984	1103.983765
3695.308594	1110.455566
3692.781250	1085.263916
3690.252930	1140.193237
3687.723633	1134.779175
3685.193359	1134.309692
3682.662109	1199.026245
3680.129883	1180.759277
3677.596680	1196.059937
3675.062500	1230.089844
3672.527344	1196.055176
3669.990234	1261.596069
3667.453125	1261.073120
3664.915039	1326.532104
3662.375000	1334.841431
3659.833984	1286.072144
3657.292969	1301.275635
3654.750000	1326.297852
3652.206055	1351.298828
3649.661133	1338.949341
3647.115234	1369.815186
3644.568359	1394.765869
3642.019531	1381.431274
3639.470703	1375.953125
3636.920898	1400.869019
3634.369141	1460.060303
3631.817383	1442.801147
3629.263672	1480.385010
3626.708984	1453.343994
3624.153320	1463.499634
3621.596680	1530.362671
3619.039063	1529.724731
3616.480469	1527.132813
3613.920898	1555.795288
3611.360352	1521.954224
3608.797852	1579.869019
3606.235352	1615.300171
3603.670898	1624.375977
3601.105469	1624.672119
3598.540039	1640.554932
3595.972656	1698.296997
3593.404297	1719.001709
3590.834961	1734.823608
3588.264648	1742.851318
3585.692383	1819.895508
3583.120117	1777.348389
3580.545898	1840.713745
3577.971680	1878.781006
3575.395508	1928.462280
3572.818359	1935.415527
3570.240234	1922.967773
3567.661133	1967.719849
3565.081055	1988.211060
3562.500000	2015.463989
3559.917969	2030.108276
3557.333984	2066.028809
3554.750000	2086.442139
3552.164063	2167.751221
3549.577148	2190.036377
3546.989258	2196.845215
3544.400391	2232.617432
3541.810547	2249.053711
3539.219727	2277.053955
3536.626953	2232.696289
3534.034180	2305.988525
3531.439453	2365.727539
3528.844727	2309.827881
3526.248047	2353.145508
3523.650391	2415.674561
3521.051758	2411.770996
3518.451172	2495.376709
3515.850586	2524.122559
3513.249023	2549.960938
3510.645508	2527.757324
3508.041016	2613.090332
3505.436523	2633.098877
3502.830078	2617.600342
3500.222656	2715.249268
3497.613281	2710.269531
3495.003906	2711.041016
3492.393555	2755.858887
3489.781250	2802.552246
3487.167969	2874.081055
3484.553711	2899.643799
3481.938477	2890.770264
3479.322266	2965.035400
3476.705078	3041.146729
3474.086914	3030.312744
3471.466797	3115.873779
3468.845703	3125.047607
3466.224609	3182.842529
3463.601563	3194.837891
3460.977539	3301.140381
3458.351563	3327.358398
3455.725586	3364.975830
3453.098633	3388.287842
3450.469727	3484.813721
3447.839844	3548.933105
3445.208984	3626.301025
3442.577148	3689.354004
3439.944336	3699.181396
3437.310547	3711.846680
3434.674805	3789.958740
3432.039063	3803.520752
3429.401367	3885.316650
3426.762695	4001.150879
3424.123047	3987.137695
3421.481445	4034.668213
3418.839844	4028.220459
3416.197266	4130.550293
3413.552734	4184.574219
3410.907227	4110.968750
3408.260742	4270.752930
3405.613281	4259.491211
3402.963867	4354.892090
3400.314453	4370.018066
3397.663086	4362.497070
3395.011719	4405.883301
3392.358398	4496.343262
3389.704102	4589.550293
3387.047852	4675.144531
3384.391602	4758.782715
3381.733398	4835.764160
3379.075195	4900.455078
3376.415039	4947.232422
3373.753906	4993.029297
3371.090820	5077.285645
3368.427734	5133.309570
3365.762695	5291.550293
3363.097656	5329.613281
3360.430664	5399.514160
3357.762695	5402.826172
3355.092773	5555.054688
3352.422852	5624.765137
3349.750977	5741.204590
3347.079102	5792.063965
3344.405273	5842.878418
3341.729492	5909.535645
3339.053711	6073.291992
3336.376953	6036.137207
3333.698242	6199.695313
3331.018555	6271.676758
3328.337891	6322.144531
3325.656250	6408.923340
3322.973633	6471.398926
3320.289063	6547.790039
3317.604492	6674.387695
3314.917969	6677.104492
3312.230469	6840.742188
3309.541016	6904.748535
3306.851563	7035.615234
3304.160156	7048.382813
3301.467773	7085.281738
3298.774414	7199.187988
3296.080078	7297.221680
3293.384766	7214.323730
3290.687500	7433.700195
3287.990234	7499.068848
3285.291016	7511.584473
3282.589844	7653.701172
3279.888672	7678.165039
3277.186523	7858.934082
3274.482422	7942.459961
3271.777344	7990.791016
3269.071289	8186.889160
3266.364258	8333.875000
3263.655273	8353.353516
3260.945313	8470.612305
3258.234375	8601.599609
3255.522461	8827.419922
3252.809570	8984.857422
3250.095703	9063.868164
3247.379883	9038.776367
3244.663086	9283.333008
3241.945313	9390.619141
3239.226563	9502.407227
3236.505859	9754.709961
3233.784180	9797.339844
3231.061523	9915.226563
3228.337891	9977.937500
3225.613281	10133.253906
3222.886719	10340.705078
3220.160156	10382.974609
3217.431641	10494.840820
3214.702148	10542.497070
3211.970703	10680.739258
3209.239258	10694.409180
3206.505859	11008.992188
3203.771484	11103.872070
3201.035156	11084.431641
3198.298828	11400.252930
3195.560547	11556.007813
3192.821289	11643.170898
3190.081055	11661.833984
3187.339844	11795.375977
3184.596680	11880.489258
3181.853516	12066.657227
3179.108398	12145.196289
3176.361328	12332.901367
3173.614258	12439.457031
3170.865234	12551.374023
3168.115234	12690.462891
3165.364258	12753.093750
3162.612305	12965.541992
3159.858398	13121.508789
3157.104492	13239.219727
3154.347656	13460.239258
3151.590820	13685.594727
3148.833008	13764.828125
3146.073242	13885.661133
3143.312500	14094.225586
3140.550781	14240.147461
3137.787109	14408.556641
3135.023438	14660.017578
3132.257813	14935.663086
3129.491211	14985.165039
3126.722656	15208.034180
3123.954102	15318.755859
3121.183594	15508.788086
3118.412109	15637.313477
3115.638672	15781.049805
3112.865234	16073.357422
3110.089844	15993.361328
3107.313477	16135.838867
3104.536133	16411.394531
3101.756836	16603.035156
3098.976563	16586.775391
3096.195313	16784.455078
3093.413086	16933.437500
3090.628906	16952.964844
3087.844727	17302.814453
3085.058594	17300.617188
3082.270508	17717.265625
3079.482422	17917.486328
3076.692383	17926.656250
3073.901367	18145.408203
3071.109375	18235.039063
3068.315430	18398.863281
3065.520508	18592.953125
3062.724609	18768.091797
3059.927734	19149.525391
3057.128906	19335.867188
3054.329102	19167.531250
3051.528320	19562.552734
3048.726563	19803.765625
3045.922852	20006.414063
3043.118164	20118.847656
3040.312500	20474.419922
3037.505859	20376.351563
3034.697266	20689.644531
3031.887695	20952.828125
3029.077148	21158.847656
3026.264648	21342.453125
3023.452148	21668.964844
3020.637695	21633.660156
3017.821289	21921.564453
3015.004883	22289.082031
3012.186523	22342.240234
3009.367188	22827.166016
3006.545898	23024.494141
3003.724609	23137.480469
3000.901367	23365.476563
2998.077148	23525.996094
2995.250977	23633.281250
2992.423828	23828.015625
2989.595703	23941.248047
2986.766602	24259.359375
2983.935547	24305.164063
2981.104492	24420.662109
2978.270508	24678.117188
2975.436523	24758.052734
2972.600586	24997.482422
2969.763672	25019.029297
2966.925781	25106.615234
2964.085938	25330.583984
2961.245117	25677.554688
2958.403320	25662.667969
2955.560547	26000.376953
2952.715820	26229.675781
2949.870117	26381.455078
2947.023438	26733.302734
2944.174805	26860.132813
2941.325195	26949.117188
2938.474609	27316.882813
2935.622070	27462.546875
2932.768555	27502.054688
2929.914063	27818.267578
2927.058594	27989.750000
2924.201172	28405.199219
2921.342773	28748.552734
2918.483398	28793.480469
2915.622070	29221.974609
2912.759766	29178.417969
2909.896484	29546.101563
2907.032227	29816.582031
2904.166016	30059.773438
2901.298828	30338.488281
2898.429688	30239.582031
2895.559570	30454.357422
2892.688477	30716.822266
2889.816406	31214.039063
2886.942383	31133.152344
2884.067383	31361.892578
2881.191406	31305.330078
2878.314453	31712.744141
2875.435547	31965.208984
2872.554688	32349.378906
2869.673828	32309.791016
2866.791016	32830.468750
2863.907227	32581.769531
2861.021484	32833.234375
2858.134766	33204.855469
2855.247070	33255.820313
2852.358398	33568.921875
2849.467773	33476.085938
2846.576172	33678.128906
2843.682617	33924.914063
2840.789063	34037.589844
2837.893555	34268.433594
2834.996094	34573.277344
2832.097656	34675.992188
2829.198242	35157.980469
2826.297852	34998.316406
2823.395508	35186.816406
2820.492188	35388.910156
2817.587891	35735.410156
2814.681641	35739.187500
2811.774414	35963.089844
2808.866211	36127.472656
2805.956055	36388.781250
2803.044922	36726.269531
2800.131836	36899.500000
2797.218750	37066.554688
2794.303711	37446.992188
2791.386719	37234.742188
2788.468750	37314.851563
2785.549805	37644.097656
2782.629883	37915.683594
2779.708008	37748.054688
2776.785156	37996.234375
2773.860352	38419.433594
2770.935547	38262.875000
2768.007813	38555.722656
2765.080078	38470.937500
2762.150391	38349.519531
2759.219727	38645.312500
2756.287109	38759.218750
2753.353516	38651.437500
2750.418945	38835.066406
2747.482422	38883.988281
2744.544922	38790.726563
2741.606445	39131.386719
2738.666016	39050.828125
2735.724609	39270.351563
2732.782227	39235.652344
2729.837891	39549.976563
2726.892578	39306.363281
2723.945313	39383.644531
2720.997070	39331.949219
2718.047852	39708.335938
2715.097656	39735.308594
2712.145508	39805.433594
2709.191406	39938.968750
2706.237305	39879.464844
2703.281250	39836.914063
2700.323242	39947.394531
2697.364258	40004.531250
2694.404297	40177.304688
2691.443359	40312.769531
2688.480469	40082.734375
2685.515625	40133.753906
2682.550781	40308.636719
2679.583984	40619.859375
2676.615234	40299.085938
2673.646484	40250.519531
2670.674805	40355.980469
2667.703125	40182.921875
2664.729492	40173.953125
2661.754883	40065.812500
2658.778320	39895.605469
2655.800781	39607.992188
2652.821289	39508.613281
2649.840820	39436.992188
2646.859375	39674.816406
2643.876953	39234.406250
2640.892578	39064.125000
2637.906250	39298.406250
2634.918945	39190.156250
2631.930664	38864.492188
2628.941406	38750.660156
2625.950195	38544.144531
2622.957031	38623.519531
2619.963867	38534.964844
2616.967773	38507.410156
2613.971680	38323.859375
2610.973633	38358.945313
2607.974609	37998.898438
2604.973633	37747.476563
2601.971680	37553.734375
2598.967773	37618.187500
2595.962891	37349.773438
2592.957031	37031.699219
2589.949219	37219.289063
2586.940430	36839.222656
2583.929688	36755.972656
2580.917969	36585.625000
2577.905273	36363.980469
2574.890625	36259.464844
2571.875000	36051.410156
2568.857422	36068.910156
2565.838867	35505.808594
2562.819336	35624.511719
2559.797852	35260.695313
2556.775391	34845.093750
2553.750977	34610.082031
2550.725586	34091.019531
2547.698242	34100.195313
2544.669922	33782.429688
2541.640625	33629.152344
2538.609375	33349.812500
2535.577148	33157.285156
2532.542969	32774.566406
2529.507813	32865.792969
2526.471680	32322.173828
2523.433594	31947.738281
2520.393555	31789.138672
2517.353516	31693.980469
2514.310547	31525.761719
2511.267578	31123.587891
2508.222656	31025.550781
2505.175781	30770.029297
2502.127930	30239.943359
2499.079102	30010.416016
2496.028320	29831.898438
2492.976563	29517.558594
2489.922852	29305.023438
2486.868164	29158.144531
2483.812500	28899.326172
2480.754883	28554.884766
2477.695313	28320.261719
2474.634766	28119.337891
2471.573242	27637.714844
2468.509766	27660.074219
2465.445313	27547.804688
2462.378906	27104.589844
2459.311523	26885.082031
2456.242188	26572.087891
2453.171875	26198.304688
2450.100586	25931.474609
2447.027344	25718.572266
2443.953125	25307.457031
2440.876953	25138.910156
2437.799805	24778.792969
2434.720703	24604.132813
2431.640625	24496.990234
2428.558594	23980.263672
2425.475586	23845.921875
2422.390625	23710.888672
2419.304688	23349.949219
2416.217773	22990.953125
2413.128906	22652.517578
2410.038086	22654.164063
2406.946289	22330.738281
2403.853516	21890.408203
2400.758789	21780.089844
2397.663086	21436.500000
2394.565430	21441.896484
2391.466797	20961.621094
2388.366211	20616.447266
2385.264648	20523.863281
2382.161133	20336.296875
2379.056641	20125.542969
2375.950195	19986.613281
2372.842773	19668.402344
2369.734375	19489.593750
2366.624023	19084.285156
2363.511719	18911.525391
2360.398438	18800.750000
2357.284180	18516.703125
2354.167969	18363.681641
2351.049805	18191.552734
2347.930664	17934.615234
2344.810547	17717.968750
2341.688477	17586.400391
2338.564453	17365.302734
2335.439453	17120.404297
2332.313477	16790.167969
2329.185547	16664.845703
2326.056641	16456.550781
2322.925781	16289.167969
2319.792969	15845.774414
2316.660156	15898.212891
2313.524414	15623.657227
2310.387695	15310.298828
2307.250000	15278.450195
2304.110352	15075.423828
2300.969727	14847.907227
2297.827148	14704.131836
2294.682617	14508.002930
2291.537109	14455.118164
2288.390625	14066.232422
2285.242188	13953.245117
2282.092773	13665.747070
2278.941406	13537.176758
2275.788086	13471.364258
2272.633789	13171.799805
2269.478516	13180.678711
2266.321289	12954.370117
2263.162109	12945.920898
2260.001953	12628.160156
2256.840820	12493.347656
2253.676758	12284.365234
2250.512695	12119.023438
2247.346680	11994.891602
2244.178711	11829.832031
2241.009766	11612.069336
2237.838867	11470.203125
2234.666992	11367.083008
2231.493164	11225.457031
2228.318359	11027.268555
2225.141602	10760.792969
2221.963867	10710.889648
2218.784180	10680.686523
2215.602539	10408.451172
2212.419922	10266.866211
2209.236328	10167.809570
2206.050781	10003.705078
2202.863281	9813.082031
2199.674805	9762.979492
2196.485352	9680.005859
2193.292969	9443.579102
2190.100586	9344.386719
2186.905273	9315.714844
2183.709961	9087.606445
2180.511719	9086.440430
2177.312500	8893.814453
2174.112305	8809.939453
2170.910156	8630.111328
2167.706055	8384.120117
2164.500977	8399.653320
2161.294922	8199.215820
2158.085938	8122.864746
2154.876953	8090.200195
2151.665039	7892.519531
2148.452148	7842.870117
2145.238281	7770.709473
2142.022461	7608.436035
2138.804688	7513.138184
2135.585938	7476.954590
2132.365234	7348.423340
2129.143555	7216.131348
2125.919922	7232.094727
2122.695313	7019.358887
2119.468750	6996.653809
2116.240234	6780.354004
2113.010742	6645.536621
2109.780273	6650.114258
2106.546875	6612.923828
2103.312500	6462.138184
2100.077148	6387.982422
2096.839844	6322.389648
2093.600586	6224.437988
2090.360352	6030.138184
2087.119141	5995.647949
2083.875000	5985.083008
2080.629883	5878.994629
2077.383789	5736.813477
2074.135742	5677.121094
2070.885742	5635.946777
2067.634766	5546.366211
2064.381836	5419.209473
2061.127930	5314.449707
2057.871094	5330.338867
2054.614258	5206.530762
2051.355469	5133.468262
2048.094727	5091.143066
2044.832031	4924.704590
2041.568359	4930.773926
2038.303711	4825.818359
2035.037109	4897.739258
2031.768555	4657.508301
2028.498047	4610.168945
2025.226563	4539.184082
2021.954102	4442.296387
2018.678711	4467.649902
2015.403320	4366.307617
2012.125000	4319.212891
2008.845703	4264.538086
2005.564453	4131.430664
2002.282227	4140.870605
1998.998047	4036.874756
1995.712891	3939.824951
1992.424805	3939.452148
1989.136719	3855.461914
1985.845703	3885.518066
1982.553711	3713.539551
1979.260742	3659.377686
1975.964844	3571.125732
1972.667969	3510.256836
1969.370117	3516.145264
1966.070313	3545.511719
1962.768555	3377.213623
1959.465820	3383.910400
1956.161133	3275.612549
1952.854492	3249.835693
1949.546875	3208.211426
1946.237305	3119.036377
1942.925781	3090.348633
1939.613281	3026.972656
1936.298828	3013.440674
1932.982422	2907.186279
1929.665039	2874.130127
1926.346680	2856.922119
1923.025391	2842.741211
1919.703125	2807.503418
1916.378906	2761.768799
1913.053711	2745.395996
1909.726563	2659.158691
1906.397461	2633.836914
1903.067383	2645.321045
1899.735352	2592.267578
1896.401367	2550.513428
1893.066406	2501.302979
1889.729492	2453.637939
1886.390625	2441.213623
1883.050781	2369.670898
1879.708984	2343.831543
1876.365234	2312.781982
1873.020508	2256.350830
1869.673828	2213.419922
1866.326172	2186.209717
1862.975586	2176.936035
1859.624023	2128.136475
1856.271484	2062.980957
1852.916016	2035.893433
1849.559570	2014.790283
1846.202148	2039.864380
1842.841797	1980.828369
1839.480469	1952.343018
1836.118164	1883.741821
1832.752930	1833.782349
1829.386719	1904.181885
1826.018555	1803.783447
1822.649414	1793.998535
1819.278320	1756.042603
1815.905273	1730.723755
1812.531250	1660.978027
1809.154297	1679.417603
1805.777344	1637.888550
1802.397461	1600.098267
1799.016602	1579.350586
1795.633789	1558.622437
1792.249023	1505.412476
1788.863281	1513.533691
1785.475586	1481.059326
1782.085938	1442.715576
1778.694336	1464.860962
1775.301758	1416.982422
1771.907227	1411.130615
1768.510742	1345.656982
1765.113281	1394.292114
1761.713867	1311.240112
1758.312500	1323.825806
1754.910156	1288.643799
1751.505859	1274.057007
1748.099609	1230.859375
1744.691406	1220.716064
1741.282227	1205.449463
1737.871094	1182.135742
1734.458008	1181.552612
1731.042969	1169.987183
1727.626953	1132.819824
1724.208984	1109.585938
1720.790039	1093.685303
1717.368164	1076.338379
1713.945313	1087.491943
1710.520508	1023.445007
1707.093750	1064.527466
1703.666016	1022.432434
1700.236328	1014.637207
1696.804688	974.793274
1693.371094	945.911133
1689.936523	957.815308
1686.500000	936.971497
1683.061523	929.235779
1679.622070	921.507324
1676.179688	886.183655
1672.736328	873.401306
1669.291016	864.985229
1665.844727	828.290527
1662.396484	851.076782
1658.945313	848.479858
1655.494141	805.329041
1652.040039	762.220703
1648.584961	788.610657
1645.126953	736.152161
1641.668945	766.141968
1638.208008	699.297913
1634.745117	707.613953
1631.281250	710.869507
1627.815430	685.268127
1624.347656	682.763184
1620.878906	722.776672
1617.408203	693.605469
1613.935547	642.146301
1610.460938	649.020691
1606.984375	611.299011
1603.506836	609.555603
1600.027344	617.872009
1596.545898	578.785461
1593.062500	592.132629
1589.577148	570.314636
1586.090820	584.369141
1582.602539	534.626709
1579.112305	563.010498
1575.620117	524.783203
1572.126953	534.537903
1568.630859	521.395508
1565.133789	516.844421
1561.634766	487.290100
1558.133789	487.045105
1554.631836	489.655273
1551.127930	466.579315
1547.621094	460.639954
1544.114258	463.258820
1540.604492	448.778534
1537.092773	428.616699
1533.580078	454.019257
1530.065430	421.071869
1526.548828	412.328491
1523.030273	411.409821
1519.509766	384.924927
1515.988281	396.087830
1512.463867	404.401398
1508.938477	390.723724
1505.411133	372.807159
1501.882813	373.326935
1498.351563	352.604767
1494.818359	338.272552
1491.284180	355.076996
1487.748047	337.222900
1484.209961	349.064301
1480.669922	325.581024
1477.128906	304.944977
1473.584961	323.839600
1470.040039	306.750977
1466.493164	286.155457
1462.944336	302.212585
1459.393555	299.242554
1455.840820	287.126740
1452.287109	291.904327
1448.730469	273.477081
1445.172852	297.228516
1441.613281	273.900879
1438.051758	263.232025
1434.488281	256.783447
1430.922852	256.652466
1427.356445	245.307465
1423.787109	230.471298
1420.216797	231.753937
1416.644531	242.832413
1413.070313	223.123764
1409.494141	236.991470
1405.916016	225.690521
1402.336914	222.781525
1398.754883	200.330917
1395.171875	205.111938
1391.585938	209.190643
1387.999023	190.265900
1384.410156	199.920547
1380.819336	192.855682
1377.226563	199.715424
1373.632813	169.705719
1370.036133	183.521698
1366.438477	176.479385
1362.837891	180.555298
1359.236328	167.274796
1355.632813	160.945160
1352.027344	158.782196
1348.419922	154.542328
1344.810547	154.462708
1341.199219	152.998474
1337.585938	161.222916
1333.970703	141.775299
1330.354492	145.158279
1326.735352	132.647614
1323.115234	135.341156
1319.493164	143.553131
1315.869141	117.956215
1312.242188	133.752457
1308.614258	134.372330
1304.984375	128.792908
1301.353516	130.791336
1297.719727	119.715263
1294.083984	120.340866
1290.446289	123.714989
1286.807617	113.346565
1283.166016	100.929070
1279.523438	108.425255
1275.877930	108.368927
1272.231445	118.595444
1268.582031	96.608459
1264.931641	104.091110
1261.279297	94.454590
1257.625000	101.930473
1253.968750	90.253784
1250.310547	85.423065
1246.650391	97.673035
1242.988281	102.400787
1239.324219	90.747986
1235.658203	85.244934
1231.990234	82.473999
1228.320313	91.287117
1224.648438	77.621574
1220.975586	85.066856
1217.299805	78.220558
1213.622070	82.938370
1209.943359	72.023468
1206.261719	74.023064
1202.578125	76.699280
1198.893555	73.945457
1195.206055	69.160362
1191.517578	61.669502
1187.826172	70.442421
1184.133789	68.374481
1180.438477	75.104736
1176.742188	59.511181
1173.042969	61.507591
1169.342773	56.746353
1165.639648	63.468430
1161.935547	56.011745
1158.228516	60.029129
1154.520508	59.323345
1150.809570	61.987137
1147.097656	50.506321
1143.382813	55.191082
1139.666992	52.471096
1135.948242	49.081608
1132.227539	48.383656
1128.505859	49.701336
1124.781250	49.675026
1121.055664	46.965004
1117.327148	45.598976
1113.596680	48.925892
1109.865234	42.871185
1106.130859	48.204494
1102.394531	39.479935
1098.657227	41.465355
1094.916992	38.769562
1091.174805	43.425549
1087.430664	42.066990
1083.684570	34.703484
1079.936523	45.357323
1076.186523	46.666492
1072.434570	34.648064
1068.680664	38.625313
1064.924805	39.270309
1061.166992	31.931677
1057.406250	35.239067
1053.644531	41.201038
1049.880859	33.873066
1046.114258	33.854954
1042.346680	35.163776
1038.576172	31.829395
1034.803711	35.126141
1031.030273	31.132906
1027.253906	27.143936
1023.475586	30.437841
1019.695313	36.373543
1015.913086	23.795359
1012.128906	26.425087
1008.342773	34.994427
1004.553711	32.335945
