4046.277344	198.103928
4043.892578	205.441101
4041.505859	199.073593
4039.119141	213.657883
4036.731445	195.775803
4034.342773	207.210220
4031.952148	213.405029
4029.561523	207.046616
4027.169922	218.462860
4024.777344	231.959747
4022.383789	223.512421
4019.989258	241.172653
4017.593750	236.902740
4015.197266	235.765747
4012.799805	230.458405
4010.401367	242.875732
4008.001953	240.695541
4005.601563	221.852066
4003.201172	239.463577
4000.798828	249.775909
3998.395508	242.394547
3995.991211	249.577652
3993.585938	228.688660
3991.180664	230.675964
3988.773438	250.318970
3986.365234	255.410721
3983.957031	260.498352
3981.546875	251.057846
3979.135742	272.735260
3976.724609	265.370453
3974.311523	236.251419
3971.898438	253.765488
3969.483398	266.088715
3967.068359	285.646698
3964.651367	271.049225
3962.234375	319.544983
3959.815430	285.304901
3957.396484	321.356506
3954.975586	309.866364
3952.554688	285.995605
3950.131836	292.073669
3947.708984	285.766968
3945.284180	299.058746
3942.859375	307.185669
3940.432617	320.458038
3938.005859	299.729736
3935.577148	324.319733
3933.148438	342.714905
3930.718750	307.599640
3928.287109	306.447937
3925.855469	313.520569
3923.421875	329.835144
3920.988281	336.892517
3918.552734	355.237823
3916.117188	343.805969
3913.680664	345.719543
3911.242188	370.191650
3908.803711	359.792297
3906.363281	356.573669
3903.922852	359.502869
3901.480469	363.453400
3899.038086	377.634644
3896.593750	368.275635
3894.149414	401.872253
3891.703125	369.001038
3889.256836	368.852234
3886.808594	393.215607
3884.360352	365.491913
3881.910156	394.939331
3879.459961	414.161835
3877.007813	399.718903
3874.555664	407.711639
3872.101563	422.829834
3869.646484	417.566620
3867.191406	406.199280
3864.734375	444.704926
3862.277344	421.128906
3859.818359	437.227356
3857.358398	426.886322
3854.897461	472.432678
3852.436523	472.241241
3849.973633	481.186249
3847.509766	462.725647
3845.044922	450.365906
3842.579102	498.851593
3840.113281	480.405853
3837.645508	485.276306
3835.176758	483.053833
3832.707031	497.029510
3830.236328	506.946167
3827.764648	511.797363
3825.291992	536.865356
3822.818359	519.466187
3820.343750	536.428589
3817.868164	548.327942
3815.390625	523.879028
3812.913086	539.809509
3810.434570	536.563782
3807.955078	567.598267
3805.473633	550.234985
3802.992188	560.084045
3800.509766	568.917969
3798.025391	571.705322
3795.541016	623.789795
3793.054688	587.329773
3790.568359	593.121643
3788.080078	609.962219
3785.591797	605.695007
3783.101563	628.540710
3780.610352	642.334717
3778.119141	634.045959
3775.625977	639.803467
3773.131836	620.495605
3770.636719	672.345825
3768.140625	661.052856
3765.643555	677.802124
3763.145508	653.505676
3760.646484	669.243530
3758.146484	695.967834
3755.645508	660.698242
3753.143555	730.366455
3750.639648	719.080627
3748.135742	717.787048
3745.630859	747.429260
3743.124023	719.192383
3740.617188	767.753784
3738.108398	757.471436
3735.599609	781.070190
3733.088867	785.728149
3730.577148	787.395691
3728.064453	800.006958
3725.551758	837.473267
3723.037109	819.232483
3720.521484	850.696655
3718.004883	850.346069
3715.487305	885.742981
3712.967773	829.793457
3710.448242	913.785339
3707.927734	898.531921
3705.406250	904.109131
3702.882813	893.826477
3700.359375	934.068970
3697.833984	928.732544
3695.308594	949.132629
3692.781250	935.879395
3690.252930	954.281372
3687.723633	956.852173
3685.193359	986.098511
3682.662109	998.530090
3680.129883	998.116699
3677.596680	1004.611328
3675.062500	963.751221
3672.527344	1008.709351
3669.990234	1018.147461
3667.453125	1058.119141
3664.915039	1059.650024
3662.375000	1046.413208
3659.833984	1081.402588
3657.292969	1097.674683
3654.750000	1087.387207
3652.206055	1102.659912
3649.661133	1142.478394
3647.115234	1159.678711
3644.568359	1125.824341
3642.019531	1130.261963
3639.470703	1158.232910
3636.920898	1109.715698
3634.369141	1211.164185
3631.817383	1184.213623
3629.263672	1242.465942
3626.708984	1194.971802
3624.153320	1252.192139
3621.596680	1270.249878
3619.039063	1268.742920
3616.480469	1270.168091
3613.920898	1323.353882
3611.360352	1368.684937
3608.797852	1349.572998
3606.235352	1362.665649
3603.670898	1403.047363
3601.105469	1426.826660
3598.540039	1401.875610
3595.972656	1480.167114
3593.404297	1461.054077
3590.834961	1481.848755
3588.264648	1520.132080
3585.692383	1502.969238
3583.120117	1493.594604
3580.545898	1558.050049
3577.971680	1614.683594
3575.395508	1613.036865
3572.818359	1617.211792
3570.240234	1650.474609
3567.661133	1645.905640
3565.081055	1718.853027
3562.500000	1680.360474
3559.917969	1712.571045
3557.333984	1760.237183
3554.750000	1775.942383
3552.164063	1757.792969
3549.577148	1810.211060
3546.989258	1796.891846
3544.400391	1826.072510
3541.810547	1835.922852
3539.219727	1866.026489
3536.626953	1878.744141
3534.034180	1920.371704
3531.439453	1971.600220
3528.844727	1997.740967
3526.248047	2045.041382
3523.650391	2017.232544
3521.051758	2038.509277
3518.451172	2104.001709
3515.850586	2071.395264
3513.249023	2116.640625
3510.645508	2179.134277
3508.041016	2245.414551
3505.436523	2192.649902
3502.830078	2313.540527
3500.222656	2308.729004
3497.613281	2322.129883
3495.003906	2391.080811
3492.393555	2411.137207
3489.781250	2453.190430
3487.167969	2470.332031
3484.553711	2409.037842
3481.938477	2524.644287
3479.322266	2567.531250
3476.705078	2593.188965
3474.086914	2709.523438
3471.466797	2745.595215
3468.845703	2670.027100
3466.224609	2767.108643
3463.601563	2770.702148
3460.977539	2758.095703
3458.351563	2828.349854
3455.725586	2851.900391
3453.098633	2950.598389
3450.469727	2938.885010
3447.839844	2996.581055
3445.208984	2998.160400
3442.577148	3042.482178
3439.944336	3123.795410
3437.310547	3112.029053
3434.674805	3164.781494
3432.039063	3243.091797
3429.401367	3270.149414
3426.762695	3284.866211
3424.123047	3318.510742
3421.481445	3415.552246
3418.839844	3420.722900
3416.197266	3468.451660
3413.552734	3567.193359
3410.907227	3608.201904
3408.260742	3608.554688
3405.613281	3723.159668
3402.963867	3730.067871
3400.314453	3776.593750
3397.663086	3830.623047
3395.011719	3897.802246
3392.358398	3944.193848
3389.704102	3961.347656
3387.047852	4085.809082
3384.391602	4124.529297
3381.733398	4150.046875
3379.075195	4269.563477
3376.415039	4256.461914
3373.753906	4276.250000
3371.090820	4476.312012
3368.427734	4510.066406
3365.762695	4537.222656
3363.097656	4594.364746
3360.430664	4623.333984
3357.762695	4741.293945
3355.092773	4769.236328
3352.422852	4876.731445
3349.750977	4939.214355
3347.079102	4895.940430
3344.405273	4968.644043
3341.729492	5029.133789
3339.053711	5041.925293
3336.376953	5161.158691
3333.698242	5211.216309
3331.018555	5288.286621
3328.337891	5357.828613
3325.656250	5527.987793
3322.973633	5500.456055
3320.289063	5565.155762
3317.604492	5634.453125
3314.917969	5776.276855
3312.230469	5803.561523
3309.541016	5903.346191
3306.851563	5863.632324
3304.160156	5978.166016
3301.467773	6134.386719
3298.774414	6232.922852
3296.080078	6274.775391
3293.384766	6370.380371
3290.687500	6459.412109
3287.990234	6532.612793
3285.291016	6605.748535
3282.589844	6579.757324
3279.888672	6742.571289
3277.186523	6842.341797
3274.482422	7011.370605
3271.777344	7003.726074
3269.071289	7269.536621
3266.364258	7309.800781
3263.655273	7453.406738
3260.945313	7487.094727
3258.234375	7501.384277
3255.522461	7698.181641
3252.809570	7769.492188
3250.095703	7898.763672
3247.379883	7965.318359
3244.663086	8029.972656
3241.945313	8107.446289
3239.226563	8178.414551
3236.505859	8398.204102
3233.784180	8463.468750
3231.061523	8465.315430
3228.337891	8609.424805
3225.613281	8671.752930
3222.886719	8811.058594
3220.160156	8917.240234
3217.431641	8960.105469
3214.702148	9039.566406
3211.970703	9301.132813
3209.239258	9317.230469
3206.505859	9397.339844
3203.771484	9580.689453
3201.035156	9637.762695
3198.298828	9833.631836
3195.560547	10020.198242
3192.821289	10154.575195
3190.081055	10274.237305
3187.339844	10346.373047
3184.596680	10621.708008
3181.853516	10653.535156
3179.108398	10833.777344
3176.361328	10854.555664
3173.614258	11055.475586
3170.865234	11342.622070
3168.115234	11383.142578
3165.364258	11534.489258
3162.612305	11657.542969
3159.858398	11809.540039
3157.104492	11939.620117
3154.347656	11909.018555
3151.590820	12196.709961
3148.833008	12371.758789
3146.073242	12489.576172
3143.312500	12747.649414
3140.550781	12739.374023
3137.787109	12865.913086
3135.023438	12898.283203
3132.257813	13173.793945
3129.491211	13216.835938
3126.722656	13379.962891
3123.954102	13434.606445
3121.183594	13635.388672
3118.412109	13762.928711
3115.638672	13966.991211
3112.865234	14022.167969
3110.089844	13984.507813
3107.313477	14219.708008
3104.536133	14397.096680
3101.756836	14422.284180
3098.976563	14549.061523
3096.195313	14715.273438
3093.413086	14834.615234
3090.628906	15115.501953
3087.844727	15367.413086
3085.058594	15238.647461
3082.270508	15629.292969
3079.482422	15950.561523
3076.692383	16109.346680
3073.901367	16198.123047
3071.109375	16327.105469
3068.315430	16803.203125
3065.520508	16770.781250
3062.724609	16952.978516
3059.927734	17172.546875
3057.128906	17314.195313
3054.329102	17616.449219
3051.528320	17503.384766
3048.726563	17931.076172
3045.922852	18036.451172
3043.118164	18180.949219
3040.312500	18211.265625
3037.505859	18441.937500
3034.697266	18466.761719
3031.887695	18779.863281
3029.077148	19034.869141
3026.264648	19087.832031
3023.452148	19175.400391
3020.637695	19356.152344
3017.821289	19556.273438
3015.004883	19691.425781
3012.186523	19572.746094
3009.367188	19922.341797
3006.545898	19996.869141
3003.724609	20340.642578
3000.901367	20460.953125
2998.077148	20516.537109
2995.250977	20799.447266
2992.423828	20809.718750
2989.595703	21071.019531
2986.766602	21381.564453
2983.935547	21493.113281
2981.104492	21617.798828
2978.270508	21730.013672
2975.436523	22139.361328
2972.600586	22225.666016
2969.763672	22324.226563
2966.925781	22427.095703
2964.085938	22642.566406
2961.245117	22923.841797
2958.403320	23191.667969
2955.560547	23494.421875
2952.715820	23614.091797
2949.870117	23644.917969
2947.023438	24026.955078
2944.174805	24176.050781
2941.325195	24274.121094
2938.474609	24665.873047
2935.622070	24669.833984
2932.768555	24697.439453
2929.914063	24827.478516
2927.058594	24982.783203
2924.201172	25081.939453
2921.342773	25368.169922
2918.483398	25542.236328
2915.622070	25746.726563
2912.759766	25823.501953
2909.896484	26261.648438
2907.032227	26140.015625
2904.166016	26422.349609
2901.298828	26577.128906
2898.429688	26666.398438
2895.559570	26773.003906
2892.688477	27189.486328
2889.816406	27053.791016
2886.942383	27354.927734
2884.067383	27514.917969
2881.191406	27516.566406
2878.314453	27835.312500
2875.435547	27969.666016
2872.554688	28178.541016
2869.673828	28326.486328
2866.791016	28634.732422
2863.907227	28744.183594
2861.021484	29045.884766
2858.134766	29366.363281
2855.247070	29567.078125
2852.358398	29612.714844
2849.467773	29956.703125
2846.576172	30048.791016
2843.682617	30262.634766
2840.789063	30282.794922
2837.893555	30609.427734
2834.996094	31091.097656
2832.097656	31003.867188
2829.198242	31304.707031
2826.297852	31314.828125
2823.395508	31361.974609
2820.492188	31494.314453
2817.587891	31548.203125
2814.681641	31810.226563
2811.774414	31856.167969
2808.866211	31859.941406
2805.956055	31828.476563
2803.044922	32214.384766
2800.131836	32442.855469
2797.218750	32526.970703
2794.303711	32564.689453
2791.386719	32448.068359
2788.468750	32623.716797
2785.549805	32570.529297
2782.629883	32769.062500
2779.708008	32946.011719
2776.785156	33083.449219
2773.860352	33125.007813
2770.935547	33295.546875
2768.007813	33394.175781
2765.080078	33587.472656
2762.150391	33314.648438
2759.219727	33754.296875
2756.287109	33615.480469
2753.353516	34000.890625
2750.418945	33939.582031
2747.482422	34185.691406
2744.544922	34077.527344
2741.606445	34340.343750
2738.666016	34398.843750
2735.724609	34641.710938
2732.782227	34412.859375
2729.837891	34651.234375
2726.892578	34648.332031
2723.945313	34882.972656
2720.997070	34873.164063
2718.047852	34887.085938
2715.097656	34862.863281
2712.145508	34876.753906
2709.191406	35220.750000
2706.237305	34997.542969
2703.281250	34817.656250
2700.323242	35025.929688
2697.364258	34934.890625
2694.404297	35039.859375
2691.443359	34839.976563
2688.480469	34800.585938
2685.515625	34864.113281
2682.550781	34865.191406
2679.583984	35072.703125
2676.615234	34698.855469
2673.646484	34581.265625
2670.674805	34909.769531
2667.703125	34649.179688
2664.729492	34546.875000
2661.754883	34602.636719
2658.778320	34376.105469
2655.800781	34456.222656
2652.821289	34163.644531
2649.840820	34023.992188
2646.859375	34090.710938
2643.876953	34021.589844
2640.892578	33985.195313
2637.906250	34234.343750
2634.918945	34193.675781
2631.930664	33941.386719
2628.941406	33890.000000
2625.950195	33628.027344
2622.957031	33550.906250
2619.963867	33800.347656
2616.967773	33757.417969
2613.971680	33446.718750
2610.973633	33554.902344
2607.974609	33225.386719
2604.973633	33027.792969
2601.971680	32936.960938
2598.967773	32523.242188
2595.962891	32556.669922
2592.957031	32370.509766
2589.949219	32202.796875
2586.940430	31876.535156
2583.929688	31849.529297
2580.917969	31753.640625
2577.905273	31757.396484
2574.890625	31370.519531
2571.875000	31312.253906
2568.857422	31179.458984
2565.838867	30809.910156
2562.819336	30750.294922
2559.797852	30524.406250
2556.775391	30234.205078
2553.750977	30012.875000
2550.725586	29726.458984
2547.698242	29546.839844
2544.669922	29337.654297
2541.640625	29339.898438
2538.609375	29234.906250
2535.577148	28721.087891
2532.542969	28615.632813
2529.507813	28439.429688
2526.471680	28019.685547
2523.433594	27915.492188
2520.393555	27761.208984
2517.353516	27526.490234
2514.310547	27490.023438
2511.267578	27328.728516
2508.222656	27088.755859
2505.175781	26981.939453
2502.127930	26647.998047
2499.079102	26407.001953
2496.028320	25919.544922
2492.976563	25751.990234
2489.922852	25695.115234
2486.868164	25288.015625
2483.812500	25173.310547
2480.754883	25017.001953
2477.695313	24833.861328
2474.634766	24387.029297
2471.573242	24273.734375
2468.509766	23975.273438
2465.445313	23874.492188
2462.378906	23520.214844
2459.311523	23375.710938
2456.242188	23051.300781
2453.171875	22862.345703
2450.100586	22531.945313
2447.027344	22252.279297
2443.953125	21958.226563
2440.876953	21841.617188
2437.799805	21605.689453
2434.720703	21562.416016
2431.640625	21365.777344
2428.558594	21028.970703
2425.475586	20783.285156
2422.390625	20545.923828
2419.304688	20431.103516
2416.217773	20105.849609
2413.128906	19931.431641
2410.038086	19733.708984
2406.946289	19609.746094
2403.853516	19305.652344
2400.758789	19050.306641
2397.663086	18890.476563
2394.565430	18414.396484
2391.466797	18455.068359
2388.366211	18244.916016
2385.264648	17906.796875
2382.161133	17922.654297
2379.056641	17629.277344
2375.950195	17425.505859
2372.842773	17304.783203
2369.734375	16989.566406
2366.624023	16682.675781
2363.511719	16498.177734
2360.398438	16387.720703
2357.284180	16270.940430
2354.167969	16013.066406
2351.049805	15828.398438
2347.930664	15622.255859
2344.810547	15278.503906
2341.688477	15308.223633
2338.564453	15100.193359
2335.439453	14862.751953
2332.313477	14728.680664
2329.185547	14665.064453
2326.056641	14215.634766
2322.925781	14327.185547
2319.792969	13964.522461
2316.660156	13934.869141
2313.524414	13602.222656
2310.387695	13511.384766
2307.250000	13351.316406
2304.110352	13096.634766
2300.969727	13052.309570
2297.827148	12920.510742
2294.682617	12762.589844
2291.537109	12634.219727
2288.390625	12412.222656
2285.242188	12311.125977
2282.092773	12159.324219
2278.941406	11980.686523
2275.788086	11837.895508
2272.633789	11589.820313
2269.478516	11533.688477
2266.321289	11384.167969
2263.162109	11195.209961
2260.001953	10997.724609
2256.840820	10871.584961
2253.676758	10831.707031
2250.512695	10614.118164
2247.346680	10420.418945
2244.178711	10331.076172
2241.009766	10116.384766
2237.838867	10122.668945
2234.666992	9858.618164
2231.493164	9714.549805
2228.318359	9635.966797
2225.141602	9390.607422
2221.963867	9298.083984
2218.784180	9281.126953
2215.602539	9110.145508
2212.419922	8938.537109
2209.236328	8948.458008
2206.050781	8821.028320
2202.863281	8590.172852
2199.674805	8454.401367
2196.485352	8450.413086
2193.292969	8240.416016
2190.100586	8254.534180
2186.905273	8100.383301
2183.709961	7983.921387
2180.511719	7891.802734
2177.312500	7878.696289
2174.112305	7746.873047
2170.910156	7588.626953
2167.706055	7428.967285
2164.500977	7329.514648
2161.294922	7280.828613
2158.085938	7130.104492
2154.876953	7087.005859
2151.665039	7008.133789
2148.452148	6829.732422
2145.238281	6711.385742
2142.022461	6743.964355
2138.804688	6597.015625
2135.585938	6512.336426
2132.365234	6422.301270
2129.143555	6277.258789
2125.919922	6313.056641
2122.695313	6076.726074
2119.468750	6087.011230
2116.240234	5971.048340
2113.010742	5815.715332
2109.780273	5805.212891
2106.546875	5745.997559
2103.312500	5681.425293
2100.077148	5613.821777
2096.839844	5550.914551
2093.600586	5408.561035
2090.360352	5363.551758
2087.119141	5238.384277
2083.875000	5196.578125
2080.629883	5109.355469
2077.383789	5036.845215
2074.135742	5020.588379
2070.885742	4922.029297
2067.634766	4833.558594
2064.381836	4815.110840
2061.127930	4709.871582
2057.871094	4653.104980
2054.614258	4561.854492
2051.355469	4460.717285
2048.094727	4442.482422
2044.832031	4414.300781
2041.568359	4309.543945
2038.303711	4292.168457
2035.037109	4195.985352
2031.768555	4115.190430
2028.498047	4125.451660
2025.226563	4050.878174
2021.954102	3899.230225
2018.678711	3879.037842
2015.403320	3832.918945
2012.125000	3741.843018
2008.845703	3674.485840
2005.564453	3672.721680
2002.282227	3610.790527
1998.998047	3531.408936
1995.712891	3520.581299
1992.424805	3435.232666
1989.136719	3331.721191
1985.845703	3318.721680
1982.553711	3241.183350
1979.260742	3228.996582
1975.964844	3147.780029
1972.667969	3106.073242
1969.370117	3049.246094
1966.070313	2994.745361
1962.768555	2979.671631
1959.465820	2924.497803
1956.161133	2867.106445
1952.854492	2759.864990
1949.546875	2786.496094
1946.237305	2744.359131
1942.925781	2712.077148
1939.613281	2679.825439
1936.298828	2589.522461
1932.982422	2586.762451
1929.665039	2506.386230
1926.346680	2570.702637
1923.025391	2543.861816
1919.703125	2466.629883
1916.378906	2396.992676
1913.053711	2420.639404
1909.726563	2280.459717
1906.397461	2340.187012
1903.067383	2288.758057
1899.735352	2202.114258
1896.401367	2236.292480
1893.066406	2190.982666
1889.729492	2109.754150
1886.390625	2095.250244
1883.050781	2062.047852
1879.708984	2090.969971
1876.365234	2027.890381
1873.020508	1978.324097
1869.673828	1957.939087
1866.326172	1915.173462
1862.975586	1938.868652
1859.624023	1897.644165
1856.271484	1834.837769
1852.916016	1854.063965
1849.559570	1772.717529
1846.202148	1788.231445
1842.841797	1732.294678
1839.480469	1701.699341
1836.118164	1714.249634
1832.752930	1581.897339
1829.386719	1635.338745
1826.018555	1613.755249
1822.649414	1569.934204
1819.278320	1538.020508
1815.905273	1548.386230
1812.531250	1471.321411
1809.154297	1423.210205
1805.777344	1461.739624
1802.397461	1381.129639
1799.016602	1381.192261
1795.633789	1359.083252
1792.249023	1349.552856
1788.863281	1315.666870
1785.475586	1306.165894
1782.085938	1280.446899
1778.694336	1265.810913
1775.301758	1210.661499
1771.907227	1233.634521
1768.510742	1233.764282
1765.113281	1212.555908
1761.713867	1168.570068
1758.312500	1118.011719
1754.910156	1123.338867
1751.505859	1097.818604
1748.099609	1115.626953
1744.691406	1044.651245
1741.282227	1060.267578
1737.871094	1037.025513
1734.458008	999.155457
1731.042969	1011.841248
1727.626953	1012.805298
1724.208984	1013.036621
1720.790039	943.815308
1717.368164	951.386719
1713.945313	917.320251
1710.520508	919.056580
1707.093750	920.061157
1703.666016	908.666809
1700.236328	858.651306
1696.804688	856.768982
1693.371094	841.780823
1689.936523	857.375732
1686.500000	827.124695
1683.061523	775.817322
1679.622070	793.600891
1676.179688	780.132202
1672.736328	765.224426
1669.291016	756.862061
1665.844727	756.486023
1662.396484	740.886292
1658.945313	704.289001
1655.494141	689.454346
1652.040039	690.558960
1648.584961	677.192261
1645.126953	681.916931
1641.668945	664.953430
1638.208008	606.828796
1634.745117	616.635010
1631.281250	619.214233
1627.815430	602.314636
1624.347656	617.154480
1620.878906	585.139221
1617.408203	575.483643
1613.935547	543.520691
1610.460938	585.701599
1606.984375	550.169128
1603.506836	553.487976
1600.027344	548.181763
1596.545898	518.465393
1593.062500	514.617065
1589.577148	488.533661
1586.090820	503.346161
1582.602539	495.210541
1579.112305	459.863525
1575.620117	471.087799
1572.126953	471.566895
1568.630859	467.753998
1565.133789	437.494843
1561.634766	423.699432
1558.133789	446.338989
1554.631836	407.570190
1551.127930	416.639648
1547.621094	434.969604
1544.114258	386.999298
1540.604492	403.188324
1537.092773	386.609406
1533.580078	379.298218
1530.065430	363.458984
1526.548828	367.541077
1523.030273	350.302307
1519.509766	353.676392
1515.988281	328.653534
1512.463867	339.839050
1508.938477	326.903137
1505.411133	328.155334
1501.882813	326.572510
1498.351563	307.998138
1494.818359	301.473022
1491.284180	308.393585
1487.748047	296.218872
1484.209961	281.229919
1480.669922	293.093536
1477.128906	277.415222
1473.584961	274.452301
1470.040039	262.324982
1466.493164	273.468781
1462.944336	258.536194
1459.393555	261.221130
1455.840820	237.864807
1452.287109	243.370850
1448.730469	252.386307
1445.172852	240.312424
1441.613281	228.250732
1438.051758	219.710983
1434.488281	208.373459
1430.922852	218.785721
1427.356445	207.460022
1423.787109	198.947876
1420.216797	192.544800
1416.644531	221.138443
1413.070313	208.435364
1409.494141	185.957916
1405.916016	186.561523
1402.336914	180.180664
1398.754883	175.900314
1395.171875	180.693848
1391.585938	187.574280
1387.999023	178.417847
1384.410156	176.236588
1380.819336	163.614029
1377.226563	155.179581
1373.632813	142.580627
1370.036133	171.008850
1366.438477	162.583359
1362.837891	154.860901
1359.236328	161.028015
1355.632813	151.926682
1352.027344	142.834641
1348.419922	139.296005
1344.810547	142.687515
1341.199219	135.690964
1337.585938	138.388763
1333.970703	129.326736
1330.354492	120.965233
1326.735352	139.556351
1323.115234	118.768768
1319.493164	111.805801
1315.869141	115.886810
1312.242188	113.069084
1308.614258	113.699661
1304.984375	123.971786
1301.353516	117.712196
1297.719727	99.074699
1294.083984	100.398666
1290.446289	98.971992
1286.807617	100.981491
1283.166016	93.376556
1279.523438	93.328072
1275.877930	87.106667
1272.231445	95.287674
1268.582031	94.552956
1264.931641	78.753143
1261.279297	80.765518
1257.625000	81.407562
1253.968750	83.416382
1250.310547	80.639374
1246.650391	81.963387
1242.988281	78.507271
1239.324219	70.278519
1235.658203	70.241829
1231.990234	64.752312
1228.320313	72.212196
1224.648438	68.089096
1220.975586	68.053490
1217.299805	66.657524
1213.622070	64.583160
1209.943359	70.664536
1206.261719	63.157291
1202.578125	69.911728
1198.893555	63.091080
1195.206055	62.379932
1191.517578	54.214947
1187.826172	58.250462
1184.133789	64.312630
1180.438477	60.895729
1176.742188	51.396019
1173.042969	54.748516
1169.342773	47.964180
1165.639648	54.690880
1161.935547	56.686588
1158.228516	55.307739
1154.520508	43.818378
1150.809570	45.816582
1147.097656	49.159485
1143.382813	51.825771
1139.666992	50.452976
1135.948242	54.460415
1132.227539	53.087624
1128.505859	47.014778
1124.781250	37.591911
1121.055664	43.610363
1117.327148	42.246109
1113.596680	40.883282
1109.865234	34.162975
1106.130859	37.492382
1102.394531	34.126724
1098.657227	35.446190
1094.916992	36.764236
1091.174805	40.753208
1087.430664	35.389690
1083.684570	38.707733
1079.936523	35.352028
1076.186523	35.999863
1072.434570	33.981754
1068.680664	41.289127
1064.924805	25.292742
1061.166992	24.614000
1057.406250	35.239067
1053.644531	34.555710
1049.880859	31.216354
1046.114258	27.216728
1042.346680	31.846441
1038.576172	26.524496
1034.803711	32.475109
1031.030273	28.483297
1027.253906	31.116220
1023.475586	24.482611
1019.695313	27.114824
1015.913086	28.422234
1012.128906	23.121952
1008.342773	29.051977
1004.553711	22.437187
