4046.277344	203.344772
4043.892578	221.163635
4041.505859	221.076462
4039.119141	222.036621
4036.731445	221.949036
4034.342773	234.419647
4031.952148	234.327103
4029.561523	234.234558
4027.169922	237.277847
4024.777344	225.690567
4022.383789	247.534790
4019.989258	228.644211
4017.593750	241.077240
4015.197266	236.808960
4012.799805	246.100372
4010.401367	243.918121
4008.001953	249.031326
4005.601563	242.683258
4003.201172	263.409943
4000.798828	270.590576
3998.395508	260.079987
3995.991211	252.697372
3993.585938	272.347412
3991.180664	262.887482
3988.773438	280.440338
3986.365234	258.525482
3983.957031	293.709290
3981.546875	284.255585
3979.135742	296.586639
3976.724609	271.590057
3974.311523	280.807587
3971.898438	290.017700
3969.483398	316.821594
3967.068359	290.821472
3964.651367	292.774536
3962.234375	297.828339
3959.815430	322.518585
3957.396484	300.690491
3954.975586	328.458344
3952.554688	312.839966
3950.131836	318.907288
3947.708984	329.096252
3945.284180	327.933380
3942.859375	314.401428
3940.432617	351.370392
3938.005859	333.719696
3935.577148	366.532806
3933.148438	333.452362
3930.718750	356.980194
3928.287109	369.177216
3925.855469	372.112946
3923.421875	361.688385
3920.988281	389.275208
3918.552734	358.317902
3916.117188	373.568268
3913.680664	388.806274
3911.242188	404.031891
3908.803711	389.518738
3906.363281	387.312775
3903.922852	392.278046
3901.480469	402.358276
3899.038086	392.985657
3896.593750	408.172180
3894.149414	390.623932
3891.703125	393.532959
3889.256836	425.048584
3886.808594	420.791779
3884.360352	433.894043
3881.910156	422.493256
3879.459961	413.141724
3877.007813	435.408081
3874.555664	445.424957
3872.101563	438.112854
3869.646484	460.341736
3867.191406	471.354034
3864.734375	459.969391
3862.277344	459.783264
3859.818359	477.899658
3857.358398	478.722534
3854.897461	460.240875
3852.436523	493.568268
3849.973633	526.868469
3847.509766	470.843628
3845.044922	529.484253
3842.579102	520.144043
3840.113281	525.000488
3837.645508	509.590790
3835.176758	560.018372
3832.707031	539.545288
3830.236328	569.682007
3827.764648	565.404602
3825.291992	577.307190
3822.818359	577.072327
3820.343750	566.735291
3817.868164	584.681213
3815.390625	597.565308
3812.913086	612.456726
3810.434570	609.181458
3807.955078	591.794312
3805.473633	587.521973
3802.992188	625.561523
3800.509766	647.458801
3798.025391	649.207642
3795.541016	640.893677
3793.054688	659.740295
3790.568359	662.486694
3788.080078	688.342834
3785.591797	661.945313
3783.101563	672.719299
3780.610352	690.509766
3778.119141	666.149597
3775.625977	693.956116
3773.131836	737.778320
3770.636719	749.500244
3768.140625	708.127808
3765.643555	747.885010
3763.145508	741.573853
3760.646484	793.288696
3758.146484	768.964417
3755.645508	782.642578
3753.143555	815.292786
3750.639648	787.992554
3748.135742	812.626770
3745.630859	814.288757
3743.124023	817.944153
3740.617188	853.502930
3738.108398	843.185303
3735.599609	877.707703
3733.088867	839.504211
3730.577148	880.967346
3728.064453	884.584839
3725.551758	895.161438
3723.037109	921.636536
3720.521484	894.424072
3718.004883	938.758240
3715.487305	940.357178
3712.967773	972.724365
3710.448242	961.409302
3707.927734	978.864197
3705.406250	965.572693
3702.882813	955.264648
3700.359375	943.974304
3697.833984	946.554688
3695.308594	1020.391846
3692.781250	1006.119812
3690.252930	1032.403931
3687.723633	1043.838745
3685.193359	1089.846313
3682.662109	1081.494019
3680.129883	1080.059082
3677.596680	1072.703857
3675.062500	1108.757813
3672.527344	1117.172729
3669.990234	1103.896606
3667.453125	1141.862305
3664.915039	1149.267212
3662.375000	1121.227417
3659.833984	1187.673340
3657.292969	1213.737061
3654.750000	1249.610474
3652.206055	1271.695068
3649.661133	1205.349121
3647.115234	1238.234375
3644.568359	1240.664307
3642.019531	1291.167358
3639.470703	1306.321899
3636.920898	1338.128906
3634.369141	1317.973877
3631.817383	1370.318237
3629.263672	1357.019531
3626.708984	1429.855591
3624.153320	1436.107910
3621.596680	1403.239868
3619.039063	1435.888550
3616.480469	1427.473511
3613.920898	1463.990723
3611.360352	1478.023560
3608.797852	1509.609253
3606.235352	1536.290894
3603.670898	1528.824341
3601.105469	1565.221069
3598.540039	1579.180176
3595.972656	1587.284424
3593.404297	1604.141968
3590.834961	1631.687744
3588.264648	1640.731079
3585.692383	1685.736572
3583.120117	1741.393311
3580.545898	1718.323242
3577.971680	1757.412720
3575.395508	1751.823975
3572.818359	1805.417603
3570.240234	1793.994141
3567.661133	1815.536621
3565.081055	1849.656372
3562.500000	1908.928223
3559.917969	1892.637817
3557.333984	1923.777710
3554.750000	1960.694580
3552.164063	1934.732544
3549.577148	1992.875122
3546.989258	2046.138062
3544.400391	2015.342773
3541.810547	2045.384155
3539.219727	2119.782959
3536.626953	2116.962646
3534.034180	2131.497070
3531.439453	2153.727539
3528.844727	2173.049072
3526.248047	2259.751465
3523.650391	2221.265625
3521.051758	2290.557129
3518.451172	2359.789795
3515.850586	2338.610107
3513.249023	2363.565918
3510.645508	2366.411133
3508.041016	2423.972412
3505.436523	2459.414307
3502.830078	2551.416992
3500.222656	2529.247070
3497.613281	2571.305908
3495.003906	2609.496826
3492.393555	2580.625244
3489.781250	2658.979004
3487.167969	2678.903809
3484.553711	2792.532959
3481.938477	2793.264160
3479.322266	2828.393311
3476.705078	2860.626465
3474.086914	2934.839600
3471.466797	2952.684082
3468.845703	2953.341797
3466.224609	3042.675293
3463.601563	3139.557129
3460.977539	3118.220215
3458.351563	3166.418457
3455.725586	3165.076172
3453.098633	3286.477539
3450.469727	3289.839111
3447.839844	3386.364746
3445.208984	3422.939209
3442.577148	3494.627441
3439.944336	3492.194336
3437.310547	3500.202148
3434.674805	3567.968506
3432.039063	3567.400879
3429.401367	3719.439697
3426.762695	3765.231689
3424.123047	3713.436279
3421.481445	3810.309570
3418.839844	3906.153320
3416.197266	3879.898682
3413.552734	4075.846924
3410.907227	4001.342773
3408.260742	4098.826660
3405.613281	4129.185059
3402.963867	4182.168945
3400.314453	4173.782227
3397.663086	4212.553711
3395.011719	4286.168457
3392.358398	4406.831055
3389.704102	4389.881348
3387.047852	4518.867188
3384.391602	4532.936035
3381.733398	4583.675781
3379.075195	4626.849121
3376.415039	4724.494141
3373.753906	4722.475586
3371.090820	4825.627930
3368.427734	4911.795410
3365.762695	4977.247070
3363.097656	4971.367188
3360.430664	5114.540039
3357.762695	5199.493652
3355.092773	5250.655273
3352.422852	5326.113281
3349.750977	5368.751465
3347.079102	5455.316406
3344.405273	5504.404785
3341.729492	5657.191406
3339.053711	5747.252930
3336.376953	5809.221680
3333.698242	5946.741699
3331.018555	5947.923340
3328.337891	6091.790527
3325.656250	6195.447754
3322.973633	6272.923828
3320.289063	6256.259277
3317.604492	6514.254395
3314.917969	6501.219727
3312.230469	6661.212402
3309.541016	6669.507324
3306.851563	6742.851563
3304.160156	6947.121094
3301.467773	6877.273438
3298.774414	6925.366211
3296.080078	7185.884277
3293.384766	7256.057129
3290.687500	7407.744141
3287.990234	7491.655762
3285.291016	7514.362793
3282.589844	7605.558594
3279.888672	7680.016113
3277.186523	7793.257813
3274.482422	7852.771973
3271.777344	7797.629395
3269.071289	8128.688477
3266.364258	8338.492188
3263.655273	8358.891602
3260.945313	8496.445313
3258.234375	8501.999023
3255.522461	8692.833008
3252.809570	8772.006836
3250.095703	8864.003906
3247.379883	8898.839844
3244.663086	8984.256836
3241.945313	9161.580078
3239.226563	9277.144531
3236.505859	9418.340820
3233.784180	9543.793945
3231.061523	9543.336914
3228.337891	9777.846680
3225.613281	9884.625000
3222.886719	10004.145508
3220.160156	10107.977539
3217.431641	10221.795898
3214.702148	10364.819336
3211.970703	10450.041992
3209.239258	10569.959961
3206.505859	10808.678711
3203.771484	10882.617188
3201.035156	11014.063477
3198.298828	11229.432617
3195.560547	11435.480469
3192.821289	11477.974609
3190.081055	11545.972656
3187.339844	11857.384766
3184.596680	11972.550781
3181.853516	12068.479492
3179.108398	12233.535156
3176.361328	12423.932617
3173.614258	12573.214844
3170.865234	12766.929688
3168.115234	12901.379883
3165.364258	13019.351563
3162.612305	13099.975586
3159.858398	13325.794922
3157.104492	13507.852539
3154.347656	13514.667969
3151.590820	13801.659180
3148.833008	14008.637695
3146.073242	14219.054688
3143.312500	14402.118164
3140.550781	14662.862305
3137.787109	14764.133789
3135.023438	14788.439453
3132.257813	15049.565430
3129.491211	15141.486328
3126.722656	15518.733398
3123.954102	15522.789063
3121.183594	15692.879883
3118.412109	15895.290039
3115.638672	15954.160156
3112.865234	16140.047852
3110.089844	16293.338867
3107.313477	16513.123047
3104.536133	16423.994141
3101.756836	16696.597656
3098.976563	17029.208984
3096.195313	17085.574219
3093.413086	17136.492188
3090.628906	17323.869141
3087.844727	17464.396484
3085.058594	17693.628906
3082.270508	18102.033203
3079.482422	18245.605469
3076.692383	18386.359375
3073.901367	18681.046875
3071.109375	18836.695313
3068.315430	18993.992188
3065.520508	19050.062500
3062.724609	19291.166016
3059.927734	19507.919922
3057.128906	19554.740234
3054.329102	19834.578125
3051.528320	20002.591797
3048.726563	20270.376953
3045.922852	20476.386719
3043.118164	20536.912109
3040.312500	20898.539063
3037.505859	20942.781250
3034.697266	21216.656250
3031.887695	21449.353516
3029.077148	21630.250000
3026.264648	21934.558594
3023.452148	21964.888672
3020.637695	22142.634766
3017.821289	22622.984375
3015.004883	22606.800781
3012.186523	22949.009766
3009.367188	23316.625000
3006.545898	23294.818359
3003.724609	23649.539063
3000.901367	23904.761719
2998.077148	24169.488281
2995.250977	24162.357422
2992.423828	24332.982422
2989.595703	24618.363281
2986.766602	25226.871094
2983.935547	24870.400391
2981.104492	25445.582031
2978.270508	25419.333984
2975.436523	25691.218750
2972.600586	26180.617188
2969.763672	26184.017578
2966.925781	26209.427734
2964.085938	26472.529297
2961.245117	26696.666016
2958.403320	26763.136719
2955.560547	27111.789063
2952.715820	27157.787109
2949.870117	27405.791016
2947.023438	27641.273438
2944.174805	27746.634766
2941.325195	28073.861328
2938.474609	28170.152344
2935.622070	28204.990234
2932.768555	28360.699219
2929.914063	28746.593750
2927.058594	28724.203125
2924.201172	29046.576172
2921.342773	29063.412109
2918.483398	29210.486328
2915.622070	29489.369141
2912.759766	29891.150391
2909.896484	29942.470703
2907.032227	30067.912109
2904.166016	30162.703125
2901.298828	30587.849609
2898.429688	30502.777344
2895.559570	30586.767578
2892.688477	30997.199219
2889.816406	31060.857422
2886.942383	31388.048828
2884.067383	31568.851563
2881.191406	31549.570313
2878.314453	31963.826172
2875.435547	32104.154297
2872.554688	32406.667969
2869.673828	32595.242188
2866.791016	33139.207031
2863.907227	32816.687500
2861.021484	33285.535156
2858.134766	33465.546875
2855.247070	33543.234375
2852.358398	33757.562500
2849.467773	34029.636719
2846.576172	34113.855469
2843.682617	34252.429688
2840.789063	34695.777344
2837.893555	34801.140625
2834.996094	35078.128906
2832.097656	35176.304688
2829.198242	35398.539063
2826.297852	35388.730469
2823.395508	35515.027344
2820.492188	35679.949219
2817.587891	35812.007813
2814.681641	35742.628906
2811.774414	35856.460938
2808.866211	35987.371094
2805.956055	36220.390625
2803.044922	36765.773438
2800.131836	36545.851563
2797.218750	36773.125000
2794.303711	36851.820313
2791.386719	36576.402344
2788.468750	36823.886719
2785.549805	37071.996094
2782.629883	36969.738281
2779.708008	37090.898438
2776.785156	37101.601563
2773.860352	37440.566406
2770.935547	37527.132813
2768.007813	37416.304688
2765.080078	37330.324219
2762.150391	37260.621094
2759.219727	37654.996094
2756.287109	37632.933594
2753.353516	37494.125000
2750.418945	37747.273438
2747.482422	37851.179688
2744.544922	37865.621094
2741.606445	37894.496094
2738.666016	37874.015625
2735.724609	38128.914063
2732.782227	37862.808594
2729.837891	37945.082031
2726.892578	38128.273438
2723.945313	38295.167969
2720.997070	38218.523438
2718.047852	38509.804688
2715.097656	38181.480469
2712.145508	38341.226563
2709.191406	38437.332031
2706.237305	38419.964844
2703.281250	38348.476563
2700.323242	38528.097656
2697.364258	38383.089844
2694.404297	38324.347656
2691.443359	38274.085938
2688.480469	38314.144531
2685.515625	38144.988281
2682.550781	38104.957031
2679.583984	38408.750000
2676.615234	38285.226563
2673.646484	38030.468750
2670.674805	38249.699219
2667.703125	38045.628906
2664.729492	37920.765625
2661.754883	37869.953125
2658.778320	37629.343750
2655.800781	37570.289063
2652.821289	37441.625000
2649.840820	37430.500000
2646.859375	37377.449219
2643.876953	37026.085938
2640.892578	37165.074219
2637.906250	37246.152344
2634.918945	37104.523438
2631.930664	36579.031250
2628.941406	36815.761719
2625.950195	36379.449219
2622.957031	36220.878906
2619.963867	36338.003906
2616.967773	36052.707031
2613.971680	35878.613281
2610.973633	35861.441406
2607.974609	35471.695313
2604.973633	35436.375000
2601.971680	35120.433594
2598.967773	35275.894531
2595.962891	34905.382813
2592.957031	34654.117188
2589.949219	34755.515625
2586.940430	34071.648438
2583.929688	34125.859375
2580.917969	34002.371094
2577.905273	33898.894531
2574.890625	33743.253906
2571.875000	33614.273438
2568.857422	33414.140625
2565.838867	33059.304688
2562.819336	32918.363281
2559.797852	32676.589844
2556.775391	32179.462891
2553.750977	32172.181641
2550.725586	31882.296875
2547.698242	31780.980469
2544.669922	31441.162109
2541.640625	31401.183594
2538.609375	31091.521484
2535.577148	30803.568359
2532.542969	30726.000000
2529.507813	30771.218750
2526.471680	30277.957031
2523.433594	29961.240234
2520.393555	29763.248047
2517.353516	29474.990234
2514.310547	29519.808594
2511.267578	29241.765625
2508.222656	28965.609375
2505.175781	28670.824219
2502.127930	28483.753906
2499.079102	28250.113281
2496.028320	27865.886719
2492.976563	27479.548828
2489.922852	27505.390625
2486.868164	27124.464844
2483.812500	26878.851563
2480.754883	26708.677734
2477.695313	26545.189453
2474.634766	26216.015625
2471.573242	25869.175781
2468.509766	25690.767578
2465.445313	25362.416016
2462.378906	25208.849609
2459.311523	25054.601563
2456.242188	24615.371094
2453.171875	24377.654297
2450.100586	24143.404297
2447.027344	23984.205078
2443.953125	23554.376953
2440.876953	23279.357422
2437.799805	23179.244141
2434.720703	22940.363281
2431.640625	22730.916016
2428.558594	22442.152344
2425.475586	22200.677734
2422.390625	21858.107422
2419.304688	21721.617188
2416.217773	21375.521484
2413.128906	21270.931641
2410.038086	21049.935547
2406.946289	20955.283203
2403.853516	20490.535156
2400.758789	20266.146484
2397.663086	20072.644531
2394.565430	19822.818359
2391.466797	19587.736328
2388.366211	19377.865234
2385.264648	19171.404297
2382.161133	19033.607422
2379.056641	18681.734375
2375.950195	18710.888672
2372.842773	18279.031250
2369.734375	18137.857422
2366.624023	17746.039063
2363.511719	17711.277344
2360.398438	17552.880859
2357.284180	17342.453125
2354.167969	17287.853516
2351.049805	16885.281250
2347.930664	16665.021484
2344.810547	16518.666016
2341.688477	16398.064453
2338.564453	16161.512695
2335.439453	15973.977539
2332.313477	15810.601563
2329.185547	15580.232422
2326.056641	15313.324219
2322.925781	15223.931641
2319.792969	15025.271484
2316.660156	14794.081055
2313.524414	14580.645508
2310.387695	14498.914063
2307.250000	14371.048828
2304.110352	14189.945313
2300.969727	13875.291992
2297.827148	13735.153320
2294.682617	13609.453125
2291.537109	13372.593750
2288.390625	13219.367188
2285.242188	12994.813477
2282.092773	12836.340820
2278.941406	12897.761719
2275.788086	12636.391602
2272.633789	12460.860352
2269.478516	12276.774414
2266.321289	12051.681641
2263.162109	11940.766602
2260.001953	11792.769531
2256.840820	11667.837891
2253.676758	11404.708984
2250.512695	11202.650391
2247.346680	11105.795898
2244.178711	11001.135742
2241.009766	10847.661133
2237.838867	10677.767578
2234.666992	10645.952148
2231.493164	10447.159180
2228.318359	10319.413086
2225.141602	10172.109375
2221.963867	9987.967773
2218.784180	9866.897461
2215.602539	9784.447266
2212.419922	9439.704102
2209.236328	9506.706055
2206.050781	9408.050781
2202.863281	9164.367188
2199.674805	9002.452148
2196.485352	9007.609375
2193.292969	8885.079102
2190.100586	8793.979492
2186.905273	8609.836914
2183.709961	8483.747070
2180.511719	8458.629883
2177.312500	8336.632813
2174.112305	8310.040039
2170.910156	8049.253418
2167.706055	8022.816406
2164.500977	7785.805664
2161.294922	7803.950684
2158.085938	7521.286621
2154.876953	7539.533691
2151.665039	7392.717285
2148.452148	7291.947266
2145.238281	7191.270020
2142.022461	7079.802246
2138.804688	7024.383789
2135.585938	6951.152344
2132.365234	6831.409668
2129.143555	6774.628418
2125.919922	6653.527344
2122.695313	6604.631348
2119.468750	6559.653320
2116.240234	6337.365723
2113.010742	6286.360352
2109.780273	6229.984863
2106.546875	6079.311523
2103.312500	5993.710449
2100.077148	5946.046387
2096.839844	5833.557129
2093.600586	5840.041992
2090.360352	5642.067383
2087.119141	5696.444336
2083.875000	5534.178223
2080.629883	5469.907227
2077.383789	5374.894043
2074.135742	5315.374023
2070.885742	5234.368164
2067.634766	5106.532715
2064.381836	5051.062988
2061.127930	4962.611328
2057.871094	4970.222168
2054.614258	4844.284180
2051.355469	4766.791992
2048.094727	4748.411133
2044.832031	4673.334473
2041.568359	4602.923828
2038.303711	4524.157227
2035.037109	4472.248047
2031.768555	4424.977051
2028.498047	4342.580566
2025.226563	4184.608398
2021.954102	4200.933594
2018.678711	4118.757813
2015.403320	4068.708740
2012.125000	3992.773926
2008.845703	3938.255859
2005.564453	3873.883057
2002.282227	3793.576904
1998.998047	3701.166260
1995.712891	3673.517822
1992.424805	3661.865234
1989.136719	3608.414307
1985.845703	3532.979980
1982.553711	3407.495361
1979.260742	3443.807617
1975.964844	3318.483887
1972.667969	3288.827881
1969.370117	3263.746826
1966.070313	3156.111572
1962.768555	3172.763428
1959.465820	3068.300781
1956.161133	3025.969971
1952.854492	2976.117676
1949.546875	2980.727051
1946.237305	2907.524902
1942.925781	2847.983154
1939.613281	2884.340332
1936.298828	2796.955566
1932.982422	2758.660400
1929.665039	2770.136963
1926.346680	2691.969482
1923.025391	2651.518555
1919.703125	2556.175049
1916.378906	2564.714600
1913.053711	2531.146729
1909.726563	2463.046631
1906.397461	2475.371094
1903.067383	2373.582520
1899.735352	2358.175537
1896.401367	2331.533691
1893.066406	2316.909668
1889.729492	2267.086670
1886.390625	2244.269043
1883.050781	2218.479004
1879.708984	2145.582031
1876.365234	2098.178467
1873.020508	2079.220947
1869.673828	2072.980225
1866.326172	2061.518066
1862.975586	1977.675903
1859.624023	2018.484741
1856.271484	1966.802856
1852.916016	1914.425415
1849.559570	1890.402100
1846.202148	1859.701172
1842.841797	1822.332397
1839.480469	1802.105591
1836.118164	1758.852783
1832.752930	1768.396240
1829.386719	1696.236938
1826.018555	1707.284790
1822.649414	1648.579346
1819.278320	1621.818115
1815.905273	1621.024780
1812.531250	1580.966675
1809.154297	1523.175537
1805.777344	1502.446289
1802.397461	1500.970581
1799.016602	1489.883545
1795.633789	1422.640259
1792.249023	1429.329346
1788.863281	1424.198364
1785.475586	1391.767822
1782.085938	1360.843628
1778.694336	1344.693726
1775.301758	1275.505249
1771.907227	1284.452881
1768.510742	1300.752686
1765.113281	1286.133301
1761.713867	1220.048950
1758.312500	1183.431152
1754.910156	1184.317993
1751.505859	1197.687012
1748.099609	1159.664795
1744.691406	1123.146851
1741.282227	1152.656006
1737.871094	1127.169678
1734.458008	1089.255249
1731.042969	1083.592651
1727.626953	1076.471558
1724.208984	1034.979614
1720.790039	1011.073975
1717.368164	982.076599
1713.945313	996.928467
1710.520508	986.945557
1707.093750	963.109192
1703.666016	967.737427
1700.236328	932.270813
1696.804688	906.310059
1693.371094	915.327393
1689.936523	908.323364
1686.500000	871.499878
1683.061523	855.798523
1679.622070	855.373901
1676.179688	808.460999
1672.736328	825.484070
1669.291016	782.985779
1665.844727	773.167847
1662.396484	790.906982
1658.945313	741.967041
1655.494141	707.559753
1652.040039	708.655334
1648.584961	714.814026
1645.126953	699.272217
1641.668945	691.696106
1638.208008	704.354858
1634.745117	667.900940
1631.281250	692.105469
1627.815430	673.726746
1624.347656	651.040283
1620.878906	634.861694
1617.408203	610.776123
1613.935547	578.795593
1610.460938	570.591370
1606.984375	572.463562
1603.506836	567.864258
1600.027344	558.958618
1596.545898	550.061646
1593.062500	555.528015
1589.577148	533.011047
1586.090820	515.535461
1582.602539	513.843628
1579.112305	511.437012
1575.620117	501.157227
1572.126953	506.630310
1568.630859	494.932343
1565.133789	448.932617
1561.634766	472.285553
1558.133789	464.906677
1554.631836	428.983704
1551.127930	425.914154
1547.621094	421.421387
1544.114258	432.612457
1540.604492	429.545166
1537.092773	415.088928
1533.580078	423.419220
1530.065430	399.022491
1526.548828	392.422974
1523.030273	372.329437
1519.509766	394.157440
1515.988281	336.461700
1512.463867	373.184448
1508.938477	370.159302
1505.411133	360.049500
1501.882813	321.613708
1498.351563	339.860016
1494.818359	329.780365
1491.284180	306.271606
1487.748047	332.981110
1484.209961	312.320679
1480.669922	310.043549
1477.128906	303.533203
1473.584961	273.746765
1470.040039	286.300903
1466.493164	276.992859
1462.944336	276.852081
1459.393555	259.108856
1455.840820	269.533203
1452.287109	258.845306
1448.730469	252.386307
1445.172852	259.284454
1441.613281	257.045441
1438.051758	247.087112
1434.488281	254.678680
1430.922852	230.706741
1427.356445	213.067047
1423.787109	226.268173
1420.216797	219.151001
1416.644531	204.343124
1413.070313	220.325974
1409.494141	205.532425
1405.916016	203.331085
1402.336914	206.718903
1398.754883	192.652725
1395.171875	197.437668
1391.585938	190.363480
1387.999023	182.599518
1384.410156	170.663879
1380.819336	181.716003
1377.226563	184.406235
1373.632813	173.878815
1370.036133	181.436234
1366.438477	182.732590
1362.837891	164.583099
1359.236328	163.804367
1355.632813	157.476517
1352.027344	149.768356
1348.419922	147.612183
1344.810547	141.302200
1341.199219	153.690781
1337.585938	124.549889
1333.970703	150.074341
1330.354492	134.098602
1326.735352	146.465073
1323.115234	135.341156
1319.493164	126.299141
1315.869141	126.233849
1312.242188	118.584648
1308.614258	119.212372
1304.984375	115.018265
1301.353516	116.335449
1297.719727	117.651207
1294.083984	122.403854
1290.446289	103.783127
1286.807617	107.164024
1283.166016	97.496109
1279.523438	106.366547
1275.877930	106.997169
1272.231445	101.457375
1268.582031	92.497459
1264.931641	102.036682
1261.279297	91.716774
1257.625000	92.353119
1253.968750	88.886307
1250.310547	88.156601
1246.650391	96.306976
1242.988281	77.141930
1239.324219	85.289459
1235.658203	78.425339
1231.990234	74.976364
1228.320313	71.530945
1224.648438	76.940681
1220.975586	70.095093
1217.299805	72.779129
1213.622070	70.021736
1209.943359	78.818138
1206.261719	71.985733
1202.578125	62.445431
1198.893555	63.091080
1195.206055	65.092102
1191.517578	72.512489
1187.826172	65.023773
1184.133789	61.604733
1180.438477	63.602207
1176.742188	69.655128
1173.042969	60.831684
1169.342773	67.555183
1165.639648	51.990097
1161.935547	53.987225
1158.228516	54.633255
1154.520508	58.649216
1150.809570	61.987137
1147.097656	52.526573
1143.382813	43.075966
1139.666992	45.744034
1135.948242	52.443359
1132.227539	44.351685
1128.505859	45.671497
1124.781250	40.277050
1121.055664	46.965004
1117.327148	39.563816
1113.596680	50.936546
1109.865234	44.880772
1106.130859	44.187450
1102.394531	42.825691
1098.657227	46.815723
1094.916992	42.111763
1091.174805	48.770229
1087.430664	36.725151
1083.684570	37.372986
1079.936523	40.021164
1076.186523	39.999851
1072.434570	32.649136
1068.680664	36.627453
1064.924805	40.601505
1061.166992	37.253624
1057.406250	34.574181
1053.644531	37.878376
1049.880859	37.193954
1046.114258	35.182598
1042.346680	32.509907
1038.576172	33.818733
1034.803711	32.475109
1031.030273	28.483297
1027.253906	27.805983
1023.475586	32.422916
1019.695313	23.146801
1015.913086	29.083216
1012.128906	29.067596
1008.342773	27.071161
1004.553711	24.416939
