4046.277344	251.560532
4043.892578	254.705048
4041.505859	267.177704
4039.119141	272.309052
4036.731445	250.216125
4034.342773	257.442993
4031.952148	257.341370
4029.561523	275.016449
4027.169922	259.228668
4024.777344	276.888885
4022.383789	284.090576
4019.989258	276.669922
4017.593750	291.171204
4015.197266	285.839905
4012.799805	288.855103
4010.401367	273.104919
4008.001953	275.080627
4005.601563	296.844330
4003.201172	302.973480
4000.798828	314.301361
3998.395508	296.491180
3995.991211	316.131714
3993.585938	319.124634
3991.180664	318.997833
3988.773438	334.451080
3986.365234	340.547638
3983.957031	339.374359
3981.546875	317.453308
3979.135742	326.660095
3976.724609	356.591522
3974.311523	339.870453
3971.898438	367.701019
3969.483398	360.306915
3967.068359	353.953522
3964.651367	336.225189
3962.234375	362.978302
3959.815430	365.934540
3957.396484	367.855011
3954.975586	347.050323
3952.554688	370.658569
3950.131836	375.670715
3947.708984	385.837006
3945.284180	373.307800
3942.859375	400.990692
3940.432617	375.069855
3938.005859	398.609650
3935.577148	395.361206
3933.148438	425.048828
3930.718750	392.986847
3928.287109	414.424561
3925.855469	410.146576
3923.421875	398.679230
3920.988281	433.440979
3918.552734	432.240234
3916.117188	463.881470
3913.680664	428.815338
3911.242188	424.541138
3908.803711	439.746155
3906.363281	446.741730
3903.922852	464.998016
3901.480469	478.120392
3899.038086	468.717255
3896.593750	486.942261
3894.149414	482.655731
3891.703125	482.461182
3889.256836	483.288391
3886.808594	499.434906
3884.360352	501.275238
3881.910156	538.831970
3879.459961	524.332947
3877.007813	528.199951
3874.555664	514.735901
3872.101563	530.829773
3869.646484	556.076538
3867.191406	570.104248
3864.734375	570.891235
3862.277344	571.677429
3859.818359	556.193848
3857.358398	611.870422
3854.897461	575.047119
3852.436523	578.876343
3849.973633	629.399719
3847.509766	567.244812
3845.044922	614.688599
3842.579102	612.411316
3840.113281	659.797913
3837.645508	651.425232
3835.176758	622.805237
3832.707031	670.129395
3830.236328	646.584045
3827.764648	649.355530
3825.291992	657.179810
3822.818359	657.923096
3820.343750	684.931396
3817.868164	666.475952
3815.390625	704.561829
3812.913086	699.229858
3810.434570	730.210876
3807.955078	702.692749
3805.473633	687.289856
3802.992188	751.479675
3800.509766	740.096802
3798.025391	786.094849
3795.541016	737.480530
3793.054688	775.395996
3790.568359	779.100403
3788.080078	779.786926
3785.591797	800.562073
3783.101563	809.271240
3780.610352	829.013184
3778.119141	844.725830
3775.625977	851.399902
3773.131836	868.092407
3770.636719	853.708862
3768.140625	890.418152
3765.643555	882.043823
3763.145508	910.704712
3760.646484	887.322937
3758.146484	926.957153
3755.645508	952.564941
3753.143555	941.183533
3750.639648	940.797180
3748.135742	989.328186
3745.630859	988.921753
3743.124023	976.545532
3740.617188	994.091614
3738.108398	1027.569824
3735.599609	1012.203247
3733.088867	1037.678955
3730.577148	1071.097046
3728.064453	1063.690918
3725.551758	1073.199097
3723.037109	1034.976929
3720.521484	1033.556763
3718.004883	1090.747681
3715.487305	1096.255859
3712.967773	1117.640503
3710.448242	1107.257813
3707.927734	1136.553589
3705.406250	1132.119141
3702.882813	1158.406982
3700.359375	1164.862305
3697.833984	1217.847534
3695.308594	1215.364868
3692.781250	1189.140625
3690.252930	1249.960327
3687.723633	1229.673584
3685.193359	1257.819092
3682.662109	1265.199829
3680.129883	1294.293823
3677.596680	1314.481689
3675.062500	1311.964355
3672.527344	1348.889893
3669.990234	1325.661499
3667.453125	1368.461304
3664.915039	1389.559570
3662.375000	1420.483887
3659.833984	1382.502930
3657.292969	1441.927490
3654.750000	1403.968384
3652.206055	1449.575195
3649.661133	1473.531860
3647.115234	1490.594604
3644.568359	1498.808960
3642.019531	1530.563110
3639.470703	1543.656616
3636.920898	1534.191650
3634.369141	1546.292114
3631.817383	1579.930908
3629.263672	1556.754028
3626.708984	1596.231689
3624.153320	1610.240845
3621.596680	1674.109131
3619.039063	1656.794556
3616.480469	1705.933472
3613.920898	1722.801636
3611.360352	1767.966064
3608.797852	1757.470093
3606.235352	1758.687378
3603.670898	1771.603271
3601.105469	1788.406372
3598.540039	1812.988525
3595.972656	1822.942627
3593.404297	1836.781494
3590.834961	1870.067871
3588.264648	1923.749878
3585.692383	1900.585327
3583.120117	1950.321533
3580.545898	1981.559937
3577.971680	2033.161377
3575.395508	2003.193848
3572.818359	2078.995117
3570.240234	2088.791016
3567.661133	2115.056641
3565.081055	2124.827881
3562.500000	2141.370117
3559.917969	2228.569092
3557.333984	2210.215332
3554.750000	2266.357910
3552.164063	2306.982422
3549.577148	2350.471680
3546.989258	2320.502197
3544.400391	2357.188232
3541.810547	2367.780762
3539.219727	2386.082520
3536.626953	2498.884033
3534.034180	2524.826172
3531.439453	2503.527588
3528.844727	2554.488525
3526.248047	2542.822266
3523.650391	2632.218994
3521.051758	2612.832275
3518.451172	2625.194092
3515.850586	2700.984131
3513.249023	2730.591309
3510.645508	2758.251953
3508.041016	2765.728516
3505.436523	2805.823975
3502.830078	2860.272705
3500.222656	2888.787354
3497.613281	2898.110107
3495.003906	2927.541016
3492.393555	2969.394775
3489.781250	3034.184082
3487.167969	3078.825928
3484.553711	3106.214844
3481.938477	3139.315430
3479.322266	3177.164795
3476.705078	3239.814697
3474.086914	3302.410645
3471.466797	3291.469727
3468.845703	3429.348877
3466.224609	3474.618896
3463.601563	3458.850342
3460.977539	3441.188721
3458.351563	3514.010254
3455.725586	3630.556641
3453.098633	3661.368164
3450.469727	3638.891113
3447.839844	3799.915771
3445.208984	3854.370361
3442.577148	3892.629395
3439.944336	3967.884766
3437.310547	4004.162842
3434.674805	4005.308105
3432.039063	4152.484863
3429.401367	4148.824219
3426.762695	4237.069824
3424.123047	4169.920898
3421.481445	4218.320313
3418.839844	4293.172852
3416.197266	4357.555664
3413.552734	4451.191895
3410.907227	4472.922852
3408.260742	4507.859375
3405.613281	4568.259277
3402.963867	4592.740723
3400.314453	4692.674805
3397.663086	4729.338867
3395.011719	4748.060547
3392.358398	4798.800293
3389.704102	4900.354980
3387.047852	5004.645508
3384.391602	5071.204590
3381.733398	5135.823730
3379.075195	5185.343262
3376.415039	5287.448730
3373.753906	5319.948242
3371.090820	5393.735352
3368.427734	5460.887695
3365.762695	5588.965332
3363.097656	5664.413574
3360.430664	5703.236816
3357.762695	5767.324707
3355.092773	5863.200684
3352.422852	5965.546387
3349.750977	6028.499023
3347.079102	6171.840820
3344.405273	6124.316406
3341.729492	6293.660156
3339.053711	6400.265137
3336.376953	6422.733887
3333.698242	6573.058594
3331.018555	6542.249023
3328.337891	6601.926758
3325.656250	6679.263184
3322.973633	6760.258789
3320.289063	6873.782227
3317.604492	6913.656738
3314.917969	7009.331055
3312.230469	7099.339844
3309.541016	7158.585938
3306.851563	7265.178711
3304.160156	7327.085449
3301.467773	7404.723145
3298.774414	7433.096680
3296.080078	7557.936035
3293.384766	7641.859375
3290.687500	7684.920410
3287.990234	7850.254395
3285.291016	7964.502441
3282.589844	8065.687988
3279.888672	8106.632324
3277.186523	8204.889648
3274.482422	8413.089844
3271.777344	8402.068359
3269.071289	8598.913086
3266.364258	8787.274414
3263.655273	8789.020508
3260.945313	8895.019531
3258.234375	9032.279297
3255.522461	9270.819336
3252.809570	9274.186523
3250.095703	9450.701172
3247.379883	9502.775391
3244.663086	9655.108398
3241.945313	9890.090820
3239.226563	9984.194336
3236.505859	10056.155273
3233.784180	10114.272461
3231.061523	10275.179688
3228.337891	10341.406250
3225.613281	10414.912109
3222.886719	10543.374023
3220.160156	10822.053711
3217.431641	10821.029297
3214.702148	10944.560547
3211.970703	10963.618164
3209.239258	11164.754883
3206.505859	11362.055664
3203.771484	11378.154297
3201.035156	11675.710938
3198.298828	11834.157227
3195.560547	11899.327148
3192.821289	12037.453125
3190.081055	12118.892578
3187.339844	12293.271484
3184.596680	12525.831055
3181.853516	12713.541016
3179.108398	12740.799805
3176.361328	12859.971680
3173.614258	12937.181641
3170.865234	13210.775391
3168.115234	13339.577148
3165.364258	13422.827148
3162.612305	13554.141602
3159.858398	13706.220703
3157.104492	13909.893555
3154.347656	14201.377930
3151.590820	14136.250977
3148.833008	14424.655273
3146.073242	14618.583984
3143.312500	14781.549805
3140.550781	14938.034180
3137.787109	15143.234375
3135.023438	15186.367188
3132.257813	15484.382813
3129.491211	15584.247070
3126.722656	15708.405273
3123.954102	15814.394531
3121.183594	15921.189453
3118.412109	16178.522461
3115.638672	16327.430664
3112.865234	16372.564453
3110.089844	16395.132813
3107.313477	16722.023438
3104.536133	16802.912109
3101.756836	17016.873047
3098.976563	17091.257813
3096.195313	17006.472656
3093.413086	17340.445313
3090.628906	17433.433594
3087.844727	17545.189453
3085.058594	17830.015625
3082.270508	18192.619141
3079.482422	18339.738281
3076.692383	18586.191406
3073.901367	18722.250000
3071.109375	18794.615234
3068.315430	18925.976563
3065.520508	19338.998047
3062.724609	19406.509766
3059.927734	19572.269531
3057.128906	19644.968750
3054.329102	19987.275391
3051.528320	20114.164063
3048.726563	20531.787109
3045.922852	20590.537109
3043.118164	20801.658203
3040.312500	21093.667969
3037.505859	21213.527344
3034.697266	21180.158203
3031.887695	21534.775391
3029.077148	21664.048828
3026.264648	21910.554688
3023.452148	22091.076172
3020.637695	22195.042969
3017.821289	22383.257813
3015.004883	22427.529297
3012.186523	22835.462891
3009.367188	22852.880859
3006.545898	23006.769531
3003.724609	23234.044922
3000.901367	23122.843750
2998.077148	23672.042969
2995.250977	23704.945313
2992.423828	23693.593750
2989.595703	23890.861328
2986.766602	24317.675781
2983.935547	24367.871094
2981.104492	24449.794922
2978.270508	24688.705078
2975.436523	24857.718750
2972.600586	25067.130859
2969.763672	25321.292969
2966.925781	25394.648438
2964.085938	25472.335938
2961.245117	25820.125000
2958.403320	26098.984375
2955.560547	26208.767578
2952.715820	26283.289063
2949.870117	26572.089844
2947.023438	26893.998047
2944.174805	26983.013672
2941.325195	27412.349609
2938.474609	27444.041016
2935.622070	27713.242188
2932.768555	27775.419922
2929.914063	28035.460938
2927.058594	28261.121094
2924.201172	28257.324219
2921.342773	28562.259766
2918.483398	28530.337891
2915.622070	29008.757813
2912.759766	29174.923828
2909.896484	29464.906250
2907.032227	29308.687500
2904.166016	29693.414063
2901.298828	29706.363281
2898.429688	29796.855469
2895.559570	29841.958984
2892.688477	29985.408203
2889.816406	30314.972656
2886.942383	30524.181641
2884.067383	30563.628906
2881.191406	30643.013672
2878.314453	30900.421875
2875.435547	31064.669922
2872.554688	31255.673828
2869.673828	31637.375000
2866.791016	31875.630859
2863.907227	32131.001953
2861.021484	32153.054688
2858.134766	32705.988281
2855.247070	32376.271484
2852.358398	33005.605469
2849.467773	33031.511719
2846.576172	33152.488281
2843.682617	33574.070313
2840.789063	33643.710938
2837.893555	33942.074219
2834.996094	34020.960938
2832.097656	34120.472656
2829.198242	34327.660156
2826.297852	34505.347656
2823.395508	34885.308594
2820.492188	34777.554688
2817.587891	35095.925781
2814.681641	35075.042969
2811.774414	35102.320313
2808.866211	34990.324219
2805.956055	35187.707031
2803.044922	35728.398438
2800.131836	35602.507813
2797.218750	35936.593750
2794.303711	35878.445313
2791.386719	35940.351563
2788.468750	36043.316406
2785.549805	35957.761719
2782.629883	36233.531250
2779.708008	36230.089844
2776.785156	36451.582031
2773.860352	36837.003906
2770.935547	36969.984375
2768.007813	36840.617188
2765.080078	36733.550781
2762.150391	36966.210938
2759.219727	37258.359375
2756.287109	37439.394531
2753.353516	37431.062500
2750.418945	37531.761719
2747.482422	37814.570313
2744.544922	37720.085938
2741.606445	38062.929688
2738.666016	38069.582031
2735.724609	38138.261719
2732.782227	37861.109375
2729.837891	38118.308594
2726.892578	38433.828125
2723.945313	38531.867188
2720.997070	38215.980469
2718.047852	38669.156250
2715.097656	38320.425781
2712.145508	38472.488281
2709.191406	38455.957031
2706.237305	38673.789063
2703.281250	38511.695313
2700.323242	38564.445313
2697.364258	38448.152344
2694.404297	38657.945313
2691.443359	38507.921875
2688.480469	38531.000000
2685.515625	38457.050781
2682.550781	38435.421875
2679.583984	38434.027344
2676.615234	38316.390625
2673.646484	38324.285156
2670.674805	38506.355469
2667.703125	38064.136719
2664.729492	38265.468750
2661.754883	38269.964844
2658.778320	38369.363281
2655.800781	38064.812500
2652.821289	37923.332031
2649.840820	37891.859375
2646.859375	38096.007813
2643.876953	37926.175781
2640.892578	37818.476563
2637.906250	38154.636719
2634.918945	37786.621094
2631.930664	37409.726563
2628.941406	37580.019531
2625.950195	37408.308594
2622.957031	37378.757813
2619.963867	37374.273438
2616.967773	37400.664063
2613.971680	37039.917969
2610.973633	36955.507813
2607.974609	36822.816406
2604.973633	36487.785156
2601.971680	36283.789063
2598.967773	36333.839844
2595.962891	36213.273438
2592.957031	35939.789063
2589.949219	35545.187500
2586.940430	35376.921875
2583.929688	35402.300781
2580.917969	35230.910156
2577.905273	35277.054688
2574.890625	34890.226563
2571.875000	34617.312500
2568.857422	34518.636719
2565.838867	34099.523438
2562.819336	34267.710938
2559.797852	33762.195313
2556.775391	33641.714844
2553.750977	33592.429688
2550.725586	33111.019531
2547.698242	32981.058594
2544.669922	32743.884766
2541.640625	32611.714844
2538.609375	32384.802734
2535.577148	32210.027344
2532.542969	31979.365234
2529.507813	31823.859375
2526.471680	31518.648438
2523.433594	31296.818359
2520.393555	31237.220703
2517.353516	30855.384766
2514.310547	30943.943359
2511.267578	30541.216797
2508.222656	30095.333984
2505.175781	29761.458984
2502.127930	29631.306641
2499.079102	29338.105469
2496.028320	29066.472656
2492.976563	28695.144531
2489.922852	28492.814453
2486.868164	28426.511719
2483.812500	27961.074219
2480.754883	27866.441406
2477.695313	27605.982422
2474.634766	27252.632813
2471.573242	26880.818359
2468.509766	26740.302734
2465.445313	26663.535156
2462.378906	26294.925781
2459.311523	26123.060547
2456.242188	25785.164063
2453.171875	25424.771484
2450.100586	25242.941406
2447.027344	24956.328125
2443.953125	24558.576172
2440.876953	24200.193359
2437.799805	24098.029297
2434.720703	23982.960938
2431.640625	23919.931641
2428.558594	23606.281250
2425.475586	23150.201172
2422.390625	23081.947266
2419.304688	22866.308594
2416.217773	22478.388672
2413.128906	22268.878906
2410.038086	21883.197266
2406.946289	21876.296875
2403.853516	21626.113281
2400.758789	21437.554688
2397.663086	21049.710938
2394.565430	20736.474609
2391.466797	20517.912109
2388.366211	20220.519531
2385.264648	20024.953125
2382.161133	19940.736328
2379.056641	19490.203125
2375.950195	19356.398438
2372.842773	18990.208984
2369.734375	19015.158203
2366.624023	18672.765625
2363.511719	18524.296875
2360.398438	18342.234375
2357.284180	18108.966797
2354.167969	18007.480469
2351.049805	17660.705078
2347.930664	17519.433594
2344.810547	17268.531250
2341.688477	17172.404297
2338.564453	16966.707031
2335.439453	16693.994141
2332.313477	16441.521484
2329.185547	16435.455078
2326.056641	16007.568359
2322.925781	15885.911133
2319.792969	15667.786133
2316.660156	15543.997070
2313.524414	15327.021484
2310.387695	15035.321289
2307.250000	14943.850586
2304.110352	14692.406250
2300.969727	14542.273438
2297.827148	14525.132813
2294.682617	14212.992188
2291.537109	14021.949219
2288.390625	13911.318359
2285.242188	13619.739258
2282.092773	13452.244141
2278.941406	13288.868164
2275.788086	13154.185547
2272.633789	12956.219727
2269.478516	12796.459961
2266.321289	12688.314453
2263.162109	12518.532227
2260.001953	12348.114258
2256.840820	12075.057617
2253.676758	12071.761719
2250.512695	11938.118164
2247.346680	11705.106445
2244.178711	11604.900391
2241.009766	11305.990234
2237.838867	11264.406250
2234.666992	11187.391602
2231.493164	10855.213867
2228.318359	10769.794922
2225.141602	10565.614258
2221.963867	10555.921875
2218.784180	10438.515625
2215.602539	10224.550781
2212.419922	9973.864258
2209.236328	10104.997070
2206.050781	9884.417969
2202.863281	9659.335938
2199.674805	9575.591797
2196.485352	9382.208008
2193.292969	9351.931641
2190.100586	9237.906250
2186.905273	9055.901367
2183.709961	8896.749023
2180.511719	8790.126953
2177.312500	8712.515625
2174.112305	8589.671875
2170.910156	8477.089844
2167.706055	8418.456055
2164.500977	8234.296875
2161.294922	8086.951172
2158.085938	7908.571777
2154.876953	7959.348633
2151.665039	7810.776367
2148.452148	7712.920898
2145.238281	7545.933594
2142.022461	7478.609863
2138.804688	7398.914063
2135.585938	7393.851563
2132.365234	7236.636719
2129.143555	7118.364746
2125.919922	7094.044922
2122.695313	6852.692383
2119.468750	6796.749512
2116.240234	6661.087891
2113.010742	6558.064453
2109.780273	6551.078125
2106.546875	6414.945801
2103.312500	6292.854980
2100.077148	6283.679199
2096.839844	6209.641602
2093.600586	6130.268555
2090.360352	6011.622070
2087.119141	5919.304688
2083.875000	5823.219727
2080.629883	5816.591797
2077.383789	5608.216797
2074.135742	5597.844727
2070.885742	5542.860352
2067.634766	5412.570801
2064.381836	5320.063477
2061.127930	5244.542969
2057.871094	5166.789063
2054.614258	5165.854980
2051.355469	5019.937012
2048.094727	4985.333496
2044.832031	4867.226563
2041.568359	4798.255371
2038.303711	4773.754883
2035.037109	4669.688477
2031.768555	4575.663086
2028.498047	4520.718262
2025.226563	4413.859863
2021.954102	4302.520020
2018.678711	4359.241699
2015.403320	4331.969238
2012.125000	4345.907715
2008.845703	4165.433594
2005.564453	4087.236328
2002.282227	4045.669678
1998.998047	3976.736572
1995.712891	3927.650879
1992.424805	3899.905518
1989.136719	3774.126221
1985.845703	3719.126221
1982.553711	3667.974609
1979.260742	3634.329102
1975.964844	3565.056396
1972.667969	3469.307861
1969.370117	3444.897705
1966.070313	3444.752686
1962.768555	3349.953613
1959.465820	3296.114746
1956.161133	3254.430664
1952.854492	3133.392090
1949.546875	3162.110107
1946.237305	3131.877930
1942.925781	3083.553223
1939.613281	3004.332520
1936.298828	2965.919678
1932.982422	2883.060303
1929.665039	2859.058594
1926.346680	2844.870850
1923.025391	2782.513672
1919.703125	2768.374268
1916.378906	2694.830566
1913.053711	2668.717285
1909.726563	2630.605957
1906.397461	2599.290039
1903.067383	2489.184082
1899.735352	2520.239258
1896.401367	2476.270264
1893.066406	2472.070068
1889.729492	2413.181152
1886.390625	2426.985840
1883.050781	2306.799072
1879.708984	2307.922119
1876.365234	2260.439697
1873.020508	2227.950195
1869.673828	2221.637207
1866.326172	2142.156982
1862.975586	2135.889893
1859.624023	2080.396973
1856.271484	2051.797363
1852.916016	1997.142944
1849.559570	2020.004150
1846.202148	1969.139160
1842.841797	1933.205200
1839.480469	1898.793091
1836.118164	1951.389893
1832.752930	1865.732300
1829.386719	1798.724121
1826.018555	1767.410889
1822.649414	1715.353394
1819.278320	1721.188721
1815.905273	1720.346802
1812.531250	1688.389404
1809.154297	1655.722168
1805.777344	1630.487305
1802.397461	1608.235596
1799.016602	1599.314209
1795.633789	1556.405273
1792.249023	1542.346069
1788.863281	1533.468140
1785.475586	1464.824463
1782.085938	1405.098755
1778.694336	1441.269897
1775.301758	1425.087891
1771.907227	1383.880127
1768.510742	1329.461914
1765.113281	1328.808228
1761.713867	1325.212891
1758.312500	1317.945435
1754.910156	1276.154053
1751.505859	1299.024170
1748.099609	1247.006714
1744.691406	1208.244751
1741.282227	1174.653320
1737.871094	1181.402832
1734.458008	1144.926636
1731.042969	1136.307983
1727.626953	1128.429077
1724.208984	1117.631714
1720.790039	1052.014038
1717.368164	1098.259766
1713.945313	1078.727661
1710.520508	1026.364990
1707.093750	1034.612793
1703.666016	1006.388550
1700.236328	1023.384094
1696.804688	963.136536
1693.371094	948.095703
1689.936523	957.087524
1686.500000	939.881348
1683.061523	922.691833
1679.622070	890.257446
1676.179688	878.919861
1672.736328	839.278381
1669.291016	877.321472
1665.844727	836.994080
1662.396484	804.680786
1658.945313	815.873901
1655.494141	821.986023
1652.040039	785.384155
1648.584961	741.583374
1645.126953	767.970093
1641.668945	732.171509
1638.208008	729.639404
1634.745117	714.112427
1631.281250	705.095947
1627.815430	693.202820
1624.347656	706.555359
1620.878906	693.231445
1617.408203	645.348389
1613.935547	619.109680
1610.460938	635.349548
1606.984375	615.614075
1603.506836	613.149658
1600.027344	609.250549
1596.545898	602.482666
1593.062500	582.084290
1589.577148	562.423462
1586.090820	563.575623
1582.602539	565.442993
1579.112305	537.940063
1575.620117	527.646973
1572.126953	510.923767
1568.630859	525.686829
1565.133789	495.398590
1561.634766	498.722107
1558.133789	486.330963
1554.631836	460.390167
1551.127930	466.579315
1547.621094	458.500763
1544.114258	451.855530
1540.604492	461.600769
1537.092773	449.264343
1533.580078	441.209930
1530.065430	433.874725
1526.548828	408.063019
1523.030273	408.567596
1519.509766	398.418579
1515.988281	406.735352
1512.463867	390.921356
1508.938477	377.250488
1505.411133	362.884521
1501.882813	370.493317
1498.351563	368.889709
1494.818359	346.764771
1491.284180	343.759796
1487.748047	338.636841
1484.209961	346.237854
1480.669922	322.756012
1477.128906	324.709930
1473.584961	313.962128
1470.040039	301.109589
1466.493164	297.432526
1462.944336	274.034271
1459.393555	304.171265
1455.840820	285.015503
1452.287109	265.879120
1448.730469	279.804321
1445.172852	267.013794
1441.613281	267.580078
1438.051758	258.318359
1434.488281	243.453171
1430.922852	249.640121
1427.356445	249.512741
1423.787109	238.877548
1420.216797	245.757187
1416.644531	230.235916
1413.070313	225.222107
1409.494141	234.894196
1405.916016	218.004471
1402.336914	212.305908
1398.754883	224.761520
1395.171875	217.669800
1391.585938	191.060791
1387.999023	197.932297
1384.410156	190.864914
1380.819336	194.944366
1377.226563	187.189713
1373.632813	182.224991
1370.036133	168.923386
1366.438477	172.310577
1362.837891	176.388641
1359.236328	158.945755
1355.632813	165.107529
1352.027344	162.942429
1348.419922	188.500061
1344.810547	142.687515
1341.199219	151.613876
1337.585938	143.232376
1333.970703	147.307999
1330.354492	145.849503
1326.735352	145.774200
1323.115234	139.484253
1319.493164	132.510574
1315.869141	143.478912
1312.242188	132.373566
1308.614258	130.926880
1304.984375	129.481644
1301.353516	123.219200
1297.719727	119.027245
1294.083984	123.091515
1290.446289	118.903847
1286.807617	114.033516
1283.166016	116.034103
1279.523438	107.739021
1275.877930	109.054810
1272.231445	98.029762
1268.582031	113.052452
1264.931641	97.927818
1261.279297	100.614670
1257.625000	96.457703
1253.968750	100.509903
1250.310547	105.924599
1246.650391	81.963387
1242.988281	89.430023
1239.324219	81.195564
1235.658203	81.153175
1231.990234	86.563614
1228.320313	81.068405
1224.648438	74.217117
1220.975586	76.219902
1217.299805	74.819664
1213.622070	66.622627
1209.943359	81.536003
1206.261719	72.664841
1202.578125	71.269241
1198.893555	75.980652
1195.206055	66.448189
1191.517578	67.090996
1187.826172	67.733093
1184.133789	67.020531
1180.438477	69.015160
1176.742188	64.245026
1173.042969	65.563034
1169.342773	58.097458
1165.639648	59.417252
1161.935547	64.109833
1158.228516	64.076035
1154.520508	61.345730
1150.809570	58.618271
1147.097656	54.546825
1143.382813	63.940887
1139.666992	59.198162
1135.948242	53.115711
1132.227539	38.303726
1128.505859	53.059536
1124.781250	48.332458
1121.055664	42.939434
1117.327148	48.951839
1113.596680	43.564152
1109.865234	38.852013
1106.130859	41.509426
1102.394531	42.825691
1098.657227	44.809338
1094.916992	45.453968
1091.174805	40.753208
1087.430664	45.405640
1083.684570	42.711983
1079.936523	44.023281
1076.186523	35.333199
1072.434570	30.650209
1068.680664	36.627453
1064.924805	41.267105
1061.166992	36.588379
1057.406250	33.909290
1053.644531	35.220245
1049.880859	29.887999
1046.114258	31.863485
1042.346680	34.500309
1038.576172	30.503172
1034.803711	28.498566
1031.030273	35.769722
1027.253906	30.454172
1023.475586	24.482611
1019.695313	23.146801
1015.913086	25.778305
1012.128906	26.425087
1008.342773	31.693066
1004.553711	27.056608
