4046.277344	262.042236
4043.892578	278.812927
4041.505859	267.177704
4039.119141	269.167053
4036.731445	260.685425
4034.342773	277.326813
4031.952148	267.802399
4029.561523	255.148346
4027.169922	293.722778
4024.777344	293.606689
4022.383789	300.801758
4019.989258	290.242432
4017.593750	289.083954
4015.197266	309.833740
4012.799805	318.053467
4010.401367	292.910217
4008.001953	304.255859
4005.601563	290.594971
4003.201172	318.590668
4000.798828	329.912354
3998.395508	338.103973
3995.991211	293.253754
3993.585938	333.677551
3991.180664	331.466827
3988.773438	337.567078
3986.365234	349.891937
3983.957031	364.282562
3981.546875	342.351593
3979.135742	345.326385
3976.724609	335.859467
3974.311523	346.087585
3971.898438	357.343262
3969.483398	371.695923
3967.068359	360.163239
3964.651367	378.641266
3962.234375	346.432281
3959.815430	363.867126
3957.396484	373.021515
3954.975586	381.135620
3952.554688	362.398773
3950.131836	396.311981
3947.708984	385.837006
3945.284180	415.588531
3942.859375	406.144806
3940.432617	413.195099
3938.005859	389.339661
3935.577148	418.012115
3933.148438	412.698730
3930.718750	412.533295
3928.287109	426.764771
3925.855469	427.621490
3923.421875	420.257233
3920.988281	427.278320
3918.552734	452.774200
3916.117188	441.303162
3913.680664	449.332825
3911.242188	452.228607
3908.803711	452.046753
3906.363281	484.653290
3903.922852	448.610413
3901.480469	486.310883
3899.038086	495.325684
3896.593750	488.988220
3894.149414	490.836334
3891.703125	488.594177
3889.256836	535.397705
3886.808594	516.797668
3884.360352	502.296173
3881.910156	532.708862
3879.459961	510.051514
3877.007813	531.259033
3874.555664	579.969788
3872.101563	572.603333
3869.646484	575.427185
3867.191406	565.014038
3864.734375	602.437805
3862.277344	573.711853
3859.818359	562.294678
3857.358398	552.919434
3854.897461	593.334839
3852.436523	595.125488
3849.973633	611.126831
3847.509766	621.026550
3845.044922	611.645569
3842.579102	633.703796
3840.113281	631.419495
3837.645508	663.582458
3835.176758	645.084473
3832.707031	680.252197
3830.236328	679.975708
3827.764648	685.768005
3825.291992	696.610596
3822.818359	717.550537
3820.343750	717.258545
3817.868164	708.888062
3815.390625	747.966064
3812.913086	724.454590
3810.434570	725.167969
3807.955078	738.986755
3805.473633	763.879395
3802.992188	705.141785
3800.509766	797.492065
3798.025391	752.879578
3795.541016	781.749451
3793.054688	791.487244
3790.568359	800.211548
3788.080078	837.065125
3785.591797	845.763184
3783.101563	840.397095
3780.610352	836.038757
3778.119141	830.680481
3775.625977	840.368774
3773.131836	847.041687
3770.636719	882.767029
3768.140625	913.454834
3765.643555	862.020081
3763.145508	894.692322
3760.646484	917.333862
3758.146484	918.957520
3755.645508	950.565857
3753.143555	912.208679
3750.639648	977.749939
3748.135742	966.367004
3745.630859	967.965820
3743.124023	968.565552
3740.617188	1009.047852
3738.108398	1013.616333
3735.599609	1049.064941
3733.088867	1049.629272
3730.577148	1068.110718
3728.064453	1066.676025
3725.551758	1070.215210
3723.037109	1105.566162
3720.521484	1094.178833
3718.004883	1071.873169
3715.487305	1135.975342
3712.967773	1115.655273
3710.448242	1177.701538
3707.927734	1177.215698
3705.406250	1183.669189
3702.882813	1202.008301
3700.359375	1193.587646
3697.833984	1235.669678
3695.308594	1254.953247
3692.781250	1225.744751
3690.252930	1257.871460
3687.723633	1267.235962
3685.193359	1298.330078
3682.662109	1242.483521
3680.129883	1284.421265
3677.596680	1330.271240
3675.062500	1325.774414
3672.527344	1346.917847
3669.990234	1356.215820
3667.453125	1399.988159
3664.915039	1392.514038
3662.375000	1402.764771
3659.833984	1468.109863
3657.292969	1407.502197
3654.750000	1472.790283
3652.206055	1475.126953
3649.661133	1470.584839
3647.115234	1503.359863
3644.568359	1480.159668
3642.019531	1494.261230
3639.470703	1509.331421
3636.920898	1532.231079
3634.369141	1558.050903
3631.817383	1615.192871
3629.263672	1578.294067
3626.708984	1617.762695
3624.153320	1625.893311
3621.596680	1655.529663
3619.039063	1713.487183
3616.480469	1673.690674
3613.920898	1723.778198
3611.360352	1750.393799
3608.797852	1758.445923
3606.235352	1733.326294
3603.670898	1747.227905
3601.105469	1790.355591
3598.540039	1815.911133
3595.972656	1838.523315
3593.404297	1845.541992
3590.834961	1942.068481
3588.264648	1898.463013
3585.692383	1897.668823
3583.120117	1860.919678
3580.545898	1950.476685
3577.971680	1962.282349
3575.395508	2035.221558
3572.818359	2012.056030
3570.240234	2051.941406
3567.661133	2028.787109
3565.081055	2070.568848
3562.500000	2116.188721
3559.917969	2145.312256
3557.333984	2177.313721
3554.750000	2152.217773
3552.164063	2211.260986
3549.577148	2274.119873
3546.989258	2289.587891
3544.400391	2328.218262
3541.810547	2327.239746
3539.219727	2314.683350
3536.626953	2405.332520
3534.034180	2443.846680
3531.439453	2475.582031
3528.844727	2517.885742
3526.248047	2463.870361
3523.650391	2556.187744
3521.051758	2633.034424
3518.451172	2575.190186
3515.850586	2655.807617
3513.249023	2697.924072
3510.645508	2691.984619
3508.041016	2676.449707
3505.436523	2788.551514
3502.830078	2840.129883
3500.222656	2860.982910
3497.613281	2851.149902
3495.003906	2898.802246
3492.393555	2964.606934
3489.781250	2968.140381
3487.167969	3008.983154
3484.553711	3070.830078
3481.938477	3032.249756
3479.322266	3095.944092
3476.705078	3164.359131
3474.086914	3180.205322
3471.466797	3280.972168
3468.845703	3317.739990
3466.224609	3313.474365
3463.601563	3351.148438
3460.977539	3337.343506
3458.351563	3401.638184
3455.725586	3338.322510
3453.098633	3506.273926
3450.469727	3505.737793
3447.839844	3607.875977
3445.208984	3587.339111
3442.577148	3650.408691
3439.944336	3701.080322
3437.310547	3766.893311
3434.674805	3733.986816
3432.039063	3825.331055
3429.401367	3748.823486
3426.762695	3861.873291
3424.123047	3914.213867
3421.481445	3995.855225
3418.839844	4057.554443
3416.197266	4117.308594
3413.552734	4196.864746
3410.907227	4075.056641
3408.260742	4188.568359
3405.613281	4317.089844
3402.963867	4306.755859
3400.314453	4371.904785
3397.663086	4436.053711
3395.011719	4462.441406
3392.358398	4604.700195
3389.704102	4642.292480
3387.047852	4688.324707
3384.391602	4691.969727
3381.733398	4772.741699
3379.075195	4885.411133
3376.415039	4864.527832
3373.753906	4953.573730
3371.090820	5066.017090
3368.427734	5133.309570
3365.762695	5164.890625
3363.097656	5155.179199
3360.430664	5235.466309
3357.762695	5302.565430
3355.092773	5376.161621
3352.422852	5446.884766
3349.750977	5548.427734
3347.079102	5628.367188
3344.405273	5723.197266
3341.729492	5695.510254
3339.053711	5829.463379
3336.376953	5758.796387
3333.698242	5924.339844
3331.018555	5960.052246
3328.337891	6037.699219
3325.656250	6260.702637
3322.973633	6213.288086
3320.289063	6272.093262
3317.604492	6383.913574
3314.917969	6451.897461
3312.230469	6495.635742
3309.541016	6556.070801
3306.851563	6636.899414
3304.160156	6672.134766
3301.467773	6749.125488
3298.774414	6917.012695
3296.080078	6869.501465
3293.384766	7059.445801
3290.687500	7072.166016
3287.990234	7113.598145
3285.291016	7180.926270
3282.589844	7298.188477
3279.888672	7335.761719
3277.186523	7497.252930
3274.482422	7512.512695
3271.777344	7619.255371
3269.071289	7670.474121
3266.364258	7771.511230
3263.655273	7817.077637
3260.945313	7921.650879
3258.234375	8055.642090
3255.522461	8117.613281
3252.809570	8161.099609
3250.095703	8317.833008
3247.379883	8366.713867
3244.663086	8597.757813
3241.945313	8512.174805
3239.226563	8668.475586
3236.505859	8670.240234
3233.784180	8728.038086
3231.061523	8884.036133
3228.337891	8966.467773
3225.613281	9075.432617
3222.886719	9160.456055
3220.160156	9323.319336
3217.431641	9432.895508
3214.702148	9602.821289
3211.970703	9565.702148
3209.239258	9765.614258
3206.505859	9876.627930
3203.771484	9938.170898
3201.035156	10056.318359
3198.298828	10183.495117
3195.560547	10383.605469
3192.821289	10495.920898
3190.081055	10526.942383
3187.339844	10731.193359
3184.596680	10849.583008
3181.853516	11023.443359
3179.108398	11169.829102
3176.361328	11286.042969
3173.614258	11328.450195
3170.865234	11429.935547
3168.115234	11489.509766
3165.364258	11645.354492
3162.612305	11642.101563
3159.858398	11805.908203
3157.104492	11734.515625
3154.347656	11987.940430
3151.590820	12138.677734
3148.833008	12220.397461
3146.073242	12534.874023
3143.312500	12595.514648
3140.550781	12689.589844
3137.787109	12727.482422
3135.023438	12932.649414
3132.257813	12984.860352
3129.491211	13115.633789
3126.722656	13230.032227
3123.954102	13377.730469
3121.183594	13404.372070
3118.412109	13453.538086
3115.638672	13761.421875
3112.865234	13898.700195
3110.089844	13729.572266
3107.313477	13962.182617
3104.536133	14081.180664
3101.756836	14102.908203
3098.976563	14263.097656
3096.195313	14316.178711
3093.413086	14505.776367
3090.628906	14586.536133
3087.844727	14651.062500
3085.058594	14816.921875
3082.270508	15124.340820
3079.482422	15239.634766
3076.692383	15333.316406
3073.901367	15501.255859
3071.109375	15599.208008
3068.315430	15666.642578
3065.520508	15879.822266
3062.724609	15947.959961
3059.927734	16174.225586
3057.128906	16260.031250
3054.329102	16339.505859
3051.528320	16558.148438
3048.726563	16563.361328
3045.922852	16843.236328
3043.118164	16972.212891
3040.312500	17035.138672
3037.505859	17208.437500
3034.697266	17234.695313
3031.887695	17519.863281
3029.077148	17668.691406
3026.264648	17769.375000
3023.452148	18010.373047
3020.637695	18054.845703
3017.821289	18095.722656
3015.004883	18183.595703
3012.186523	18450.578125
3009.367188	18697.810547
3006.545898	18592.070313
3003.724609	19059.607422
3000.901367	19218.560547
2998.077148	19261.416016
2995.250977	19436.056641
2992.423828	19470.806641
2989.595703	19649.607422
2986.766602	19896.279297
2983.935547	19951.078125
2981.104492	20008.470703
2978.270508	20203.458984
2975.436523	20380.630859
2972.600586	20698.699219
2969.763672	20797.933594
2966.925781	20749.093750
2964.085938	21063.916016
2961.245117	21034.351563
2958.403320	21406.814453
2955.560547	21603.085938
2952.715820	21502.111328
2949.870117	21635.781250
2947.023438	21696.441406
2944.174805	21776.351563
2941.325195	22035.160156
2938.474609	22156.052734
2935.622070	22310.140625
2932.768555	22392.240234
2929.914063	22480.388672
2927.058594	22725.148438
2924.201172	22992.435547
2921.342773	22996.216797
2918.483398	23175.708984
2915.622070	23237.066406
2912.759766	23388.328125
2909.896484	23638.103516
2907.032227	23825.689453
2904.166016	23866.558594
2901.298828	24073.916016
2898.429688	24098.064453
2895.559570	24276.373047
2892.688477	24479.767578
2889.816406	24852.689453
2886.942383	24907.738281
2884.067383	24889.687500
2881.191406	25135.005859
2878.314453	25511.287109
2875.435547	25399.179688
2872.554688	25483.337891
2869.673828	25886.703125
2866.791016	25940.199219
2863.907227	26096.794922
2861.021484	26393.613281
2858.134766	26736.060547
2855.247070	26790.783203
2852.358398	26995.146484
2849.467773	27314.353516
2846.576172	27319.441406
2843.682617	27538.826172
2840.789063	27619.802734
2837.893555	28024.466797
2834.996094	27991.220703
2832.097656	28253.873047
2829.198242	28427.470703
2826.297852	28803.437500
2823.395508	28817.250000
2820.492188	28920.589844
2817.587891	29046.208984
2814.681641	29124.388672
2811.774414	29242.906250
2808.866211	29473.904297
2805.956055	29629.943359
2803.044922	29785.832031
2800.131836	30020.542969
2797.218750	30222.429688
2794.303711	30162.560547
2791.386719	30221.029297
2788.468750	30413.958984
2785.549805	30298.386719
2782.629883	30721.369141
2779.708008	30696.445313
2776.785156	30819.500000
2773.860352	30913.367188
2770.935547	31065.248047
2768.007813	31252.001953
2765.080078	31308.808594
2762.150391	31508.066406
2759.219727	31644.015625
2756.287109	31580.322266
2753.353516	32004.998047
2750.418945	31761.445313
2747.482422	32080.908203
2744.544922	31949.009766
2741.606445	32243.412109
2738.666016	32287.550781
2735.724609	32312.091797
2732.782227	32365.484375
2729.837891	32563.175781
2726.892578	32609.595703
2723.945313	32868.910156
2720.997070	32776.906250
2718.047852	32939.261719
2715.097656	32921.847656
2712.145508	32982.347656
2709.191406	33125.738281
2706.237305	33142.074219
2703.281250	33239.574219
2700.323242	33112.117188
2697.364258	33348.093750
2694.404297	33474.894531
2691.443359	33561.050781
2688.480469	33245.472656
2685.515625	33345.128906
2682.550781	33541.632813
2679.583984	33735.421875
2676.615234	33630.019531
2673.646484	33734.332031
2670.674805	33451.445313
2667.703125	33606.187500
2664.729492	33844.015625
2661.754883	33771.523438
2658.778320	33623.488281
2655.800781	33625.863281
2652.821289	33608.925781
2649.840820	33742.140625
2646.859375	33561.644531
2643.876953	33580.765625
2640.892578	33480.066406
2637.906250	33798.941406
2634.918945	33376.832031
2631.930664	33256.253906
2628.941406	33151.660156
2625.950195	32870.800781
2622.957031	33092.269531
2619.963867	32954.460938
2616.967773	33211.558594
2613.971680	32947.824219
2610.973633	32697.664063
2607.974609	32484.394531
2604.973633	32508.751953
2601.971680	32262.433594
2598.967773	32396.722656
2595.962891	32399.423828
2592.957031	31878.195313
2589.949219	32197.810547
2586.940430	31522.591797
2583.929688	31426.818359
2580.917969	31283.806641
2577.905273	31322.625000
2574.890625	31280.121094
2571.875000	30983.158203
2568.857422	30902.712891
2565.838867	30859.601563
2562.819336	30513.537109
2559.797852	30275.345703
2556.775391	30283.830078
2553.750977	29857.457031
2550.725586	29732.242188
2547.698242	29502.238281
2544.669922	29277.390625
2541.640625	29164.960938
2538.609375	28777.968750
2535.577148	28738.400391
2532.542969	28681.556641
2529.507813	28444.371094
2526.471680	28230.447266
2523.433594	28021.646484
2520.393555	27847.576172
2517.353516	27716.406250
2514.310547	27729.982422
2511.267578	27316.408203
2508.222656	27122.417969
2505.175781	27166.583984
2502.127930	26713.619141
2499.079102	26466.853516
2496.028320	26211.291016
2492.976563	25955.955078
2489.922852	25594.408203
2486.868164	25497.521484
2483.812500	25318.097656
2480.754883	25129.835938
2477.695313	24974.429688
2474.634766	24746.455078
2471.573242	24475.410156
2468.509766	24271.527344
2465.445313	24075.166016
2462.378906	23850.441406
2459.311523	23574.568359
2456.242188	23307.906250
2453.171875	23071.607422
2450.100586	22933.996094
2447.027344	22568.728516
2443.953125	22311.121094
2440.876953	22305.693359
2437.799805	21721.859375
2434.720703	21647.673828
2431.640625	21455.056641
2428.558594	21295.869141
2425.475586	21033.841797
2422.390625	20934.148438
2419.304688	20640.923828
2416.217773	20262.128906
2413.128906	20141.058594
2410.038086	19732.900391
2406.946289	19638.046875
2403.853516	19471.341797
2400.758789	19144.019531
2397.663086	18924.390625
2394.565430	18654.917969
2391.466797	18432.480469
2388.366211	18253.785156
2385.264648	18146.984375
2382.161133	17975.826172
2379.056641	17759.726563
2375.950195	17471.384766
2372.842773	17291.105469
2369.734375	17026.556641
2366.624023	16779.125000
2363.511719	16704.644531
2360.398438	16580.441406
2357.284180	16271.743164
2354.167969	16240.105469
2351.049805	16076.180664
2347.930664	15866.716797
2344.810547	15667.055664
2341.688477	15423.533203
2338.564453	15233.058594
2335.439453	15089.957031
2332.313477	14835.033203
2329.185547	14822.521484
2326.056641	14538.390625
2322.925781	14339.163086
2319.792969	14084.246094
2316.660156	14040.974609
2313.524414	13803.169922
2310.387695	13696.297852
2307.250000	13563.229492
2304.110352	13227.226563
2300.969727	13170.105469
2297.827148	13167.926758
2294.682617	12874.709961
2291.537109	12739.928711
2288.390625	12571.904297
2285.242188	12379.416016
2282.092773	12333.935547
2278.941406	12149.663086
2275.788086	11951.286133
2272.633789	11661.152344
2269.478516	11711.141602
2266.321289	11417.424805
2263.162109	11196.001953
2260.001953	11178.883789
2256.840820	11051.868164
2253.676758	10849.884766
2250.512695	10750.784180
2247.346680	10616.241211
2244.178711	10470.770508
2241.009766	10431.929688
2237.838867	10140.015625
2234.666992	10031.216797
2231.493164	9880.765625
2228.318359	9813.126953
2225.141602	9695.180664
2221.963867	9449.119141
2218.784180	9413.219727
2215.602539	9224.100586
2212.419922	9127.063477
2209.236328	8972.797852
2206.050781	8941.885742
2202.863281	8715.679688
2199.674805	8706.081055
2196.485352	8571.100586
2193.292969	8439.375977
2190.100586	8343.005859
2186.905273	8328.893555
2183.709961	8015.208984
2180.511719	7972.331543
2177.312500	7820.086426
2174.112305	7773.430176
2170.910156	7610.487305
2167.706055	7532.754395
2164.500977	7417.652832
2161.294922	7409.465332
2158.085938	7165.170898
2154.876953	7208.510742
2151.665039	7058.736816
2148.452148	6985.360352
2145.238281	6833.495605
2142.022461	6811.598633
2138.804688	6608.670898
2135.585938	6625.729492
2132.365234	6470.431641
2129.143555	6392.872070
2125.919922	6337.874512
2122.695313	6298.430664
2119.468750	6115.679688
2116.240234	5956.333984
2113.010742	5943.439453
2109.780273	5886.453613
2106.546875	5780.798340
2103.312500	5722.393555
2100.077148	5620.002930
2096.839844	5578.715332
2093.600586	5502.730469
2090.360352	5349.664551
2087.119141	5317.041016
2083.875000	5338.400879
2080.629883	5178.692383
2077.383789	5183.153320
2074.135742	5035.212402
2070.885742	5050.503906
2067.634766	4992.729492
2064.381836	4848.159668
2061.127930	4749.818359
2057.871094	4690.729004
2054.614258	4574.901367
2051.355469	4526.687988
2048.094727	4527.590332
2044.832031	4505.499023
2041.568359	4373.122559
2038.303711	4359.544922
2035.037109	4248.789063
2031.768555	4216.922852
2028.498047	4166.736816
2025.226563	4028.717041
2021.954102	3913.742676
2018.678711	3915.683105
2015.403320	3787.134521
2012.125000	3812.012207
2008.845703	3764.442139
2005.564453	3689.485107
2002.282227	3634.400391
1998.998047	3583.934814
1995.712891	3526.668457
1992.424805	3518.888916
1989.136719	3417.617676
1985.845703	3298.967529
1982.553711	3296.620605
1979.260742	3250.250000
1975.964844	3243.374268
1972.667969	3198.587891
1969.370117	3144.748291
1966.070313	3104.595703
1962.768555	3048.578857
1959.465820	2961.583740
1956.161133	2949.564209
1952.854492	2896.724121
1949.546875	2841.666748
1946.237305	2843.316162
1942.925781	2790.600586
1939.613281	2690.390625
1936.298828	2690.598877
1932.982422	2631.998779
1929.665039	2559.136230
1926.346680	2597.064941
1923.025391	2558.918701
1919.703125	2514.788574
1916.378906	2471.452148
1913.053711	2395.831543
1909.726563	2437.499512
1906.397461	2359.713623
1903.067383	2378.086426
1899.735352	2284.646729
1896.401367	2276.038818
1893.066406	2199.977295
1889.729492	2191.417236
1886.390625	2149.166504
1883.050781	2138.392090
1879.708984	2119.398193
1876.365234	2058.547852
1873.020508	2012.703735
1869.673828	2004.254272
1866.326172	1980.879150
1862.975586	1920.957642
1859.624023	1928.973267
1856.271484	1889.264038
1852.916016	1821.275146
1849.559570	1805.490479
1846.202148	1800.143066
1842.841797	1770.988647
1839.480469	1718.805664
1836.118164	1703.098755
1832.752930	1652.484497
1829.386719	1673.957153
1826.018555	1595.940186
1822.649414	1593.676147
1819.278320	1533.571045
1815.905273	1523.185181
1812.531250	1517.994751
1809.154297	1497.999023
1805.777344	1472.841553
1802.397461	1462.503174
1799.016602	1435.168213
1795.633789	1409.337646
1792.249023	1362.110229
1788.863281	1382.853027
1785.475586	1315.021240
1782.085938	1293.723389
1778.694336	1233.373169
1775.301758	1245.293945
1771.907227	1253.520020
1768.510742	1224.194458
1765.113281	1189.746948
1761.713867	1220.048950
1758.312500	1198.132202
1754.910156	1149.787598
1751.505859	1154.361694
1748.099609	1165.536499
1744.691406	1122.413208
1741.282227	1050.002197
1737.871094	1070.737915
1734.458008	1049.699219
1731.042969	1065.288696
1727.626953	1006.219177
1724.208984	981.584900
1720.790039	961.361023
1717.368164	968.193054
1713.945313	972.826904
1710.520508	941.686218
1707.093750	952.164795
1703.666016	909.396057
1700.236328	926.439575
1696.804688	870.611328
1693.371094	850.519043
1689.936523	869.748718
1686.500000	867.862549
1683.061523	826.714417
1679.622070	832.118164
1676.179688	802.649963
1672.736328	769.580566
1669.291016	759.764709
1665.844727	770.992004
1662.396484	770.608704
1658.945313	757.183167
1655.494141	726.389404
1652.040039	699.969055
1648.584961	690.938660
1645.126953	720.243164
1641.668945	660.616760
1638.208008	652.340942
1634.745117	628.187927
1631.281250	627.152893
1627.815430	641.266663
1624.347656	604.897888
1620.878906	585.139221
1617.408203	592.769775
1613.935547	575.196106
1610.460938	564.835083
1606.984375	585.408691
1603.506836	567.145447
1600.027344	528.783508
1596.545898	545.753052
1593.062500	509.592896
1589.577148	507.902832
1586.090820	494.741943
1582.602539	485.177338
1579.112305	504.274017
1575.620117	474.667480
1572.126953	463.695526
1568.630859	459.886566
1565.133789	480.386505
1561.634766	452.279510
1558.133789	457.051117
1554.631836	429.697479
1551.127930	416.639648
1547.621094	411.438477
1544.114258	416.932953
1540.604492	393.927826
1537.092773	414.376953
1533.580078	381.433105
1530.065430	379.106934
1526.548828	377.493835
1523.030273	378.724396
1519.509766	358.647766
1515.988281	343.560059
1512.463867	339.129578
1508.938477	317.684631
1505.411133	337.369202
1501.882813	321.613708
1498.351563	328.531342
1494.818359	314.211334
1491.284180	304.149628
1487.748047	311.772125
1484.209961	316.560333
1480.669922	298.743530
1477.128906	274.591675
1473.584961	275.863373
1470.040039	282.069855
1466.493164	278.402496
1462.944336	283.896667
1459.393555	258.404755
1455.840820	258.273315
1452.287109	259.548676
1448.730469	250.980255
1445.172852	262.797791
1441.613281	238.785385
1438.051758	241.471497
1434.488281	231.526062
1430.922852	232.810440
1427.356445	224.981995
1423.787109	211.557251
1420.216797	215.650177
1416.644531	208.541946
1413.070313	201.440887
1409.494141	213.222412
1405.916016	192.151367
1402.336914	205.322159
1398.754883	200.330917
1395.171875	184.879807
1391.585938	191.758087
1387.999023	199.326187
1384.410156	172.057053
1380.819336	167.095184
1377.226563	168.401154
1373.632813	171.792267
1370.036133	169.618546
1366.438477	163.278168
1362.837891	170.833099
1359.236328	146.452209
1355.632813	159.557709
1352.027344	146.994873
1348.419922	150.384232
1344.810547	135.068283
1341.199219	141.921661
1337.585938	148.075974
1333.970703	143.158478
1330.354492	135.481064
1326.735352	129.884125
1323.115234	130.507538
1319.493164	116.636917
1315.869141	117.956215
1312.242188	128.236893
1308.614258	112.321487
1304.984375	125.349251
1301.353516	125.972702
1297.719727	112.835075
1294.083984	109.338272
1290.446289	112.718102
1286.807617	104.416229
1283.166016	109.854774
1279.523438	102.935371
1275.877930	100.824257
1272.231445	91.174530
1268.582031	97.978790
1264.931641	91.079720
1261.279297	88.294502
1257.625000	86.880341
1253.968750	88.886307
1250.310547	86.106445
1246.650391	89.476692
1242.988281	84.651321
1239.324219	83.242516
1235.658203	90.018654
1231.990234	84.518806
1228.320313	73.574692
1224.648438	78.983353
1220.975586	71.456161
1217.299805	76.180023
1213.622070	64.583160
1209.943359	69.305603
1206.261719	71.306618
1202.578125	65.160446
1198.893555	65.126274
1195.206055	69.160362
1191.517578	65.057938
1187.826172	57.573132
1184.133789	57.542881
1180.438477	60.895729
1176.742188	62.216232
1173.042969	56.100330
1169.342773	66.204079
1165.639648	53.340488
1161.935547	49.938183
1158.228516	54.633255
1154.520508	57.975086
1150.809570	60.639591
1147.097656	55.220242
1143.382813	46.441277
1139.666992	52.471096
1135.948242	47.736904
1132.227539	40.991707
1128.505859	50.372974
1124.781250	44.976040
1121.055664	46.965004
1117.327148	38.222672
1113.596680	40.883282
1109.865234	46.890358
1106.130859	38.161892
1102.394531	42.825691
1098.657227	34.777393
1094.916992	34.758915
1091.174805	42.089378
1087.430664	45.405640
1083.684570	34.703484
1079.936523	30.015875
1076.186523	33.333206
1072.434570	32.649136
1068.680664	32.631729
1064.924805	34.611118
1061.166992	35.257893
1057.406250	29.919964
1053.644531	34.555710
1049.880859	27.895466
1046.114258	31.199663
1042.346680	32.509907
1038.576172	27.187609
1034.803711	30.486837
1031.030273	27.820896
1027.253906	27.805983
1023.475586	29.114456
1019.695313	27.776161
1015.913086	24.456341
1012.128906	23.782579
1008.342773	31.032795
1004.553711	29.696278
