4046.277344	211.730118
4043.892578	210.681946
4041.505859	189.643784
4039.119141	211.563202
4036.731445	201.010452
4034.342773	217.675385
4031.952148	223.866058
4029.561523	219.594894
4027.169922	228.915634
4024.777344	222.555969
4022.383789	238.134735
4019.989258	226.556137
4017.593750	224.379242
4015.197266	250.370712
4012.799805	244.014786
4010.401367	244.960510
4008.001953	249.031326
4005.601563	236.433899
4003.201172	254.039612
4000.798828	247.694443
3998.395508	251.757416
3995.991211	259.976715
3993.585938	258.833984
3991.180664	272.239197
3988.773438	264.860321
3986.365234	261.640259
3983.957031	282.293030
3981.546875	268.694153
3979.135742	273.772278
3976.724609	238.418762
3974.311523	266.300934
3971.898438	303.482819
3969.483398	286.796021
3967.068359	293.926331
3964.651367	306.223541
3962.234375	296.794220
3959.815430	288.406036
3957.396484	277.957855
3954.975586	303.669037
3952.554688	315.937378
3950.131836	318.907288
3947.708984	323.938019
3945.284180	323.808441
3942.859375	321.617188
3940.432617	333.853394
3938.005859	319.299713
3935.577148	339.763550
3933.148438	333.452362
3930.718750	343.606293
3928.287109	349.638611
3925.855469	338.191040
3923.421875	339.082855
3920.988281	360.516083
3918.552734	375.771790
3916.117188	347.911102
3913.680664	327.253815
3911.242188	377.369904
3908.803711	373.117950
3906.363281	372.967865
3903.922852	395.350739
3901.480469	392.120148
3899.038086	385.821869
3896.593750	370.321625
3894.149414	381.420746
3891.703125	408.865417
3889.256836	408.700562
3886.808594	417.727753
3884.360352	401.224365
3881.910156	418.411194
3879.459961	423.342773
3877.007813	416.033936
3874.555664	423.000824
3872.101563	415.697784
3869.646484	422.658905
3867.191406	441.830780
3864.734375	449.793091
3862.277344	465.886566
3859.818359	467.731567
3857.358398	466.525757
3854.897461	477.512604
3852.436523	473.256805
3849.973633	486.262054
3847.509766	502.300873
3845.044922	489.925079
3842.579102	502.907318
3840.113281	516.892395
3837.645508	527.826660
3835.176758	511.409210
3832.707031	545.618958
3830.236328	536.290344
3827.764648	581.587891
3825.291992	559.108398
3822.818359	548.774597
3820.343750	576.837524
3817.868164	579.632141
3815.390625	548.104675
3812.913086	598.330872
3810.434570	571.864075
3807.955078	601.875977
3805.473633	606.669373
3802.992188	624.554138
3800.509766	620.271606
3798.025391	642.161987
3795.541016	646.930359
3793.054688	665.774536
3790.568359	684.603088
3788.080078	665.230591
3785.591797	683.039124
3783.101563	693.804504
3780.610352	686.495178
3778.119141	698.253174
3775.625977	715.015442
3773.131836	692.669556
3770.636719	761.524292
3768.140625	736.172485
3765.643555	755.894531
3763.145508	764.591614
3760.646484	788.286865
3758.146484	743.965576
3755.645508	775.645752
3753.143555	836.274536
3750.639648	826.942749
3748.135742	823.608215
3745.630859	824.267822
3743.124023	812.956665
3740.617188	860.482544
3738.108398	876.075500
3735.599609	922.539551
3733.088867	844.483459
3730.577148	877.981018
3728.064453	907.470642
3725.551758	928.978638
3723.037109	919.648071
3720.521484	926.225830
3718.004883	945.711975
3715.487305	938.371216
3712.967773	969.746643
3710.448242	939.581665
3707.927734	949.111511
3705.406250	1019.105469
3702.882813	999.856873
3700.359375	985.576538
3697.833984	995.070557
3695.308594	1049.093506
3692.781250	1094.167725
3690.252930	1030.426147
3687.723633	1045.815674
3685.193359	1047.359131
3682.662109	1123.963623
3680.129883	1113.625732
3677.596680	1134.875244
3675.062500	1133.418823
3672.527344	1143.795532
3669.990234	1194.573853
3667.453125	1178.315186
3664.915039	1176.841797
3662.375000	1167.494019
3659.833984	1192.593262
3657.292969	1215.704224
3654.750000	1246.661011
3652.206055	1305.109009
3649.661133	1258.396240
3647.115234	1283.403931
3644.568359	1283.852051
3642.019531	1271.544678
3639.470703	1326.917114
3636.920898	1327.345337
3634.369141	1355.210327
3631.817383	1363.461792
3629.263672	1372.685059
3626.708984	1386.793579
3624.153320	1423.390381
3621.596680	1450.177490
3619.039063	1440.775879
3616.480469	1463.624512
3613.920898	1517.706177
3611.360352	1512.191895
3608.797852	1525.222534
3606.235352	1552.873169
3603.670898	1580.500244
3601.105469	1579.840210
3598.540039	1603.535278
3595.972656	1669.083130
3593.404297	1676.172607
3590.834961	1660.877197
3588.264648	1722.427246
3585.692383	1716.845947
3583.120117	1769.574341
3580.545898	1773.690430
3577.971680	1806.930908
3575.395508	1806.174194
3572.818359	1854.894409
3570.240234	1864.784180
3567.661133	1934.763062
3565.081055	1917.480347
3562.500000	1937.014893
3559.917969	1977.830811
3557.333984	1988.613281
3554.750000	2075.802002
3552.164063	2048.824707
3549.577148	2096.288086
3546.989258	2123.423828
3544.400391	2155.364258
3541.810547	2160.250000
3539.219727	2231.705811
3536.626953	2233.660889
3534.034180	2219.224854
3531.439453	2304.054688
3528.844727	2320.423340
3526.248047	2331.000488
3523.650391	2415.674561
3521.051758	2426.201172
3518.451172	2477.106201
3515.850586	2551.997559
3513.249023	2544.196289
3510.645508	2554.648438
3508.041016	2594.850586
3505.436523	2598.553955
3502.830078	2643.498047
3500.222656	2716.208008
3497.613281	2718.894775
3495.003906	2782.888428
3492.393555	2817.142822
3489.781250	2866.681885
3487.167969	2868.340576
3484.553711	2939.810547
3481.938477	2875.475342
3479.322266	2991.790283
3476.705078	3022.044189
3474.086914	3096.188965
3471.466797	3110.147705
3468.845703	3175.605469
3466.224609	3119.910156
3463.601563	3236.774902
3460.977539	3249.694092
3458.351563	3405.447510
3455.725586	3404.955811
3453.098633	3402.560547
3450.469727	3484.813721
3447.839844	3527.067139
3445.208984	3510.365723
3442.577148	3641.859619
3439.944336	3656.454834
3437.310547	3727.980957
3434.674805	3742.524902
3432.039063	3811.106934
3429.401367	3862.567871
3426.762695	3898.824463
3424.123047	3986.190674
3421.481445	3932.428955
3418.839844	4133.255371
3416.197266	4110.687500
3413.552734	4253.592285
3410.907227	4181.847168
3408.260742	4279.254395
3405.613281	4336.918945
3402.963867	4361.499023
3400.314453	4487.948242
3397.663086	4601.085449
3395.011719	4599.124023
3392.358398	4642.389648
3389.704102	4737.417969
3387.047852	4786.233398
3384.391602	4876.411621
3381.733398	4928.886230
3379.075195	4979.433594
3376.415039	5123.919434
3373.753906	5178.095703
3371.090820	5313.918945
3368.427734	5233.741699
3365.762695	5448.232422
3363.097656	5439.337891
3360.430664	5563.562012
3357.762695	5598.662109
3355.092773	5743.314453
3352.422852	5688.427734
3349.750977	5855.374023
3347.079102	5958.567383
3344.405273	6043.905762
3341.729492	6206.741699
3339.053711	6137.752441
3336.376953	6269.589355
3333.698242	6389.177246
3331.018555	6489.067383
3328.337891	6573.016113
3325.656250	6649.432617
3322.973633	6687.578125
3320.289063	6862.605469
3317.604492	6865.244141
3314.917969	7120.073242
3312.230469	7138.408691
3309.541016	7260.864746
3306.851563	7362.766602
3304.160156	7439.495117
3301.467773	7575.586914
3298.774414	7581.610352
3296.080078	7755.559570
3293.384766	7853.309082
3290.687500	7896.278809
3287.990234	8025.384277
3285.291016	8106.212891
3282.589844	8281.402344
3279.888672	8304.670898
3277.186523	8358.442383
3274.482422	8629.450195
3271.777344	8589.684570
3269.071289	8792.915039
3266.364258	8929.481445
3263.655273	9002.238281
3260.945313	9087.847656
3258.234375	9202.890625
3255.522461	9309.536133
3252.809570	9604.979492
3250.095703	9706.748047
3247.379883	9770.679688
3244.663086	9789.461914
3241.945313	10007.830078
3239.226563	9959.369141
3236.505859	10273.049805
3233.784180	10331.072266
3231.061523	10510.250977
3228.337891	10645.213867
3225.613281	10725.010742
3222.886719	10764.383789
3220.160156	11074.134766
3217.431641	11247.090820
3214.702148	11268.776367
3211.970703	11463.462891
3209.239258	11460.322266
3206.505859	11686.763672
3203.771484	11868.206055
3201.035156	11938.908203
3198.298828	12058.874023
3195.560547	12167.774414
3192.821289	12423.520508
3190.081055	12511.177734
3187.339844	12672.620117
3184.596680	12720.891602
3181.853516	12920.361328
3179.108398	13183.403320
3176.361328	13332.423828
3173.614258	13473.121094
3170.865234	13839.253906
3168.115234	13805.048828
3165.364258	13809.945313
3162.612305	13978.333008
3159.858398	14085.738281
3157.104492	14356.404297
3154.347656	14519.786133
3151.590820	14625.896484
3148.833008	14956.685547
3146.073242	14934.763672
3143.312500	15332.133789
3140.550781	15278.377930
3137.787109	15468.048828
3135.023438	15646.697266
3132.257813	15849.592773
3129.491211	15867.071289
3126.722656	16145.552734
3123.954102	16361.493164
3121.183594	16642.212891
3118.412109	16778.361328
3115.638672	16940.533203
3112.865234	17185.468750
3110.089844	17208.583984
3107.313477	17445.074219
3104.536133	17599.451172
3101.756836	17785.173828
3098.976563	17967.132813
3096.195313	18254.093750
3093.413086	18370.089844
3090.628906	18546.148438
3087.844727	18728.332031
3085.058594	18891.507813
3082.270508	19380.107422
3079.482422	19462.158203
3076.692383	19623.884766
3073.901367	19875.035156
3071.109375	20038.218750
3068.315430	20248.683594
3065.520508	20530.521484
3062.724609	20762.033203
3059.927734	20947.753906
3057.128906	21221.748047
3054.329102	21318.689453
3051.528320	21408.396484
3048.726563	21678.240234
3045.922852	21925.544922
3043.118164	22038.917969
3040.312500	22289.398438
3037.505859	22462.167969
3034.697266	22555.550781
3031.887695	23069.732422
3029.077148	23184.097656
3026.264648	23168.556641
3023.452148	23450.718750
3020.637695	23700.650391
3017.821289	23797.638672
3015.004883	24151.017578
3012.186523	24324.884766
3009.367188	24504.800781
3006.545898	24782.927734
3003.724609	24791.486328
3000.901367	25153.353516
2998.077148	25299.806641
2995.250977	25498.322266
2992.423828	25586.994141
2989.595703	25865.634766
2986.766602	26197.033203
2983.935547	26275.542969
2981.104492	26369.865234
2978.270508	26614.986328
2975.436523	26737.285156
2972.600586	26903.546875
2969.763672	27156.015625
2966.925781	27129.906250
2964.085938	27249.085938
2961.245117	27701.697266
2958.403320	27749.248047
2955.560547	27958.539063
2952.715820	28031.406250
2949.870117	28209.621094
2947.023438	28491.287109
2944.174805	28745.486328
2941.325195	28873.113281
2938.474609	29173.378906
2935.622070	29030.707031
2932.768555	29291.191406
2929.914063	29668.789063
2927.058594	29599.593750
2924.201172	29747.453125
2921.342773	30084.087891
2918.483398	30089.957031
2915.622070	30499.523438
2912.759766	30726.167969
2909.896484	30992.761719
2907.032227	31041.814453
2904.166016	31193.742188
2901.298828	31119.707031
2898.429688	31423.089844
2895.559570	31547.613281
2892.688477	31713.812500
2889.816406	31880.722656
2886.942383	31963.960938
2884.067383	32127.115234
2881.191406	32565.644531
2878.314453	32716.201172
2875.435547	32721.591797
2872.554688	33041.191406
2869.673828	33229.480469
2866.791016	33603.183594
2863.907227	33309.929688
2861.021484	33918.058594
2858.134766	34109.046875
2855.247070	33828.914063
2852.358398	34469.714844
2849.467773	34416.257813
2846.576172	34651.597656
2843.682617	35023.253906
2840.789063	34964.410156
2837.893555	35060.152344
2834.996094	35351.699219
2832.097656	35637.800781
2829.198242	35639.960938
2826.297852	35760.183594
2823.395508	35735.558594
2820.492188	35922.769531
2817.587891	36080.542969
2814.681641	36220.953125
2811.774414	36135.929688
2808.866211	36083.636719
2805.956055	36268.500000
2803.044922	36509.007813
2800.131836	36572.460938
2797.218750	36894.960938
2794.303711	36673.441406
2791.386719	36806.992188
2788.468750	37111.781250
2785.549805	36780.804688
2782.629883	36974.019531
2779.708008	37220.960938
2776.785156	37040.875000
2773.860352	37326.011719
2770.935547	37583.531250
2768.007813	37498.304688
2765.080078	37173.234375
2762.150391	37206.007813
2759.219727	37563.726563
2756.287109	37545.968750
2753.353516	37581.050781
2750.418945	37610.980469
2747.482422	37437.375000
2744.544922	37452.000000
2741.606445	37676.718750
2738.666016	37653.789063
2735.724609	37538.222656
2732.782227	37518.750000
2729.837891	37871.207031
2726.892578	37494.246094
2723.945313	37801.410156
2720.997070	37495.179688
2718.047852	37758.816406
2715.097656	37424.050781
2712.145508	37550.269531
2709.191406	37632.339844
2706.237305	37303.128906
2703.281250	37319.253906
2700.323242	37495.960938
2697.364258	37265.234375
2694.404297	37307.500000
2691.443359	37126.003906
2688.480469	37148.863281
2685.515625	37009.753906
2682.550781	37139.687500
2679.583984	37347.011719
2676.615234	37044.566406
2673.646484	36778.585938
2670.674805	36952.941406
2667.703125	36820.957031
2664.729492	36611.734375
2661.754883	36603.535156
2658.778320	36410.535156
2655.800781	36406.609375
2652.821289	36174.406250
2649.840820	35944.082031
2646.859375	35944.531250
2643.876953	35805.011719
2640.892578	35898.484375
2637.906250	35904.781250
2634.918945	35728.609375
2631.930664	35184.503906
2628.941406	35324.867188
2625.950195	35062.242188
2622.957031	35067.175781
2619.963867	35310.078125
2616.967773	35077.000000
2613.971680	35005.132813
2610.973633	34739.859375
2607.974609	34453.148438
2604.973633	33916.742188
2601.971680	34090.320313
2598.967773	34042.320313
2595.962891	33839.601563
2592.957031	33576.347656
2589.949219	33514.484375
2586.940430	33130.292969
2583.929688	33240.574219
2580.917969	33092.585938
2577.905273	32672.574219
2574.890625	32660.138672
2571.875000	32447.097656
2568.857422	32257.441406
2565.838867	32035.648438
2562.819336	31687.388672
2559.797852	31494.171875
2556.775391	31294.503906
2553.750977	31033.005859
2550.725586	30863.458984
2547.698242	30669.279297
2544.669922	30220.996094
2541.640625	30279.771484
2538.609375	29868.349609
2535.577148	29806.023438
2532.542969	29704.189453
2529.507813	29398.996094
2526.471680	29285.074219
2523.433594	28680.794922
2520.393555	28727.681641
2517.353516	28284.513672
2514.310547	28483.548828
2511.267578	28026.917969
2508.222656	27928.660156
2505.175781	27688.513672
2502.127930	27096.683594
2499.079102	26889.916016
2496.028320	26736.597656
2492.976563	26233.642578
2489.922852	26361.583984
2486.868164	26094.939453
2483.812500	25786.814453
2480.754883	25583.619141
2477.695313	25214.701172
2474.634766	24962.111328
2471.573242	24777.513672
2468.509766	24535.951172
2465.445313	24415.333984
2462.378906	24210.019531
2459.311523	23806.843750
2456.242188	23632.125000
2453.171875	23407.076172
2450.100586	23017.824219
2447.027344	22960.017578
2443.953125	22451.789063
2440.876953	22304.880859
2437.799805	22054.929688
2434.720703	22057.730469
2431.640625	21770.773438
2428.558594	21605.763672
2425.475586	21073.574219
2422.390625	21018.439453
2419.304688	20874.236328
2416.217773	20622.464844
2413.128906	20319.927734
2410.038086	19971.550781
2406.946289	19904.890625
2403.853516	19567.523438
2400.758789	19509.984375
2397.663086	19242.542969
2394.565430	18947.902344
2391.466797	18789.867188
2388.366211	18533.595703
2385.264648	18303.347656
2382.161133	18079.751953
2379.056641	17837.031250
2375.950195	17739.406250
2372.842773	17477.750000
2369.734375	17157.628906
2366.624023	17055.615234
2363.511719	16932.001953
2360.398438	16694.468750
2357.284180	16718.808594
2354.167969	16373.280273
2351.049805	16299.906250
2347.930664	15917.211914
2344.810547	15792.033203
2341.688477	15602.905273
2338.564453	15436.358398
2335.439453	15114.757813
2332.313477	15090.919922
2329.185547	14960.795898
2326.056641	14678.198242
2322.925781	14543.585938
2319.792969	14371.582031
2316.660156	14098.415039
2313.524414	14000.927734
2310.387695	13764.842773
2307.250000	13793.465820
2304.110352	13398.429688
2300.969727	13279.147461
2297.827148	13058.140625
2294.682617	12947.071289
2291.537109	12862.329102
2288.390625	12691.863281
2285.242188	12428.647461
2282.092773	12292.664063
2278.941406	12139.350586
2275.788086	11936.220703
2272.633789	11885.451172
2269.478516	11738.869141
2266.321289	11496.607422
2263.162109	11397.824219
2260.001953	11229.513672
2256.840820	11032.100586
2253.676758	10945.516602
2250.512695	10768.954102
2247.346680	10643.876953
2244.178711	10528.384766
2241.009766	10273.368164
2237.838867	10218.076172
2234.666992	10076.927734
2231.493164	9954.026367
2228.318359	9858.795898
2225.141602	9676.292969
2221.963867	9593.861328
2218.784180	9463.541016
2215.602539	9246.892578
2212.419922	9185.192383
2209.236328	9125.119141
2206.050781	8999.175781
2202.863281	8734.505859
2199.674805	8634.732422
2196.485352	8519.376953
2193.292969	8523.973633
2190.100586	8253.750977
2186.905273	8216.204102
2183.709961	8049.625977
2180.511719	8032.532227
2177.312500	7886.510742
2174.112305	7822.638672
2170.910156	7624.540527
2167.706055	7537.436523
2164.500977	7362.273926
2161.294922	7393.873047
2158.085938	7198.678223
2154.876953	7121.276367
2151.665039	7059.515625
2148.452148	6902.877441
2145.238281	6856.050781
2142.022461	6796.828125
2138.804688	6628.096680
2135.585938	6606.312988
2132.365234	6531.759277
2129.143555	6343.212402
2125.919922	6251.011719
2122.695313	6242.616699
2119.468750	6073.064453
2116.240234	6010.545898
2113.010742	5968.210449
2109.780273	5831.519531
2106.546875	5827.199219
2103.312500	5762.588379
2100.077148	5638.545410
2096.839844	5632.772461
2093.600586	5481.889648
2090.360352	5405.984863
2087.119141	5320.125488
2083.875000	5165.747070
2080.629883	5204.116211
2077.383789	5187.003418
2074.135742	5016.740234
2070.885742	4962.033203
2067.634766	4895.842773
2064.381836	4825.102539
2061.127930	4700.653320
2057.871094	4678.443359
2054.614258	4661.625977
2051.355469	4520.551270
2048.094727	4556.726563
2044.832031	4474.077637
2041.568359	4319.501953
2038.303711	4338.106934
2035.037109	4131.702148
2031.768555	4188.621094
2028.498047	4018.416016
2025.226563	4057.755615
2021.954102	3999.288818
2018.678711	3822.543457
2015.403320	3826.814453
2012.125000	3773.876953
2008.845703	3663.050781
2005.564453	3639.194580
2002.282227	3623.738037
1998.998047	3510.855469
1995.712891	3541.125000
1992.424805	3418.501465
1989.136719	3425.219238
1985.845703	3382.543457
1982.553711	3279.913574
1979.260742	3220.646973
1975.964844	3177.368652
1972.667969	3125.031006
1969.370117	3122.767578
1966.070313	3105.353271
1962.768555	3052.364990
1959.465820	2950.987793
1956.161133	2892.070801
1952.854492	2869.503662
1949.546875	2823.528564
1946.237305	2797.236816
1942.925781	2719.627441
1939.613281	2671.523926
1936.298828	2634.026123
1932.982422	2589.024170
1929.665039	2544.064697
1926.346680	2542.833984
1923.025391	2449.003418
1919.703125	2472.649658
1916.378906	2426.325195
1913.053711	2419.135742
1909.726563	2338.316406
1906.397461	2303.386963
1903.067383	2296.264648
1899.735352	2254.635010
1896.401367	2212.294678
1893.066406	2146.758301
1889.729492	2138.223877
1886.390625	2143.176025
1883.050781	2103.213867
1879.708984	2044.587158
1876.365234	2044.340820
1873.020508	1979.071533
1869.673828	1960.180176
1866.326172	2005.518799
1862.975586	1902.300293
1859.624023	1931.956909
1856.271484	1871.370483
1852.916016	1782.524536
1849.559570	1833.049438
1846.202148	1787.486938
1842.841797	1695.833252
1839.480469	1735.911865
1836.118164	1675.593506
1832.752930	1633.908936
1829.386719	1620.485596
1826.018555	1598.909302
1822.649414	1619.643799
1819.278320	1530.604736
1815.905273	1499.466431
1812.531250	1520.958130
1809.154297	1489.113281
1805.777344	1455.818726
1802.397461	1434.392334
1799.016602	1395.240845
1795.633789	1413.032715
1792.249023	1378.360962
1788.863281	1340.769409
1785.475586	1342.325317
1782.085938	1283.397217
1778.694336	1232.635864
1775.301758	1267.399780
1771.907227	1227.006104
1768.510742	1213.888550
1765.113281	1167.673706
1761.713867	1152.391113
1758.312500	1164.319824
1754.910156	1118.930664
1751.505859	1111.770752
1748.099609	1122.966553
1744.691406	1065.925781
1741.282227	1052.201904
1737.871094	1045.820068
1734.458008	1026.258667
1731.042969	1019.162781
1727.626953	1018.659668
1724.208984	998.407898
1720.790039	979.637878
1717.368164	933.849609
1713.945313	954.568115
1710.520508	902.996765
1707.093750	922.250000
1703.666016	870.015625
1700.236328	879.060669
1696.804688	859.683167
1693.371094	851.975403
1689.936523	831.901917
1686.500000	824.942322
1683.061523	798.357483
1679.622070	813.222900
1676.179688	818.630310
1672.736328	778.292786
1669.291016	745.977234
1665.844727	757.936584
1662.396484	740.161377
1658.945313	714.433105
1655.494141	726.389404
1652.040039	701.416809
1648.584961	659.828369
1645.126953	668.900513
1641.668945	662.062317
1638.208008	632.113342
1634.745117	631.798157
1631.281250	622.101013
1627.815430	605.921265
1624.347656	617.875427
1620.878906	592.345398
1617.408203	604.293823
1613.935547	569.436951
1610.460938	590.738342
1606.984375	570.306030
1603.506836	541.986938
1600.027344	538.123413
1596.545898	533.545410
1593.062500	527.536316
1589.577148	516.511353
1586.090820	502.629150
1582.602539	491.627258
1579.112305	484.217682
1575.620117	441.734314
1572.126953	478.007111
1568.630859	455.595245
1565.133789	441.784027
1561.634766	447.277985
1558.133789	432.770264
1554.631836	431.125031
1551.127930	420.206757
1547.621094	400.029419
1544.114258	413.369415
1540.604492	413.873535
1537.092773	389.457367
1533.580078	378.586609
1530.065430	362.036438
1526.548828	391.712067
1523.030273	346.749542
1519.509766	355.096771
1515.988281	340.010895
1512.463867	346.933838
1508.938477	338.958130
1505.411133	326.029053
1501.882813	342.157318
1498.351563	320.034851
1494.818359	324.118896
1491.284180	318.296112
1487.748047	302.581573
1484.209961	307.374420
1480.669922	295.212280
1477.128906	285.180023
1473.584961	282.213165
1470.040039	298.994049
1466.493164	274.878418
1462.944336	261.354004
1459.393555	256.996552
1455.840820	253.347122
1452.287109	263.768982
1448.730469	246.762100
1445.172852	237.501755
1441.613281	226.846115
1438.051758	223.220749
1434.488281	228.719696
1430.922852	211.072128
1427.356445	223.580231
1423.787109	210.856720
1420.216797	210.749039
1416.644531	206.442535
1413.070313	204.938126
1409.494141	209.726959
1405.916016	187.260254
1402.336914	195.544907
1398.754883	180.786438
1395.171875	182.089157
1391.585938	193.152695
1387.999023	169.357559
1384.410156	167.877533
1380.819336	169.880096
1377.226563	179.535126
1373.632813	170.401230
1370.036133	146.678329
1366.438477	154.940552
1362.837891	163.194214
1359.236328	152.698990
1355.632813	163.026352
1352.027344	133.127426
1348.419922	148.305191
1344.810547	149.614090
1341.199219	139.152466
1337.585938	132.161270
1333.970703	129.326736
1330.354492	125.803841
1326.735352	126.429756
1323.115234	118.078255
1319.493164	122.848351
1315.869141	123.474632
1312.242188	123.410767
1308.614258	115.077843
1304.984375	110.885872
1301.353516	112.893570
1297.719727	105.266869
1294.083984	109.338272
1290.446289	105.845047
1286.807617	107.164024
1283.166016	105.735222
1279.523438	98.131721
1275.877930	96.023102
1272.231445	89.117966
1268.582031	93.867790
1264.931641	104.091110
1261.279297	98.561310
1257.625000	89.616730
1253.968750	81.365158
1250.310547	85.423065
1246.650391	79.231270
1242.988281	78.507271
1239.324219	81.195564
1235.658203	83.199059
1231.990234	76.339569
1228.320313	72.893440
1224.648438	71.493553
1220.975586	72.136696
1217.299805	70.738594
1213.622070	76.819969
1209.943359	74.741333
1206.261719	67.231956
1202.578125	63.802940
1198.893555	64.447876
1195.206055	68.482323
1191.517578	64.380249
1187.826172	59.605122
1184.133789	57.542881
1180.438477	54.129539
1176.742188	53.424809
1173.042969	62.183498
1169.342773	55.395248
1165.639648	60.767647
1161.935547	52.637547
1158.228516	51.260830
1154.520508	47.189026
1150.809570	52.554314
1147.097656	48.486069
1143.382813	53.844959
1139.666992	40.362381
1135.948242	43.702801
1132.227539	51.743633
1128.505859	47.014778
1124.781250	36.920628
1121.055664	40.255718
1117.327148	42.916683
1113.596680	38.202408
1109.865234	32.153389
1106.130859	42.848438
1102.394531	43.494843
1098.657227	36.783783
1094.916992	32.753593
1091.174805	35.408524
1087.430664	39.396072
1083.684570	36.705608
1079.936523	34.685009
1076.186523	34.666534
1072.434570	33.981754
1068.680664	27.970055
1064.924805	27.289537
1061.166992	31.931677
1057.406250	33.244404
1053.644531	34.555710
1049.880859	25.902933
1046.114258	32.527309
1042.346680	33.836842
1038.576172	35.808071
1034.803711	25.184778
1031.030273	30.470505
1027.253906	24.495747
1023.475586	29.114456
1019.695313	25.792150
1015.913086	25.117323
1012.128906	23.121952
1008.342773	26.410889
1004.553711	27.056608
