4046.277344	197.055756
4043.892578	185.525894
4041.505859	218.980942
4039.119141	202.137115
4036.731445	201.010452
4034.342773	214.535828
4031.952148	200.851791
4029.561523	225.869034
4027.169922	229.960907
4024.777344	219.421387
4022.383789	208.890121
4019.989258	227.600174
4017.593750	230.640991
4015.197266	215.944733
4012.799805	226.287216
4010.401367	233.494263
4008.001953	237.569626
4005.601563	269.763794
4003.201172	259.245361
4000.798828	257.061035
3998.395508	243.434860
3995.991211	251.657471
3993.585938	253.636520
3991.180664	260.809326
3988.773438	277.324341
3986.365234	263.716766
3983.957031	267.763245
3981.546875	274.918701
3979.135742	276.883331
3976.724609	270.553467
3974.311523	262.156158
3971.898438	293.125031
3969.483398	298.185028
3967.068359	265.982635
3964.651367	296.912689
3962.234375	282.316437
3959.815430	304.945465
3957.396484	294.490692
3954.975586	308.833466
3952.554688	312.839966
3950.131836	315.811096
3947.708984	313.621521
3945.284180	289.777618
3942.859375	336.048737
3940.432617	332.822998
3938.005859	339.899689
3935.577148	315.053467
3933.148438	320.073090
3930.718750	330.232391
3928.287109	330.099976
3925.855469	335.107239
3923.421875	350.385620
3920.988281	338.946747
3918.552734	350.104309
3916.117188	347.911102
3913.680664	344.693695
3911.242188	356.860657
3908.803711	355.692108
3906.363281	372.967865
3903.922852	398.423401
3901.480469	354.239075
3899.038086	389.915466
3896.593750	383.620453
3894.149414	387.556183
3891.703125	406.821075
3889.256836	385.200256
3886.808594	392.194275
3884.360352	397.140656
3881.910156	416.370148
3879.459961	424.362885
3877.007813	424.191467
3874.555664	420.962250
3872.101563	417.735504
3869.646484	412.474335
3867.191406	445.902954
3864.734375	447.757813
3862.277344	399.767303
3859.818359	464.681152
3857.358398	442.132263
3854.897461	464.304810
3852.436523	460.054382
3849.973633	453.776917
3847.509766	437.356903
3845.044922	469.638306
3842.579102	485.670563
3840.113281	500.676147
3837.645508	443.739105
3835.176758	496.218842
3832.707031	472.734772
3830.236328	497.839355
3827.764648	508.763000
3825.291992	504.511902
3822.818359	524.519348
3820.343750	521.275208
3817.868164	540.249451
3815.390625	542.048279
3812.913086	571.088196
3810.434570	535.555237
3807.955078	566.590149
3805.473633	601.630554
3802.992188	569.150146
3800.509766	603.153687
3798.025391	591.835815
3795.541016	599.643066
3793.054688	634.597778
3790.568359	599.153381
3788.080078	610.967102
3785.591797	631.811218
3783.101563	652.638123
3780.610352	640.327393
3778.119141	660.130188
3775.625977	694.958923
3773.131836	673.623657
3770.636719	673.347839
3768.140625	708.127808
3765.643555	707.837646
3763.145508	694.537415
3760.646484	694.252686
3758.146484	729.966248
3755.645508	716.672668
3753.143555	721.374207
3750.639648	722.076843
3748.135742	734.758362
3745.630859	777.366394
3743.124023	753.107117
3740.617188	783.707153
3738.108398	792.354980
3735.599609	785.055237
3733.088867	806.641052
3730.577148	805.313660
3728.064453	810.952332
3725.551758	802.661438
3723.037109	853.035767
3720.521484	810.944519
3718.004883	838.425354
3715.487305	851.981445
3712.967773	884.385132
3710.448242	909.816650
3707.927734	906.465942
3705.406250	887.256226
3702.882813	888.871765
3700.359375	901.381531
3697.833984	906.949890
3695.308594	944.184082
3692.781250	953.686829
3690.252930	961.203613
3687.723633	973.656372
3685.193359	939.658997
3682.662109	979.764404
3680.129883	1014.900085
3677.596680	1050.006348
3675.062500	1024.910400
3672.527344	1023.499756
3669.990234	1059.543579
3667.453125	1016.740173
3664.915039	1074.421997
3662.375000	1095.633057
3659.833984	1118.794189
3657.292969	1136.034302
3654.750000	1160.141846
3652.206055	1144.918701
3649.661133	1154.266602
3647.115234	1184.227295
3644.568359	1188.642822
3642.019531	1196.978760
3639.470703	1196.481079
3636.920898	1190.101440
3634.369141	1230.762207
3631.817383	1241.024414
3629.263672	1238.549561
3626.708984	1232.161743
3624.153320	1305.997314
3621.596680	1295.674438
3619.039063	1314.683594
3616.480469	1344.424072
3613.920898	1303.820923
3611.360352	1349.160156
3608.797852	1367.137939
3606.235352	1373.395264
3603.670898	1401.097412
3601.105469	1412.207520
3598.540039	1448.637207
3595.972656	1449.005737
3593.404297	1431.852417
3590.834961	1543.146606
3588.264648	1517.214355
3585.692383	1551.577637
3583.120117	1558.702515
3580.545898	1589.133301
3577.971680	1633.131592
3575.395508	1581.009033
3572.818359	1642.435303
3570.240234	1661.141602
3567.661133	1716.666016
3565.081055	1726.604370
3562.500000	1743.313477
3559.917969	1779.369995
3557.333984	1772.817261
3554.750000	1832.045166
3552.164063	1845.779297
3549.577148	1855.635498
3546.989258	1874.177490
3544.400391	1888.840698
3541.810547	1908.317383
3539.219727	1957.687500
3536.626953	1942.397583
3534.034180	1957.969360
3531.439453	2022.672974
3528.844727	2046.865723
3526.248047	2112.439209
3523.650391	2082.677002
3521.051758	2051.977539
3518.451172	2099.193604
3515.850586	2138.679688
3513.249023	2153.150879
3510.645508	2192.579834
3508.041016	2248.294434
3505.436523	2232.952393
3502.830078	2286.683350
3500.222656	2290.512207
3497.613281	2322.129883
3495.003906	2360.425781
3492.393555	2402.519043
3489.781250	2443.618896
3487.167969	2491.380615
3484.553711	2552.489990
3481.938477	2533.247803
3479.322266	2639.196777
3476.705078	2613.246826
3474.086914	2651.284912
3471.466797	2730.326172
3468.845703	2743.479004
3466.224609	2733.735596
3463.601563	2863.154297
3460.977539	2846.697754
3458.351563	2898.820557
3455.725586	2920.437256
3453.098633	2938.229004
3450.469727	3036.847656
3447.839844	3114.466797
3445.208984	3065.630859
3442.577148	3184.965088
3439.944336	3195.006592
3437.310547	3152.839355
3434.674805	3269.135742
3432.039063	3277.229492
3429.401367	3342.187500
3426.762695	3361.611084
3424.123047	3394.275879
3421.481445	3514.951416
3418.839844	3541.843994
3416.197266	3665.189697
3413.552734	3611.629639
3410.907227	3682.860840
3408.260742	3655.787109
3405.613281	3695.776611
3402.963867	3751.776367
3400.314453	3885.089355
3397.663086	3827.793945
3395.011719	3971.327881
3392.358398	3973.403076
3389.704102	4007.497559
3387.047852	4105.579102
3384.391602	4142.409180
3381.733398	4216.831055
3379.075195	4250.759277
3376.415039	4316.610840
3373.753906	4424.678711
3371.090820	4413.397949
3368.427734	4527.899902
3365.762695	4672.326172
3363.097656	4611.245605
3360.430664	4683.328613
3357.762695	4806.884766
3355.092773	4888.186035
3352.422852	4901.072754
3349.750977	5000.977539
3347.079102	5127.922363
3344.405273	5129.465820
3341.729492	5231.943848
3339.053711	5227.833008
3336.376953	5431.963379
3333.698242	5411.898926
3331.018555	5447.831055
3328.337891	5593.778320
3325.656250	5637.988281
3322.973633	5704.521484
3320.289063	5811.978516
3317.604492	5747.104980
3314.917969	5920.520996
3312.230469	5972.859375
3309.541016	6095.816406
3306.851563	6035.572754
3304.160156	6219.708008
3301.467773	6150.173340
3298.774414	6296.041016
3296.080078	6416.730469
3293.384766	6564.208984
3290.687500	6531.718750
3287.990234	6591.915527
3285.291016	6694.664551
3282.589844	6753.810059
3279.888672	6856.396973
3277.186523	6965.368652
3274.482422	7125.098145
3271.777344	7103.541504
3269.071289	7213.183594
3266.364258	7398.449219
3263.655273	7469.098145
3260.945313	7533.226074
3258.234375	7626.807129
3255.522461	7747.960449
3252.809570	7914.156250
3250.095703	8067.312500
3247.379883	8019.635742
3244.663086	8276.595703
3241.945313	8294.172852
3239.226563	8388.966797
3236.505859	8600.393555
3233.784180	8699.560547
3231.061523	8801.393555
3228.337891	8781.062500
3225.613281	8980.934570
3222.886719	9111.852539
3220.160156	9228.903320
3217.431641	9406.324219
3214.702148	9353.707031
3211.970703	9542.815430
3209.239258	9766.529297
3206.505859	9823.577148
3203.771484	9865.029297
3201.035156	9873.542969
3198.298828	10026.376953
3195.560547	10129.768555
3192.821289	10270.487305
3190.081055	10286.096680
3187.339844	10626.325195
3184.596680	10752.963867
3181.853516	10653.535156
3179.108398	10887.509766
3176.361328	10949.227539
3173.614258	11151.016602
3170.865234	11383.550781
3168.115234	11386.779297
3165.364258	11476.331055
3162.612305	11728.392578
3159.858398	11784.117188
3157.104492	11923.284180
3154.347656	12083.190430
3151.590820	12257.461914
3148.833008	12359.975586
3146.073242	12619.127930
3143.312500	12791.116211
3140.550781	12845.279297
3137.787109	12938.295898
3135.023438	13166.884766
3132.257813	13343.743164
3129.491211	13431.890625
3126.722656	13700.597656
3123.954102	13792.116211
3121.183594	13981.011719
3118.412109	14101.183594
3115.638672	14161.740234
3112.865234	14290.733398
3110.089844	14306.104492
3107.313477	14586.186523
3104.536133	14607.706055
3101.756836	14830.724609
3098.976563	14864.700195
3096.195313	14979.539063
3093.413086	15318.890625
3090.628906	15357.982422
3087.844727	15382.672852
3085.058594	15712.416016
3082.270508	15918.093750
3079.482422	16109.242188
3076.692383	16267.958008
3073.901367	16354.873047
3071.109375	16457.822266
3068.315430	16693.126953
3065.520508	16882.599609
3062.724609	17097.830078
3059.927734	17186.845703
3057.128906	17380.304688
3054.329102	17531.617188
3051.528320	17688.146484
3048.726563	17823.121094
3045.922852	18211.240234
3043.118164	18209.472656
3040.312500	18605.980469
3037.505859	18610.263672
3034.697266	18702.669922
3031.887695	19128.675781
3029.077148	19121.144531
3026.264648	19477.234375
3023.452148	19571.740234
3020.637695	19754.982422
3017.821289	19891.888672
3015.004883	20183.978516
3012.186523	20174.193359
3009.367188	20355.050781
3006.545898	20584.490234
3003.724609	20982.044922
3000.901367	20870.951172
2998.077148	21055.583984
2995.250977	21378.068359
2992.423828	21411.078125
2989.595703	21532.449219
2986.766602	21935.564453
2983.935547	21911.742188
2981.104492	22227.808594
2978.270508	22068.855469
2975.436523	22534.501953
2972.600586	22649.726563
2969.763672	22696.105469
2966.925781	22667.564453
2964.085938	23044.931641
2961.245117	23199.302734
2958.403320	23227.736328
2955.560547	23497.060547
2952.715820	23655.398438
2949.870117	24013.888672
2947.023438	24406.300781
2944.174805	24457.800781
2941.325195	24575.046875
2938.474609	24827.232422
2935.622070	24815.341797
2932.768555	25050.535156
2929.914063	25376.593750
2927.058594	25307.552734
2924.201172	25693.566406
2921.342773	25928.796875
2918.483398	26112.232422
2915.622070	26308.603516
2912.759766	26526.626953
2909.896484	26666.748047
2907.032227	26945.492188
2904.166016	27292.017578
2901.298828	27245.873047
2898.429688	27364.476563
2895.559570	27503.001953
2892.688477	27697.123047
2889.816406	27830.138672
2886.942383	28106.570313
2884.067383	28107.964844
2881.191406	28566.537109
2878.314453	28342.689453
2875.435547	28632.261719
2872.554688	28589.982422
2869.673828	28937.300781
2866.791016	29225.326172
2863.907227	29219.222656
2861.021484	29487.785156
2858.134766	29640.044922
2855.247070	29713.380859
2852.358398	30087.771484
2849.467773	29975.730469
2846.576172	30352.244141
2843.682617	30387.937500
2840.789063	30541.060547
2837.893555	31022.123047
2834.996094	30895.197266
2832.097656	31124.632813
2829.198242	31492.671875
2826.297852	31546.664063
2823.395508	31718.615234
2820.492188	31838.740234
2817.587891	32142.933594
2814.681641	32030.460938
2811.774414	32248.285156
2808.866211	32485.673828
2805.956055	32629.193359
2803.044922	32970.085938
2800.131836	33066.031250
2797.218750	33390.960938
2794.303711	33139.281250
2791.386719	33270.992188
2788.468750	33406.859375
2785.549805	33371.304688
2782.629883	33636.250000
2779.708008	33491.078125
2776.785156	33899.398438
2773.860352	34008.125000
2770.935547	34266.281250
2768.007813	34144.109375
2765.080078	34132.167969
2762.150391	34126.199219
2759.219727	34455.453125
2756.287109	34383.671875
2753.353516	34103.156250
2750.418945	34564.828125
2747.482422	34579.914063
2744.544922	34417.101563
2741.606445	34695.078125
2738.666016	34656.484375
2735.724609	34703.753906
2732.782227	34898.789063
2729.837891	34969.664063
2726.892578	34981.898438
2723.945313	35298.679688
2720.997070	35080.074219
2718.047852	35175.277344
2715.097656	35160.242188
2712.145508	35703.285156
2709.191406	35480.617188
2706.237305	35419.742188
2703.281250	35612.621094
2700.323242	35424.921875
2697.364258	35742.652344
2694.404297	35684.257813
2691.443359	35603.957031
2688.480469	35592.910156
2685.515625	35673.789063
2682.550781	35649.210938
2679.583984	35797.382813
2676.615234	35774.429688
2673.646484	35399.578125
2670.674805	35681.429688
2667.703125	35479.367188
2664.729492	35318.675781
2661.754883	35213.578125
2658.778320	35267.324219
2655.800781	35158.968750
2652.821289	34851.804688
2649.840820	34644.726563
2646.859375	35087.632813
2643.876953	34552.929688
2640.892578	34777.652344
2637.906250	34912.566406
2634.918945	34627.207031
2631.930664	34444.156250
2628.941406	34209.414063
2625.950195	34261.554688
2622.957031	34113.976563
2619.963867	34156.902344
2616.967773	34260.710938
2613.971680	33933.933594
2610.973633	33917.644531
2607.974609	33870.523438
2604.973633	33664.304688
2601.971680	33272.558594
2598.967773	33772.632813
2595.962891	33271.351563
2592.957031	33233.722656
2589.949219	32858.640625
2586.940430	32522.939453
2583.929688	32555.433594
2580.917969	32572.115234
2577.905273	32362.259766
2574.890625	32097.019531
2571.875000	31944.750000
2568.857422	32095.869141
2565.838867	31578.480469
2562.819336	31500.300781
2559.797852	31207.048828
2556.775391	31075.332031
2553.750977	30622.142578
2550.725586	30594.908203
2547.698242	30316.607422
2544.669922	30055.886719
2541.640625	29879.562500
2538.609375	29608.539063
2535.577148	29516.652344
2532.542969	29442.144531
2529.507813	28967.396484
2526.471680	28789.457031
2523.433594	28751.566406
2520.393555	28213.601563
2517.353516	28197.365234
2514.310547	28182.779297
2511.267578	28024.453125
2508.222656	27807.970703
2505.175781	27358.615234
2502.127930	27204.138672
2499.079102	26844.822266
2496.028320	26653.828125
2492.976563	26395.011719
2489.922852	26178.181641
2486.868164	26025.376953
2483.812500	25776.179688
2480.754883	25671.923828
2477.695313	25480.308594
2474.634766	25183.484375
2471.573242	24908.970703
2468.509766	24605.322266
2465.445313	24562.167969
2462.378906	24234.480469
2459.311523	24029.337891
2456.242188	23798.306641
2453.171875	23584.580078
2450.100586	23181.412109
2447.027344	22766.406250
2443.953125	22718.492188
2440.876953	22335.763672
2437.799805	22223.087891
2434.720703	22308.634766
2431.640625	21723.701172
2428.558594	21690.132813
2425.475586	21365.486328
2422.390625	21043.564453
2419.304688	20985.222656
2416.217773	20758.500000
2413.128906	20501.224609
2410.038086	20244.181641
2406.946289	20138.580078
2403.853516	19898.902344
2400.758789	19603.695313
2397.663086	19299.068359
2394.565430	18972.115234
2391.466797	18736.621094
2388.366211	18715.835938
2385.264648	18549.175781
2382.161133	18362.523438
2379.056641	18180.066406
2375.950195	17841.626953
2372.842773	17732.775391
2369.734375	17497.773438
2366.624023	17181.001953
2363.511719	17261.386719
2360.398438	16773.966797
2357.284180	16621.691406
2354.167969	16574.646484
2351.049805	16462.689453
2347.930664	16214.572266
2344.810547	15867.339844
2341.688477	15733.429688
2338.564453	15654.865234
2335.439453	15381.963867
2332.313477	15194.074219
2329.185547	15202.975586
2326.056641	14698.969727
2322.925781	14708.881836
2319.792969	14429.048828
2316.660156	14167.024414
2313.524414	14156.422852
2310.387695	13759.263672
2307.250000	13773.549805
2304.110352	13556.892578
2300.969727	13400.922852
2297.827148	13220.432617
2294.682617	13002.733398
2291.537109	12878.225586
2288.390625	12672.796875
2285.242188	12647.014648
2282.092773	12385.525391
2278.941406	12286.114258
2275.788086	12097.188477
2272.633789	12005.922852
2269.478516	11877.503906
2266.321289	11668.435547
2263.162109	11374.080078
2260.001953	11371.119141
2256.840820	11127.777344
2253.676758	11008.745117
2250.512695	10922.999023
2247.346680	10762.317383
2244.178711	10646.769531
2241.009766	10550.258789
2237.838867	10397.064453
2234.666992	10232.975586
2231.493164	9972.932617
2228.318359	9881.629883
2225.141602	9766.011719
2221.963867	9706.350586
2218.784180	9550.817383
2215.602539	9395.426758
2212.419922	9237.038086
2209.236328	9153.384766
2206.050781	9037.629883
2202.863281	8896.096680
2199.674805	8688.047852
2196.485352	8631.443359
2193.292969	8547.472656
2190.100586	8407.990234
2186.905273	8368.022461
2183.709961	8216.234375
2180.511719	8103.678711
2177.312500	7967.782715
2174.112305	7885.907227
2170.910156	7712.762207
2167.706055	7686.483887
2164.500977	7548.690430
2161.294922	7445.327637
2158.085938	7353.748535
2154.876953	7266.147949
2151.665039	7167.728027
2148.452148	7079.515137
2145.238281	6901.161621
2142.022461	6922.767090
2138.804688	6780.395508
2135.585938	6743.782715
2132.365234	6592.310547
2129.143555	6535.642578
2125.919922	6481.353027
2122.695313	6299.205566
2119.468750	6212.532715
2116.240234	6097.284668
2113.010742	5988.336426
2109.780273	6028.043945
2106.546875	5859.680176
2103.312500	5856.892578
2100.077148	5779.934082
2096.839844	5728.531250
2093.600586	5589.952637
2090.360352	5519.396973
2087.119141	5425.772461
2083.875000	5433.977539
2080.629883	5332.774414
2077.383789	5097.678711
2074.135742	5136.039551
2070.885742	5046.657227
2067.634766	4965.047363
2064.381836	4876.596680
2061.127930	4861.976563
2057.871094	4773.655762
2054.614258	4761.396973
2051.355469	4647.123535
2048.094727	4549.825684
2044.832031	4512.396484
2041.568359	4355.504395
2038.303711	4349.591309
2035.037109	4267.920898
2031.768555	4240.634766
2028.498047	4155.268555
2025.226563	4102.841797
2021.954102	3990.886963
2018.678711	4001.951660
2015.403320	3968.746094
2012.125000	3868.452637
2008.845703	3761.392822
2005.564453	3730.631836
2002.282227	3796.623291
1998.998047	3650.163086
1995.712891	3587.538574
1992.424805	3550.070068
1989.136719	3468.547363
1985.845703	3362.789063
1982.553711	3314.087158
1979.260742	3258.599609
1975.964844	3247.167725
1972.667969	3227.404053
1969.370117	3187.193604
1966.070313	3086.413574
1962.768555	3060.694336
1959.465820	3060.732178
1956.161133	2979.823975
1952.854492	2951.921387
1949.546875	2932.358154
1946.237305	2806.301758
1942.925781	2801.171143
1939.613281	2796.798828
1936.298828	2656.655273
1932.982422	2632.752686
1929.665039	2657.854492
1926.346680	2571.455811
1923.025391	2545.367432
1919.703125	2555.422363
1916.378906	2505.297363
1913.053711	2465.744385
1909.726563	2411.200928
1906.397461	2365.721924
1903.067383	2321.787109
1899.735352	2301.153320
1896.401367	2294.037109
1893.066406	2246.450439
1889.729492	2198.159912
1886.390625	2152.910889
1883.050781	2125.668213
1879.708984	2108.176514
1876.365234	2110.142578
1873.020508	2090.431641
1869.673828	1966.156250
1866.326172	2004.772217
1862.975586	1947.077881
1859.624023	1928.973267
1856.271484	1866.151489
1852.916016	1874.929688
1849.559570	1821.876831
1846.202148	1820.243896
1842.841797	1811.914795
1839.480469	1744.093140
1836.118164	1719.453369
1832.752930	1703.753174
1829.386719	1670.243774
1826.018555	1645.674072
1822.649414	1667.127686
1819.278320	1581.031616
1815.905273	1569.881348
1812.531250	1529.107422
1809.154297	1523.175537
1805.777344	1483.943359
1802.397461	1489.874268
1799.016602	1443.301636
1795.633789	1411.554688
1792.249023	1384.270386
1788.863281	1362.918701
1785.475586	1335.683838
1782.085938	1317.326172
1778.694336	1332.160889
1775.301758	1280.663208
1771.907227	1255.729492
1768.510742	1247.750854
1765.113281	1236.836426
1761.713867	1203.869873
1758.312500	1174.610596
1754.910156	1160.073242
1751.505859	1133.800537
1748.099609	1110.489136
1744.691406	1080.597778
1741.282227	1080.065063
1737.871094	1073.669434
1734.458008	1048.234253
1731.042969	1022.823608
1727.626953	1025.977661
1724.208984	1023.276672
1720.790039	1000.838989
1717.368164	1005.459351
1713.945313	958.219849
1710.520508	960.665955
1707.093750	968.946228
1703.666016	931.274048
1700.236328	889.265381
1696.804688	884.453674
1693.371094	873.820923
1689.936523	869.748718
1686.500000	867.862549
1683.061523	837.620972
1679.622070	801.595093
1676.179688	798.291687
1672.736328	800.799377
1669.291016	763.393005
1665.844727	779.695557
1662.396484	777.858093
1658.945313	707.911926
1655.494141	734.355774
1652.040039	707.207642
1648.584961	706.132080
1645.126953	697.102783
1641.668945	669.290039
1638.208008	672.568604
1634.745117	636.130493
1631.281250	635.091553
1627.815430	631.889343
1624.347656	594.804260
1620.878906	621.169983
1617.408203	600.692566
1613.935547	573.756287
1610.460938	566.274170
1606.984375	559.518372
1603.506836	568.583069
1600.027344	545.307983
1596.545898	524.928284
1593.062500	530.407288
1589.577148	515.076599
1586.090820	522.705627
1582.602539	505.243744
1579.112305	470.608002
1575.620117	496.861603
1572.126953	468.704590
1568.630859	464.177887
1565.133789	450.362335
1561.634766	460.139038
1558.133789	436.341003
1554.631836	428.983704
1551.127930	405.938293
1547.621094	432.117371
1544.114258	387.712006
1540.604492	407.462402
1537.092773	400.137177
1533.580078	392.107544
1530.065430	363.458984
1526.548828	386.024780
1523.030273	382.277161
1519.509766	361.488525
1515.988281	370.533783
1512.463867	335.582214
1508.938477	348.885803
1505.411133	351.544373
1501.882813	315.946503
1498.351563	323.575043
1494.818359	318.457428
1491.284180	314.052155
1487.748047	298.339752
1484.209961	305.254608
1480.669922	303.687286
1477.128906	283.062378
1473.584961	291.385101
1470.040039	284.185394
1466.493164	278.402496
1462.944336	277.556549
1459.393555	266.853943
1455.840820	265.310730
1452.287109	252.514832
1448.730469	239.731842
1445.172852	243.123093
1441.613281	254.938507
1438.051758	232.346115
1434.488281	232.929260
1430.922852	237.719101
1427.356445	219.374954
1423.787109	215.059845
1420.216797	221.951645
1416.644531	206.442535
1413.070313	192.348068
1409.494141	195.046082
1405.916016	208.222214
1402.336914	188.561172
1398.754883	186.370575
1395.171875	184.879807
1391.585938	181.298553
1387.999023	179.811737
1384.410156	165.787781
1380.819336	165.006485
1377.226563	161.442429
1373.632813	166.923660
1370.036133	158.496017
1366.438477	158.414566
1362.837891	163.194214
1359.236328	151.310806
1355.632813	140.133286
1352.027344	133.820801
1348.419922	160.086441
1344.810547	123.985756
1341.199219	131.537155
1337.585938	139.080704
1333.970703	127.943565
1330.354492	131.333679
1326.735352	125.738884
1323.115234	127.745483
1319.493164	126.299141
1315.869141	116.576614
1312.242188	115.826866
1308.614258	132.994156
1304.984375	114.329536
1301.353516	125.972702
1297.719727	107.330925
1294.083984	112.088921
1290.446289	105.157738
1286.807617	107.164024
1283.166016	100.929070
1279.523438	107.739021
1275.877930	98.080742
1272.231445	100.771851
1268.582031	94.552956
1264.931641	87.655670
1261.279297	91.032318
1257.625000	88.932632
1253.968750	82.048897
1250.310547	69.021835
1246.650391	70.351906
1242.988281	74.411240
1239.324219	73.690094
1235.658203	77.743378
1231.990234	82.473999
1228.320313	82.430901
1224.648438	71.493553
1220.975586	72.136696
1217.299805	72.779129
1213.622070	70.701561
1209.943359	72.023468
1206.261719	73.343948
1202.578125	60.409164
1198.893555	67.161469
1195.206055	61.023849
1191.517578	68.446373
1187.826172	59.605122
1184.133789	54.834980
1180.438477	57.512634
1176.742188	56.806126
1173.042969	56.100330
1169.342773	46.613075
1165.639648	58.742058
1161.935547	49.263344
1158.228516	55.307739
1154.520508	45.166637
1150.809570	47.164127
1147.097656	57.913914
1143.382813	46.441277
1139.666992	47.089447
1135.948242	44.375153
1132.227539	43.679688
1128.505859	47.014778
1124.781250	48.332458
1121.055664	45.623150
1117.327148	44.257828
1113.596680	43.564152
1109.865234	43.541046
1106.130859	40.170410
1102.394531	38.141632
1098.657227	36.114986
1094.916992	40.106441
1091.174805	41.421291
1087.430664	33.386501
1083.684570	36.038235
1079.936523	39.354145
1076.186523	29.999887
1072.434570	29.983900
1068.680664	28.636007
1064.924805	35.276718
1061.166992	29.270702
1057.406250	36.568844
1053.644531	33.891178
1049.880859	25.902933
1046.114258	25.889082
1042.346680	32.509907
1038.576172	23.872047
1034.803711	31.812351
1031.030273	28.483297
1027.253906	29.130077
1023.475586	29.114456
1019.695313	27.776161
1015.913086	31.066162
1012.128906	20.479443
1008.342773	22.449255
1004.553711	31.016111
