4046.277344	212.778290
4043.892578	212.778290
4041.505859	210.598907
4039.119141	234.604736
4036.731445	247.075333
4034.342773	231.280090
4031.952148	224.912170
4029.561523	253.056976
4027.169922	229.960907
4024.777344	237.184067
4022.383789	242.312531
4019.989258	249.524963
4017.593750	242.120850
4015.197266	255.586761
4012.799805	239.843582
4010.401367	255.384354
4008.001953	242.779495
4005.601563	259.348206
4003.201172	276.944824
4000.798828	266.427643
3998.395508	269.442871
3995.991211	281.814758
3993.585938	260.912964
3991.180664	259.770233
3988.773438	291.865692
3986.365234	275.137573
3983.957031	283.330872
3981.546875	260.394714
3979.135742	314.215912
3976.724609	289.212311
3974.311523	295.314270
3971.898438	309.697479
3969.483398	300.255768
3967.068359	292.891357
3964.651367	302.085388
3962.234375	315.408478
3959.815430	300.810608
3957.396484	307.923584
3954.975586	338.787231
3952.554688	309.742554
3950.131836	313.746979
3947.708984	334.254517
3945.284180	346.495636
3942.859375	332.956268
3940.432617	355.492035
3938.005859	369.769684
3935.577148	365.503204
3933.148438	371.531769
3930.718750	350.807617
3928.287109	338.326752
3925.855469	368.001190
3923.421875	360.660858
3920.988281	370.787201
3918.552734	378.851898
3916.117188	374.594543
3913.680664	400.090881
3911.242188	392.751831
3908.803711	381.318359
3906.363281	400.633057
3903.922852	402.520294
3901.480469	388.024902
3899.038086	392.985657
3896.593750	401.011261
3894.149414	421.301178
3891.703125	401.710266
3889.256836	420.961578
3886.808594	433.047852
3884.360352	438.998688
3881.910156	422.493256
3879.459961	451.905640
3877.007813	436.427765
3874.555664	456.637024
3872.101563	437.093994
3869.646484	436.917267
3867.191406	444.884918
3864.734375	473.198608
3862.277344	476.058777
3859.818359	448.412231
3857.358398	481.771698
3854.897461	467.352753
3852.436523	486.459259
3849.973633	485.246887
3847.509766	473.887878
3845.044922	516.297852
3842.579102	533.325073
3840.113281	517.905884
3837.645508	542.010071
3835.176758	516.472656
3832.707031	530.434753
3830.236328	530.219177
3827.764648	550.232727
3825.291992	542.931641
3822.818359	543.721436
3820.343750	547.541016
3817.868164	579.632141
3815.390625	591.508911
3812.913086	587.231995
3810.434570	569.846863
3807.955078	586.753479
3805.473633	614.731445
3802.992188	576.201538
3800.509766	618.257751
3798.025391	636.122864
3795.541016	622.783691
3793.054688	641.637695
3790.568359	630.317383
3788.080078	675.279419
3785.591797	646.878235
3783.101563	645.609680
3780.610352	683.484253
3778.119141	659.126892
3775.625977	685.933472
3773.131836	676.630920
3770.636719	683.367859
3768.140625	696.108643
3765.643555	699.828186
3763.145508	725.561462
3760.646484	723.263184
3758.146484	714.966919
3755.645508	704.678162
3753.143555	764.336975
3750.639648	785.995117
3748.135742	780.680786
3745.630859	739.446045
3743.124023	802.981750
3740.617188	781.712952
3738.108398	831.225220
3735.599609	835.864685
3733.088867	791.703247
3730.577148	829.204285
3728.064453	848.763611
3725.551758	871.290466
3723.037109	872.920044
3720.521484	843.740051
3718.004883	897.035645
3715.487305	892.693848
3712.967773	887.362854
3710.448242	895.926331
3707.927734	894.564880
3705.406250	944.754395
3702.882813	918.599915
3700.359375	970.718567
3697.833984	989.129822
3695.308594	1008.515320
3692.781250	1000.184021
3690.252930	979.992615
3687.723633	1001.333923
3685.193359	1032.537964
3682.662109	1018.283386
3680.129883	1022.798157
3677.596680	1019.414063
3675.062500	1073.245972
3672.527344	1058.996826
3669.990234	1036.874268
3667.453125	1077.823364
3664.915039	1087.224487
3662.375000	1102.523804
3659.833984	1110.922241
3657.292969	1143.902954
3654.750000	1098.202148
3652.206055	1146.884155
3649.661133	1126.760742
3647.115234	1142.985596
3644.568359	1180.790527
3642.019531	1165.582642
3639.470703	1173.924438
3636.920898	1245.979370
3634.369141	1242.521118
3631.817383	1227.311523
3629.263672	1267.922363
3626.708984	1258.586182
3624.153320	1282.518677
3621.596680	1325.010498
3619.039063	1370.398804
3616.480469	1351.263428
3613.920898	1369.256104
3611.360352	1370.637451
3608.797852	1426.663574
3606.235352	1403.633423
3603.670898	1449.848145
3601.105469	1403.436035
3598.540039	1456.430786
3595.972656	1489.905029
3593.404297	1486.362183
3590.834961	1506.173340
3588.264648	1523.049683
3585.692383	1597.269409
3583.120117	1576.194092
3580.545898	1623.130737
3577.971680	1612.741699
3575.395508	1633.418213
3572.818359	1651.166504
3570.240234	1716.416016
3567.661133	1674.985229
3565.081055	1767.298706
3562.500000	1716.195190
3559.917969	1744.518433
3557.333984	1808.621948
3554.750000	1800.124634
3552.164063	1857.381836
3549.577148	1780.250244
3546.989258	1845.195313
3544.400391	1828.969482
3541.810547	1863.915405
3539.219727	1880.499268
3536.626953	1953.970947
3534.034180	1917.479614
3531.439453	1987.982056
3528.844727	1971.733765
3526.248047	2051.781250
3523.650391	2085.564453
3521.051758	2113.546387
3518.451172	2084.769531
3515.850586	2155.020020
3513.249023	2133.935059
3510.645508	2197.381836
3508.041016	2204.135010
3505.436523	2282.850830
3502.830078	2326.968994
3500.222656	2328.863281
3497.613281	2310.629395
3495.003906	2352.762207
3492.393555	2450.396973
3489.781250	2447.447510
3487.167969	2417.710693
3484.553711	2530.493896
3481.938477	2522.732422
3479.322266	2643.018799
3476.705078	2685.836914
3474.086914	2678.017334
3471.466797	2733.189209
3468.845703	2740.617188
3466.224609	2771.876221
3463.601563	2863.154297
3460.977539	2773.339111
3458.351563	2899.772705
3455.725586	2841.429443
3453.098633	3018.154785
3450.469727	2952.200195
3447.839844	3031.756592
3445.208984	3093.189209
3442.577148	3037.732666
3439.944336	3122.845947
3437.310547	3132.908691
3434.674805	3129.680420
3432.039063	3291.453613
3429.401367	3324.177979
3426.762695	3316.132568
3424.123047	3363.969971
3421.481445	3332.246094
3418.839844	3390.442627
3416.197266	3446.697021
3413.552734	3575.702393
3410.907227	3573.235107
3408.260742	3669.011963
3405.613281	3741.100342
3402.963867	3740.450195
3400.314453	3873.768066
3397.663086	3868.344727
3395.011719	3883.662598
3392.358398	3982.825439
3389.704102	4036.694336
3387.047852	4059.448975
3384.391602	4086.888184
3381.733398	4214.950195
3379.075195	4246.058105
3376.415039	4388.977051
3373.753906	4414.345215
3371.090820	4445.324707
3368.427734	4466.889648
3365.762695	4631.982910
3363.097656	4624.375000
3360.430664	4644.894531
3357.762695	4767.530273
3355.092773	4842.291992
3352.422852	4946.011230
3349.750977	4923.305176
3347.079102	5096.118652
3344.405273	5012.589355
3341.729492	5073.994629
3339.053711	5289.490723
3336.376953	5284.421387
3333.698242	5278.421875
3331.018555	5245.368652
3328.337891	5459.482910
3325.656250	5500.021484
3322.973633	5611.340820
3320.289063	5648.982422
3317.604492	5748.036133
3314.917969	5804.194824
3312.230469	5874.257324
3309.541016	5944.257813
3306.851563	6040.219727
3304.160156	6178.831543
3301.467773	6146.458496
3298.774414	6168.875977
3296.080078	6349.000000
3293.384766	6450.137695
3290.687500	6503.908203
3287.990234	6555.777832
3285.291016	6682.624023
3282.589844	6709.371094
3279.888672	6880.458008
3277.186523	6927.442871
3274.482422	7114.002930
3271.777344	7148.828125
3269.071289	7311.108398
3266.364258	7397.525879
3263.655273	7434.023438
3260.945313	7575.666504
3258.234375	7777.129883
3255.522461	7901.905273
3252.809570	7880.984863
3250.095703	7927.315430
3247.379883	8110.778320
3244.663086	8172.608887
3241.945313	8320.848633
3239.226563	8347.591797
3236.505859	8586.607422
3233.784180	8619.638672
3231.061523	8819.758789
3228.337891	8880.190430
3225.613281	8959.833008
3222.886719	9007.307617
3220.160156	9173.904297
3217.431641	9263.387695
3214.702148	9384.846680
3211.970703	9413.734375
3209.239258	9473.708008
3206.505859	9699.181641
3203.771484	9676.688477
3201.035156	9840.643555
3198.298828	10030.944336
3195.560547	10083.201172
3192.821289	10362.668945
3190.081055	10320.763672
3187.339844	10255.183594
3184.596680	10629.000000
3181.853516	10797.490234
3179.108398	10870.206055
3176.361328	11032.976563
3173.614258	11162.845703
3170.865234	11330.797852
3168.115234	11468.600586
3165.364258	11592.648438
3162.612305	11788.342773
3159.858398	11810.448242
3157.104492	11958.678711
3154.347656	12214.726563
3151.590820	12363.551758
3148.833008	12549.404297
3146.073242	12620.940430
3143.312500	12813.755859
3140.550781	13097.821289
3137.787109	13197.965820
3135.023438	13213.912109
3132.257813	13502.844727
3129.491211	13580.983398
3126.722656	13609.375000
3123.954102	13838.159180
3121.183594	13953.037109
3118.412109	14260.840820
3115.638672	14342.965820
3112.865234	14432.225586
3110.089844	14459.245117
3107.313477	14672.627930
3104.536133	14612.207031
3101.756836	14875.707031
3098.976563	15045.451172
3096.195313	15123.357422
3093.413086	15258.693359
3090.628906	15280.748047
3087.844727	15660.056641
3085.058594	15855.084961
3082.270508	16063.390625
3079.482422	16099.379883
3076.692383	16453.453125
3073.901367	16655.833984
3071.109375	16640.468750
3068.315430	16869.427734
3065.520508	17074.029297
3062.724609	17324.046875
3059.927734	17452.291016
3057.128906	17709.060547
3054.329102	17733.427734
3051.528320	17890.761719
3048.726563	18237.093750
3045.922852	18445.781250
3043.118164	18520.570313
3040.312500	18877.738281
3037.505859	18987.884766
3034.697266	19046.296875
3031.887695	19453.464844
3029.077148	19372.855469
3026.264648	19882.638672
3023.452148	19810.787109
3020.637695	20009.914063
3017.821289	20495.642578
3015.004883	20641.031250
3012.186523	20645.238281
3009.367188	20966.873047
3006.545898	21030.302734
3003.724609	21343.500000
3000.901367	21357.990234
2998.077148	21766.347656
2995.250977	21859.369141
2992.423828	21826.724609
2989.595703	21992.994141
2986.766602	22593.826172
2983.935547	22459.314453
2981.104492	22668.320313
2978.270508	22856.839844
2975.436523	22946.400391
2972.600586	23276.558594
2969.763672	23332.353516
2966.925781	23497.318359
2964.085938	23627.791016
2961.245117	23878.708984
2958.403320	23965.779297
2955.560547	24284.017578
2952.715820	24576.478516
2949.870117	24713.177734
2947.023438	25036.787109
2944.174805	25076.595703
2941.325195	25419.921875
2938.474609	25598.068359
2935.622070	25800.593750
2932.768555	25825.945313
2929.914063	26391.621094
2927.058594	26499.835938
2924.201172	26742.695313
2921.342773	26804.285156
2918.483398	27176.164063
2915.622070	27432.357422
2912.759766	27676.958984
2909.896484	28003.404297
2907.032227	28040.695313
2904.166016	28286.421875
2901.298828	28514.482422
2898.429688	28852.140625
2895.559570	29005.685547
2892.688477	29166.048828
2889.816406	29401.111328
2886.942383	29460.224609
2884.067383	29798.408203
2881.191406	29739.064453
2878.314453	30095.048828
2875.435547	30344.761719
2872.554688	30401.541016
2869.673828	30780.152344
2866.791016	30948.544922
2863.907227	31018.822266
2861.021484	31259.722656
2858.134766	31689.203125
2855.247070	31586.753906
2852.358398	31989.728516
2849.467773	31983.222656
2846.576172	32371.808594
2843.682617	32417.832031
2840.789063	32592.505859
2837.893555	32978.542969
2834.996094	33256.351563
2832.097656	33400.195313
2829.198242	33601.667969
2826.297852	33896.890625
2823.395508	33940.296875
2820.492188	34175.671875
2817.587891	34372.093750
2814.681641	34576.929688
2811.774414	34674.945313
2808.866211	34965.398438
2805.956055	35267.605469
2803.044922	35609.890625
2800.131836	35684.050781
2797.218750	35897.984375
2794.303711	35649.468750
2791.386719	35921.492188
2788.468750	36111.007813
2785.549805	36293.488281
2782.629883	36409.878906
2779.708008	36635.679688
2776.785156	36912.582031
2773.860352	37014.824219
2770.935547	36960.585938
2768.007813	37256.582031
2765.080078	36967.480469
2762.150391	36874.902344
2759.219727	37358.156250
2756.287109	37258.640625
2753.353516	37279.367188
2750.418945	37481.503906
2747.482422	37685.148438
2744.544922	37698.808594
2741.606445	37885.136719
2738.666016	38016.863281
2735.724609	37982.730469
2732.782227	37893.390625
2729.837891	38307.667969
2726.892578	38226.730469
2723.945313	38490.296875
2720.997070	38388.125000
2718.047852	38564.050781
2715.097656	38508.511719
2712.145508	38711.300781
2709.191406	38747.140625
2706.237305	38716.093750
2703.281250	38973.449219
2700.323242	38862.000000
2697.364258	38721.066406
2694.404297	39087.828125
2691.443359	38936.761719
2688.480469	38815.355469
2685.515625	38946.226563
2682.550781	38947.144531
2679.583984	39265.722656
2676.615234	39087.906250
2673.646484	38760.382813
2670.674805	39209.851563
2667.703125	38587.312500
2664.729492	38770.753906
2661.754883	38622.917969
2658.778320	38576.000000
2655.800781	38352.792969
2652.821289	38316.925781
2649.840820	38263.460938
2646.859375	38093.492188
2643.876953	37686.488281
2640.892578	37957.531250
2637.906250	38276.886719
2634.918945	37861.945313
2631.930664	37505.093750
2628.941406	37406.097656
2625.950195	37029.695313
2622.957031	37285.191406
2619.963867	37330.851563
2616.967773	37361.437500
2613.971680	37029.074219
2610.973633	36968.847656
2607.974609	36625.273438
2604.973633	36376.144531
2601.971680	36264.632813
2598.967773	36151.550781
2595.962891	36013.597656
2592.957031	35805.902344
2589.949219	35664.050781
2586.940430	35217.398438
2583.929688	35462.093750
2580.917969	35329.691406
2577.905273	35018.183594
2574.890625	34949.109375
2571.875000	34682.800781
2568.857422	34554.265625
2565.838867	34362.066406
2562.819336	34150.160156
2559.797852	33775.433594
2556.775391	33807.957031
2553.750977	33391.542969
2550.725586	32973.851563
2547.698242	32782.007813
2544.669922	32521.810547
2541.640625	32612.539063
2538.609375	32101.072266
2535.577148	32104.501953
2532.542969	31720.617188
2529.507813	31441.679688
2526.471680	31109.474609
2523.433594	30813.771484
2520.393555	30670.498047
2517.353516	30339.072266
2514.310547	30092.585938
2511.267578	29953.916016
2508.222656	29878.583984
2505.175781	29558.759766
2502.127930	29352.416016
2499.079102	28940.458984
2496.028320	28701.789063
2492.976563	28382.236328
2489.922852	28177.591797
2486.868164	27943.666016
2483.812500	27761.480469
2480.754883	27592.535156
2477.695313	27140.966797
2474.634766	26875.236328
2471.573242	26643.216797
2468.509766	26382.023438
2465.445313	26294.816406
2462.378906	26133.482422
2459.311523	25884.267578
2456.242188	25513.896484
2453.171875	25254.595703
2450.100586	24751.365234
2447.027344	24542.261719
2443.953125	24250.404297
2440.876953	24025.455078
2437.799805	23747.087891
2434.720703	23529.869141
2431.640625	23478.414063
2428.558594	23100.878906
2425.475586	22904.507813
2422.390625	22677.513672
2419.304688	22298.417969
2416.217773	21956.916016
2413.128906	21801.875000
2410.038086	21597.623047
2406.946289	21467.945313
2403.853516	21082.974609
2400.758789	20847.003906
2397.663086	20508.691406
2394.565430	20280.453125
2391.466797	20131.482422
2388.366211	19852.816406
2385.264648	19616.314453
2382.161133	19425.945313
2379.056641	19356.533203
2375.950195	18854.156250
2372.842773	18833.332031
2369.734375	18703.158203
2366.624023	18449.322266
2363.511719	18177.238281
2360.398438	18110.166016
2357.284180	17755.808594
2354.167969	17688.181641
2351.049805	17301.460938
2347.930664	17120.279297
2344.810547	16985.728516
2341.688477	16851.296875
2338.564453	16565.710938
2335.439453	16438.789063
2332.313477	16176.039063
2329.185547	16045.409180
2326.056641	15696.795898
2322.925781	15748.564453
2319.792969	15338.147461
2316.660156	15179.410156
2313.524414	14959.415039
2310.387695	14739.620117
2307.250000	14680.154297
2304.110352	14304.611328
2300.969727	14204.006836
2297.827148	14040.643555
2294.682617	13911.620117
2291.537109	13715.155273
2288.390625	13676.166016
2285.242188	13345.788086
2282.092773	13227.629883
2278.941406	12941.394531
2275.788086	12939.297852
2272.633789	12741.431641
2269.478516	12571.474609
2266.321289	12457.099609
2263.162109	12216.986328
2260.001953	11985.003906
2256.840820	11849.703125
2253.676758	11741.396484
2250.512695	11648.987305
2247.346680	11488.754883
2244.178711	11266.318359
2241.009766	11126.129883
2237.838867	11038.108398
2234.666992	10906.032227
2231.493164	10761.471680
2228.318359	10518.621094
2225.141602	10457.006836
2221.963867	10227.106445
2218.784180	10157.817383
2215.602539	9961.274414
2212.419922	9738.205078
2209.236328	9696.714844
2206.050781	9657.613281
2202.863281	9420.872070
2199.674805	9356.841797
2196.485352	9188.639648
2193.292969	9145.138672
2190.100586	8903.590820
2186.905273	8889.997070
2183.709961	8700.416992
2180.511719	8635.324219
2177.312500	8436.659180
2174.112305	8454.542969
2170.910156	8275.663086
2167.706055	8134.407227
2164.500977	8060.360352
2161.294922	7899.843262
2158.085938	7800.256836
2154.876953	7749.051758
2151.665039	7589.679688
2148.452148	7455.356445
2145.238281	7419.935059
2142.022461	7274.152832
2138.804688	7238.068359
2135.585938	7136.775391
2132.365234	7054.207031
2129.143555	6977.145508
2125.919922	6948.239746
2122.695313	6749.591797
2119.468750	6589.096680
2116.240234	6472.121094
2113.010742	6429.566406
2109.780273	6312.772461
2106.546875	6247.902344
2103.312500	6203.961914
2100.077148	6073.527832
2096.839844	6049.786133
2093.600586	5915.686035
2090.360352	5860.405273
2087.119141	5765.847168
2083.875000	5696.041504
2080.629883	5556.963379
2077.383789	5411.855957
2074.135742	5492.398926
2070.885742	5445.927734
2067.634766	5186.502441
2064.381836	5241.668945
2061.127930	5193.841309
2057.871094	5080.791016
2054.614258	4985.499023
2051.355469	4897.967285
2048.094727	4823.551270
2044.832031	4777.561035
2041.568359	4690.248535
2038.303711	4659.674805
2035.037109	4593.161133
2031.768555	4474.695801
2028.498047	4439.676758
2025.226563	4347.376953
2021.954102	4275.022949
2018.678711	4261.521484
2015.403320	4148.831543
2012.125000	4096.501953
2008.845703	4066.329346
2005.564453	4042.279785
2002.282227	3849.936035
1998.998047	3824.487793
1995.712891	3862.976318
1992.424805	3709.777588
1989.136719	3607.654297
1985.845703	3640.108887
1982.553711	3509.256836
1979.260742	3454.434326
1975.964844	3469.462158
1972.667969	3388.167725
1969.370117	3328.930908
1966.070313	3280.355957
1962.768555	3237.884521
1959.465820	3203.778076
1956.161133	3122.801025
1952.854492	3112.220459
1949.546875	3061.593506
1946.237305	2995.906494
1942.925781	2965.013184
1939.613281	2949.241699
1936.298828	2882.191895
1932.982422	2844.609375
1929.665039	2738.486816
1926.346680	2778.588379
1923.025391	2693.677979
1919.703125	2695.383789
1916.378906	2694.830566
1913.053711	2568.734375
1909.726563	2527.666016
1906.397461	2516.677490
1903.067383	2525.215576
1899.735352	2398.691406
1896.401367	2442.523438
1893.066406	2373.127197
1889.729492	2277.575439
1886.390625	2307.171631
1883.050781	2248.417969
1879.708984	2209.171631
1876.365234	2199.872070
1873.020508	2177.875488
1869.673828	2146.935059
1866.326172	2053.304932
1862.975586	2074.693848
1859.624023	2019.976685
1856.271484	2016.755859
1852.916016	1960.627930
1849.559570	1959.672119
1846.202148	1853.000854
1842.841797	1869.211548
1839.480469	1819.211792
1836.118164	1822.784058
1832.752930	1800.346191
1829.386719	1792.040161
1826.018555	1736.234375
1822.649414	1697.546997
1819.278320	1693.009033
1815.905273	1617.318726
1812.531250	1610.600464
1809.154297	1567.604492
1805.777344	1539.452393
1802.397461	1517.245361
1799.016602	1493.580566
1795.633789	1465.504150
1792.249023	1467.740234
1788.863281	1444.132690
1785.475586	1405.788818
1782.085938	1382.971191
1778.694336	1408.094849
1775.301758	1376.455078
1771.907227	1345.582275
1768.510742	1337.559448
1765.113281	1311.149658
1761.713867	1253.142578
1758.312500	1254.731079
1754.910156	1236.480835
1751.505859	1213.842163
1748.099609	1202.234741
1744.691406	1166.429443
1741.282227	1147.523315
1737.871094	1121.306641
1734.458008	1110.498291
1731.042969	1085.789063
1727.626953	1089.643921
1724.208984	1039.368286
1720.790039	1067.366577
1717.368164	1049.302124
1713.945313	1026.142456
1710.520508	1014.685181
1707.093750	995.942444
1703.666016	980.134949
1700.236328	930.812988
1696.804688	960.222351
1693.371094	925.521973
1689.936523	908.323364
1686.500000	903.508240
1683.061523	885.609680
1679.622070	869.181946
1676.179688	860.033997
1672.736328	835.648315
1669.291016	818.543091
1665.844727	790.575012
1662.396484	801.781067
1658.945313	797.759460
1655.494141	767.669739
1652.040039	741.952759
1648.584961	735.795410
1645.126953	726.028259
1641.668945	713.379333
1638.208008	713.746216
1634.745117	688.118469
1631.281250	666.124451
1627.815430	677.333435
1624.347656	653.203186
1620.878906	647.832764
1617.408203	641.747131
1613.935547	624.148926
1610.460938	610.165771
1606.984375	577.497803
1603.506836	581.521790
1600.027344	563.987793
1596.545898	560.833069
1593.062500	534.713684
1589.577148	539.467407
1586.090820	515.535461
1582.602539	533.910095
1579.112305	501.408844
1575.620117	498.293488
1572.126953	486.594086
1568.630859	469.899658
1565.133789	489.679688
1561.634766	476.572571
1558.133789	471.333954
1554.631836	452.538544
1551.127930	452.310852
1547.621094	433.543488
1544.114258	429.761658
1540.604492	443.792084
1537.092773	410.105011
1533.580078	426.977356
1530.065430	396.888672
1526.548828	386.735687
1523.030273	378.013855
1519.509766	372.851624
1515.988281	371.243622
1512.463867	361.123352
1508.938477	351.722260
1505.411133	342.330505
1501.882813	354.908508
1498.351563	346.940430
1494.818359	326.949615
1491.284180	317.588806
1487.748047	334.395050
1484.209961	314.440491
1480.669922	293.799805
1477.128906	297.180176
1473.584961	301.968079
1470.040039	301.109589
1466.493164	291.794006
1462.944336	295.872467
1459.393555	282.344147
1455.840820	285.015503
1452.287109	277.133270
1448.730469	259.416565
1445.172852	257.176453
1441.613281	234.571518
1438.051758	242.875397
1434.488281	240.646790
1430.922852	235.615387
1427.356445	227.084625
1423.787109	223.466095
1420.216797	230.353607
1416.644531	213.440598
1413.070313	225.921555
1409.494141	209.027878
1405.916016	224.293060
1402.336914	204.623779
1398.754883	195.444794
1395.171875	205.111938
1391.585938	197.336502
1387.999023	176.327011
1384.410156	186.685394
1380.819336	190.070770
1377.226563	167.009415
1373.632813	185.702576
1370.036133	179.350754
1366.438477	170.226166
1362.837891	164.583099
1359.236328	163.110275
1355.632813	165.801270
1352.027344	153.928589
1348.419922	150.384232
1344.810547	153.770050
1341.199219	142.613968
1337.585938	141.848480
1333.970703	143.158478
1330.354492	134.098602
1326.735352	134.720230
1323.115234	147.770447
1319.493164	133.890900
1315.869141	133.131866
1312.242188	122.031876
1308.614258	138.506866
1304.984375	115.707001
1301.353516	127.349457
1297.719727	112.147057
1294.083984	114.839569
1290.446289	123.027679
1286.807617	111.972672
1283.166016	107.794998
1279.523438	118.718796
1275.877930	111.112442
1272.231445	100.771851
1268.582031	95.923286
1264.931641	97.243011
1261.279297	97.192398
1257.625000	93.721313
1253.968750	98.458679
1250.310547	92.940292
1246.650391	85.378525
1242.988281	93.526054
1239.324219	79.148621
1235.658203	82.517097
1231.990234	79.065979
1228.320313	72.212196
1224.648438	82.387810
1220.975586	76.900444
1217.299805	69.378235
1213.622070	71.381386
1209.943359	75.420799
1206.261719	74.023064
1202.578125	69.911728
1198.893555	63.769478
1195.206055	61.023849
1191.517578	69.801743
1187.826172	65.023773
1184.133789	63.635658
1180.438477	70.368401
1176.742188	60.863705
1173.042969	55.424423
1169.342773	54.719696
1165.639648	47.938919
1161.935547	47.238823
1158.228516	62.052586
1154.520508	56.626827
1150.809570	54.575634
1147.097656	49.159485
1143.382813	53.844959
1139.666992	54.489216
1135.948242	53.115711
1132.227539	49.055653
1128.505859	51.044617
1124.781250	51.688881
1121.055664	50.319649
1117.327148	44.257828
1113.596680	48.925892
1109.865234	45.550632
1106.130859	42.178932
1102.394531	48.178905
1098.657227	42.134151
1094.916992	35.427357
1091.174805	38.748951
1087.430664	38.728340
1083.684570	33.368736
1079.936523	37.353088
1076.186523	38.666519
1072.434570	33.315445
1068.680664	33.963638
1064.924805	34.611118
1061.166992	33.927406
1057.406250	39.893284
1053.644531	30.568514
1049.880859	35.865601
1046.114258	30.535841
1042.346680	29.192570
1038.576172	25.861383
1034.803711	29.824080
1031.030273	25.171286
1027.253906	31.116220
1023.475586	23.820919
1019.695313	28.437498
1015.913086	31.066162
1012.128906	29.067596
1008.342773	27.071161
1004.553711	27.716524
