4046.277344	51.360275
4043.892578	44.023094
4041.505859	51.340031
4039.119141	49.225101
4036.731445	42.924107
4034.342773	50.232780
4031.952148	40.798019
4029.561523	51.238808
4027.169922	43.901627
4024.777344	60.602097
4022.383789	53.266979
4019.989258	56.378025
4017.593750	54.268467
4015.197266	55.290199
4012.799805	57.353901
4010.401367	61.500725
4008.001953	54.182549
4005.601563	70.826012
4003.201172	54.139591
4000.798828	61.403244
3998.395508	52.015995
3995.991211	66.554039
3993.585938	51.974697
3991.180664	59.227612
3988.773438	47.778725
3986.365234	67.486572
3983.957031	62.270523
3981.546875	70.545181
3979.135742	65.332024
3976.724609	57.013180
3974.311523	66.316185
3971.898438	59.039318
3969.483398	71.440163
3967.068359	48.642735
3964.651367	55.865105
3962.234375	61.013447
3959.815430	72.359940
3957.396484	74.397644
3954.975586	73.335037
3952.554688	64.013458
3950.131836	82.564995
3947.708984	59.835682
3945.284180	69.092880
3942.859375	73.188530
3940.432617	74.189644
3938.005859	83.429924
3935.577148	79.278160
3933.148438	90.567307
3930.718750	76.128342
3928.287109	69.927719
3925.855469	84.290779
3923.421875	82.201904
3920.988281	83.196014
3918.552734	85.216003
3916.117188	69.787476
3913.680664	81.044052
3911.242188	88.189705
3908.803711	83.028992
3906.363281	89.143417
3903.922852	82.962196
3901.480469	93.166931
3899.038086	81.872009
3896.593750	83.885010
3894.149414	101.234993
3891.703125	91.994720
3889.256836	94.001129
3886.808594	88.856514
3884.360352	86.778809
3881.910156	93.887390
3879.459961	91.809273
3877.007813	93.811577
3874.555664	93.773674
3872.101563	88.641441
3869.646484	104.900887
3867.191406	103.840416
3864.734375	106.851295
3862.277344	98.670303
3859.818359	115.916084
3857.358398	113.836349
3854.897461	120.902130
3852.436523	110.697411
3849.973633	120.804146
3847.509766	111.622414
3845.044922	119.691841
3842.579102	118.629349
3840.113281	112.500107
3837.645508	125.624771
3835.176758	120.510284
3832.707031	130.584122
3830.236328	125.471710
3827.764648	146.661301
3825.291992	133.458054
3822.818359	133.403763
3820.343750	121.226799
3817.868164	128.246140
3815.390625	138.287918
3812.913086	122.087753
3810.434570	133.132370
3807.955078	143.159775
3805.473633	136.047119
3802.992188	145.057739
3800.509766	147.012421
3798.025391	146.952423
3795.541016	142.867981
3793.054688	159.906570
3790.568359	145.767181
3788.080078	153.746658
3785.591797	145.648056
3783.101563	170.689972
3780.610352	168.612854
3778.119141	160.517975
3775.625977	163.460754
3773.131836	177.427658
3770.636719	167.334946
3768.140625	168.267990
3765.643555	172.203781
3763.145508	175.135513
3760.646484	163.059341
3758.146484	199.990753
3755.645508	177.918747
3753.143555	200.825790
3750.639648	192.753555
3748.135742	167.716583
3745.630859	178.624619
3743.124023	183.538681
3740.617188	191.439911
3738.108398	200.331253
3735.599609	218.181595
3733.088867	190.207947
3730.577148	201.079559
3728.064453	197.016647
3725.551758	194.946274
3723.037109	196.854401
3720.521484	205.717545
3718.004883	212.586517
3715.487305	212.498871
3712.967773	211.418671
3710.448242	211.331451
3707.927734	222.153580
3705.406250	228.009979
3702.882813	218.006454
3700.359375	215.935364
3697.833984	236.638672
3695.308594	213.777527
3692.781250	234.464508
3690.252930	255.134293
3687.723633	224.385788
3685.193359	275.672821
3682.662109	244.941101
3680.129883	245.826965
3677.596680	260.527893
3675.062500	268.311493
3672.527344	256.367950
3669.990234	274.002899
3667.453125	264.037170
3664.915039	272.790924
3662.375000	271.693390
3659.833984	270.596649
3657.292969	278.352997
3654.750000	283.153290
3652.206055	276.156342
3649.661133	272.112213
3647.115234	283.782501
3644.568359	281.701477
3642.019531	302.188080
3639.470703	283.428711
3636.920898	289.192688
3634.369141	303.770935
3631.817383	315.398499
3629.263672	303.518097
3626.708984	294.583527
3624.153320	306.200104
3621.596680	301.183197
3619.039063	308.877319
3616.480469	296.046875
3613.920898	327.176056
3611.360352	338.754395
3608.797852	331.782227
3606.235352	339.447144
3603.670898	360.755768
3601.105469	360.605103
3598.540039	353.635040
3595.972656	347.644501
3593.404297	364.046783
3590.834961	369.732452
3588.264648	388.056732
3585.692383	389.838745
3583.120117	377.042725
3580.545898	384.655762
3577.971680	388.378510
3575.395508	400.832855
3572.818359	418.127350
3570.240234	384.011719
3567.661133	426.500854
3565.081055	409.850525
3562.500000	395.151031
3559.917969	405.634399
3557.333984	430.624298
3554.750000	413.999634
3552.164063	437.031036
3549.577148	455.210571
3546.989258	480.137207
3544.400391	460.622192
3541.810547	484.560089
3539.219727	484.356415
3536.626953	470.650482
3534.034180	453.099762
3531.439453	479.890961
3528.844727	497.990417
3526.248047	501.632080
3523.650391	509.120239
3521.051758	505.057770
3518.451172	501.960175
3515.850586	520.972717
3513.249023	540.929932
3510.645508	547.424622
3508.041016	525.114014
3505.436523	545.043823
3502.830078	565.915771
3500.222656	569.512024
3497.613281	550.104187
3495.003906	579.568848
3492.393555	574.536255
3489.781250	615.451233
3487.167969	596.056091
3484.553711	617.800110
3481.938477	623.274536
3479.322266	641.166199
3476.705078	628.478210
3474.086914	632.031189
3471.466797	625.083374
3468.845703	650.574646
3466.224609	640.763977
3463.601563	668.132874
3460.977539	664.038940
3458.351563	693.278992
3455.725586	688.225586
3453.098633	693.642761
3450.469727	693.348572
3447.839844	689.251648
3445.208984	713.666687
3442.577148	721.912720
3439.944336	751.040161
3437.310547	732.688721
3434.674805	751.351013
3432.039063	759.566223
3429.401367	788.627380
3426.762695	792.081970
3424.123047	795.533447
3421.481445	823.594910
3418.839844	778.770386
3416.197266	823.840027
3413.552734	819.707581
3410.907227	872.281372
3408.260742	862.463440
3405.613281	902.698608
3402.963867	865.504089
3400.314453	887.777832
3397.663086	911.918396
3395.011719	920.013306
3392.358398	872.509155
3389.704102	942.774414
3387.047852	967.790710
3384.391602	960.790466
3381.733398	949.092712
3379.075195	935.524292
3376.415039	1008.430969
3373.753906	1021.152039
3371.090820	1039.496094
3368.427734	1002.445557
3365.762695	1052.680664
3363.097656	1073.800293
3360.430664	1042.406250
3357.762695	1080.377808
3355.092773	1108.950439
3352.422852	1124.391357
3349.750977	1108.936890
3347.079102	1144.007568
3344.405273	1151.932495
3341.729492	1155.177368
3339.053711	1183.642700
3336.376953	1200.877563
3333.698242	1251.700073
3331.018555	1183.053589
3328.337891	1224.513306
3325.656250	1220.259033
3322.973633	1199.235474
3320.289063	1262.987671
3317.604492	1290.375366
3314.917969	1325.184204
3312.230469	1279.964844
3309.541016	1300.800293
3306.851563	1329.052734
3304.160156	1348.919434
3301.467773	1352.982422
3298.774414	1377.461914
3296.080078	1398.208862
3293.384766	1416.155273
3290.687500	1405.348511
3287.990234	1435.321533
3285.291016	1459.711060
3282.589844	1494.263184
3279.888672	1484.365112
3277.186523	1502.225586
3274.482422	1509.899536
3271.777344	1567.474121
3269.071289	1536.312012
3266.364258	1504.252808
3263.655273	1579.291504
3260.945313	1620.127930
3258.234375	1609.283936
3255.522461	1637.165649
3252.809570	1646.594238
3250.095703	1664.303345
3247.379883	1676.473022
3244.663086	1711.637573
3241.945313	1727.454590
3239.226563	1733.143555
3236.505859	1746.179443
3233.784180	1725.213745
3231.061523	1684.982544
3228.337891	1780.627319
3225.613281	1827.563721
3222.886719	1808.431152
3220.160156	1857.147339
3217.431641	1897.574341
3214.702148	1872.939453
3211.970703	1888.605957
3209.239258	1939.030884
3206.505859	1977.520752
3203.771484	1951.063232
3201.035156	1946.561157
3198.298828	1972.207275
3195.560547	2049.876465
3192.821289	2080.017822
3190.081055	2025.289185
3187.339844	2078.211182
3184.596680	2090.980713
3181.853516	2135.626953
3179.108398	2162.019775
3176.361328	2167.451904
3173.614258	2136.481934
3170.865234	2161.928711
3168.115234	2193.716309
3165.364258	2216.388428
3162.612305	2205.431885
3159.858398	2222.630371
3157.104492	2251.611328
3154.347656	2320.480713
3151.590820	2261.437500
3148.833008	2321.177490
3146.073242	2325.601318
3143.312500	2380.732422
3140.550781	2310.901123
3137.787109	2408.513428
3135.023438	2378.522217
3132.257813	2410.931641
3129.491211	2485.780762
3126.722656	2467.534668
3123.954102	2478.193359
3121.183594	2537.572021
3118.412109	2537.365234
3115.638672	2524.535156
3112.865234	2542.357178
3110.089844	2595.295410
3107.313477	2606.766357
3104.536133	2560.623779
3101.756836	2617.080811
3098.976563	2587.159180
3096.195313	2671.418457
3093.413086	2635.208496
3090.628906	2627.767822
3087.844727	2704.714844
3085.058594	2681.994873
3082.270508	2814.456787
3079.482422	2807.843750
3076.692383	2808.404785
3073.901367	2819.713135
3071.109375	2771.919189
3068.315430	2831.558105
3065.520508	2883.093018
3062.724609	2876.462646
3059.927734	2879.668213
3057.128906	2906.990967
3054.329102	2875.353027
3051.528320	2898.188965
3048.726563	2894.238770
3045.922852	2901.884277
3043.118164	2931.807129
3040.312500	2976.850098
3037.505859	2986.227783
3034.697266	3028.534668
3031.887695	2983.600098
3029.077148	3039.210693
3026.264648	3021.869629
3023.452148	3033.868408
3020.637695	3060.068115
3017.821289	3144.843262
3015.004883	3096.420898
3012.186523	3111.910645
3009.367188	3163.740234
3006.545898	3115.370605
3003.724609	3181.325928
3000.901367	3181.693359
2998.077148	3203.302490
2995.250977	3209.851074
2992.423828	3213.739990
2989.595703	3222.044189
2986.766602	3230.340088
2983.935547	3229.796143
2981.104492	3244.258789
2978.270508	3329.300049
2975.436523	3336.647949
2972.600586	3340.462158
2969.763672	3299.328857
2966.925781	3266.158936
2964.085938	3337.790771
2961.245117	3377.676270
2958.403320	3333.956299
2955.560547	3378.202393
2952.715820	3376.706055
2949.870117	3345.340820
2947.023438	3396.544922
2944.174805	3393.283936
2941.325195	3453.192871
2938.474609	3469.200439
2935.622070	3409.808594
2932.768555	3445.970947
2929.914063	3489.982178
2927.058594	3461.295898
2924.201172	3412.508789
2921.342773	3429.360352
2918.483398	3511.762451
2915.622070	3494.473145
2912.759766	3435.272461
2909.896484	3516.686279
2907.032227	3531.703369
2904.166016	3567.640869
2901.298828	3560.822510
2898.429688	3508.690918
2895.559570	3531.520752
2892.688477	3589.158447
2889.816406	3641.521729
2886.942383	3599.882080
2884.067383	3612.191650
2881.191406	3661.864014
2878.314453	3638.512207
2875.435547	3605.627686
2872.554688	3660.441406
2869.673828	3703.058350
2866.791016	3673.654541
2863.907227	3651.210938
2861.021484	3719.765625
2858.134766	3709.444336
2855.247070	3656.711914
2852.358398	3706.997559
2849.467773	3675.934326
2846.576172	3740.861572
2843.682617	3649.317871
2840.789063	3678.782227
2837.893555	3731.530273
2834.996094	3741.080566
2832.097656	3729.055664
2829.198242	3727.387207
2826.297852	3750.712402
2823.395508	3766.262451
2820.492188	3776.631104
2817.587891	3785.268066
2814.681641	3769.807617
2811.774414	3762.099365
2808.866211	3790.496582
2805.956055	3781.065186
2803.044922	3752.748779
2800.131836	3759.649414
2797.218750	3754.531006
2794.303711	3747.700928
2791.386719	3849.741699
2788.468750	3710.921143
2785.549805	3881.399902
2782.629883	3749.535889
2779.708008	3808.604492
2776.785156	3800.906250
2773.860352	3740.209717
2770.935547	3758.182373
2768.007813	3730.014404
2765.080078	3764.194336
2762.150391	3770.181396
2759.219727	3820.517090
2756.287109	3777.020264
2753.353516	3822.191895
2750.418945	3787.249512
2747.482422	3758.297363
2744.544922	3767.668213
2741.606445	3800.848633
2738.666016	3794.884033
2735.724609	3782.974365
2732.782227	3759.180908
2729.837891	3810.132568
2726.892578	3749.848877
2723.945313	3769.366455
2720.997070	3850.769287
2718.047852	3771.897705
2715.097656	3755.791504
2712.145508	3743.086182
2709.191406	3770.175049
2706.237305	3765.933350
2703.281250	3694.883301
2700.323242	3743.086914
2697.364258	3728.720215
2694.404297	3739.702148
2691.443359	3739.698730
2688.480469	3662.064941
2685.515625	3679.805908
2682.550781	3743.896240
2679.583984	3698.383057
2676.615234	3616.692627
2673.646484	3643.677979
2670.674805	3719.445313
2667.703125	3655.516113
2664.729492	3605.095947
2661.754883	3635.394775
2658.778320	3556.467529
2655.800781	3567.447998
2652.821289	3597.719238
2649.840820	3582.664795
2646.859375	3550.853760
2643.876953	3464.595703
2640.892578	3501.555664
2637.906250	3540.992920
2634.918945	3453.179688
2631.930664	3495.110352
2628.941406	3515.261719
2625.950195	3396.652100
2622.957031	3395.942383
2619.963867	3416.942871
2616.967773	3473.813232
2613.971680	3414.666992
2610.973633	3326.387451
2607.974609	3414.891602
2604.973633	3355.849609
2601.971680	3256.055908
2598.967773	3263.727783
2595.962891	3266.399658
2592.957031	3249.941162
2589.949219	3256.770996
2586.940430	3283.533936
2583.929688	3194.835693
2580.917969	3216.619873
2577.905273	3134.668701
2574.890625	3097.575439
2571.875000	3123.516113
2568.857422	3135.346191
2565.838867	3091.674805
2562.819336	3097.711670
2559.797852	3003.621582
2556.775391	3009.691162
2553.750977	3016.581299
2550.725586	2959.011719
2547.698242	2996.476074
2544.669922	2893.561035
2541.640625	2943.396729
2538.609375	2899.983887
2535.577148	2840.945801
2532.542969	2829.755371
2529.507813	2793.864258
2526.471680	2795.876221
2523.433594	2823.395752
2520.393555	2753.830322
2517.353516	2691.727539
2514.310547	2700.353271
2511.267578	2684.328369
2508.222656	2688.021729
2505.175781	2596.516113
2502.127930	2621.571777
2499.079102	2612.987793
2496.028320	2604.411133
2492.976563	2515.565918
2489.922852	2507.040039
2486.868164	2447.781738
2483.812500	2436.839111
2480.754883	2419.364990
2477.695313	2447.672119
2474.634766	2381.194824
2471.573242	2380.098145
2468.509766	2373.288574
2465.445313	2337.933350
2462.378906	2301.794678
2459.311523	2295.028320
2456.242188	2287.452881
2453.171875	2251.385010
2450.100586	2225.116211
2447.027344	2204.565186
2443.953125	2201.107910
2440.876953	2170.832764
2437.799805	2170.642334
2434.720703	2123.355957
2431.640625	2090.721436
2428.558594	2037.835571
2425.475586	2036.082397
2422.390625	2014.067871
2419.304688	2015.566406
2416.217773	1944.186279
2413.128906	1953.808105
2410.038086	1933.487671
2406.946289	1888.118286
2403.853516	1918.765015
2400.758789	1869.403809
2397.663086	1846.734985
2394.565430	1833.772095
2391.466797	1811.139526
2388.366211	1756.272705
2385.264648	1768.353638
2382.161133	1715.167603
2379.056641	1695.045410
2375.950195	1700.697266
2372.842773	1670.140747
2369.734375	1670.973145
2366.624023	1634.027710
2363.511719	1597.919434
2360.398438	1578.707275
2357.284180	1569.144165
2354.167969	1573.227661
2351.049805	1577.306885
2347.930664	1515.657715
2344.810547	1497.327026
2341.688477	1476.610596
2338.564453	1532.750488
2335.439453	1478.434937
2332.313477	1467.350464
2329.185547	1411.516479
2326.056641	1403.668091
2322.925781	1403.013306
2319.792969	1363.249023
2316.660156	1390.535156
2313.524414	1350.812866
2310.387695	1332.647217
2307.250000	1327.244629
2304.110352	1299.550537
2300.969727	1242.432739
2297.827148	1274.469482
2294.682617	1253.994019
2291.537109	1222.410034
2288.390625	1186.088623
2285.242188	1186.327515
2282.092773	1192.121704
2278.941406	1179.663696
2275.788086	1151.358032
2272.633789	1139.722534
2269.478516	1127.305298
2266.321289	1121.234009
2263.162109	1060.557251
2260.001953	1087.747925
2256.840820	1065.888184
2253.676758	1056.694092
2250.512695	1042.768433
2247.346680	1038.330688
2244.178711	1006.273621
2241.009766	999.489929
2237.838867	991.135254
2234.666992	971.754395
2231.493164	909.065063
2228.318359	926.747253
2225.141602	920.015137
2221.963867	932.955017
2218.784180	871.973022
2215.602539	867.632935
2212.419922	879.792664
2209.236328	893.511047
2206.050781	859.343994
2202.863281	818.149048
2199.674805	828.739929
2196.485352	808.757019
2193.292969	803.675537
2190.100586	771.195679
2186.905273	806.047241
2183.709961	767.338745
2180.511719	759.939758
2177.312500	760.362183
2174.112305	776.405701
2170.910156	758.862732
2167.706055	689.832703
2164.500977	713.685852
2161.294922	704.772339
2158.085938	679.502869
2154.876953	704.884094
2151.665039	661.732239
2148.452148	673.090881
2145.238281	654.883118
2142.022461	651.463074
2138.804688	651.931213
2135.585938	647.738647
2132.365234	648.207642
2129.143555	618.414734
2125.919922	607.263306
2122.695313	604.649353
2119.468750	592.739746
2116.240234	583.939087
2113.010742	572.050232
2109.780273	574.873169
2106.546875	557.585999
2103.312500	553.455872
2100.077148	538.512756
2096.839844	542.889954
2093.600586	503.265564
2090.360352	486.824097
2087.119141	510.497620
2083.875000	507.942017
2080.629883	496.914124
2077.383789	483.586426
2074.135742	496.440216
2070.885742	476.970642
2067.634766	480.587677
2064.381836	469.598206
2061.127930	456.314423
2057.871094	477.595917
2054.614258	452.041077
2051.355469	433.414459
2048.094727	443.174805
2044.832031	407.709717
2041.568359	425.898773
2038.303711	433.351318
2035.037109	425.491119
2031.768555	386.277161
2028.498047	398.324738
2025.226563	398.133850
2021.954102	374.264984
2018.678711	374.085541
2015.403320	376.195313
2012.125000	345.506500
2008.845703	345.340668
2005.564453	352.794617
2002.282227	321.399200
1998.998047	338.753387
1995.712891	341.634125
1992.424805	339.188354
1989.136719	323.822327
1985.845703	340.381714
1982.553711	312.878998
1979.260742	301.342651
1975.964844	309.543091
1972.667969	309.394012
1969.370117	297.117676
1966.070313	283.337921
1962.768555	283.958527
1959.465820	296.688171
1956.161133	277.632751
1952.854492	282.791656
1949.546875	278.120575
1946.237305	260.612152
1942.925781	258.976196
1939.613281	276.208405
1936.298828	249.674301
1932.982422	245.029968
1929.665039	247.925751
1926.346680	245.546173
1923.025391	238.651733
1919.703125	238.536194
1916.378906	239.172791
1913.053711	236.049927
1909.726563	238.941086
1906.397461	223.804794
1903.067383	222.945602
1899.735352	201.078918
1896.401367	215.230026
1893.066406	229.367325
1889.729492	218.017914
1886.390625	208.925949
1883.050781	199.842743
1879.708984	194.508835
1876.365234	199.648499
1873.020508	184.603729
1869.673828	188.249008
1866.326172	191.144012
1862.975586	185.080612
1859.624023	187.228256
1856.271484	169.243469
1852.916016	190.771866
1849.559570	166.099167
1846.202148	176.440826
1842.841797	165.193054
1839.480469	168.831192
1836.118164	163.545059
1832.752930	160.493103
1829.386719	166.355988
1826.018555	157.367126
1822.649414	147.645035
1819.278320	168.336853
1815.905273	147.500656
1812.531250	141.501694
1809.154297	149.577759
1805.777344	136.182327
1802.397461	133.156586
1799.016602	141.224701
1795.633789	134.504166
1792.249023	132.222198
1788.863281	126.989174
1785.475586	126.926857
1782.085938	129.814896
1778.694336	125.327812
1775.301758	123.055672
1771.907227	120.049210
1768.510742	119.990196
1765.113281	119.931198
1761.713867	126.490913
1758.312500	112.462715
1754.910156	116.815483
1751.505859	105.743057
1748.099609	111.562691
1744.691406	108.573303
1741.282227	107.786537
1737.871094	97.473068
1734.458008	101.087578
1731.042969	110.555733
1727.626953	98.060631
1724.208984	90.697861
1720.790039	92.846275
1717.368164	78.916870
1713.945313	93.484863
1710.520508	102.928497
1707.093750	89.744263
1703.666016	80.948647
1700.236328	93.299973
1696.804688	84.511223
1693.371094	84.469353
1689.936523	77.877083
1686.500000	83.658173
1683.061523	75.618561
1679.622070	74.127556
1676.179688	84.986465
1672.736328	84.218246
1669.291016	74.742851
1665.844727	69.628624
1662.396484	71.768829
1658.945313	71.733139
1655.494141	63.731071
1652.040039	57.184650
1648.584961	57.879681
1645.126953	59.297127
1641.668945	65.772568
1638.208008	59.238049
1634.745117	59.208515
1631.281250	59.900681
1627.815430	67.084145
1624.347656	64.166756
1620.878906	61.252262
1617.408203	66.263451
1613.935547	53.992123
1610.460938	56.123741
1606.984375	51.061447
1603.506836	50.317089
1600.027344	53.884186
1596.545898	45.240055
1593.062500	58.854393
1589.577148	48.781628
1586.090820	48.757179
1582.602539	42.282810
1579.112305	46.559391
1575.620117	57.991051
1572.126953	42.934772
1568.630859	45.774090
1565.133789	44.321373
1561.634766	45.013599
1558.133789	42.848541
1554.631836	44.254559
1551.127930	39.951748
1547.621094	37.792442
1544.114258	39.198822
1540.604492	38.466732
1537.092773	38.447346
1533.580078	42.697735
1530.065430	42.676201
1526.548828	39.100113
1523.030273	34.817066
1519.509766	33.379097
1515.988281	34.781906
1512.463867	31.216949
1508.938477	33.328522
1505.411133	33.311665
1501.882813	31.169611
1498.351563	26.905584
1494.818359	31.138060
1491.284180	32.536938
1487.748047	28.278650
1484.209961	24.731276
1480.669922	24.718733
1477.128906	30.353321
1473.584961	20.460455
1470.040039	28.912161
1466.493164	21.849310
1462.944336	29.587246
1459.393555	23.235304
1455.840820	24.630970
1452.287109	30.948893
1448.730469	24.605907
1445.172852	23.188042
1441.613281	29.497019
1438.051758	24.568321
1434.488281	24.555796
1430.922852	24.543270
1427.356445	23.829868
1423.787109	24.518225
1420.216797	21.004889
1416.644531	24.493183
1413.070313	20.283978
1409.494141	24.468145
1405.916016	20.961967
1402.336914	19.554491
1398.754883	16.054394
1395.171875	23.720427
1391.585938	16.037949
1387.999023	11.848060
1384.410156	18.807858
1380.819336	17.405748
1377.226563	19.484432
1373.632813	19.474426
1370.036133	16.683790
1366.438477	11.811612
1362.837891	15.972200
1359.236328	15.269898
1355.632813	20.118145
1352.027344	15.947556
1348.419922	9.702209
1344.810547	13.853157
1341.199219	17.999821
1337.585938	11.763045
1333.970703	14.523324
1330.354492	11.750908
1326.735352	13.126587
1323.115234	16.572386
1319.493164	13.803185
1315.869141	12.416444
1312.242188	11.031130
1308.614258	10.336333
1304.984375	16.529572
1301.353516	14.455884
1297.719727	17.200468
1294.083984	10.314932
1290.446289	10.996888
1286.807617	8.243387
1283.166016	11.672070
1279.523438	13.038480
1275.877930	6.172914
1272.231445	12.339411
1268.582031	9.592329
1264.931641	9.587339
1261.279297	14.373524
1257.625000	11.629652
1253.968750	10.256112
1250.310547	10.250768
1246.650391	7.513310
1242.988281	4.778704
1239.324219	13.646314
1235.658203	8.865473
1231.990234	8.179239
1228.320313	8.174966
1224.648438	10.213365
1220.975586	8.166418
1217.299805	10.202682
1213.622070	4.758759
1209.943359	5.435733
1206.261719	9.507549
1202.578125	2.715019
1198.893555	6.105588
1195.206055	7.458470
1191.517578	10.165302
1187.826172	4.741317
1184.133789	7.446726
1180.438477	4.736335
1176.742188	6.762634
1173.042969	6.759076
1169.342773	7.431070
1165.639648	6.751961
1161.935547	-0.674840
1158.228516	4.721392
1154.520508	5.393031
1150.809570	6.063959
1147.097656	4.713923
1143.382813	4.038372
1139.666992	3.363532
1135.948242	8.068210
1132.227539	4.703967
1128.505859	6.716397
1124.781250	6.041557
1121.055664	4.025572
1117.327148	2.682293
1113.596680	6.031960
1109.865234	4.019174
1106.130859	4.686548
1102.394531	6.022363
1098.657227	4.681572
1094.916992	4.010644
1091.174805	4.008512
1087.430664	7.345030
1083.684570	4.671623
1079.936523	5.336155
1076.186523	1.999992
1072.434570	7.995707
1068.680664	3.329768
1064.924805	5.324788
1061.166992	3.326216
1057.406250	5.983993
1053.644531	9.967994
1049.880859	3.320889
1046.114258	6.638227
1042.346680	4.644273
1038.576172	5.304899
1034.803711	3.976544
1031.030273	8.611230
1027.253906	-2.648189
1023.475586	5.293538
1019.695313	3.968023
1015.913086	7.931786
1012.128906	2.642509
1008.342773	3.961633
1004.553711	3.299586
