4046.277344	238.982513
4043.892578	233.741669
4041.505859	214.789917
4039.119141	204.231796
4036.731445	240.793762
4034.342773	248.024353
4031.952148	235.373199
4029.561523	225.869034
4027.169922	244.594772
4024.777344	230.914886
4022.383789	229.779129
4019.989258	220.291916
4017.593750	224.379242
4015.197266	251.413925
4012.799805	232.544006
4010.401367	240.790970
4008.001953	263.618927
4005.601563	232.267654
4003.201172	261.327637
4000.798828	293.486694
3998.395508	243.434860
3995.991211	247.497849
3993.585938	267.149933
3991.180664	288.864502
3988.773438	274.208344
3986.365234	284.481873
3983.957031	272.952454
3981.546875	261.432129
3979.135742	295.549622
3976.724609	270.553467
3974.311523	284.952362
3971.898438	283.803040
3969.483398	319.927673
3967.068359	291.856415
3964.651367	301.050842
3962.234375	314.374359
3959.815430	323.552307
3957.396484	311.023499
3954.975586	301.603271
3952.554688	311.807495
3950.131836	313.746979
3947.708984	348.697601
3945.284180	329.995850
3942.859375	344.295349
3940.432617	340.035858
3938.005859	353.289703
3935.577148	336.674774
3933.148438	356.094177
3930.718750	342.577545
3928.287109	366.092163
3925.855469	373.140869
3923.421875	349.358093
3920.988281	360.516083
3918.552734	360.371307
3916.117188	366.384277
3913.680664	360.081787
3911.242188	386.599060
3908.803711	387.468628
3906.363281	382.189606
3903.922852	386.132690
3901.480469	379.834412
3899.038086	405.266449
3896.593750	396.919312
3894.149414	399.827087
3891.703125	401.710266
3889.256836	413.809296
3886.808594	403.429016
3884.360352	432.873108
3881.910156	423.513763
3879.459961	397.840179
3877.007813	446.624664
3874.555664	430.135773
3872.101563	454.414734
3869.646484	445.064911
3867.191406	462.191650
3864.734375	449.793091
3862.277344	456.731598
3859.818359	487.050934
3857.358398	483.804504
3854.897461	482.592529
3852.436523	510.833008
3849.973633	472.049805
3847.509766	504.330353
3845.044922	485.867706
3842.579102	511.018707
3840.113281	516.892395
3837.645508	538.970764
3835.176758	508.371124
3832.707031	518.287354
3830.236328	563.610840
3827.764648	562.370239
3825.291992	577.307190
3822.818359	561.912842
3820.343750	578.857971
3817.868164	578.622314
3815.390625	607.659302
3812.913086	581.178040
3810.434570	601.112854
3807.955078	599.859619
3805.473633	603.646118
3802.992188	595.341125
3800.509766	617.250793
3798.025391	623.038025
3795.541016	647.936523
3793.054688	633.592102
3790.568359	641.375549
3788.080078	666.235474
3785.591797	651.900574
3783.101563	653.642151
3780.610352	664.414917
3778.119141	653.107483
3775.625977	683.927856
3773.131836	698.684082
3770.636719	711.424011
3768.140625	700.115051
3765.643555	697.825806
3763.145508	715.553711
3760.646484	753.274109
3758.146484	731.966125
3755.645508	750.657166
3753.143555	770.331787
3750.639648	778.005310
3748.135742	778.684143
3745.630859	809.299255
3743.124023	805.974243
3740.617188	802.651733
3738.108398	850.161987
3735.599609	842.838501
3733.088867	872.367371
3730.577148	862.053955
3728.064453	888.565002
3725.551758	870.295837
3723.037109	878.885315
3720.521484	866.597534
3718.004883	920.877136
3715.487305	931.420288
3712.967773	944.932251
3710.448242	952.479797
3707.927734	914.400024
3705.406250	961.607300
3702.882813	980.038086
3700.359375	988.548096
3697.833984	987.149597
3695.308594	1005.546143
3692.781250	973.472839
3690.252930	1029.437256
3687.723633	1015.172668
3685.193359	1036.490356
3682.662109	1055.814697
3680.129883	1079.071777
3677.596680	1090.467163
3675.062500	1082.123901
3672.527344	1103.368286
3669.990234	1088.126587
3667.453125	1113.291138
3664.915039	1112.829468
3662.375000	1164.540771
3659.833984	1135.521973
3657.292969	1214.720581
3654.750000	1144.411133
3652.206055	1197.005127
3649.661133	1198.472534
3647.115234	1207.794067
3644.568359	1214.162842
3642.019531	1238.186279
3639.470703	1295.533936
3636.920898	1252.841553
3634.369141	1273.878174
3631.817383	1274.327393
3629.263672	1274.776001
3626.708984	1381.900146
3624.153320	1345.128296
3621.596680	1380.748901
3619.039063	1417.316895
3616.480469	1383.506104
3613.920898	1445.434448
3611.360352	1410.663208
3608.797852	1466.672607
3606.235352	1475.814697
3603.670898	1534.674438
3601.105469	1503.820679
3598.540039	1538.263794
3595.972656	1572.677612
3593.404297	1582.727539
3590.834961	1617.093018
3588.264648	1624.197388
3585.692383	1653.655029
3583.120117	1617.979736
3580.545898	1638.672363
3577.971680	1757.412720
3575.395508	1696.503296
3572.818359	1713.255005
3570.240234	1790.115234
3567.661133	1765.131958
3565.081055	1803.148560
3562.500000	1814.014526
3559.917969	1837.456055
3557.333984	1819.266602
3554.750000	1891.049805
3552.164063	1920.229248
3549.577148	1945.517822
3546.989258	1908.956055
3544.400391	1967.059570
3541.810547	1971.059204
3539.219727	1981.808838
3536.626953	1983.868896
3534.034180	2074.618408
3531.439453	2131.563965
3528.844727	2125.850830
3526.248047	2129.770020
3523.650391	2200.092285
3521.051758	2228.988281
3518.451172	2224.202881
3515.850586	2232.877686
3513.249023	2303.035645
3510.645508	2300.143799
3508.041016	2345.253418
3505.436523	2354.819580
3502.830078	2394.111572
3500.222656	2411.317871
3497.613281	2392.090820
3495.003906	2503.162598
3492.393555	2541.365234
3489.781250	2573.791992
3487.167969	2577.488281
3484.553711	2680.640381
3481.938477	2653.696533
3479.322266	2785.394043
3476.705078	2756.516846
3474.086914	2793.539551
3471.466797	2872.520752
3468.845703	2906.599609
3466.224609	2902.508301
3463.601563	2929.872070
3460.977539	2978.171631
3458.351563	3041.666504
3455.725586	3057.511230
3453.098633	3131.383301
3450.469727	3136.712646
3447.839844	3181.015381
3445.208984	3230.980957
3442.577148	3284.702881
3439.944336	3295.651611
3437.310547	3340.756836
3434.674805	3331.748291
3432.039063	3361.625732
3429.401367	3411.382080
3426.762695	3505.625977
3424.123047	3472.882324
3421.481445	3521.578125
3418.839844	3633.630859
3416.197266	3668.027100
3413.552734	3776.138428
3410.907227	3721.607910
3408.260742	3853.218506
3405.613281	3875.183105
3402.963867	3949.039551
3400.314453	3943.582764
3397.663086	4018.287842
3395.011719	4106.125000
3392.358398	4111.911621
3389.704102	4200.573242
3387.047852	4260.915039
3384.391602	4328.732910
3381.733398	4347.578613
3379.075195	4405.896484
3376.415039	4404.014160
3373.753906	4603.168945
3371.090820	4626.555664
3368.427734	4856.416992
3365.762695	4741.754395
3363.097656	4856.953613
3360.430664	4820.191406
3357.762695	4953.996094
3355.092773	4995.896484
3352.422852	5119.210449
3349.750977	5159.129883
3347.079102	5172.822266
3344.405273	5308.052734
3341.729492	5401.108398
3339.053711	5523.977051
3336.376953	5473.050781
3333.698242	5621.916016
3331.018555	5696.944336
3328.337891	5682.375977
3325.656250	5871.972168
3322.973633	5829.383789
3320.289063	5910.707520
3317.604492	6123.231934
3314.917969	6094.544434
3312.230469	6139.366211
3309.541016	6318.040039
3306.851563	6333.912598
3304.160156	6425.018555
3301.467773	6516.973633
3298.774414	6464.974609
3296.080078	6613.425781
3293.384766	6725.578613
3290.687500	6829.289063
3287.990234	6865.266113
3285.291016	6972.528320
3282.589844	6972.302246
3279.888672	7003.538086
3277.186523	7166.097168
3274.482422	7375.669434
3271.777344	7290.233398
3269.071289	7430.281250
3266.364258	7461.241699
3263.655273	7631.550293
3260.945313	7763.881836
3258.234375	7976.330566
3255.522461	7992.244629
3252.809570	8071.720703
3250.095703	8272.702148
3247.379883	8364.873047
3244.663086	8421.993164
3241.945313	8594.040039
3239.226563	8707.092773
3236.505859	8738.250000
3233.784180	8945.756836
3231.061523	9109.005859
3228.337891	9132.598633
3225.613281	9259.839844
3222.886719	9405.309570
3220.160156	9546.983398
3217.431641	9569.418945
3214.702148	9745.696289
3211.970703	9837.595703
3209.239258	9960.524414
3206.505859	10114.442383
3203.771484	10159.425781
3201.035156	10395.367188
3198.298828	10408.211914
3195.560547	10554.352539
3192.821289	10648.339844
3190.081055	10767.787109
3187.339844	10891.686523
3184.596680	10989.954102
3181.853516	11172.864258
3179.108398	11193.506836
3176.361328	11357.958008
3173.614258	11395.784180
3170.865234	11653.677734
3168.115234	11731.336914
3165.364258	11839.822266
3162.612305	11928.226563
3159.858398	12052.867188
3157.104492	12161.060547
3154.347656	12303.626953
3151.590820	12488.683594
3148.833008	12690.795898
3146.073242	12768.611328
3143.312500	13098.103516
3140.550781	13147.605469
3137.787109	13154.537109
3135.023438	13371.274414
3132.257813	13506.460938
3129.491211	13667.728516
3126.722656	13812.594727
3123.954102	14029.553711
3121.183594	14192.174805
3118.412109	14316.765625
3115.638672	14508.864258
3112.865234	14554.791992
3110.089844	14733.098633
3107.313477	14998.586914
3104.536133	15035.227539
3101.756836	15051.139648
3098.976563	15256.776367
3096.195313	15464.924805
3093.413086	15629.760742
3090.628906	15672.308594
3087.844727	15955.394531
3085.058594	16099.147461
3082.270508	16469.683594
3079.482422	16466.945313
3076.692383	16579.804688
3073.901367	16790.191406
3071.109375	16883.101563
3068.315430	17032.306641
3065.520508	17226.101563
3062.724609	17457.275391
3059.927734	17536.302734
3057.128906	17725.140625
3054.329102	17720.925781
3051.528320	17831.851563
3048.726563	18107.728516
3045.922852	18185.378906
3043.118164	18429.648438
3040.312500	18474.111328
3037.505859	18703.779297
3034.697266	18991.101563
3031.887695	19108.208984
3029.077148	19284.800781
3026.264648	19403.443359
3023.452148	19484.652344
3020.637695	19564.005859
3017.821289	19735.623047
3015.004883	20129.841797
3012.186523	20313.466797
3009.367188	20416.232422
3006.545898	20489.656250
3003.724609	20897.882813
3000.901367	20944.451172
2998.077148	21122.855469
2995.250977	21407.265625
2992.423828	21633.935547
2989.595703	21538.636719
2986.766602	21926.728516
2983.935547	22256.181641
2981.104492	22392.890625
2978.270508	22328.281250
2975.436523	22680.033203
2972.600586	22834.867188
2969.763672	22897.025391
2966.925781	22983.787109
2964.085938	23235.109375
2961.245117	23454.519531
2958.403320	23525.943359
2955.560547	23904.167969
2952.715820	23926.097656
2949.870117	24087.683594
2947.023438	24235.068359
2944.174805	23989.095703
2941.325195	24611.894531
2938.474609	24602.734375
2935.622070	24652.302734
2932.768555	24712.333984
2929.914063	25140.132813
2927.058594	25093.957031
2924.201172	25332.191406
2921.342773	25407.527344
2918.483398	25838.599609
2915.622070	25925.863281
2912.759766	26096.890625
2909.896484	26121.085938
2907.032227	26561.515625
2904.166016	26728.521484
2901.298828	26738.429688
2898.429688	26942.667969
2895.559570	27067.443359
2892.688477	27339.251953
2889.816406	27602.978516
2886.942383	27774.248047
2884.067383	27955.789063
2881.191406	27964.193359
2878.314453	28314.888672
2875.435547	28395.185547
2872.554688	28785.287109
2869.673828	28931.226563
2866.791016	29359.750000
2863.907227	29590.238281
2861.021484	29493.851563
2858.134766	29866.960938
2855.247070	30101.214844
2852.358398	30272.949219
2849.467773	30011.193359
2846.576172	30289.998047
2843.682617	30546.078125
2840.789063	30634.347656
2837.893555	30915.064453
2834.996094	30783.007813
2832.097656	31141.023438
2829.198242	31327.986328
2826.297852	31333.789063
2823.395508	31525.650391
2820.492188	31333.294922
2817.587891	31825.341797
2814.681641	31732.798828
2811.774414	31787.375000
2808.866211	31847.048828
2805.956055	32206.498047
2803.044922	32392.146484
2800.131836	32340.708984
2797.218750	32743.181641
2794.303711	32648.734375
2791.386719	32908.390625
2788.468750	33124.105469
2785.549805	33160.621094
2782.629883	33215.066406
2779.708008	33656.222656
2776.785156	33762.550781
2773.860352	33814.914063
2770.935547	34020.179688
2768.007813	33995.488281
2765.080078	34137.289063
2762.150391	34219.218750
2759.219727	34395.742188
2756.287109	34446.765625
2753.353516	34686.074219
2750.418945	34649.160156
2747.482422	35046.507813
2744.544922	34862.207031
2741.606445	35069.378906
2738.666016	35400.496094
2735.724609	35453.378906
2732.782227	35176.585938
2729.837891	35429.054688
2726.892578	35572.640625
2723.945313	35666.878906
2720.997070	35627.882813
2718.047852	35799.972656
2715.097656	35597.414063
2712.145508	35633.839844
2709.191406	35903.851563
2706.237305	35740.406250
2703.281250	35869.714844
2700.323242	35660.765625
2697.364258	35879.531250
2694.404297	36213.796875
2691.443359	35988.058594
2688.480469	35733.820313
2685.515625	35984.164063
2682.550781	35943.425781
2679.583984	36043.433594
2676.615234	35981.628906
2673.646484	35917.339844
2670.674805	36007.933594
2667.703125	35855.347656
2664.729492	35736.523438
2661.754883	35856.453125
2658.778320	35698.234375
2655.800781	35734.929688
2652.821289	35669.199219
2649.840820	35675.656250
2646.859375	35752.527344
2643.876953	35487.382813
2640.892578	35837.332031
2637.906250	35700.476563
2634.918945	35759.574219
2631.930664	35616.164063
2628.941406	35475.378906
2625.950195	35196.804688
2622.957031	35367.925781
2619.963867	35436.167969
2616.967773	35223.898438
2613.971680	35288.785156
2610.973633	35160.140625
2607.974609	34817.390625
2604.973633	34814.023438
2601.971680	34540.007813
2598.967773	34714.042969
2595.962891	34211.500000
2592.957031	34083.632813
2589.949219	33886.875000
2586.940430	33638.773438
2583.929688	33723.910156
2580.917969	33580.679688
2577.905273	33380.320313
2574.890625	33167.695313
2571.875000	32946.132813
2568.857422	33083.535156
2565.838867	32734.648438
2562.819336	32604.617188
2559.797852	32214.046875
2556.775391	32182.771484
2553.750977	31698.490234
2550.725586	31534.421875
2547.698242	31470.431641
2544.669922	31144.789063
2541.640625	31248.525391
2538.609375	30887.796875
2535.577148	30677.433594
2532.542969	30347.765625
2529.507813	30469.757813
2526.471680	30179.162109
2523.433594	29885.533203
2520.393555	29794.503906
2517.353516	29562.138672
2514.310547	29488.580078
2511.267578	29322.261719
2508.222656	29069.058594
2505.175781	28858.750000
2502.127930	28477.191406
2499.079102	28204.199219
2496.028320	27981.437500
2492.976563	27636.822266
2489.922852	27619.199219
2486.868164	27309.419922
2483.812500	27029.365234
2480.754883	26784.716797
2477.695313	26777.289063
2474.634766	26366.322266
2471.573242	26102.695313
2468.509766	25853.992188
2465.445313	25596.535156
2462.378906	25508.906250
2459.311523	25345.554688
2456.242188	24811.693359
2453.171875	24757.906250
2450.100586	24331.408203
2447.027344	24051.724609
2443.953125	23769.851563
2440.876953	23347.626953
2437.799805	23183.304688
2434.720703	23132.806641
2431.640625	23031.212891
2428.558594	22726.896484
2425.475586	22559.890625
2422.390625	22196.082031
2419.304688	22043.232422
2416.217773	21634.638672
2413.128906	21390.718750
2410.038086	21212.542969
2406.946289	21104.068359
2403.853516	20884.148438
2400.758789	20560.210938
2397.663086	20430.365234
2394.565430	20056.882813
2391.466797	19750.699219
2388.366211	19564.134766
2385.264648	19517.982422
2382.161133	19218.900391
2379.056641	18999.001953
2375.950195	18907.277344
2372.842773	18612.093750
2369.734375	18324.416016
2366.624023	18135.054688
2363.511719	18104.130859
2360.398438	17841.962891
2357.284180	17657.085938
2354.167969	17407.390625
2351.049805	17253.347656
2347.930664	17117.875000
2344.810547	16743.785156
2341.688477	16565.423828
2338.564453	16408.033203
2335.439453	16141.981445
2332.313477	16002.516602
2329.185547	16023.829102
2326.056641	15638.476563
2322.925781	15576.083008
2319.792969	15255.937500
2316.660156	15056.551758
2313.524414	14763.251953
2310.387695	14615.282227
2307.250000	14555.875000
2304.110352	14404.148438
2300.969727	14290.762695
2297.827148	13981.773438
2294.682617	13941.836914
2291.537109	13828.017578
2288.390625	13553.823242
2285.242188	13329.907227
2282.092773	13114.925781
2278.941406	12996.926758
2275.788086	12804.497070
2272.633789	12667.722656
2269.478516	12439.176758
2266.321289	12367.623047
2263.162109	12172.664063
2260.001953	12054.620117
2256.840820	11871.842773
2253.676758	11693.975586
2250.512695	11626.078125
2247.346680	11363.997070
2244.178711	11275.789063
2241.009766	11048.032227
2237.838867	11075.956055
2234.666992	10763.381836
2231.493164	10628.341797
2228.318359	10564.289063
2225.141602	10324.789063
2221.963867	10276.665039
2218.784180	10121.649414
2215.602539	10018.645508
2212.419922	9762.556641
2209.236328	9717.128906
2206.050781	9620.728516
2202.863281	9433.422852
2199.674805	9327.047852
2196.485352	9247.415039
2193.292969	9076.207031
2190.100586	8900.458984
2186.905273	8939.298828
2183.709961	8766.122070
2180.511719	8587.632813
2177.312500	8514.805664
2174.112305	8513.124023
2170.910156	8302.988281
2167.706055	8015.013184
2164.500977	7995.621582
2161.294922	7938.044434
2158.085938	7724.669922
2154.876953	7708.550293
2151.665039	7622.377441
2148.452148	7477.922852
2145.238281	7436.268066
2142.022461	7405.533691
2138.804688	7224.858887
2135.585938	7164.735352
2132.365234	7001.418457
2129.143555	6899.552734
2125.919922	6841.988281
2122.695313	6737.188965
2119.468750	6657.281250
2116.240234	6486.061035
2113.010742	6449.692383
2109.780273	6366.933105
2106.546875	6190.674316
2103.312500	6222.513184
2100.077148	6105.205078
2096.839844	6035.885742
2093.600586	5965.858398
2090.360352	5826.458984
2087.119141	5742.712891
2083.875000	5645.940918
2080.629883	5569.290039
2077.383789	5566.634277
2074.135742	5343.082031
2070.885742	5322.069336
2067.634766	5331.832031
2064.381836	5177.108887
2061.127930	5128.543945
2057.871094	5023.971191
2054.614258	4949.427734
2051.355469	4911.774902
2048.094727	4868.022461
2044.832031	4796.720215
2041.568359	4691.780273
2038.303711	4684.175293
2035.037109	4529.643555
2031.768555	4494.583496
2028.498047	4461.083984
2025.226563	4384.821289
2021.954102	4294.118164
2018.678711	4193.575195
2015.403320	4155.699219
2012.125000	4162.094727
2008.845703	3987.808105
2005.564453	3950.080566
2002.282227	3941.329102
1998.998047	3898.328369
1995.712891	3805.910645
1992.424805	3719.664063
1989.136719	3679.868164
1985.845703	3614.276367
1982.553711	3533.558105
1979.260742	3562.978516
1975.964844	3425.458496
1972.667969	3442.766602
1969.370117	3333.478516
1966.070313	3270.507324
1962.768555	3199.266113
1959.465820	3189.397949
1956.161133	3146.252197
1952.854492	3159.856445
1949.546875	3095.603027
1946.237305	2979.287842
1942.925781	3005.029785
1939.613281	2967.353760
1936.298828	2822.602051
1932.982422	2773.739258
1929.665039	2809.322754
1926.346680	2778.588379
1923.025391	2747.882813
1919.703125	2728.492920
1916.378906	2618.866943
1913.053711	2617.598145
1909.726563	2523.157715
1906.397461	2498.652832
1903.067383	2510.953125
1899.735352	2430.203857
1896.401367	2423.025146
1893.066406	2400.861084
1889.729492	2393.701904
1886.390625	2307.920410
1883.050781	2259.645020
1879.708984	2228.622314
1876.365234	2209.592773
1873.020508	2175.633301
1869.673828	2166.357666
1866.326172	2108.557373
1862.975586	2099.321533
1859.624023	2009.533569
1856.271484	2042.850586
1852.916016	1966.589600
1849.559570	1942.540894
1846.202148	1919.259277
1842.841797	1911.625977
1839.480469	1831.855591
1836.118164	1852.519531
1832.752930	1805.547363
1829.386719	1759.363037
1826.018555	1758.503296
1822.649414	1693.095337
1819.278320	1724.896606
1815.905273	1657.343994
1812.531250	1592.079346
1809.154297	1617.957397
1805.777344	1592.741211
1802.397461	1525.382690
1799.016602	1533.507935
1795.633789	1534.973389
1792.249023	1474.388306
1788.863281	1416.076904
1785.475586	1442.686157
1782.085938	1388.134277
1778.694336	1402.934326
1775.301758	1408.876953
1771.907227	1352.210693
1768.510742	1289.710571
1765.113281	1310.413818
1761.713867	1261.967529
1758.312500	1262.081543
1754.910156	1255.582764
1751.505859	1185.937744
1748.099609	1185.353638
1744.691406	1206.043945
1741.282227	1162.188232
1737.871094	1119.840942
1734.458008	1106.103149
1731.042969	1115.807495
1727.626953	1099.889038
1724.208984	1057.654053
1720.790039	1058.593750
1717.368164	1026.650024
1713.945313	1040.019165
1710.520508	1003.735291
1707.093750	1044.097900
1703.666016	975.759338
1700.236328	971.631775
1696.804688	949.294189
1693.371094	926.250183
1689.936523	917.057251
1686.500000	902.053284
1683.061523	872.521851
1679.622070	859.734314
1676.179688	835.337036
1672.736328	824.757996
1669.291016	827.976624
1665.844727	821.762817
1662.396484	829.328674
1658.945313	792.687439
1655.494141	760.427551
1652.040039	726.027893
1648.584961	755.329834
1645.126953	726.028259
1641.668945	701.092163
1638.208008	697.130676
1634.745117	703.281616
1631.281250	691.383728
1627.815430	688.153442
1624.347656	665.459778
1620.878906	653.597656
1617.408203	621.579956
1613.935547	611.190857
1610.460938	618.800232
1606.984375	604.826416
1603.506836	609.555603
1600.027344	589.852234
1596.545898	570.168335
1593.062500	561.987671
1589.577148	555.249695
1586.090820	548.518250
1582.602539	558.993103
1579.112305	507.855530
1575.620117	528.362915
1572.126953	509.492615
1568.630859	484.919281
1565.133789	468.948730
1561.634766	508.725128
1558.133789	474.190521
1554.631836	456.107452
1551.127930	441.609497
1547.621094	440.674133
1544.114258	429.048950
1540.604492	432.394531
1537.092773	431.464661
1533.580078	393.530792
1530.065430	405.423920
1526.548828	415.883026
1523.030273	394.356567
1519.509766	393.447235
1515.988281	363.435425
1512.463867	369.637054
1508.938477	367.322845
1505.411133	345.874298
1501.882813	349.241333
1498.351563	333.487640
1494.818359	337.564880
1491.284180	323.247375
1487.748047	326.618408
1484.209961	319.386749
1480.669922	306.512299
1477.128906	318.356934
1473.584961	310.434479
1470.040039	291.942291
1466.493164	304.480713
1462.944336	274.738708
1459.393555	287.976959
1455.840820	270.236938
1452.287109	273.616364
1448.730469	278.398254
1445.172852	271.932495
1441.613281	246.510788
1438.051758	257.616394
1434.488281	244.154755
1430.922852	228.603027
1427.356445	245.307465
1423.787109	227.669220
1420.216797	236.655075
1416.644531	219.039032
1413.070313	221.724869
1409.494141	215.319687
1405.916016	212.414612
1402.336914	199.735168
1398.754883	208.009109
1395.171875	214.879166
1391.585938	212.677155
1387.999023	203.507858
1384.410156	176.236588
1380.819336	174.057480
1377.226563	173.272263
1373.632813	185.007050
1370.036133	179.350754
1366.438477	159.804169
1362.837891	166.666443
1359.236328	162.416199
1355.632813	160.945160
1352.027344	166.409286
1348.419922	160.779465
1344.810547	149.614090
1341.199219	147.460068
1337.585938	134.237106
1333.970703	145.924820
1330.354492	151.379349
1326.735352	138.174591
1323.115234	124.292900
1319.493164	143.553131
1315.869141	133.131866
1312.242188	116.516312
1308.614258	123.346909
1304.984375	126.726715
1301.353516	121.154076
1297.719727	121.091301
1294.083984	116.214897
1290.446289	118.903847
1286.807617	108.537926
1283.166016	111.914551
1279.523438	109.111488
1275.877930	108.368927
1272.231445	93.916626
1268.582031	93.182625
1264.931641	95.188583
1261.279297	93.770134
1257.625000	87.564438
1253.968750	95.039970
1250.310547	85.423065
1246.650391	86.744583
1242.988281	96.256744
1239.324219	85.289459
1235.658203	77.743378
1231.990234	69.523537
1228.320313	76.299675
1224.648438	70.131775
1220.975586	87.108467
1217.299805	76.860199
1213.622070	67.982269
1209.943359	67.267204
1206.261719	82.172394
1202.578125	67.875465
1198.893555	64.447876
1195.206055	65.770149
1191.517578	64.380249
1187.826172	64.346443
1184.133789	69.051460
1180.438477	62.925587
1176.742188	56.806126
1173.042969	55.424423
1169.342773	64.177422
1165.639648	54.015686
1161.935547	59.385948
1158.228516	60.029129
1154.520508	48.537281
1150.809570	46.490353
1147.097656	55.893661
1143.382813	50.479649
1139.666992	52.471096
1135.948242	48.409256
1132.227539	50.399643
1128.505859	47.014778
1124.781250	48.332458
1121.055664	48.977791
1117.327148	48.951839
1113.596680	40.213062
1109.865234	40.191734
1106.130859	38.831398
1102.394531	42.156540
1098.657227	43.471745
1094.916992	33.422035
1091.174805	45.429802
1087.430664	33.386501
1083.684570	26.027615
1079.936523	40.688187
1076.186523	36.666527
1072.434570	30.650209
1068.680664	31.965776
1064.924805	34.611118
1061.166992	29.270702
1057.406250	35.903957
1053.644531	41.865574
1049.880859	29.887999
1046.114258	35.846420
1042.346680	20.567493
1038.576172	23.872047
1034.803711	29.824080
1031.030273	31.132906
1027.253906	26.481890
1023.475586	30.437841
1019.695313	31.744184
1015.913086	28.422234
1012.128906	25.103832
1008.342773	27.731434
1004.553711	25.736773
