4046.277344	188.670395
4043.892578	181.333221
4041.505859	206.407883
4039.119141	182.237610
4036.731445	195.775803
4034.342773	209.303253
4031.952148	207.128418
4029.561523	214.366440
4027.169922	214.281754
4024.777344	199.568970
4022.383789	210.979019
4019.989258	210.895569
4017.593750	227.510117
4015.197266	223.247223
4012.799805	211.688034
4010.401367	219.943268
4008.001953	225.065964
4005.601563	217.685837
4003.201172	211.352631
4000.798828	227.920517
3998.395508	234.071976
3995.991211	238.138687
3993.585938	250.518036
3991.180664	250.418503
3988.773438	245.125641
3986.365234	247.104691
3983.957031	265.687561
3981.546875	260.394714
3979.135742	256.143005
3976.724609	270.553467
3974.311523	270.445709
3971.898438	254.801270
3969.483398	257.805817
3967.068359	251.493301
3964.651367	275.187378
3962.234375	281.282318
3959.815430	273.934052
3957.396484	287.257568
3954.975586	289.208618
3952.554688	269.476013
3950.131836	295.169861
3947.708984	317.748108
3945.284180	274.309052
3942.859375	290.692474
3940.432617	313.245178
3938.005859	324.449707
3935.577148	307.846375
3933.148438	298.460449
3930.718750	332.289917
3928.287109	310.561340
3925.855469	340.246918
3923.421875	326.752563
3920.988281	356.407623
3918.552734	320.330048
3916.117188	339.700806
3913.680664	345.719543
3911.242188	343.529663
3908.803711	338.266266
3906.363281	358.622955
3903.922852	343.115265
3901.480469	380.858215
3899.038086	359.213440
3896.593750	390.781372
3894.149414	390.623932
3891.703125	390.466461
3889.256836	377.026245
3886.808594	386.066254
3884.360352	391.015106
3881.910156	422.493256
3879.459961	401.920593
3877.007813	397.679504
3874.555664	399.557404
3872.101563	400.414764
3869.646484	404.326721
3867.191406	434.704498
3864.734375	429.440460
3862.277344	424.180573
3859.818359	460.613922
3857.358398	418.755157
3854.897461	454.144958
3852.436523	441.774048
3849.973633	475.095276
3847.509766	430.253662
3845.044922	488.910736
3842.579102	499.865540
3840.113281	474.324768
3837.645508	508.577698
3835.176758	496.218842
3832.707031	514.238281
3830.236328	524.147949
3827.764648	514.831726
3825.291992	533.832214
3822.818359	571.008545
3820.343750	551.581909
3817.868164	523.082642
3815.390625	590.499512
3812.913086	568.061218
3810.434570	563.795410
3807.955078	586.753479
3805.473633	571.397888
3802.992188	587.282349
3800.509766	604.160645
3798.025391	610.959778
3795.541016	613.728638
3793.054688	637.614868
3790.568359	635.343811
3788.080078	626.040283
3785.591797	649.891663
3783.101563	654.646240
3780.610352	644.341980
3778.119141	698.253174
3775.625977	675.905212
3773.131836	675.628479
3770.636719	681.363831
3768.140625	689.097473
3765.643555	726.860168
3763.145508	736.569946
3760.646484	744.270874
3758.146484	737.965881
3755.645508	762.651672
3753.143555	732.364685
3750.639648	748.043640
3748.135742	744.741516
3745.630859	795.328613
3743.124023	784.029419
3740.617188	814.616699
3738.108398	810.295105
3735.599609	827.894592
3733.088867	815.603760
3730.577148	842.145081
3728.064453	866.674255
3725.551758	881.236694
3723.037109	884.850586
3720.521484	903.368286
3718.004883	890.081848
3715.487305	913.546570
3712.967773	916.147583
3710.448242	928.667786
3707.927734	921.342285
3705.406250	915.013916
3702.882813	946.346191
3700.359375	929.116333
3697.833984	956.455872
3695.308594	978.823975
3692.781250	986.333801
3690.252930	1041.303955
3687.723633	1022.092041
3685.193359	1019.693054
3682.662109	1048.901001
3680.129883	1055.377563
3677.596680	1062.835327
3675.062500	1091.988281
3672.527344	1080.689575
3669.990234	1093.054810
3667.453125	1145.803101
3664.915039	1104.950928
3662.375000	1112.367798
3659.833984	1160.121704
3657.292969	1164.558105
3654.750000	1171.939941
3652.206055	1165.556641
3649.661133	1208.296143
3647.115234	1179.317627
3644.568359	1246.553589
3642.019531	1249.959839
3639.470703	1225.902710
3636.920898	1244.018677
3634.369141	1271.918335
3631.817383	1300.773926
3629.263672	1311.002319
3626.708984	1302.626831
3624.153320	1346.106567
3621.596680	1399.328369
3619.039063	1363.556519
3616.480469	1407.932495
3613.920898	1408.321899
3611.360352	1463.380005
3608.797852	1412.026123
3606.235352	1474.839233
3603.670898	1529.799438
3601.105469	1507.719116
3598.540039	1524.624878
3595.972656	1523.014038
3593.404297	1507.776733
3590.834961	1567.471069
3588.264648	1585.294434
3585.692383	1599.213745
3583.120117	1650.047852
3580.545898	1616.331299
3577.971680	1677.795044
3575.395508	1680.004150
3572.818359	1688.031494
3570.240234	1724.173828
3567.661133	1760.285400
3565.081055	1756.640625
3562.500000	1777.211182
3559.917969	1772.593262
3557.333984	1815.395874
3554.750000	1865.900269
3552.164063	1883.487671
3549.577148	1910.724609
3546.989258	1949.531006
3544.400391	1948.711914
3541.810547	1936.309814
3539.219727	2018.473267
3536.626953	2018.588989
3534.034180	2051.481445
3531.439453	2006.291138
3528.844727	2112.365479
3526.248047	2127.844238
3523.650391	2102.887939
3521.051758	2164.533203
3518.451172	2174.199219
3515.850586	2195.390625
3513.249023	2196.386963
3510.645508	2236.757813
3508.041016	2255.974365
3505.436523	2339.466309
3502.830078	2323.132324
3500.222656	2345.162354
3497.613281	2418.925049
3495.003906	2381.500977
3492.393555	2434.118652
3489.781250	2500.091064
3487.167969	2536.347900
3484.553711	2577.354980
3481.938477	2540.895264
3479.322266	2564.664795
3476.705078	2628.528809
3474.086914	2614.050537
3471.466797	2707.422363
3468.845703	2728.216309
3466.224609	2745.177734
3463.601563	2835.513916
3460.977539	2789.535156
3458.351563	2867.394287
3455.725586	2925.196777
3453.098633	2928.713867
3450.469727	2976.928711
3447.839844	3028.904541
3445.208984	3021.917480
3442.577148	3111.823730
3439.944336	3120.947021
3437.310547	3169.922852
3434.674805	3109.758301
3432.039063	3184.298828
3429.401367	3308.064209
3426.762695	3355.926270
3424.123047	3392.381836
3421.481445	3413.658691
3418.839844	3379.087402
3416.197266	3458.993164
3413.552734	3552.066162
3410.907227	3548.663818
3408.260742	3599.108154
3405.613281	3614.571533
3402.963867	3694.201904
3400.314453	3686.966797
3397.663086	3831.566162
3395.011719	3735.668701
3392.358398	3836.779053
3389.704102	3915.197998
3387.047852	3960.598877
3384.391602	4000.313721
3381.733398	3984.496338
3379.075195	4122.888672
3376.415039	4106.090332
3373.753906	4156.943359
3371.090820	4234.983887
3368.427734	4253.823242
3365.762695	4349.579102
3363.097656	4459.319336
3360.430664	4371.169434
3357.762695	4495.795898
3355.092773	4563.181152
3352.422852	4632.379883
3349.750977	4611.680176
3347.079102	4655.540039
3344.405273	4752.656738
3341.729492	4713.235840
3339.053711	4848.543945
3336.376953	4816.583496
3333.698242	4921.859863
3331.018555	4987.858398
3328.337891	5083.642090
3325.656250	5146.714844
3322.973633	5174.323730
3320.289063	5149.748047
3317.604492	5235.982422
3314.917969	5302.598145
3312.230469	5332.876953
3309.541016	5405.899414
3306.851563	5475.139648
3304.160156	5478.359863
3301.467773	5578.150391
3298.774414	5671.356445
3296.080078	5698.605957
3293.384766	5826.917969
3290.687500	5883.738281
3287.990234	5925.682129
3285.291016	6007.415039
3282.589844	6064.079102
3279.888672	6136.424316
3277.186523	6010.752441
3274.482422	6214.350586
3271.777344	6157.142090
3269.071289	6269.039551
3266.364258	6445.478516
3263.655273	6503.616699
3260.945313	6548.786133
3258.234375	6574.547363
3255.522461	6663.891113
3252.809570	6669.305664
3250.095703	6766.816406
3247.379883	6752.844238
3244.663086	6846.550293
3241.945313	6898.780273
3239.226563	7039.229004
3236.505859	7106.031250
3233.784180	7260.963379
3231.061523	7263.330566
3228.337891	7282.214844
3225.613281	7269.887207
3222.886719	7409.799316
3220.160156	7547.754395
3217.431641	7608.622559
3214.702148	7603.493164
3211.970703	7729.277832
3209.239258	7729.586426
3206.505859	7815.872070
3203.771484	7889.280762
3201.035156	8032.078125
3198.298828	8065.131348
3195.560547	8173.939453
3192.821289	8154.874512
3190.081055	8232.526367
3187.339844	8328.346680
3184.596680	8403.117188
3181.853516	8485.108398
3179.108398	8627.132813
3176.361328	8578.776367
3173.614258	8760.667969
3170.865234	8738.666992
3168.115234	8859.414063
3165.364258	8843.745117
3162.612305	8925.278320
3159.858398	9056.673828
3157.104492	9068.158203
3154.347656	9144.036133
3151.590820	9171.788086
3148.833008	9381.690430
3146.073242	9303.311523
3143.312500	9548.285156
3140.550781	9519.681641
3137.787109	9551.719727
3135.023438	9629.849609
3132.257813	9760.340820
3129.491211	9785.898438
3126.722656	9945.103516
3123.954102	9984.998047
3121.183594	9997.781250
3118.412109	10079.103516
3115.638672	10040.436523
3112.865234	10139.688477
3110.089844	10266.776367
3107.313477	10233.471680
3104.536133	10272.196289
3101.756836	10359.465820
3098.976563	10432.267578
3096.195313	10451.071289
3093.413086	10457.276367
3090.628906	10494.007813
3087.844727	10562.123047
3085.058594	10654.401367
3082.270508	10890.099609
3079.482422	11036.833984
3076.692383	11065.150391
3073.901367	10994.910156
3071.109375	11143.187500
3068.315430	11137.402344
3065.520508	11269.378906
3062.724609	11217.935547
3059.927734	11490.073242
3057.128906	11430.531250
3054.329102	11525.522461
3051.528320	11562.408203
3048.726563	11634.946289
3045.922852	11735.062500
3043.118164	11718.314453
3040.312500	11762.166016
3037.505859	11840.708984
3034.697266	11863.095703
3031.887695	11939.739258
3029.077148	12030.541992
3026.264648	12075.031250
3023.452148	12169.243164
3020.637695	12147.004883
3017.821289	12190.485352
3015.004883	12367.045898
3012.186523	12360.707031
3009.367188	12366.784180
3006.545898	12551.885742
3003.724609	12520.657227
3000.901367	12639.991211
2998.077148	12583.075195
2995.250977	12641.221680
2992.423828	12682.510742
2989.595703	12668.954102
2986.766602	12951.402344
2983.935547	12775.225586
2981.104492	12967.324219
2978.270508	13192.781250
2975.436523	13002.607422
2972.600586	13086.782227
2969.763672	13148.848633
2966.925781	13165.051758
2964.085938	13211.171875
2961.245117	13289.809570
2958.403320	13378.929688
2955.560547	13379.159180
2952.715820	13453.211914
2949.870117	13534.222656
2947.023438	13582.667969
2944.174805	13567.869141
2941.325195	13647.832031
2938.474609	13600.563477
2935.622070	13740.038086
2932.768555	13686.628906
2929.914063	13810.169922
2927.058594	13865.317383
2924.201172	13845.161133
2921.342773	14041.922852
2918.483398	14012.955078
2915.622070	14154.407227
2912.759766	14127.154297
2909.896484	14331.282227
2907.032227	14230.661133
2904.166016	14253.990234
2901.298828	14501.372070
2898.429688	14526.293945
2895.559570	14535.509766
2892.688477	14453.285156
2889.816406	14521.700195
2886.942383	14616.147461
2884.067383	14584.419922
2881.191406	14630.072266
2878.314453	14696.531250
2875.435547	14810.688477
2872.554688	14895.227539
2869.673828	15130.654297
2866.791016	15136.914063
2863.907227	15080.749023
2861.021484	15291.503906
2858.134766	15237.909180
2855.247070	15374.811523
2852.358398	15421.594727
2849.467773	15542.714844
2846.576172	15501.189453
2843.682617	15526.235352
2840.789063	15599.625977
2837.893555	15706.617188
2834.996094	15785.029297
2832.097656	15934.962891
2829.198242	15826.954102
2826.297852	15921.567383
2823.395508	16072.947266
2820.492188	15974.478516
2817.587891	15956.996094
2814.681641	15916.296875
2811.774414	16183.476563
2808.866211	16064.485352
2805.956055	16101.959961
2803.044922	16266.491211
2800.131836	16403.402344
2797.218750	16364.297852
2794.303711	16483.880859
2791.386719	16182.458984
2788.468750	16360.269531
2785.549805	16550.761719
2782.629883	16637.496094
2779.708008	16574.404297
2776.785156	16619.984375
2773.860352	16820.257813
2770.935547	16706.736328
2768.007813	16701.785156
2765.080078	16647.318359
2762.150391	16634.708984
2759.219727	16952.212891
2756.287109	16935.203125
2753.353516	17030.699219
2750.418945	17075.843750
2747.482422	17097.103516
2744.544922	17095.359375
2741.606445	17087.656250
2738.666016	17316.337891
2735.724609	17107.101563
2732.782227	17084.095703
2729.837891	17287.830078
2726.892578	17183.271484
2723.945313	17284.111328
2720.997070	17255.109375
2718.047852	17320.214844
2715.097656	17238.685547
2712.145508	17374.863281
2709.191406	17214.650391
2706.237305	17377.781250
2703.281250	17480.714844
2700.323242	17362.919922
2697.364258	17399.003906
2694.404297	17389.445313
2691.443359	17444.892578
2688.480469	17325.617188
2685.515625	17424.888672
2682.550781	17445.662109
2679.583984	17362.767578
2676.615234	17439.970703
2673.646484	17639.173828
2670.674805	17409.865234
2667.703125	17405.337891
2664.729492	17391.560547
2661.754883	17414.767578
2658.778320	17367.388672
2655.800781	17298.218750
2652.821289	17200.572266
2649.840820	17299.296875
2646.859375	17073.443359
2643.876953	17187.210938
2640.892578	17146.732422
2637.906250	17114.660156
2634.918945	17075.078125
2631.930664	17188.615234
2628.941406	17086.312500
2625.950195	17188.029297
2622.957031	16893.664063
2619.963867	17017.076172
2616.967773	16945.898438
2613.971680	16883.955078
2610.973633	16880.437500
2607.974609	16595.189453
2604.973633	16474.322266
2601.971680	16612.546875
2598.967773	16483.449219
2595.962891	16463.453125
2592.957031	16245.546875
2589.949219	16435.138672
2586.940430	16204.140625
2583.929688	16262.352539
2580.917969	16054.045898
2577.905273	16004.400391
2574.890625	16118.173828
2571.875000	15802.438477
2568.857422	15844.931641
2565.838867	15572.666016
2562.819336	15610.249023
2559.797852	15581.596680
2556.775391	15543.041016
2553.750977	15249.070313
2550.725586	15360.253906
2547.698242	15214.466797
2544.669922	14957.358398
2541.640625	14973.613281
2538.609375	14886.749023
2535.577148	14823.867188
2532.542969	14583.870117
2529.507813	14620.014648
2526.471680	14516.163086
2523.433594	14365.496094
2520.393555	14213.318359
2517.353516	14159.111328
2514.310547	14139.463867
2511.267578	13836.447266
2508.222656	14027.958984
2505.175781	13840.973633
2502.127930	13549.162109
2499.079102	13548.673828
2496.028320	13385.099609
2492.976563	13307.679688
2489.922852	13194.301758
2486.868164	13155.496094
2483.812500	12940.033203
2480.754883	12803.256836
2477.695313	12714.819336
2474.634766	12648.515625
2471.573242	12481.021484
2468.509766	12452.419922
2465.445313	12352.053711
2462.378906	12140.070313
2459.311523	12002.443359
2456.242188	11892.636719
2453.171875	11817.939453
2450.100586	11647.270508
2447.027344	11459.671875
2443.953125	11427.547852
2440.876953	11272.725586
2437.799805	11106.669922
2434.720703	11087.734375
2431.640625	11068.812500
2428.558594	10740.821289
2425.475586	10764.235352
2422.390625	10644.977539
2419.304688	10568.761719
2416.217773	10351.718750
2413.128906	10319.408203
2410.038086	10109.956055
2406.946289	9983.981445
2403.853516	9917.929688
2400.758789	9892.329102
2397.663086	9663.260742
2394.565430	9609.546875
2391.466797	9527.642578
2388.366211	9362.755859
2385.264648	9190.764648
2382.161133	9143.800781
2379.056641	9023.600586
2375.950195	8909.947266
2372.842773	8965.341797
2369.734375	8772.207031
2366.624023	8554.332031
2363.511719	8599.361328
2360.398438	8481.335938
2357.284180	8323.286133
2354.167969	8307.379883
2351.049805	8220.118164
2347.930664	8072.821289
2344.810547	7919.249512
2341.688477	7830.680176
2338.564453	7859.047852
2335.439453	7704.182129
2332.313477	7673.403320
2329.185547	7611.478516
2326.056641	7377.046875
2322.925781	7368.015625
2319.792969	7310.303223
2316.660156	7128.985840
2313.524414	7030.765625
2310.387695	6952.560547
2307.250000	7025.792969
2304.110352	6797.159180
2300.969727	6684.940918
2297.827148	6637.265137
2294.682617	6584.860352
2291.537109	6500.709961
2288.390625	6422.197266
2285.242188	6344.549805
2282.092773	6298.720215
2278.941406	6074.435059
2275.788086	6074.761719
2272.633789	5995.828125
2269.478516	5883.693848
2266.321289	5904.690918
2263.162109	5750.752930
2260.001953	5626.227539
2256.840820	5625.959961
2253.676758	5566.414551
2250.512695	5514.033203
2247.346680	5375.631836
2244.178711	5291.026367
2241.009766	5269.607422
2237.838867	5217.456055
2234.666992	5174.809082
2231.493164	5044.759766
2228.318359	4960.499512
2225.141602	4844.048828
2221.963867	4832.329102
2218.784180	4812.756348
2215.602539	4647.022949
2212.419922	4661.330078
2209.236328	4551.566895
2206.050781	4537.649902
2202.863281	4479.816895
2199.674805	4401.651855
2196.485352	4423.085938
2193.292969	4414.732422
2190.100586	4293.641602
2186.905273	4183.620117
2183.709961	4140.969727
2180.511719	4074.903564
2177.312500	3999.520508
2174.112305	3961.699951
2170.910156	3866.140137
2167.706055	3802.663574
2164.500977	3803.204590
2161.294922	3768.661133
2158.085938	3657.003418
2154.876953	3612.433594
2151.665039	3559.341064
2148.452148	3572.439453
2145.238281	3533.413330
2142.022461	3402.689697
2138.804688	3456.245605
2135.585938	3317.913086
2132.365234	3292.273682
2129.143555	3284.503662
2125.919922	3255.024414
2122.695313	3216.269287
2119.468750	3145.782227
2116.240234	3042.059570
2113.010742	3031.324463
2109.780273	2987.328613
2106.546875	2943.373779
2103.312500	2931.151611
2100.077148	2836.270264
2096.839844	2821.019775
2093.600586	2828.167236
2090.360352	2737.324707
2087.119141	2733.707031
2083.875000	2690.011475
2080.629883	2664.846436
2077.383789	2618.913086
2074.135742	2600.730957
2070.885742	2528.713867
2067.634766	2500.593750
2064.381836	2413.319824
2061.127930	2416.008057
2057.871094	2379.533203
2054.614258	2364.581543
2051.355469	2290.576172
2048.094727	2299.448486
2044.832031	2300.647705
2041.568359	2247.458496
2038.303711	2216.522949
2035.037109	2189.442627
2031.768555	2144.029541
2028.498047	2073.429199
2025.226563	2057.916504
2021.954102	2043.181396
2018.678711	2001.739258
2015.403320	1964.914673
2012.125000	1908.294189
2008.845703	1874.597656
2005.564453	1919.416138
2002.282227	1849.949463
1998.998047	1833.835815
1995.712891	1786.541016
1992.424805	1791.766235
1989.136719	1730.853027
1985.845703	1705.707520
1982.553711	1690.457886
1979.260742	1677.499390
1975.964844	1615.238281
1972.667969	1620.526978
1969.370117	1605.345093
1966.070313	1570.479858
1962.768555	1540.191162
1959.465820	1481.927124
1956.161133	1519.793335
1952.854492	1491.083252
1949.546875	1442.750488
1946.237305	1442.809204
1942.925781	1415.686157
1939.613281	1371.986084
1936.298828	1365.288452
1932.982422	1327.685425
1929.665039	1313.479004
1926.346680	1309.830688
1923.025391	1300.162598
1919.703125	1320.602539
1916.378906	1249.264160
1913.053711	1237.382690
1909.726563	1209.733154
1906.397461	1187.367065
1903.067383	1178.534058
1899.735352	1172.710327
1896.401367	1124.895630
1893.066406	1144.587891
1889.729492	1084.095947
1886.390625	1074.583252
1883.050781	1081.545898
1879.708984	1072.042969
1876.365234	1066.287476
1873.020508	1026.157593
1869.673828	1005.488770
1866.326172	1002.012756
1862.975586	965.702881
1859.624023	969.708130
1856.271484	938.667480
1852.916016	926.286804
1849.559570	928.069763
1846.202148	925.383728
1842.841797	877.309082
1839.480469	901.424683
1836.118164	858.611572
1832.752930	832.929504
1829.386719	849.603760
1826.018555	843.250244
1822.649414	809.450928
1819.278320	803.122559
1815.905273	804.212097
1812.531250	777.888916
1809.154297	770.103333
1805.777344	747.522583
1802.397461	745.676880
1799.016602	724.608398
1795.633789	700.604126
1792.249023	686.964478
1788.863281	677.029480
1785.475586	685.552612
1782.085938	660.875793
1778.694336	660.551331
1775.301758	632.226135
1771.907227	656.219910
1768.510742	655.161194
1765.113281	603.334839
1761.713867	614.069275
1758.312500	602.006287
1754.910156	604.648682
1751.505859	558.822693
1748.099609	576.896545
1744.691406	563.407410
1741.282227	546.265137
1737.871094	550.393005
1734.458008	552.319092
1731.042969	533.010437
1727.626953	542.992432
1724.208984	509.078308
1720.790039	492.743225
1717.368164	511.498230
1713.945313	498.099060
1710.520508	479.602997
1707.093750	484.473114
1703.666016	463.084595
1700.236328	440.259247
1696.804688	456.797729
1693.371094	472.591492
1689.936523	443.972137
1686.500000	437.932343
1683.061523	432.625397
1679.622070	409.155060
1676.179688	399.509033
1672.736328	408.748901
1669.291016	411.448517
1665.844727	379.330963
1662.396484	377.692535
1658.945313	370.983521
1655.494141	382.386444
1652.040039	363.375885
1648.584961	355.960022
1645.126953	355.059631
1641.668945	344.041107
1638.208008	347.481720
1634.745117	313.371887
1631.281250	329.092896
1627.815430	336.142059
1624.347656	316.507935
1620.878906	296.172699
1617.408203	313.310883
1613.935547	300.916107
1610.460938	283.496826
1606.984375	278.320831
1603.506836	273.868713
1600.027344	273.731659
1596.545898	277.903198
1593.062500	261.973816
1589.577148	269.733704
1586.090820	264.579407
1582.602539	257.996826
1579.112305	238.527344
1575.620117	242.703293
1572.126953	231.132187
1568.630859	229.585678
1565.133789	255.205322
1561.634766	227.211502
1558.133789	237.095261
1554.631836	217.703873
1551.127930	219.021179
1547.621094	211.780289
1544.114258	205.259293
1540.604492	208.717636
1537.092773	214.308350
1533.580078	188.581665
1530.065430	189.197830
1526.548828	195.500580
1523.030273	192.559692
1519.509766	173.287231
1515.988281	177.458710
1512.463867	183.754318
1508.938477	182.243179
1505.411133	176.480942
1501.882813	176.391663
1498.351563	170.638046
1494.818359	169.136276
1491.284180	154.196793
1487.748047	144.928085
1484.209961	154.747116
1480.669922	146.193649
1477.128906	151.766602
1473.584961	150.984039
1470.040039	133.278015
1466.493164	150.125900
1462.944336	132.438156
1459.393555	130.962616
1455.840820	136.525955
1452.287109	135.049713
1448.730469	131.465851
1445.172852	129.993561
1441.613281	118.690384
1438.051758	125.649414
1434.488281	110.150284
1430.922852	119.911407
1427.356445	113.542313
1423.787109	119.789040
1420.216797	117.627373
1416.644531	110.569221
1413.070313	102.818787
1409.494141	106.261665
1405.916016	102.713646
1402.336914	99.169205
1398.754883	99.816452
1395.171875	86.509796
1391.585938	94.833092
1387.999023	86.421143
1384.410156	101.005157
1380.819336	84.940048
1377.226563	79.329468
1373.632813	81.375282
1370.036133	79.248009
1366.438477	78.512482
1362.837891	79.861000
1359.236328	81.902184
1355.632813	78.391396
1352.027344	73.497437
1348.419922	66.529434
1344.810547	74.114388
1341.199219	69.922386
1337.585938	75.421875
1333.970703	67.083923
1330.354492	67.049301
1326.735352	67.014679
1323.115234	65.599030
1319.493164	66.255287
1315.869141	65.531235
1312.242188	61.360661
1308.614258	62.707088
1304.984375	57.164768
1301.353516	48.874657
1297.719727	48.849331
1294.083984	62.577251
1290.446289	52.922523
1286.807617	44.651680
1283.166016	47.374870
1279.523438	40.487911
1275.877930	51.440948
1272.231445	48.672119
1268.582031	45.220978
1264.931641	52.045555
1261.279297	43.805027
1257.625000	42.414024
1253.968750	41.024448
1250.310547	41.003071
1246.650391	43.030777
1242.988281	45.056347
1239.324219	47.762100
1235.658203	38.189732
1231.990234	44.304214
1228.320313	36.106098
1224.648438	41.534351
1220.975586	36.068348
1217.299805	38.770191
1213.622070	36.030605
1209.943359	33.973335
1206.261719	40.067528
1202.578125	37.331509
1198.893555	31.884739
1195.206055	27.799753
1191.517578	29.140533
1187.826172	27.770569
1184.133789	27.079002
1180.438477	33.154343
1176.742188	33.136906
1173.042969	25.008581
1169.342773	33.777592
1165.639648	21.606274
1161.935547	32.392334
1158.228516	31.026293
1154.520508	22.920383
1150.809570	27.624702
1147.097656	24.916451
1143.382813	30.287788
1139.666992	24.890135
1135.948242	24.876980
1132.227539	21.503847
1128.505859	22.164110
1124.781250	24.837513
1121.055664	19.456930
1117.327148	21.458342
1113.596680	26.808708
1109.865234	22.775316
1106.130859	20.085205
1102.394531	21.412846
1098.657227	25.414249
1094.916992	18.047899
1091.174805	19.374475
1087.430664	21.367361
1083.684570	16.684368
1079.936523	14.007408
1076.186523	17.999931
1072.434570	19.322958
1068.680664	18.646702
1064.924805	15.308764
1061.166992	19.957298
1057.406250	13.297761
1053.644531	19.935987
1049.880859	15.940267
1046.114258	15.931743
1042.346680	13.932817
1038.576172	13.925361
1034.803711	17.894447
1031.030273	13.910448
1027.253906	13.240945
1023.475586	13.895536
1019.695313	9.258720
1015.913086	13.880626
1012.128906	14.533798
1008.342773	11.884900
1004.553711	12.538428
