4046.277344	205.441101
4043.892578	222.211807
4041.505859	221.076462
4039.119141	207.373825
4036.731445	237.652969
4034.342773	222.907959
4031.952148	232.234894
4029.561523	230.051788
4027.169922	240.413666
4024.777344	223.600830
4022.383789	241.268082
4019.989258	236.996506
4017.593750	258.818848
4015.197266	243.068237
4012.799805	249.228775
4010.401367	246.002899
4008.001953	251.115265
4005.601563	256.223511
4003.201172	267.574524
4000.798828	250.816635
3998.395508	272.563812
3995.991211	265.176270
3993.585938	280.663361
3991.180664	269.121948
3988.773438	280.440338
3986.365234	288.634888
3983.957031	293.709290
3981.546875	272.843872
3979.135742	283.105408
3976.724609	287.139099
3974.311523	298.422821
3971.898438	295.196594
3969.483398	304.397217
3967.068359	313.590393
3964.651367	294.843628
3962.234375	307.135468
3959.815430	296.675751
3957.396484	332.722809
3954.975586	320.195251
3952.554688	309.742554
3950.131836	328.195862
3947.708984	323.938019
3945.284180	345.464417
3942.859375	346.356995
3940.432617	344.157501
3938.005859	348.139709
3935.577148	326.378906
3933.148438	365.356750
3930.718750	362.123993
3928.287109	349.638611
3925.855469	361.833588
3923.421875	396.624176
3920.988281	370.787201
3918.552734	407.599457
3916.117188	384.857422
3913.680664	407.272003
3911.242188	385.573578
3908.803711	380.293304
3906.363281	391.411316
3903.922852	418.907898
3901.480469	403.382080
3899.038086	401.172852
3896.593750	414.310120
3894.149414	418.233459
3891.703125	418.064880
3889.256836	449.570618
3886.808594	450.410614
3884.360352	436.956818
3881.910156	427.595825
3879.459961	462.106689
3877.007813	435.408081
3874.555664	456.637024
3872.101563	463.584534
3869.646484	465.434021
3867.191406	475.426208
3864.734375	483.374939
3862.277344	471.989899
3859.818359	480.950073
3857.358398	494.984863
3854.897461	482.592529
3852.436523	477.319092
3849.973633	508.595612
3847.509766	503.315613
3845.044922	534.555908
3842.579102	476.545227
3840.113281	506.757233
3837.645508	508.577698
3835.176758	524.574158
3832.707031	532.459290
3830.236328	541.349731
3827.764648	565.404602
3825.291992	557.086304
3822.818359	577.072327
3820.343750	593.001099
3817.868164	556.406433
3815.390625	576.367920
3812.913086	593.285950
3810.434570	582.958435
3807.955078	590.786133
3805.473633	612.715881
3802.992188	611.458679
3800.509766	622.285461
3798.025391	635.116333
3795.541016	641.899841
3793.054688	641.637695
3790.568359	672.539612
3788.080078	636.089111
3785.591797	675.003418
3783.101563	664.686829
3780.610352	657.389404
3778.119141	674.175476
3775.625977	691.950439
3773.131836	695.676819
3770.636719	718.438049
3768.140625	744.185242
3765.643555	749.887390
3763.145508	713.552124
3760.646484	756.275208
3758.146484	747.965393
3755.645508	814.627930
3753.143555	764.336975
3750.639648	823.946594
3748.135742	795.655457
3745.630859	798.322327
3743.124023	833.904053
3740.617188	816.610901
3738.108398	865.112122
3735.599609	866.748840
3733.088867	853.446167
3730.577148	880.967346
3728.064453	921.401062
3725.551758	864.328125
3723.037109	906.723328
3720.521484	892.436462
3718.004883	916.903503
3715.487305	932.413269
3712.967773	933.021362
3710.448242	954.464111
3707.927734	931.259888
3705.406250	965.572693
3702.882813	1017.693726
3700.359375	1024.207153
3697.833984	1007.942139
3695.308594	994.659363
3692.781250	1026.895142
3690.252930	1062.070679
3687.723633	998.368469
3685.193359	1110.595947
3682.662109	1082.481689
3680.129883	1080.059082
3677.596680	1105.269897
3675.062500	1108.757813
3672.527344	1148.725708
3669.990234	1130.508423
3667.453125	1143.832764
3664.915039	1132.525513
3662.375000	1165.525269
3659.833984	1159.137695
3657.292969	1212.753418
3654.750000	1230.930176
3652.206055	1195.039551
3649.661133	1272.149170
3647.115234	1230.378784
3644.568359	1304.464355
3642.019531	1266.639038
3639.470703	1262.189453
3636.920898	1272.447754
3634.369141	1323.853394
3631.817383	1358.564331
3629.263672	1355.061401
3626.708984	1388.750977
3624.153320	1369.585205
3621.596680	1383.682495
3619.039063	1413.406982
3616.480469	1468.509766
3613.920898	1457.154175
3611.360352	1477.047363
3608.797852	1512.536743
3606.235352	1509.954468
3603.670898	1475.198486
3601.105469	1536.957397
3598.540039	1516.831299
3595.972656	1597.022461
3593.404297	1592.461304
3590.834961	1663.796143
3588.264648	1627.115112
3585.692383	1670.181885
3583.120117	1667.539551
3580.545898	1690.154053
3577.971680	1701.097778
3575.395508	1702.326538
3572.818359	1719.075806
3570.240234	1791.084961
3567.661133	1830.076416
3565.081055	1780.863525
3562.500000	1819.825562
3559.917969	1852.945679
3557.333984	1838.620483
3554.750000	1940.381470
3552.164063	1851.580566
3549.577148	1941.651855
3546.989258	1953.395264
3544.400391	2002.789185
3541.810547	2021.252686
3539.219727	2003.035645
3536.626953	2116.962646
3534.034180	2148.849609
3531.439453	2098.800293
3528.844727	2153.784424
3526.248047	2175.985596
3523.650391	2199.129883
3521.051758	2277.089111
3518.451172	2310.747803
3515.850586	2302.084473
3513.249023	2394.311523
3510.645508	2343.361572
3508.041016	2347.173340
3505.436523	2430.626709
3502.830078	2429.601074
3500.222656	2510.071533
3497.613281	2517.637207
3495.003906	2574.052002
3492.393555	2617.970215
3489.781250	2674.293457
3487.167969	2694.211914
3484.553711	2678.727783
3481.938477	2728.260010
3479.322266	2815.015869
3476.705078	2824.331299
3474.086914	2851.778076
3471.466797	2830.530273
3468.845703	2909.461426
3466.224609	2979.743164
3463.601563	2962.278076
3460.977539	3056.293945
3458.351563	3113.089355
3455.725586	3148.893799
3453.098633	3191.327637
3450.469727	3195.680664
3447.839844	3303.654541
3445.208984	3335.512695
3442.577148	3379.691406
3439.944336	3452.316162
3437.310547	3406.243408
3434.674805	3481.639160
3432.039063	3547.487061
3429.401367	3630.339844
3426.762695	3690.381836
3424.123047	3726.695313
3421.481445	3741.203369
3418.839844	3912.777100
3416.197266	3901.653564
3413.552734	3940.647217
3410.907227	3982.441895
3408.260742	4033.645996
3405.613281	4071.586182
3402.963867	4153.853516
3400.314453	4179.442871
3397.663086	4288.939941
3395.011719	4294.652344
3392.358398	4311.665039
3389.704102	4400.241699
3387.047852	4468.971191
3384.391602	4521.643555
3381.733398	4614.716309
3379.075195	4681.382324
3376.415039	4744.230469
3373.753906	4787.295898
3371.090820	4921.408203
3368.427734	4913.672852
3365.762695	4970.679688
3363.097656	4997.625977
3360.430664	5082.667969
3357.762695	5159.202148
3355.092773	5272.197754
3352.422852	5327.985840
3349.750977	5411.798828
3347.079102	5409.480957
3344.405273	5569.855469
3341.729492	5615.133789
3339.053711	5644.490234
3336.376953	5702.767578
3333.698242	5732.991699
3331.018555	5821.034180
3328.337891	5835.323730
3325.656250	5969.854004
3322.973633	6080.971680
3320.289063	6186.403809
3317.604492	6255.434570
3314.917969	6358.836914
3312.230469	6379.359863
3309.541016	6531.895996
3306.851563	6544.887695
3304.160156	6647.980469
3301.467773	6706.409668
3298.774414	6771.283691
3296.080078	6886.202148
3293.384766	7060.373535
3290.687500	6998.932129
3287.990234	7147.882813
3285.291016	7254.097168
3282.589844	7335.221191
3279.888672	7420.899902
3277.186523	7364.050293
3274.482422	7627.165527
3271.777344	7655.299805
3269.071289	7769.322754
3266.364258	7960.812500
3263.655273	8063.524902
3260.945313	8228.884766
3258.234375	8442.054688
3255.522461	8406.145508
3252.809570	8445.821289
3250.095703	8599.667969
3247.379883	8791.125977
3244.663086	8868.306641
3241.945313	8908.625000
3239.226563	9061.996094
3236.505859	9093.918945
3233.784180	9339.855469
3231.061523	9368.870117
3228.337891	9499.738281
3225.613281	9691.041992
3222.886719	9840.910156
3220.160156	9839.397461
3217.431641	10191.558594
3214.702148	10194.468750
3211.970703	10342.932617
3209.239258	10447.340820
3206.505859	10741.907227
3203.771484	10678.734375
3201.035156	10768.230469
3198.298828	11031.207031
3195.560547	11305.822266
3192.821289	11149.406250
3190.081055	11500.358398
3187.339844	11640.353516
3184.596680	11694.542969
3181.853516	11759.615234
3179.108398	12065.964844
3176.361328	12177.238281
3173.614258	12328.447266
3170.865234	12497.711914
3168.115234	12684.098633
3165.364258	12604.062500
3162.612305	12840.192383
3159.858398	12906.328125
3157.104492	13084.030273
3154.347656	13325.981445
3151.590820	13374.579102
3148.833008	13682.349609
3146.073242	13656.453125
3143.312500	13846.100586
3140.550781	13862.690430
3137.787109	14108.170898
3135.023438	14448.392578
3132.257813	14489.998047
3129.491211	14583.067383
3126.722656	14762.757813
3123.954102	14917.008789
3121.183594	15018.781250
3118.412109	15224.191406
3115.638672	15366.304688
3112.865234	15670.509766
3110.089844	15509.615234
3107.313477	15835.092773
3104.536133	15981.172852
3101.756836	16041.653320
3098.976563	16096.680664
3096.195313	16455.470703
3093.413086	16692.648438
3090.628906	16665.580078
3087.844727	16946.435547
3085.058594	16918.371094
3082.270508	17346.847656
3079.482422	17520.335938
3076.692383	17565.523438
3073.901367	17822.951172
3071.109375	17869.746094
3068.315430	18134.859375
3065.520508	18380.949219
3062.724609	18464.976563
3059.927734	18573.054688
3057.128906	18853.453125
3054.329102	18848.742188
3051.528320	19069.851563
3048.726563	19139.982422
3045.922852	19593.515625
3043.118164	19577.769531
3040.312500	19872.990234
3037.505859	20076.214844
3034.697266	20030.880859
3031.887695	20424.267578
3029.077148	20656.314453
3026.264648	20939.714844
3023.452148	21028.246094
3020.637695	21268.583984
3017.821289	21292.951172
3015.004883	21583.535156
3012.186523	21776.277344
3009.367188	22006.970703
3006.545898	22299.496094
3003.724609	22536.828125
3000.901367	22584.443359
2998.077148	22953.314453
2995.250977	23052.888672
2992.423828	23078.968750
2989.595703	23627.441406
2986.766602	23588.728516
2983.935547	23856.507813
2981.104492	23913.939453
2978.270508	24056.023438
2975.436523	24436.117188
2972.600586	24649.242188
2969.763672	24707.955078
2966.925781	24926.921875
2964.085938	25164.177734
2961.245117	25411.777344
2958.403320	25446.267578
2955.560547	25753.298828
2952.715820	26060.927734
2949.870117	26196.091797
2947.023438	26354.835938
2944.174805	26548.541016
2941.325195	26756.103516
2938.474609	26884.548828
2935.622070	27100.527344
2932.768555	27308.421875
2929.914063	27428.544922
2927.058594	27640.468750
2924.201172	28146.199219
2921.342773	28361.972656
2918.483398	28401.828125
2915.622070	28486.203125
2912.759766	28750.427734
2909.896484	28905.275391
2907.032227	28911.621094
2904.166016	29383.753906
2901.298828	29403.814453
2898.429688	29639.984375
2895.559570	29786.208984
2892.688477	30155.201172
2889.816406	30480.337891
2886.942383	30508.521484
2884.067383	30654.933594
2881.191406	30811.634766
2878.314453	30911.714844
2875.435547	31191.458984
2872.554688	31402.369141
2869.673828	31616.550781
2866.791016	31650.146484
2863.907227	32100.662109
2861.021484	31953.765625
2858.134766	32284.205078
2855.247070	32510.455078
2852.358398	32830.812500
2849.467773	32841.230469
2846.576172	33111.855469
2843.682617	33168.781250
2840.789063	33272.292969
2837.893555	33573.410156
2834.996094	33569.617188
2832.097656	33914.308594
2829.198242	34005.187500
2826.297852	34314.019531
2823.395508	33985.093750
2820.492188	34365.105469
2817.587891	34566.605469
2814.681641	34601.019531
2811.774414	34482.328125
2808.866211	34667.144531
2805.956055	35015.019531
2803.044922	35516.289063
2800.131836	35242.851563
2797.218750	35674.050781
2794.303711	35642.605469
2791.386719	35624.898438
2788.468750	35868.523438
2785.549805	35741.082031
2782.629883	36117.105469
2779.708008	36110.292969
2776.785156	36446.449219
2773.860352	36686.539063
2770.935547	36572.632813
2768.007813	36635.625000
2765.080078	36829.171875
2762.150391	36601.824219
2759.219727	36964.078125
2756.287109	37047.199219
2753.353516	37195.000000
2750.418945	37410.800781
2747.482422	37546.363281
2744.544922	37338.808594
2741.606445	37549.117188
2738.666016	37416.554688
2735.724609	37521.222656
2732.782227	37667.417969
2729.837891	37613.066406
2726.892578	38042.546875
2723.945313	38089.859375
2720.997070	37931.902344
2718.047852	38020.730469
2715.097656	38276.371094
2712.145508	38160.847656
2709.191406	38135.144531
2706.237305	38177.136719
2703.281250	38241.914063
2700.323242	38302.398438
2697.364258	38291.835938
2694.404297	38302.386719
2691.443359	38232.718750
2688.480469	38209.511719
2685.515625	38436.808594
2682.550781	38332.574219
2679.583984	38359.031250
2676.615234	38441.886719
2673.646484	38203.898438
2670.674805	38149.558594
2667.703125	37884.976563
2664.729492	38088.914063
2661.754883	37939.703125
2658.778320	38059.410156
2655.800781	37799.500000
2652.821289	37699.261719
2649.840820	37618.398438
2646.859375	37665.039063
2643.876953	37285.886719
2640.892578	37179.316406
2637.906250	37522.468750
2634.918945	37496.207031
2631.930664	37156.253906
2628.941406	37069.957031
2625.950195	36921.042969
2622.957031	36864.144531
2619.963867	36867.410156
2616.967773	36609.417969
2613.971680	36477.621094
2610.973633	36294.230469
2607.974609	36348.550781
2604.973633	35705.476563
2601.971680	35934.863281
2598.967773	35695.410156
2595.962891	35303.074219
2592.957031	35093.210938
2589.949219	35184.429688
2586.940430	34968.140625
2583.929688	34704.703125
2580.917969	34461.414063
2577.905273	34556.859375
2574.890625	34414.187500
2571.875000	34219.410156
2568.857422	34041.375000
2565.838867	33567.820313
2562.819336	33653.468750
2559.797852	33380.742188
2556.775391	33068.558594
2553.750977	32668.193359
2550.725586	32296.279297
2547.698242	32212.117188
2544.669922	32103.255859
2541.640625	31903.714844
2538.609375	31542.685547
2535.577148	31220.724609
2532.542969	31145.437500
2529.507813	31019.964844
2526.471680	30860.841797
2523.433594	30361.171875
2520.393555	30225.509766
2517.353516	30157.376953
2514.310547	30145.179688
2511.267578	29682.855469
2508.222656	29450.011719
2505.175781	29261.687500
2502.127930	28987.396484
2499.079102	28617.423828
2496.028320	28414.140625
2492.976563	28072.601563
2489.922852	27864.007813
2486.868164	27707.154297
2483.812500	27483.357422
2480.754883	27210.701172
2477.695313	27257.833984
2474.634766	26724.929688
2471.573242	26519.109375
2468.509766	26413.853516
2465.445313	25978.306641
2462.378906	25902.730469
2459.311523	25516.705078
2456.242188	25226.335938
2453.171875	25057.548828
2450.100586	24913.324219
2447.027344	24451.962891
2443.953125	24360.175781
2440.876953	23952.306641
2437.799805	23636.605469
2434.720703	23689.019531
2431.640625	23461.369141
2428.558594	22957.289063
2425.475586	22788.554688
2422.390625	22726.953125
2419.304688	22278.976563
2416.217773	22158.541016
2413.128906	21853.675781
2410.038086	21485.173828
2406.946289	21307.031250
2403.853516	21063.578125
2400.758789	21010.191406
2397.663086	20695.222656
2394.565430	20303.859375
2391.466797	20386.412109
2388.366211	19956.837891
2385.264648	19663.867188
2382.161133	19509.728516
2379.056641	19329.958984
2375.950195	19162.423828
2372.842773	18830.113281
2369.734375	18697.529297
2366.624023	18338.404297
2363.511719	18276.855469
2360.398438	18021.835938
2357.284180	17840.085938
2354.167969	17699.412109
2351.049805	17509.949219
2347.930664	17016.083984
2344.810547	17004.154297
2341.688477	16662.316406
2338.564453	16487.273438
2335.439453	16485.990234
2332.313477	16112.067383
2329.185547	16040.614258
2326.056641	15784.674805
2322.925781	15566.500000
2319.792969	15399.605469
2316.660156	15240.839844
2313.524414	15048.724609
2310.387695	14704.549805
2307.250000	14806.028320
2304.110352	14470.240234
2300.969727	14287.579102
2297.827148	14140.882813
2294.682617	14030.101563
2291.537109	13798.609375
2288.390625	13704.765625
2285.242188	13409.313477
2282.092773	13313.348633
2278.941406	12901.728516
2275.788086	13035.244141
2272.633789	12762.831055
2269.478516	12609.500000
2266.321289	12535.491211
2263.162109	12265.265625
2260.001953	12115.534180
2256.840820	11855.238281
2253.676758	11871.803711
2250.512695	11792.762695
2247.346680	11514.021484
2244.178711	11494.407227
2241.009766	11163.995117
2237.838867	11006.569336
2234.666992	10960.412109
2231.493164	10711.055664
2228.318359	10623.341797
2225.141602	10390.897461
2221.963867	10323.076172
2218.784180	10257.673828
2215.602539	9942.413086
2212.419922	9906.308594
2209.236328	9831.761719
2206.050781	9738.447266
2202.863281	9478.134766
2199.674805	9443.872070
2196.485352	9278.762695
2193.292969	9073.857422
2190.100586	9113.418945
2186.905273	8940.081055
2183.709961	8772.378906
2180.511719	8646.269531
2177.312500	8494.488281
2174.112305	8393.617188
2170.910156	8367.007813
2167.706055	8152.355469
2164.500977	8037.740723
2161.294922	7978.584473
2158.085938	7888.311523
2154.876953	7825.381836
2151.665039	7625.491211
2148.452148	7520.720215
2145.238281	7346.046875
2142.022461	7382.989258
2138.804688	7229.520996
2135.585938	7167.064941
2132.365234	7037.128418
2129.143555	6979.473633
2125.919922	6868.357422
2122.695313	6740.289551
2119.468750	6735.538086
2116.240234	6490.708008
2113.010742	6448.918457
2109.780273	6351.458496
2106.546875	6196.087891
2103.312500	6225.605469
2100.077148	6106.750488
2096.839844	6058.280762
2093.600586	5965.086426
2090.360352	5884.322266
2087.119141	5830.623047
2083.875000	5696.041504
2080.629883	5578.535156
2077.383789	5541.223145
2074.135742	5410.813477
2070.885742	5328.223633
2067.634766	5304.918945
2064.381836	5182.488770
2061.127930	5135.457520
2057.871094	5030.113770
2054.614258	5066.851074
2051.355469	4906.405273
2048.094727	4845.020020
2044.832031	4807.449707
2041.568359	4743.868652
2038.303711	4653.549805
2035.037109	4603.109863
2031.768555	4462.457520
2028.498047	4476.375000
2025.226563	4309.932617
2021.954102	4258.219238
2018.678711	4200.446289
2015.403320	4228.191406
2012.125000	4109.468262
2008.845703	4065.566895
2005.564453	3976.749756
2002.282227	4014.443604
1998.998047	3870.162354
1995.712891	3789.932129
1992.424805	3739.437500
1989.136719	3669.986328
1985.845703	3626.432861
1982.553711	3582.160645
1979.260742	3499.977295
1975.964844	3396.628418
1972.667969	3317.644043
1969.370117	3331.204590
1966.070313	3326.568848
1962.768555	3248.485596
1959.465820	3214.374268
1956.161133	3094.810791
1952.854492	3087.268311
1949.546875	3069.151123
1946.237305	3014.036133
1942.925781	2992.949219
1939.613281	2941.695068
1936.298828	2891.997803
1932.982422	2806.912354
1929.665039	2835.697754
1926.346680	2771.809570
1923.025391	2680.126709
1919.703125	2672.809326
1916.378906	2638.421875
1913.053711	2617.598145
1909.726563	2535.931396
1906.397461	2475.371094
1903.067383	2450.149658
1899.735352	2526.241455
1896.401367	2431.274414
1893.066406	2325.904541
1889.729492	2334.514893
1886.390625	2327.390137
1883.050781	2298.565918
1879.708984	2257.050537
1876.365234	2223.800049
1873.020508	2195.065430
1869.673828	2164.116455
1866.326172	2077.944580
1862.975586	2050.066406
1859.624023	2028.927734
1856.271484	2009.300171
1852.916016	1950.195190
1849.559570	1920.940552
1846.202148	1892.458130
1842.841797	1923.531738
1839.480469	1855.655518
1836.118164	1802.712646
1832.752930	1790.686890
1829.386719	1781.642944
1826.018555	1745.141968
1822.649414	1707.934082
1819.278320	1690.042725
1815.905273	1653.637939
1812.531250	1608.377930
1809.154297	1623.881348
1805.777344	1599.402222
1802.397461	1500.970581
1799.016602	1472.877441
1795.633789	1480.284790
1792.249023	1475.865601
1788.863281	1439.702881
1785.475586	1442.686157
1782.085938	1400.673218
1778.694336	1367.547607
1775.301758	1363.928467
1771.907227	1336.744263
1768.510742	1338.295654
1765.113281	1303.056152
1761.713867	1207.546997
1758.312500	1276.782593
1754.910156	1271.745972
1751.505859	1210.904907
1748.099609	1211.042358
1744.691406	1169.363770
1741.282227	1148.256592
1737.871094	1119.840942
1734.458008	1093.650391
1731.042969	1090.182007
1727.626953	1077.935181
1724.208984	1045.219727
1720.790039	1030.812988
1717.368164	1057.339844
1713.945313	1026.142456
1710.520508	994.975464
1707.093750	987.916565
1703.666016	984.510559
1700.236328	948.306763
1696.804688	971.150574
1693.371094	945.182983
1689.936523	919.968506
1686.500000	894.051208
1683.061523	868.886353
1679.622070	887.350464
1676.179688	808.460999
1672.736328	800.073364
1669.291016	812.737793
1665.844727	805.080994
1662.396484	814.829956
1658.945313	781.094177
1655.494141	773.463501
1652.040039	737.609619
1648.584961	745.924377
1645.126953	744.829773
1641.668945	731.448730
1638.208008	703.632446
1634.745117	682.342041
1631.281250	651.690552
1627.815430	649.922729
1624.347656	653.924194
1620.878906	646.391479
1617.408203	648.949646
1613.935547	611.910767
1610.460938	636.788574
1606.984375	599.073059
1603.506836	595.898071
1600.027344	581.230774
1596.545898	588.838806
1593.062500	563.423157
1589.577148	551.662842
1586.090820	512.667358
1582.602539	516.710266
1579.112305	519.316284
1575.620117	506.168793
1572.126953	504.483551
1568.630859	507.091095
1565.133789	490.394562
1561.634766	490.148102
1558.133789	462.050110
1554.631836	463.245300
1551.127930	455.164551
1547.621094	460.639954
1544.114258	425.485413
1540.604492	421.709351
1537.092773	417.224884
1533.580078	402.781982
1530.065430	394.754883
1526.548828	397.399353
1523.030273	382.987732
1519.509766	374.272003
1515.988281	369.114105
1512.463867	380.279205
1508.938477	377.250488
1505.411133	352.961884
1501.882813	352.074921
1498.351563	337.735901
1494.818359	330.488037
1491.284180	350.125732
1487.748047	320.962677
1484.209961	331.399078
1480.669922	319.224792
1477.128906	304.239105
1473.584961	303.379150
1470.040039	280.659515
1466.493164	303.071075
1462.944336	284.601135
1459.393555	271.078552
1455.840820	292.756683
1452.287109	284.167114
1448.730469	282.616425
1445.172852	267.716461
1441.613281	261.259308
1438.051758	263.232025
1434.488281	246.961136
1430.922852	239.121567
1427.356445	234.093414
1423.787109	249.385361
1420.216797	229.653442
1416.644531	226.037079
1413.070313	218.927078
1409.494141	216.018768
1405.916016	228.485458
1402.336914	208.115662
1398.754883	215.687302
1395.171875	209.995544
1391.585938	198.731110
1387.999023	181.902573
1384.410156	185.292221
1380.819336	187.285843
1377.226563	189.973206
1373.632813	180.833969
1370.036133	154.325073
1366.438477	165.362564
1362.837891	172.916428
1359.236328	167.968887
1355.632813	155.395325
1352.027344	157.395447
1348.419922	160.086441
1344.810547	157.233337
1341.199219	152.998474
1337.585938	154.303467
1333.970703	146.616409
1330.354492	137.554749
1326.735352	133.338486
1323.115234	136.722183
1319.493164	129.059784
1315.869141	142.099304
1312.242188	140.646912
1308.614258	138.506866
1304.984375	115.018265
1301.353516	120.465698
1297.719727	132.099594
1294.083984	110.025940
1290.446289	114.780014
1286.807617	108.537926
1283.166016	99.555885
1279.523438	109.797729
1275.877930	99.452499
1272.231445	101.457375
1268.582031	107.571121
1264.931641	108.199966
1261.279297	91.032318
1257.625000	90.300827
1253.968750	91.621269
1250.310547	84.056290
1246.650391	86.744583
1242.988281	89.430023
1239.324219	86.654091
1235.658203	92.064529
1231.990234	77.702774
1228.320313	72.212196
1224.648438	77.621574
1220.975586	65.331345
1217.299805	86.382706
1213.622070	67.982269
1209.943359	68.626137
1206.261719	74.023064
1202.578125	71.947998
1198.893555	65.126274
1195.206055	65.092102
1191.517578	68.446373
1187.826172	71.119751
1184.133789	69.051460
1180.438477	63.602207
1176.742188	60.187443
1173.042969	66.914848
1169.342773	58.773006
1165.639648	60.092449
1161.935547	56.011745
1158.228516	58.680161
1154.520508	58.649216
1150.809570	54.575634
1147.097656	55.220242
1143.382813	54.518021
1139.666992	53.143803
1135.948242	53.788063
1132.227539	52.415627
1128.505859	53.059536
1124.781250	43.633469
1121.055664	45.623150
1117.327148	44.257828
1113.596680	43.564152
1109.865234	44.210911
1106.130859	44.187450
1102.394531	42.156540
1098.657227	36.783783
1094.916992	34.758915
1091.174805	40.753208
1087.430664	40.063801
1083.684570	34.703484
1079.936523	38.020107
1076.186523	36.666527
1072.434570	37.979607
1068.680664	32.631729
1064.924805	35.942318
1061.166992	37.918865
1057.406250	37.898621
1053.644531	35.884777
1049.880859	37.858131
1046.114258	25.889082
1042.346680	35.163776
1038.576172	28.513834
1034.803711	31.149595
1031.030273	30.470505
1027.253906	31.778267
1023.475586	34.407993
1019.695313	26.453487
1015.913086	27.761251
1012.128906	24.443207
1008.342773	28.391705
1004.553711	25.736773
