4046.277344	62.890133
4043.892578	64.986473
4041.505859	57.626564
4039.119141	59.698524
4036.731445	58.628048
4034.342773	65.930527
4031.952148	67.996704
4029.561523	66.924156
4027.169922	57.490227
4024.777344	73.140457
4022.383789	63.711487
4019.989258	62.642250
4017.593750	62.617462
4015.197266	75.111214
4012.799805	71.953079
4010.401367	65.670265
4008.001953	60.434380
4005.601563	81.241600
4003.201172	66.633339
4000.798828	67.647644
3998.395508	78.023994
3995.991211	69.673759
3993.585938	74.843559
3991.180664	78.970154
3988.773438	82.054771
3986.365234	75.792618
3983.957031	73.686783
3981.546875	75.732323
3979.135742	87.109360
3976.724609	77.745247
3974.311523	82.895233
3971.898438	66.289764
3969.483398	89.041359
3967.068359	83.831100
3964.651367	78.624962
3962.234375	91.003105
3959.815430	85.798210
3957.396484	84.730652
3954.975586	78.499481
3952.554688	97.052666
3950.131836	97.013870
3947.708984	86.658577
3945.284180	89.717621
3942.859375	80.404297
3940.432617	91.706642
3938.005859	89.609924
3935.577148	106.047409
3933.148438	101.888214
3930.718750	100.818611
3928.287109	96.664787
3925.855469	89.430458
3923.421875	97.614761
3920.988281	108.873802
3918.552734	99.589790
3916.117188	110.838936
3913.680664	109.768524
3911.242188	121.004478
3908.803711	107.630180
3906.363281	108.611519
3903.922852	101.398247
3901.480469	101.357430
3899.038086	121.784615
3896.593750	112.528671
3894.149414	126.799385
3891.703125	120.615295
3889.256836	122.610168
3886.808594	122.560715
3884.360352	111.281059
3881.910156	118.379753
3879.459961	135.673706
3877.007813	128.481079
3874.555664	120.274933
3872.101563	132.452728
3869.646484	136.472992
3867.191406	139.471924
3864.734375	140.433136
3862.277344	133.255768
3859.818359	132.185013
3857.358398	146.361023
3854.897461	143.253784
3852.436523	138.117874
3849.973633	148.213486
3847.509766	152.212387
3845.044922	156.207993
3842.579102	137.893936
3840.113281	152.027176
3837.645508	145.886826
3835.176758	153.929108
3832.707031	148.805161
3830.236328	160.887115
3827.764648	155.764420
3825.291992	154.690018
3822.818359	172.818512
3820.343750	170.727737
3817.868164	158.540497
3815.390625	158.475937
3812.913086	163.456329
3810.434570	172.466934
3807.955078	177.437469
3805.473633	178.372879
3802.992188	180.314819
3800.509766	196.352219
3798.025391	197.278595
3795.541016	186.130829
3793.054688	197.117538
3790.568359	185.978806
3788.080078	219.063858
3785.591797	197.880463
3783.101563	203.823898
3780.610352	214.780655
3778.119141	208.673370
3775.625977	223.630356
3773.131836	199.480820
3770.636719	223.447266
3768.140625	221.352539
3765.643555	242.286713
3763.145508	223.172684
3760.646484	227.082642
3758.146484	247.988525
3755.645508	231.894089
3753.143555	244.787659
3750.639648	220.717804
3748.135742	238.596802
3745.630859	237.500885
3743.124023	244.385757
3740.617188	277.189026
3738.108398	262.124969
3735.599609	263.013428
3733.088867	273.859619
3730.577148	274.742371
3728.064453	259.703766
3725.551758	266.559204
3723.037109	261.478333
3720.521484	280.252869
3718.004883	272.190216
3715.487305	302.860535
3712.967773	288.839600
3710.448242	294.673431
3707.927734	279.675507
3705.406250	293.438934
3702.882813	296.290588
3700.359375	292.206116
3697.833984	326.739594
3695.308594	298.892670
3692.781250	307.672821
3690.252930	318.423431
3687.723633	300.499023
3685.193359	295.434326
3682.662109	319.016052
3680.129883	323.820251
3677.596680	334.541504
3675.062500	350.185974
3672.527344	333.278351
3669.990234	325.255249
3667.453125	343.839447
3664.915039	368.316986
3662.375000	356.351471
3659.833984	372.931396
3657.292969	381.628815
3654.750000	373.605011
3652.206055	368.536041
3649.661133	377.224152
3647.115234	365.284058
3644.568359	397.522980
3642.019531	396.376587
3639.470703	410.922577
3636.920898	384.283173
3634.369141	422.339600
3631.817383	397.676361
3629.263672	401.427155
3626.708984	395.387878
3624.153320	415.766937
3621.596680	423.416626
3619.039063	428.127441
3616.480469	426.971893
3613.920898	419.957306
3611.360352	447.116760
3608.797852	464.495148
3606.235352	447.719055
3603.670898	453.382233
3601.105469	494.126434
3598.540039	479.307007
3595.972656	466.447388
3593.404297	487.666962
3590.834961	469.949432
3588.264648	475.588318
3585.692383	519.136841
3583.120117	493.653900
3580.545898	504.132172
3577.971680	531.107605
3575.395508	537.678955
3572.818359	499.618530
3570.240234	540.137695
3567.661133	578.684143
3565.081055	551.311951
3562.500000	567.545349
3559.917969	578.924500
3557.333984	601.906311
3554.750000	592.948059
3552.164063	589.798523
3549.577148	602.115051
3546.989258	602.828247
3544.400391	608.368958
3541.810547	619.696350
3539.219727	638.732971
3536.626953	592.170898
3534.034180	660.368774
3531.439453	647.563721
3528.844727	681.004272
3526.248047	671.089355
3523.650391	694.867310
3521.051758	690.726624
3518.451172	679.857910
3515.850586	683.416260
3513.249023	710.030579
3510.645508	697.246155
3508.041016	742.071594
3505.436523	740.798950
3502.830078	737.608887
3500.222656	757.431824
3497.613281	756.153687
3495.003906	754.876465
3492.393555	776.581482
3489.781250	778.167725
3487.167969	834.287170
3484.553711	817.676636
3481.938477	808.727417
3479.322266	810.296448
3476.705078	833.832031
3474.086914	827.750793
3471.466797	869.390808
3468.845703	836.589417
3466.224609	867.701233
3463.601563	882.583496
3460.977539	886.973083
3458.351563	893.263306
3455.725586	951.902649
3453.098633	964.820007
3450.469727	956.802002
3447.839844	952.593323
3445.208984	955.990234
3442.577148	984.081055
3439.944336	977.966309
3437.310547	951.925903
3434.674805	968.597717
3432.039063	980.513672
3429.401367	1028.438354
3426.762695	1076.321899
3424.123047	1062.605347
3421.481445	1077.299927
3418.839844	1083.465454
3416.197266	1103.813232
3413.552734	1149.670532
3410.907227	1148.236084
3408.260742	1132.632690
3405.613281	1154.812134
3402.963867	1162.814697
3400.314453	1170.810059
3397.663086	1200.488281
3395.011719	1220.714355
3392.358398	1263.536499
3389.704102	1249.811768
3387.047852	1244.571289
3384.391602	1244.040161
3381.733398	1330.046753
3379.075195	1313.494873
3376.415039	1313.873657
3373.753906	1344.313232
3371.090820	1349.372925
3368.427734	1349.734741
3365.762695	1378.242432
3363.097656	1370.150391
3360.430664	1412.685425
3357.762695	1447.687500
3355.092773	1444.258057
3352.422852	1479.215820
3349.750977	1496.362915
3347.079102	1493.851196
3344.405273	1544.636719
3341.729492	1484.159912
3339.053711	1542.378906
3336.376953	1576.268555
3333.698242	1562.524902
3331.018555	1617.835083
3328.337891	1629.264893
3325.656250	1614.582520
3322.973633	1631.593872
3320.289063	1626.236328
3317.604492	1685.122314
3314.917969	1711.385986
3312.230469	1759.021484
3309.541016	1754.546265
3306.851563	1809.556519
3304.160156	1802.275391
3301.467773	1826.572632
3298.774414	1791.443115
3296.080078	1842.629639
3293.384766	1897.481201
3290.687500	1870.708008
3287.990234	1890.287842
3285.291016	1895.957275
3282.589844	1911.805054
3279.888672	1919.309937
3277.186523	1979.533691
3274.482422	2017.514160
3271.777344	2003.705200
3269.071289	2051.803223
3266.364258	2025.062256
3263.655273	2064.801514
3260.945313	2144.178467
3258.234375	2169.074951
3255.522461	2154.310791
3252.809570	2155.223145
3250.095703	2178.238770
3247.379883	2206.757813
3244.663086	2265.619141
3241.945313	2287.635498
3239.226563	2257.224121
3236.505859	2246.138184
3233.784180	2275.481689
3231.061523	2291.025391
3228.337891	2310.226318
3225.613281	2345.006592
3222.886719	2407.267578
3220.160156	2444.724365
3217.431641	2474.818115
3214.702148	2497.557861
3211.970703	2512.038086
3209.239258	2516.439209
3206.505859	2508.030518
3203.771484	2541.685059
3201.035156	2605.467529
3198.298828	2651.837891
3195.560547	2644.294922
3192.821289	2639.496094
3190.081055	2699.473145
3187.339844	2719.274170
3184.596680	2720.827148
3181.853516	2675.000488
3179.108398	2801.336670
3176.361328	2816.504150
3173.614258	2794.351074
3170.865234	2911.373047
3168.115234	2864.649902
3165.364258	2835.232666
3162.612305	2905.756592
3159.858398	2934.453125
3157.104492	2905.041260
3154.347656	3000.840332
3151.590820	2973.237061
3148.833008	3062.576660
3146.073242	3033.156738
3143.312500	3075.301270
3140.550781	3095.684082
3137.787109	3094.333740
3135.023438	3126.445557
3132.257813	3171.184326
3129.491211	3169.799805
3126.722656	3151.254883
3123.954102	3251.895264
3121.183594	3208.061523
3118.412109	3241.838135
3115.638672	3289.108643
3112.865234	3342.645508
3110.089844	3341.183838
3107.313477	3393.748779
3104.536133	3324.760742
3101.756836	3269.326904
3098.976563	3319.153564
3096.195313	3425.563965
3093.413086	3399.805420
3090.628906	3465.671875
3087.844727	3456.074463
3085.058594	3441.100830
3082.270508	3545.426025
3079.482422	3551.940430
3076.692383	3602.357178
3073.901367	3606.151367
3071.109375	3587.558350
3068.315430	3633.415283
3065.520508	3672.074707
3062.724609	3601.613525
3059.927734	3712.644775
3057.128906	3777.122803
3054.329102	3712.062744
3051.528320	3744.349609
3048.726563	3702.555664
3045.922852	3717.872070
3043.118164	3727.825439
3040.312500	3854.490723
3037.505859	3845.669922
3034.697266	3844.868164
3031.887695	3900.125000
3029.077148	3853.936035
3026.264648	3913.583252
3023.452148	3895.864014
3020.637695	3850.622803
3017.821289	3938.601074
3015.004883	3998.989014
3012.186523	3956.419922
3009.367188	3952.015381
3006.545898	3997.246582
3003.724609	3985.738037
3000.901367	4013.201904
2998.077148	4058.342773
2995.250977	4002.581787
2992.423828	4062.719238
2989.595703	4053.853271
2986.766602	4087.405273
2983.935547	4067.935547
2981.104492	4119.105469
2978.270508	4132.285156
2975.436523	4138.395996
2972.600586	4195.634277
2969.763672	4144.429688
2966.925781	4123.217285
2964.085938	4141.642578
2961.245117	4053.563477
2958.403320	4196.914551
2955.560547	4133.505859
2952.715820	4200.228516
2949.870117	4206.273926
2947.023438	4245.681152
2944.174805	4177.969727
2941.325195	4207.701660
2938.474609	4222.497559
2935.622070	4235.525879
2932.768555	4175.819336
2929.914063	4221.258301
2927.058594	4263.153809
2924.201172	4183.385742
2921.342773	4192.897949
2918.483398	4255.728027
2915.622070	4261.701660
2912.759766	4256.313965
2909.896484	4311.170898
2907.032227	4256.020996
2904.166016	4286.402832
2901.298828	4215.616211
2898.429688	4232.914063
2895.559570	4287.652832
2892.688477	4268.329590
2889.816406	4288.187988
2886.942383	4320.206543
2884.067383	4288.716797
2881.191406	4312.881348
2878.314453	4269.257324
2875.435547	4311.643066
2872.554688	4346.177246
2869.673828	4383.282715
2866.791016	4349.239258
2863.907227	4392.375488
2861.021484	4315.032227
2858.134766	4404.044922
2855.247070	4366.584961
2852.358398	4337.810059
2849.467773	4337.602539
2846.576172	4309.728516
2843.682617	4270.643555
2840.789063	4362.021484
2837.893555	4313.448730
2834.996094	4324.464844
2832.097656	4298.376953
2829.198242	4243.858398
2826.297852	4360.030762
2823.395508	4271.934082
2820.492188	4319.102051
2817.587891	4257.780762
2814.681641	4293.726563
2811.774414	4315.020508
2808.866211	4327.698730
2805.956055	4257.027832
2803.044922	4253.401367
2800.131836	4277.245117
2797.218750	4286.479980
2794.303711	4240.819336
2791.386719	4234.629883
2788.468750	4165.040039
2785.549805	4231.685059
2782.629883	4213.519531
2779.708008	4126.059570
2776.785156	4250.788574
2773.860352	4213.827148
2770.935547	4171.770508
2768.007813	4148.541016
2765.080078	4113.378906
2762.150391	4114.088867
2759.219727	4073.853516
2756.287109	4173.479492
2753.353516	4174.157227
2750.418945	4078.576416
2747.482422	4077.590820
2744.544922	4028.094482
2741.606445	4101.139648
2738.666016	4056.776123
2735.724609	3963.156494
2732.782227	4004.695557
2729.837891	3925.616943
2726.892578	3875.466309
2723.945313	3911.046387
2720.997070	3925.393311
2718.047852	3893.954590
2715.097656	3922.696777
2712.145508	3843.861572
2709.191406	3886.988037
2706.237305	3850.541992
2703.281250	3818.356201
2700.323242	3819.166016
2697.364258	3803.919922
2694.404297	3831.759033
2691.443359	3715.217529
2688.480469	3794.540527
2685.515625	3696.674072
2682.550781	3727.035645
2679.583984	3708.494873
2676.615234	3675.651123
2673.646484	3679.879150
2670.674805	3557.876465
2667.703125	3568.880615
2664.729492	3577.351563
2661.754883	3502.617920
2658.778320	3553.947754
2655.800781	3487.686279
2652.821289	3480.229004
2649.840820	3464.388916
2646.859375	3452.754395
2643.876953	3362.350586
2640.892578	3411.922607
2637.906250	3369.343994
2634.918945	3322.618164
2631.930664	3317.761719
2628.941406	3321.270020
2625.950195	3244.538330
2622.957031	3258.099609
2619.963867	3203.175293
2616.967773	3255.134766
2613.971680	3193.585449
2610.973633	3149.602783
2607.974609	3113.994385
2604.973633	3130.071289
2601.971680	3149.463623
2598.967773	3068.952881
2595.962891	3023.458008
2592.957031	2985.488281
2589.949219	2954.202148
2586.940430	2925.436035
2583.929688	2944.862793
2580.917969	2869.639893
2577.905273	2834.311279
2574.890625	2825.552734
2571.875000	2835.867432
2568.857422	2804.742676
2565.838867	2771.989258
2562.819336	2778.172363
2559.797852	2724.772949
2556.775391	2717.737061
2553.750977	2676.812744
2550.725586	2614.440918
2547.698242	2636.370361
2544.669922	2600.489990
2541.640625	2607.550781
2538.609375	2576.663574
2535.577148	2544.155273
2532.542969	2533.924805
2529.507813	2516.289795
2526.471680	2470.678711
2523.433594	2425.931396
2520.393555	2403.432617
2517.353516	2384.242432
2514.310547	2363.425293
2511.267578	2350.840820
2508.222656	2293.931641
2505.175781	2274.823975
2502.127930	2266.396240
2499.079102	2284.212158
2496.028320	2227.435303
2492.976563	2153.508057
2489.922852	2162.342529
2486.868164	2118.791992
2483.812500	2152.991211
2480.754883	2069.419678
2477.695313	2119.136475
2474.634766	2078.950684
2471.573242	2035.534912
2468.509766	2040.309937
2465.445313	1992.871948
2462.378906	1934.061890
2459.311523	1955.989990
2456.242188	1899.693726
2453.171875	1879.275391
2450.100586	1879.222046
2447.027344	1894.624512
2443.953125	1817.316772
2440.876953	1809.975586
2437.799805	1766.896362
2434.720703	1797.747559
2431.640625	1730.364258
2428.558594	1736.865479
2425.475586	1727.142822
2422.390625	1671.230591
2419.304688	1675.318115
2416.217773	1639.723999
2413.128906	1636.536865
2410.038086	1585.621582
2406.946289	1595.399292
2403.853516	1572.837646
2400.758789	1550.296387
2397.663086	1571.380127
2394.565430	1535.945557
2391.466797	1482.794922
2388.366211	1468.398804
2385.264648	1477.389404
2382.161133	1427.560791
2379.056641	1433.340088
2375.950195	1425.430542
2372.842773	1416.723511
2369.734375	1342.889771
2366.624023	1341.462036
2363.511719	1328.787720
2360.398438	1296.049683
2357.284180	1280.999512
2354.167969	1302.064453
2351.049805	1262.968140
2347.930664	1280.013428
2344.810547	1265.798096
2341.688477	1218.764282
2338.564453	1195.785522
2335.439453	1220.028809
2332.313477	1197.869751
2329.185547	1168.537476
2326.056641	1143.226563
2322.925781	1135.506470
2319.792969	1160.517578
2316.660156	1123.277954
2313.524414	1082.085571
2310.387695	1062.451416
2307.250000	1094.618408
2304.110352	1067.032959
2300.969727	1050.615845
2297.827148	1010.347168
2294.682617	993.176025
2291.537109	993.506226
2288.390625	986.685913
2285.242188	989.400391
2282.092773	972.269714
2278.941406	977.367615
2275.788086	966.601501
2272.633789	937.615967
2269.478516	920.540222
2266.321289	872.598755
2263.162109	885.644409
2260.001953	872.571594
2256.840820	867.417847
2253.676758	870.962524
2250.512695	831.054810
2247.346680	830.664612
2244.178711	827.906677
2241.009766	813.318176
2237.838867	829.494263
2234.666992	784.181396
2231.493164	760.967834
2228.318359	768.483704
2225.141602	746.085815
2221.963867	764.614075
2218.784180	734.375854
2215.602539	717.526123
2212.419922	706.976257
2209.236328	700.361877
2206.050781	723.575500
2202.863281	686.366638
2199.674805	678.986511
2196.485352	664.559998
2193.292969	645.447021
2190.100586	651.405884
2186.905273	649.533203
2183.709961	647.662048
2180.511719	633.283142
2177.312500	597.036682
2174.112305	610.814148
2170.910156	598.814514
2167.706055	596.970581
2164.500977	557.688965
2161.294922	575.356201
2158.085938	555.602722
2154.876953	534.309937
2151.665039	546.513000
2148.452148	533.803833
2145.238281	542.884155
2142.022461	551.178223
2138.804688	506.625916
2135.585938	509.492279
2132.365234	512.355713
2129.143555	478.747650
2125.919922	468.438110
2122.695313	489.145813
2119.468750	486.588989
2116.240234	484.034424
2113.010742	471.418945
2109.780273	469.647369
2106.546875	432.303162
2103.312500	464.562805
2100.077148	438.845428
2096.839844	430.141815
2093.600586	408.324371
2090.360352	425.874664
2087.119141	419.502594
2083.875000	416.219543
2080.629883	399.842529
2077.383789	411.202484
2074.135742	403.309570
2070.885742	390.808197
2067.634766	350.636780
2064.381836	382.749451
2061.127930	374.884583
2057.871094	345.527588
2054.614258	372.991455
2051.355469	346.731567
2048.094727	338.898376
2044.832031	344.100891
2041.568359	334.744171
2038.303711	325.396301
2035.037109	332.893219
2031.768555	300.607758
2028.498047	325.693542
2025.226563	302.612274
2021.954102	316.979553
2018.678711	317.590973
2015.403320	296.835663
2012.125000	297.455933
2008.845703	285.878052
2005.564453	301.742279
2002.282227	269.609772
1998.998047	283.943848
1995.712891	266.307220
1992.424805	264.658173
1989.136719	249.327972
1985.845703	282.638397
1982.553711	264.276428
1979.260742	267.185425
1975.964844	239.744156
1972.667969	256.311707
1969.370117	259.220032
1966.070313	242.428162
1962.768555	248.369064
1959.465820	239.166992
1956.161133	223.921768
1952.854492	218.520828
1949.546875	219.926865
1946.237305	214.532883
1942.925781	212.164169
1939.613281	208.288315
1936.298828	210.450546
1932.982422	215.626358
1929.665039	192.914871
1926.346680	198.093994
1923.025391	202.515198
1919.703125	216.714279
1916.378906	198.558548
1913.053711	187.937836
1909.726563	179.581497
1906.397461	187.755707
1903.067383	181.659393
1899.735352	184.572449
1896.401367	168.734344
1893.066406	162.655914
1889.729492	161.827728
1886.390625	158.753769
1883.050781	166.909851
1879.708984	160.095734
1876.365234	165.999878
1873.020508	164.424362
1869.673828	156.874176
1866.326172	147.837952
1862.975586	152.243729
1859.624023	139.488785
1856.271484	148.367615
1852.916016	141.588486
1849.559570	141.519470
1846.202148	139.217026
1842.841797	124.266846
1839.480469	136.106201
1836.118164	137.526535
1832.752930	128.543091
1829.386719	141.105530
1826.018555	132.871292
1822.649414	127.612801
1819.278320	120.876244
1815.905273	128.229218
1812.531250	114.831223
1809.154297	111.813080
1805.777344	125.080505
1802.397461	115.402374
1799.016602	111.648842
1795.633789	118.245422
1792.249023	109.323380
1788.863281	112.961296
1785.475586	101.098717
1782.085938	105.474602
1778.694336	99.525032
1775.301758	100.949860
1771.907227	98.690765
1768.510742	97.169975
1765.113281	93.443329
1761.713867	89.720299
1758.312500	92.616348
1754.910156	74.203545
1751.505859	82.978928
1748.099609	82.204086
1744.691406	79.229164
1741.282227	89.455498
1737.871094	83.548340
1734.458008	79.112015
1731.042969	77.608658
1727.626953	87.083694
1724.208984	75.337738
1720.790039	77.493744
1717.368164	84.762566
1713.945313	71.574348
1710.520508	70.808968
1707.093750	75.151703
1703.666016	72.197441
1700.236328	68.517166
1696.804688	77.225777
1693.371094	78.643883
1689.936523	62.592796
1686.500000	64.016685
1683.061523	71.983055
1679.622070	63.226448
1676.179688	63.195065
1672.736328	61.711647
1669.291016	63.857971
1665.844727	60.925049
1662.396484	63.069576
1658.945313	57.241596
1655.494141	56.488907
1652.040039	55.736938
1648.584961	59.326672
1645.126953	52.065769
1641.668945	49.871506
1638.208008	52.013897
1634.745117	53.432076
1631.281250	58.457291
1627.815430	44.001427
1624.347656	53.352139
1620.878906	50.443039
1617.408203	46.096313
1613.935547	39.594223
1610.460938	46.769783
1606.984375	40.273819
1603.506836	43.128933
1600.027344	40.233524
1596.545898	40.213383
1593.062500	46.652870
1589.577148	48.781628
1586.090820	37.284901
1582.602539	37.266205
1579.112305	28.651934
1575.620117	37.944763
1572.126953	44.365929
1568.630859	34.330566
1565.133789	40.032207
1561.634766	35.010578
1558.133789	34.992977
1554.631836	37.116726
1551.127930	31.390657
1547.621094	30.661793
1544.114258	28.508236
1540.604492	35.617344
1537.092773	31.327467
1533.580078	27.753529
1530.065430	27.028261
1526.548828	31.280092
1523.030273	31.974855
1519.509766	30.538324
1515.988281	31.942568
1512.463867	24.831665
1508.938477	29.073816
1505.411133	29.767870
1501.882813	28.336010
1498.351563	28.321667
1494.818359	29.015011
1491.284180	20.512417
1487.748047	24.743820
1484.209961	24.024668
1480.669922	26.837481
1477.128906	21.176735
1473.584961	24.693651
1470.040039	19.744890
1466.493164	18.325228
1462.944336	18.315914
1459.393555	26.755804
1455.840820	24.630970
1452.287109	21.804903
1448.730469	30.933140
1445.172852	24.593376
1441.613281	17.557749
1438.051758	21.058561
1434.488281	20.346230
1430.922852	28.049452
1427.356445	21.026354
1423.787109	11.908852
1420.216797	16.803911
1416.644531	19.594545
1413.070313	18.185637
1409.494141	18.875427
1405.916016	9.782251
1402.336914	15.364244
1398.754883	12.564308
1395.171875	18.836809
1391.585938	15.340648
1387.999023	18.120562
1384.410156	13.931746
1380.819336	13.924598
1377.226563	15.309196
1373.632813	15.301335
1370.036133	15.988633
1366.438477	13.896014
1362.837891	14.583313
1359.236328	15.963984
1355.632813	12.487124
1352.027344	11.093952
1348.419922	8.316179
1344.810547	15.238473
1341.199219	12.461414
1337.585938	15.222764
1333.970703	14.523324
1330.354492	8.294759
1326.735352	10.363095
1323.115234	10.357741
1319.493164	12.422867
1315.869141	13.106246
1312.242188	10.341684
1308.614258	12.403600
1304.984375	6.198589
1301.353516	11.702382
1297.719727	13.072356
1294.083984	11.690256
1290.446289	15.808026
1286.807617	10.991182
1283.166016	11.672070
1279.523438	9.607301
1275.877930	8.230552
1272.231445	6.169705
1268.582031	8.907163
1264.931641	8.902529
1261.279297	7.528989
1257.625000	8.209166
1253.968750	9.572371
1250.310547	8.200614
1246.650391	8.196339
1242.988281	10.922750
1239.324219	8.187788
1235.658203	7.501554
1231.990234	9.542446
1228.320313	7.493718
1224.648438	8.170691
1220.975586	6.805349
1217.299805	9.522503
1213.622070	4.078936
1209.943359	6.794667
1206.261719	9.507549
1202.578125	7.466301
1198.893555	8.140784
1195.206055	8.136513
1191.517578	6.776868
1187.826172	2.031993
1184.133789	7.446726
1180.438477	9.472670
1176.742188	6.762634
1173.042969	8.110891
1169.342773	4.728863
1165.639648	4.051177
1161.935547	1.349681
1158.228516	6.070362
1154.520508	4.044774
1150.809570	8.085279
1147.097656	13.468352
1143.382813	5.384496
1139.666992	4.708945
1135.948242	5.378806
1132.227539	3.359976
1128.505859	2.686559
1124.781250	6.712842
1121.055664	6.038358
1117.327148	8.717451
1113.596680	1.340435
1109.865234	6.698623
1106.130859	5.356055
1102.394531	5.353211
1098.657227	4.681572
1094.916992	6.015966
1091.174805	4.008512
1087.430664	2.670920
1083.684570	6.006372
1079.936523	5.336155
1076.186523	7.999970
1072.434570	5.330471
1068.680664	5.993583
1064.924805	2.662394
1061.166992	7.317676
1057.406250	0.664888
1053.644531	7.974395
1049.880859	0.664178
1046.114258	1.327645
1042.346680	3.980805
1038.576172	6.631124
1034.803711	8.615846
1031.030273	-0.662402
1027.253906	4.634331
1023.475586	4.631845
1019.695313	3.968023
1015.913086	2.643929
1012.128906	5.945645
1008.342773	1.320544
1004.553711	-1.319834
