4046.277344	3.144507
4043.892578	6.289013
4041.505859	2.095511
4039.119141	0.000000
4036.731445	-1.046929
4034.342773	2.093033
4031.952148	-1.046103
4029.561523	7.319830
4027.169922	4.181108
4024.777344	3.134591
4022.383789	7.311154
4019.989258	8.352300
4017.593750	3.130873
4015.197266	4.172845
4012.799805	4.171193
4010.401367	4.169540
4008.001953	1.041972
4005.601563	6.249354
4003.201172	3.123438
4000.798828	2.081466
3998.395508	4.161280
3995.991211	1.039907
3993.585938	0.000000
3991.180664	2.078162
3988.773438	1.038668
3986.365234	7.267785
3983.957031	3.113526
3981.546875	7.262004
3979.135742	2.074032
3976.724609	-1.036603
3974.311523	0.000000
3971.898438	3.107333
3969.483398	0.000000
3967.068359	-1.034952
3964.651367	2.069078
3962.234375	8.273009
3959.815430	4.134854
3957.396484	0.000000
3954.975586	1.032888
3952.554688	3.097425
3950.131836	2.064125
3947.708984	8.253198
3945.284180	6.187422
3942.859375	1.030824
3940.432617	3.091235
3938.005859	2.059998
3935.577148	-2.059173
3933.148438	1.029174
3930.718750	2.057523
3928.287109	6.170093
3925.855469	3.083809
3923.421875	-2.055048
3920.988281	2.054223
3918.552734	7.186892
3916.117188	2.052573
3913.680664	1.025874
3911.242188	2.050923
3908.803711	-4.100197
3906.363281	0.000000
3903.922852	5.121123
3901.480469	10.238124
3899.038086	0.000000
3896.593750	2.045976
3894.149414	-1.022576
3891.703125	-1.022164
3889.256836	-1.021751
3886.808594	7.149375
3884.360352	4.083709
3881.910156	7.143606
3879.459961	-1.020103
3877.007813	6.118146
3874.555664	7.134953
3872.101563	-1.018867
3869.646484	1.018455
3867.191406	10.180433
3864.734375	2.035263
3862.277344	-1.017220
3859.818359	4.067231
3857.358398	2.032792
3854.897461	7.111890
3852.436523	3.046718
3849.973633	2.030322
3847.509766	1.014749
3845.044922	0.000000
3842.579102	7.097482
3840.113281	4.054058
3837.645508	5.065515
3835.176758	2.025383
3832.707031	-1.012280
3830.236328	5.059343
3827.764648	3.034372
3825.291992	1.011046
3822.818359	-5.053173
3820.343750	5.051116
3817.868164	2.019624
3815.390625	2.018802
3812.913086	2.017979
3810.434570	0.000000
3807.955078	-3.024503
3805.473633	4.031026
3802.992188	4.029382
3800.509766	2.013869
3798.025391	-4.026094
3795.541016	1.006113
3793.054688	0.000000
3790.568359	2.010582
3788.080078	0.000000
3785.591797	5.022346
3783.101563	4.016234
3780.610352	2.007296
3778.119141	2.006475
3775.625977	5.014133
3773.131836	1.002416
3770.636719	3.006017
3768.140625	4.006381
3765.643555	4.004739
3763.145508	2.001549
3760.646484	4.001456
3758.146484	4.999769
3755.645508	0.999543
3753.143555	2.997400
3750.639648	-1.997446
3748.135742	0.000000
3745.630859	2.993709
3743.124023	4.987464
3740.617188	4.985415
3738.108398	-5.980038
3735.599609	5.977578
3733.088867	2.987560
3730.577148	1.990887
3728.064453	1.990067
3725.551758	-0.994624
3723.037109	6.959499
3720.521484	6.956632
3718.004883	1.986790
3715.487305	3.971942
3712.967773	-0.992576
3710.448242	1.984333
3707.927734	2.975271
3705.406250	0.991348
3702.882813	2.972815
3700.359375	1.981058
3697.833984	-1.980240
3695.308594	2.969132
3692.781250	3.957207
3690.252930	-2.966678
3687.723633	3.953934
3685.193359	3.952299
3682.662109	4.938329
3680.129883	1.974514
3677.596680	-0.986848
3675.062500	0.000000
3672.527344	0.986031
3669.990234	0.985622
3667.453125	4.926067
3664.915039	0.000000
3662.375000	0.000000
3659.833984	1.967976
3657.292969	4.917897
3654.750000	4.915855
3652.206055	4.913814
3649.661133	3.929418
3647.115234	2.945839
3644.568359	-2.944615
3642.019531	0.981130
3639.470703	-0.980722
3636.920898	5.881885
3634.369141	5.879437
3631.817383	3.917994
3629.263672	3.916362
3626.708984	3.914731
3624.153320	4.891376
3621.596680	2.933603
3619.039063	5.864759
3616.480469	-1.954105
3613.920898	2.929935
3611.360352	2.928712
3608.797852	3.903321
3606.235352	-1.950846
3603.670898	1.950031
3601.105469	0.974608
3598.540039	3.896805
3595.972656	5.842765
3593.404297	0.973387
3590.834961	1.945960
3588.264648	5.835440
3585.692383	-2.916499
3583.120117	-0.971760
3580.545898	1.942706
3577.971680	5.825677
3575.395508	0.000000
3572.818359	0.970133
3570.240234	-3.878906
3567.661133	-0.969320
3565.081055	4.844569
3562.500000	3.874030
3559.917969	2.904304
3557.333984	0.000000
3554.750000	0.967289
3552.164063	-0.966883
3549.577148	0.966477
3546.989258	1.932142
3544.400391	0.000000
3541.810547	1.930518
3539.219727	-0.964853
3536.626953	5.786686
3534.034180	-0.964042
3531.439453	4.818182
3528.844727	3.852924
3526.248047	0.962825
3523.650391	1.924840
3521.051758	6.734104
3518.451172	1.923219
3515.850586	0.961204
3513.249023	3.843197
3510.645508	3.841577
3508.041016	0.959989
3505.436523	5.757505
3502.830078	-1.918359
3500.222656	0.958774
3497.613281	0.958370
3495.003906	5.747790
3492.393555	-0.957560
3489.781250	3.828623
3487.167969	0.000000
3484.553711	1.912694
3481.938477	-0.955943
3479.322266	3.822153
3476.705078	0.955134
3474.086914	0.000000
3471.466797	-3.817303
3468.845703	4.769609
3466.224609	0.953518
3463.601563	-0.953114
3460.977539	3.810840
3458.351563	0.952306
3455.725586	0.000000
3453.098633	0.000000
3450.469727	2.853286
3447.839844	1.901384
3445.208984	0.000000
3442.577148	1.899770
3439.944336	1.898964
3437.310547	-1.898157
3434.674805	-1.897351
3432.039063	-1.896545
3429.401367	-1.895739
3426.762695	-0.947466
3424.123047	-0.947064
3421.481445	0.000000
3418.839844	-0.946258
3416.197266	3.783422
3413.552734	-1.890906
3410.907227	0.000000
3408.260742	1.889296
3405.613281	1.888491
3402.963867	2.831529
3400.314453	1.886882
3397.663086	0.000000
3395.011719	0.942637
3392.358398	0.000000
3389.704102	3.767330
3387.047852	-1.882861
3384.391602	3.764115
3381.733398	7.525017
3379.075195	-0.940225
3376.415039	2.819471
3373.753906	6.575956
3371.090820	5.634125
3368.427734	5.631717
3365.762695	5.629309
3363.097656	4.689084
3360.430664	6.561910
3357.762695	-1.874029
3355.092773	0.000000
3352.422852	-0.936213
3349.750977	1.871623
3347.079102	1.870822
3344.405273	5.610061
3341.729492	2.803828
3339.053711	0.934209
3336.376953	-3.735234
3333.698242	0.933408
3331.018555	4.665038
3328.337891	3.730429
3325.656250	-1.864414
3322.973633	0.000000
3320.289063	6.519847
3317.604492	1.862014
3314.917969	0.000000
3312.230469	0.930207
3309.541016	1.859614
3306.851563	2.788223
3304.160156	0.000000
3301.467773	-3.714433
3298.774414	-3.712836
3296.080078	0.000000
3293.384766	0.000000
3290.687500	1.854022
3287.990234	3.706447
3285.291016	3.704850
3282.589844	-2.777441
3279.888672	-2.776244
3277.186523	0.925016
3274.482422	10.170787
3271.777344	-0.924218
3269.071289	-0.923820
3266.364258	5.540526
3263.655273	2.769068
3260.945313	1.845248
3258.234375	3.688903
3255.522461	5.530965
3252.809570	0.921429
3250.095703	2.763094
3247.379883	2.761899
3244.663086	-1.840470
3241.945313	0.919837
3239.226563	-0.919440
3236.505859	3.676167
3233.784180	2.755933
3231.061523	2.754740
3228.337891	1.835698
3225.613281	4.587258
3222.886719	1.834109
3220.160156	4.583285
3217.431641	2.748780
3214.702148	2.747588
3211.970703	0.915466
3209.239258	2.745207
3206.505859	1.829344
3203.771484	0.914275
3201.035156	4.569392
3198.298828	4.567409
3195.560547	2.739256
3192.821289	-0.912689
3190.081055	-0.912292
3187.339844	4.559481
3184.596680	0.911500
3181.853516	3.644415
3179.108398	1.821415
3176.361328	0.000000
3173.614258	1.819831
3170.865234	7.276159
3168.115234	2.727372
3165.364258	0.908728
3162.612305	2.724998
3159.858398	2.723812
3157.104492	0.907542
3154.347656	-1.814293
3151.590820	6.347258
3148.833008	0.000000
3146.073242	3.623843
3143.312500	9.055657
3140.550781	0.000000
3137.787109	3.619104
3135.023438	4.521905
3132.257813	6.327905
3129.491211	4.517959
3126.722656	6.322380
3123.954102	7.222422
3121.183594	1.804816
3118.412109	1.804028
3115.638672	0.901620
3112.865234	4.506128
3110.089844	0.000000
3107.313477	0.900437
3104.536133	3.600174
3101.756836	5.397898
3098.976563	0.899256
3096.195313	-0.898862
3093.413086	3.593874
3090.628906	1.796150
3087.844727	0.897682
3085.058594	1.794577
3082.270508	0.000000
3079.482422	3.586007
3076.692383	-0.896109
3073.901367	6.270010
3071.109375	4.476614
3068.315430	5.369579
3065.520508	3.578148
3062.724609	-0.894144
3059.927734	3.575007
3057.128906	0.000000
3054.329102	8.036701
3051.528320	7.140595
3048.726563	0.000000
3045.922852	-0.891790
3043.118164	1.782795
3040.312500	0.000000
3037.505859	5.343682
3034.697266	3.560887
3031.887695	-1.779660
3029.077148	7.115506
3026.264648	0.000000
3023.452148	4.443275
3020.637695	2.664791
3017.821289	4.439361
3015.004883	0.887481
3012.186523	-1.774179
3009.367188	7.980287
3006.545898	6.204152
3003.724609	0.885916
3000.901367	5.313153
2998.077148	0.000000
2995.250977	4.423720
2992.423828	5.306120
2989.595703	3.535851
2986.766602	1.767145
2983.935547	3.532727
2981.104492	5.296749
2978.270508	7.941611
2975.436523	-0.882011
2972.600586	0.881621
2969.763672	5.287386
2966.925781	5.285047
2964.085938	2.641354
2961.245117	-1.760123
2958.403320	0.000000
2955.560547	0.000000
2952.715820	-0.878893
2949.870117	2.635510
2947.023438	1.756228
2944.174805	-0.877725
2941.325195	-0.877336
2938.474609	1.753893
2935.622070	2.629673
2932.768555	1.752337
2929.914063	-1.751559
2927.058594	1.750782
2924.201172	6.125016
2921.342773	4.373068
2918.483398	1.748450
2915.622070	4.369184
2912.759766	2.620345
2909.896484	-0.873060
2907.032227	3.490688
2904.166016	3.489136
2901.298828	1.743792
2898.429688	3.486032
2895.559570	1.742240
2892.688477	6.965858
2889.816406	-0.870345
2886.942383	2.609871
2884.067383	3.478278
2881.191406	3.476728
2878.314453	1.737589
2875.435547	3.473630
2872.554688	1.736040
2869.673828	1.735266
2866.791016	2.601738
2863.907227	1.733718
2861.021484	5.198834
2858.134766	1.732171
2855.247070	2.597097
2852.358398	4.326561
2849.467773	2.594777
2846.576172	2.593618
2843.682617	1.728306
2840.789063	1.727533
2837.893555	1.726761
2834.996094	3.451977
2832.097656	5.175650
2829.198242	4.311112
2826.297852	7.756528
2823.395508	3.445803
2820.492188	8.610650
2817.587891	4.303397
2814.681641	-0.860294
2811.774414	6.019359
2808.866211	0.000000
2805.956055	-0.859138
2803.044922	-0.858753
2800.131836	6.008572
2797.218750	6.005877
2794.303711	0.000000
2791.386719	4.286063
2788.468750	3.427311
2785.549805	0.856443
2782.629883	2.568175
2779.708008	3.422696
2776.785156	3.421158
2773.860352	5.129430
2770.935547	1.709041
2768.007813	3.416546
2765.080078	5.976267
2762.150391	0.853368
2759.219727	5.970891
2756.287109	4.263002
2753.353516	0.852217
2750.418945	2.555499
2747.482422	5.960145
2744.544922	3.404263
2741.606445	2.552047
2738.666016	0.000000
2735.724609	1.699831
2732.782227	-1.699065
2729.837891	7.642343
2726.892578	1.697532
2723.945313	0.848383
2720.997070	2.544001
2718.047852	2.542852
2715.097656	2.541704
2712.145508	-0.846852
2709.191406	3.385878
2706.237305	1.692174
2703.281250	4.228523
2700.323242	0.845322
2697.364258	3.379760
2694.404297	1.689116
2691.443359	2.532527
2688.480469	4.218969
2685.515625	5.060471
2682.550781	2.529090
2679.583984	3.370593
2676.615234	3.369066
2673.646484	2.525655
2670.674805	5.049021
2667.703125	2.523366
2664.729492	2.522222
2661.754883	0.840359
2658.778320	5.039869
2655.800781	-1.679194
2652.821289	7.552944
2649.840820	0.000000
2646.859375	0.000000
2643.876953	3.352294
2640.892578	3.350771
2637.906250	1.674624
2634.918945	3.347726
2631.930664	0.836551
2628.941406	3.344683
2625.950195	2.507371
2622.957031	2.506231
2619.963867	-1.670060
2616.967773	4.173250
2613.971680	2.502810
2610.973633	3.335560
2607.974609	4.167552
2604.973633	7.498175
2601.971680	3.331003
2598.967773	-1.664743
2595.962891	1.663984
2592.957031	1.663225
2589.949219	2.493699
2586.940430	0.000000
2583.929688	5.813322
2580.917969	5.810668
2577.905273	0.829716
2574.890625	1.658675
2571.875000	1.657917
2568.857422	1.657160
2565.838867	0.000000
2562.819336	4.139112
2559.797852	6.619552
2556.775391	1.654131
2553.750977	3.306748
2550.725586	4.957853
2547.698242	4.955583
2544.669922	5.778867
2541.640625	3.300697
2538.609375	0.824796
2535.577148	6.595347
2532.542969	1.648081
2529.507813	-3.294651
2526.471680	2.469855
2523.433594	3.291630
2520.393555	3.290120
2517.353516	-0.822153
2514.310547	0.000000
2511.267578	1.642796
2508.222656	1.642041
2505.175781	-2.461931
2502.127930	4.101332
2499.079102	2.459668
2496.028320	0.819513
2492.976563	1.638272
2489.922852	0.818759
2486.868164	1.636765
2483.812500	2.454017
2480.754883	3.270517
2477.695313	3.269011
2474.634766	3.267506
2471.573242	1.633000
2468.509766	-1.632248
2465.445313	0.000000
2462.378906	1.630744
2459.311523	0.814996
2456.242188	0.814620
2453.171875	4.885465
2450.100586	4.883210
2447.027344	-3.253971
2443.953125	-2.439351
2440.876953	4.063708
2437.799805	6.498929
2434.720703	0.811991
2431.640625	0.000000
2428.558594	4.056201
2425.475586	2.432595
2422.390625	1.620980
2419.304688	0.000000
2416.217773	1.619480
2413.128906	0.000000
2410.038086	4.853944
2406.946289	1.617232
2403.853516	3.232965
2400.758789	-0.807867
2397.663086	2.422477
2394.565430	-0.807118
2391.466797	5.647206
2388.366211	0.000000
2385.264648	1.611991
2382.161133	2.416864
2379.056641	0.805247
2375.950195	0.000000
2372.842773	-0.804499
2369.734375	4.020628
2366.624023	4.822512
2363.511719	-2.410135
2360.398438	-0.803005
2357.284180	0.000000
2354.167969	-2.406774
2351.049805	1.603769
2347.930664	0.000000
2344.810547	1.602276
2341.688477	4.804590
2338.564453	-0.800392
2335.439453	3.200076
2332.313477	1.599292
2329.185547	2.397820
2326.056641	3.195602
2322.925781	1.597056
2319.792969	3.192621
2316.660156	1.595565
2313.524414	0.797410
2310.387695	2.391113
2307.250000	3.186662
2304.110352	2.388880
2300.969727	-2.387763
2297.827148	-1.591098
2294.682617	1.590354
2291.537109	3.974025
2288.390625	-0.794433
2285.242188	-0.794061
2282.092773	0.793690
2278.941406	1.586636
2275.788086	0.792946
2272.633789	0.000000
2269.478516	0.792203
2266.321289	-1.583664
2263.162109	0.000000
2260.001953	1.582179
2256.840820	3.953591
2253.676758	0.790347
2250.512695	1.579952
2247.346680	0.789605
2244.178711	-3.946171
2241.009766	0.788863
2237.838867	1.576985
2234.666992	3.152488
2231.493164	-0.787751
2228.318359	2.362143
2225.141602	0.787010
2221.963867	1.573280
2218.784180	2.358809
2215.602539	-0.785899
2212.419922	0.785529
2209.236328	0.000000
2206.050781	0.000000
2202.863281	-5.490933
2199.674805	1.568098
2196.485352	3.134717
2193.292969	-0.783309
2190.100586	4.697639
2186.905273	3.130280
2183.709961	0.782201
2180.511719	0.781831
2177.312500	0.000000
2174.112305	-0.781092
2170.910156	0.000000
2167.706055	-1.560707
2164.500977	0.000000
2161.294922	0.000000
2158.085938	0.000000
2154.876953	-2.336632
2151.665039	-5.449560
2148.452148	-2.334419
2145.238281	-2.333313
2142.022461	1.554805
2138.804688	2.331101
2135.585938	0.776665
2132.365234	0.000000
2129.143555	1.551856
2125.919922	-1.551120
2122.695313	-2.325574
2119.468750	-1.549646
2116.240234	0.774455
2113.010742	-1.548174
2109.780273	6.189751
2106.546875	-3.866755
2103.312500	6.183864
2100.077148	0.772615
2096.839844	1.544495
2093.600586	0.000000
2090.360352	1.543024
2087.119141	1.542289
2083.875000	0.000000
2080.629883	0.000000
2077.383789	0.770042
2074.135742	1.539350
2070.885742	0.000000
2067.634766	3.075761
2064.381836	-1.537146
2061.127930	0.000000
2057.871094	0.767839
2054.614258	1.534944
2051.355469	2.301316
2048.094727	-3.066954
2044.832031	-1.532743
2041.568359	6.128040
2038.303711	-0.765638
2035.037109	1.530544
2031.768555	2.294716
2028.498047	4.587233
2025.226563	4.585035
2021.954102	-0.763806
2018.678711	1.526880
2015.403320	0.763074
2012.125000	-1.525415
2008.845703	-0.762341
2005.564453	-0.761975
2002.282227	0.000000
1998.998047	2.283731
1995.712891	-3.043511
1992.424805	0.760512
1989.136719	0.760146
1985.845703	0.000000
1982.553711	3.037660
1979.260742	-2.277148
1975.964844	1.517368
1972.667969	4.549912
1969.370117	-1.515907
1966.070313	1.515176
1962.768555	0.757223
1959.465820	0.000000
1956.161133	1.512985
1952.854492	0.756127
1949.546875	5.290337
1946.237305	4.532385
1942.925781	3.020130
1939.613281	1.509336
1936.298828	-0.754303
1932.982422	-0.753938
1929.665039	0.753574
1926.346680	0.753209
1923.025391	1.505689
1919.703125	1.504960
1916.378906	1.504231
1913.053711	-0.751751
1909.726563	2.254161
1906.397461	0.751023
1903.067383	3.002635
1899.735352	1.500589
1896.401367	2.999722
1893.066406	2.248699
1889.729492	1.498405
1886.390625	-0.748839
1883.050781	1.496949
1879.708984	2.992444
1876.365234	0.747747
1873.020508	4.484301
1869.673828	-0.747020
1866.326172	0.746656
1862.975586	3.731464
1859.624023	-1.491859
1856.271484	-0.745566
1852.916016	-3.726013
1849.559570	-2.234518
1846.202148	0.744476
1842.841797	5.952903
1839.480469	-0.743750
1836.118164	2.973547
1832.752930	0.000000
1829.386719	4.455964
1826.018555	-3.711489
1822.649414	0.741935
1819.278320	-1.483144
1815.905273	-0.741209
1812.531250	0.740847
1809.154297	1.480968
1805.777344	-0.740121
1802.397461	2.219276
1799.016602	-2.218189
1795.633789	1.478068
1792.249023	2.954686
1788.863281	0.738309
1785.475586	2.951787
1782.085938	2.950339
1778.694336	-1.474445
1775.301758	2.947441
1771.907227	0.736498
1768.510742	1.472272
1765.113281	1.471548
1761.713867	1.470825
1758.312500	-0.735050
1754.910156	-1.469377
1751.505859	-1.468654
1748.099609	1.467930
1744.691406	4.401620
1741.282227	2.932967
1737.871094	2.931521
1734.458008	-1.465037
1731.042969	1.464314
1727.626953	-3.658979
1724.208984	2.925737
1720.790039	0.000000
1717.368164	1.461424
1713.945313	-1.460701
1710.520508	0.000000
1707.093750	0.729628
1703.666016	0.000000
1700.236328	0.000000
1696.804688	-0.728545
1693.371094	0.728184
1689.936523	2.911293
1686.500000	-3.637312
1683.061523	-5.089711
1679.622070	2.180222
1676.179688	2.905520
1672.736328	7.260194
1669.291016	0.000000
1665.844727	-3.626491
1662.396484	2.899751
1658.945313	-0.724577
1655.494141	1.448434
1652.040039	-0.723856
1648.584961	2.893984
1645.126953	1.446271
1641.668945	-0.722775
1638.208008	1.444830
1634.745117	-2.888220
1631.281250	-2.165085
1627.815430	1.442670
1624.347656	1.441950
1620.878906	0.000000
1617.408203	-2.160765
1613.935547	0.719895
1610.460938	-2.878140
1606.984375	1.438351
1603.506836	-0.718816
1600.027344	0.000000
1596.545898	4.308577
1593.062500	4.306419
1589.577148	2.152131
1586.090820	3.585087
1582.602539	-2.149973
1579.112305	1.432597
1575.620117	1.431878
1572.126953	-1.431159
1568.630859	5.006541
1565.133789	2.859443
1561.634766	2.858006
1558.133789	2.142427
1554.631836	-1.427566
1551.127930	-2.140272
1547.621094	1.426130
1544.114258	4.276235
1540.604492	-0.712347
1537.092773	2.135964
1533.580078	4.981402
1530.065430	-2.133810
1526.548828	-1.421822
1523.030273	-1.421105
1519.509766	2.840774
1515.988281	3.549174
1512.463867	0.000000
1508.938477	2.127352
1505.411133	2.835035
1501.882813	1.416800
1498.351563	-0.708042
1494.818359	-1.415366
1491.284180	0.707325
1487.748047	2.120899
1484.209961	2.826432
1480.669922	4.237497
1477.128906	-2.117674
1473.584961	1.411066
1470.040039	2.820698
1466.493164	0.000000
1462.944336	4.226749
1459.393555	4.928701
1455.840820	1.407484
1452.287109	2.110152
1448.730469	0.000000
1445.172852	1.405336
1441.613281	0.702310
1438.051758	-0.701952
1434.488281	2.104782
1430.922852	0.000000
1427.356445	0.000000
1423.787109	0.000000
1420.216797	0.000000
1416.644531	1.399610
1413.070313	-1.398895
1409.494141	2.796360
1405.916016	3.493661
1402.336914	1.396749
1398.754883	-0.698017
1395.171875	0.000000
1391.585938	2.789209
1387.999023	2.787779
1384.410156	0.696587
1380.819336	2.784920
1377.226563	0.695873
1373.632813	4.173091
1370.036133	1.390316
1366.438477	-0.694801
1362.837891	4.861104
1359.236328	2.082259
1355.632813	2.774917
1352.027344	-0.693372
1348.419922	-0.693015
1344.810547	-2.770631
1341.199219	0.000000
1337.585938	-2.767775
1333.970703	-2.074760
1330.354492	2.764920
1326.735352	1.381746
1323.115234	-0.690516
1319.493164	2.070478
1315.869141	3.449012
1312.242188	0.689446
1308.614258	1.378178
1304.984375	0.688732
1301.353516	0.688375
1297.719727	1.376037
1294.083984	3.438311
1290.446289	3.436527
1286.807617	3.434745
1283.166016	0.686592
1279.523438	2.744943
1275.877930	2.743517
1272.231445	0.000000
1268.582031	2.740665
1264.931641	0.000000
1261.279297	-2.053361
1257.625000	-2.052291
1253.968750	0.000000
1250.310547	0.000000
1246.650391	2.732113
1242.988281	2.048016
1239.324219	2.729263
1235.658203	0.681959
1231.990234	3.408016
1228.320313	0.000000
1224.648438	2.723564
1220.975586	4.763744
1217.299805	-0.680179
1213.622070	0.000000
1209.943359	0.000000
1206.261719	2.716443
1202.578125	0.000000
1198.893555	-0.678399
1195.206055	-0.678043
1191.517578	0.677687
1187.826172	-2.031993
1184.133789	0.676975
1180.438477	0.000000
1176.742188	1.352527
1173.042969	0.000000
1169.342773	0.000000
1165.639648	0.675196
1161.935547	0.000000
1158.228516	-1.348969
1154.520508	-1.348258
1150.809570	0.673773
1147.097656	2.693671
1143.382813	0.673062
1139.666992	2.690825
1135.948242	-0.672351
1132.227539	2.687981
1128.505859	0.000000
1124.781250	2.685137
1121.055664	1.341857
1117.327148	-0.670573
1113.596680	0.670218
1109.865234	-2.009587
1106.130859	0.000000
1102.394531	3.345757
1098.657227	-2.006388
1094.916992	0.000000
1091.174805	0.668085
1087.430664	-0.667730
1083.684570	1.334749
1079.936523	-1.334039
1076.186523	-1.999992
1072.434570	0.000000
1068.680664	5.327630
1064.924805	0.000000
1061.166992	0.000000
1057.406250	1.994664
1053.644531	2.658132
1049.880859	1.992533
1046.114258	3.319113
1042.346680	3.317338
1038.576172	-0.663112
1034.803711	2.651029
1031.030273	1.324805
1027.253906	-0.662047
1023.475586	0.000000
1019.695313	0.000000
1015.913086	-1.982947
1012.128906	-1.321254
1008.342773	-1.320544
1004.553711	0.659917
