4046.277344	199.152084
4043.892578	232.693497
4041.505859	200.121338
4039.119141	198.995087
4036.731445	202.057373
4034.342773	216.628860
4031.952148	206.082306
4029.561523	219.594894
4027.169922	225.779800
4024.777344	239.273788
4022.383789	252.757050
4019.989258	248.480927
4017.593750	231.684616
4015.197266	264.975677
4012.799805	251.314362
4010.401367	258.511505
4008.001953	262.576965
4005.601563	249.974167
4003.201172	242.587006
4000.798828	259.142517
3998.395508	265.281586
3995.991211	270.375793
3993.585938	256.755005
3991.180664	270.161041
3988.773438	272.131012
3986.365234	283.443604
3983.957031	286.444397
3981.546875	278.031006
3979.135742	281.031403
3976.724609	285.065918
3974.311523	273.554260
3971.898438	298.303925
3969.483398	301.291107
3967.068359	293.926331
3964.651367	316.568939
3962.234375	320.579132
3959.815430	331.821991
3957.396484	317.223297
3954.975586	322.261017
3952.554688	318.002350
3950.131836	324.067596
3947.708984	302.273376
3945.284180	333.089569
3942.859375	356.665222
3940.432617	335.914215
3938.005859	332.689697
3935.577148	332.556427
3933.148438	348.889954
3930.718750	322.002289
3928.287109	347.581909
3925.855469	366.973267
3923.421875	371.963623
3920.988281	357.434753
3918.552734	350.104309
3916.117188	388.962555
3913.680664	399.065002
3911.242188	380.446289
3908.803711	367.992706
3906.363281	370.918579
3903.922852	386.132690
3901.480469	409.524963
3899.038086	399.126068
3896.593750	389.758392
3894.149414	398.804535
3891.703125	444.641144
3889.256836	421.983307
3886.808594	415.685089
3884.360352	438.998688
3881.910156	461.272827
3879.459961	424.362885
3877.007813	453.762512
3874.555664	489.253937
3872.101563	479.886414
3869.646484	465.434021
3867.191406	469.317963
3864.734375	473.198608
3862.277344	475.041534
3859.818359	522.639221
3857.358398	496.001251
3854.897461	500.880249
3852.436523	508.801849
3849.973633	496.413666
3847.509766	502.300873
3845.044922	510.211823
3842.579102	534.338989
3840.113281	511.824799
3837.645508	547.075623
3835.176758	570.145325
3832.707031	569.913635
3830.236328	555.515869
3827.764648	585.633728
3825.291992	575.285095
3822.818359	580.104248
3820.343750	564.714844
3817.868164	572.563416
3815.390625	620.781555
3812.913086	600.348877
3810.434570	638.430237
3807.955078	641.194519
3805.473633	624.808960
3802.992188	624.554138
3800.509766	649.472717
3798.025391	611.966248
3795.541016	659.003723
3793.054688	675.831543
3790.568359	667.513123
3788.080078	669.250122
3785.591797	645.873779
3783.101563	681.755798
3780.610352	720.619202
3778.119141	727.347046
3775.625977	722.035217
3773.131836	702.693726
3770.636719	709.420044
3768.140625	794.265015
3765.643555	754.893311
3763.145508	754.583923
3760.646484	772.281067
3758.146484	779.963928
3755.645508	783.642090
3753.143555	806.300537
3750.639648	814.958069
3748.135742	818.616638
3745.630859	815.286682
3743.124023	844.876465
3740.617188	855.497131
3738.108398	885.045532
3735.599609	869.737610
3733.088867	896.267822
3730.577148	890.921814
3728.064453	903.490479
3725.551758	916.048584
3723.037109	921.636536
3720.521484	932.188660
3718.004883	947.698792
3715.487305	978.090637
3712.967773	968.754089
3710.448242	984.229126
3707.927734	998.699341
3705.406250	1029.018921
3702.882813	1046.430908
3700.359375	1033.121948
3697.833984	1033.685181
3695.308594	1107.486328
3692.781250	1072.403076
3690.252930	1103.604126
3687.723633	1119.951904
3685.193359	1129.369385
3682.662109	1121.000610
3680.129883	1122.511108
3677.596680	1105.269897
3675.062500	1162.025513
3672.527344	1167.460205
3669.990234	1181.760742
3667.453125	1172.403931
3664.915039	1195.552979
3662.375000	1248.214478
3659.833984	1295.911987
3657.292969	1251.113037
3654.750000	1276.156128
3652.206055	1262.850220
3649.661133	1280.990356
3647.115234	1299.115112
3644.568359	1298.575073
3642.019531	1325.506836
3639.470703	1356.338745
3636.920898	1366.557983
3634.369141	1334.632324
3631.817383	1391.867188
3629.263672	1409.890503
3626.708984	1463.130859
3624.153320	1439.042725
3621.596680	1443.332397
3619.039063	1458.370239
3616.480469	1491.958984
3613.920898	1506.963135
3611.360352	1497.548340
3608.797852	1521.319214
3606.235352	1566.529053
3603.670898	1581.475220
3601.105469	1611.027588
3598.540039	1634.709717
3595.972656	1680.768677
3593.404297	1669.358887
3590.834961	1729.958740
3588.264648	1693.250122
3585.692383	1746.010864
3583.120117	1731.675659
3580.545898	1847.513184
3577.971680	1816.640381
3575.395508	1854.701172
3572.818359	1877.207520
3570.240234	1921.028320
3567.661133	1911.499390
3565.081055	1938.796509
3562.500000	1981.566284
3559.917969	2070.768555
3557.333984	2059.254883
3554.750000	2081.605713
3552.164063	2101.036377
3549.577148	2143.645508
3546.989258	2183.320068
3544.400391	2207.510254
3541.810547	2227.818115
3539.219727	2232.670654
3536.626953	2270.309814
3534.034180	2276.103271
3531.439453	2280.927490
3528.844727	2322.349854
3526.248047	2381.067383
3523.650391	2381.027344
3521.051758	2418.505127
3518.451172	2430.948975
3515.850586	2512.588135
3513.249023	2571.098633
3510.645508	2570.014648
3508.041016	2568.930908
3505.436523	2653.250244
3502.830078	2678.987793
3500.222656	2699.908936
3497.613281	2713.144775
3495.003906	2787.678223
3492.393555	2842.996826
3489.781250	2755.651611
3487.167969	2832.940674
3484.553711	2932.159668
3481.938477	2952.906738
3479.322266	2979.368408
3476.705078	3008.672363
3474.086914	3085.687012
3471.466797	3048.116699
3468.845703	3057.319336
3466.224609	3174.260742
3463.601563	3170.056885
3460.977539	3177.288086
3458.351563	3271.172119
3455.725586	3299.294434
3453.098633	3372.112549
3450.469727	3396.361816
3447.839844	3480.483154
3445.208984	3553.128906
3442.577148	3572.518066
3439.944336	3554.860107
3437.310547	3644.462158
3434.674805	3798.496826
3432.039063	3800.675781
3429.401367	3904.274170
3426.762695	3833.449463
3424.123047	3954.937500
3421.481445	4014.788330
3418.839844	4064.178223
3416.197266	4159.872070
3413.552734	4182.683105
3410.907227	4209.253906
3408.260742	4300.981445
3405.613281	4371.856445
3402.963867	4473.816406
3400.314453	4455.871094
3397.663086	4593.541504
3395.011719	4657.567383
3392.358398	4643.331543
3389.704102	4736.476074
3387.047852	4762.697754
3384.391602	4806.775391
3381.733398	4955.223633
3379.075195	4919.259277
3376.415039	5043.094727
3373.753906	5071.940918
3371.090820	5173.065430
3368.427734	5217.785156
3365.762695	5300.932129
3363.097656	5397.135742
3360.430664	5485.756348
3357.762695	5504.023438
3355.092773	5563.484375
3352.422852	5647.234375
3349.750977	5659.789063
3347.079102	5728.456055
3344.405273	5855.968750
3341.729492	5874.955078
3339.053711	5963.989746
3336.376953	6083.761719
3333.698242	6075.552246
3331.018555	6197.036133
3328.337891	6362.246582
3325.656250	6428.499512
3322.973633	6453.694336
3320.289063	6572.937988
3317.604492	6584.080078
3314.917969	6750.622070
3312.230469	6866.788086
3309.541016	6950.309082
3306.851563	6989.144531
3304.160156	7147.786621
3301.467773	7204.143555
3298.774414	7281.798828
3296.080078	7377.013184
3293.384766	7385.894531
3290.687500	7623.737793
3287.990234	7728.868164
3285.291016	7815.381836
3282.589844	7966.625977
3279.888672	8070.541016
3277.186523	8108.687988
3274.482422	8193.955078
3271.777344	8285.616211
3269.071289	8437.244141
3266.364258	8504.708008
3263.655273	8766.868164
3260.945313	8945.763672
3258.234375	9026.746094
3255.522461	9112.264648
3252.809570	9241.936523
3250.095703	9514.251953
3247.379883	9375.728516
3244.663086	9470.140625
3241.945313	9667.490234
3239.226563	9747.898438
3236.505859	9927.489258
3233.784180	10161.123047
3231.061523	10228.348633
3228.337891	10357.009766
3225.613281	10438.765625
3222.886719	10488.350586
3220.160156	10699.221680
3217.431641	10791.708984
3214.702148	10982.111328
3211.970703	11099.107422
3209.239258	11162.924805
3206.505859	11385.836914
3203.771484	11517.124023
3201.035156	11550.509766
3198.298828	11719.058594
3195.560547	11877.413086
3192.821289	11974.477539
3190.081055	12145.348633
3187.339844	12352.544922
3184.596680	12467.495117
3181.853516	12646.119141
3179.108398	12575.050781
3176.361328	12798.981445
3173.614258	12946.280273
3170.865234	13126.190430
3168.115234	13244.119141
3165.364258	13416.465820
3162.612305	13485.108398
3159.858398	13568.214844
3157.104492	13746.536133
3154.347656	13976.405273
3151.590820	14313.067383
3148.833008	14425.561523
3146.073242	14549.730469
3143.312500	14607.681641
3140.550781	14829.413086
3137.787109	15029.232422
3135.023438	15350.060547
3132.257813	15463.590820
3129.491211	15620.390625
3126.722656	15865.561523
3123.954102	16123.153320
3121.183594	15978.041016
3118.412109	16330.962891
3115.638672	16540.212891
3112.865234	16815.066406
3110.089844	16792.398438
3107.313477	17116.416016
3104.536133	17339.337891
3101.756836	17301.162109
3098.976563	17514.806641
3096.195313	17761.517578
3093.413086	17795.968750
3090.628906	18018.978516
3087.844727	18256.152344
3085.058594	18405.177734
3082.270508	18974.710938
3079.482422	18981.634766
3076.692383	19147.156250
3073.901367	19382.392578
3071.109375	19347.029297
3068.315430	19773.476563
3065.520508	19919.552734
3062.724609	20156.697266
3059.927734	20268.501953
3057.128906	20335.537109
3054.329102	20560.560547
3051.528320	20624.716797
3048.726563	20877.953125
3045.922852	21058.726563
3043.118164	21133.257813
3040.312500	21296.818359
3037.505859	21613.414063
3034.697266	21671.560547
3031.887695	21943.208984
3029.077148	22203.048828
3026.264648	22395.085938
3023.452148	22457.203125
3020.637695	22600.978516
3017.821289	22705.556641
3015.004883	23038.117188
3012.186523	23083.847656
3009.367188	23411.500000
3006.545898	23675.931641
3003.724609	23715.097656
3000.901367	23918.044922
2998.077148	24255.347656
2995.250977	24525.988281
2992.423828	24726.519531
2989.595703	24645.765625
2986.766602	25285.187500
2983.935547	25221.023438
2981.104492	25684.818359
2978.270508	25698.171875
2975.436523	26106.646484
2972.600586	26225.580078
2969.763672	26492.449219
2966.925781	26345.957031
2964.085938	26726.978516
2961.245117	26965.964844
2958.403320	27124.681641
2955.560547	27292.042969
2952.715820	27449.578125
2949.870117	27737.865234
2947.023438	27943.343750
2944.174805	27880.927734
2941.325195	28275.648438
2938.474609	28216.630859
2935.622070	28673.072266
2932.768555	28642.826172
2929.914063	28814.029297
2927.058594	29105.873047
2924.201172	29165.576172
2921.342773	29391.392578
2918.483398	29620.498047
2915.622070	29829.291016
2912.759766	29936.570313
2909.896484	29938.978516
2907.032227	30020.787109
2904.166016	30461.896484
2901.298828	30661.960938
2898.429688	30574.240234
2895.559570	30707.853516
2892.688477	30974.560547
2889.816406	31139.189453
2886.942383	31099.222656
2884.067383	31341.892578
2881.191406	31610.412109
2878.314453	31644.109375
2875.435547	32025.998047
2872.554688	32122.824219
2869.673828	32198.732422
2866.791016	32542.542969
2863.907227	32547.093750
2861.021484	32651.277344
2858.134766	32818.578125
2855.247070	32904.347656
2852.358398	33201.164063
2849.467773	33597.175781
2846.576172	33506.085938
2843.682617	33918.003906
2840.789063	33758.589844
2837.893555	34161.375000
2834.996094	34171.988281
2832.097656	34355.101563
2829.198242	34618.226563
2826.297852	34525.171875
2823.395508	34675.113281
2820.492188	34983.347656
2817.587891	35351.546875
2814.681641	35322.804688
2811.774414	35116.941406
2808.866211	35180.277344
2805.956055	35443.726563
2803.044922	35739.562500
2800.131836	35830.832031
2797.218750	35891.976563
2794.303711	36051.679688
2791.386719	36133.222656
2788.468750	36029.609375
2785.549805	36218.976563
2782.629883	36570.816406
2779.708008	36593.750000
2776.785156	36665.402344
2773.860352	36649.781250
2770.935547	36813.609375
2768.007813	36586.937500
2765.080078	36439.007813
2762.150391	36565.980469
2759.219727	36702.210938
2756.287109	36915.042969
2753.353516	36742.472656
2750.418945	36841.777344
2747.482422	36968.226563
2744.544922	36580.511719
2741.606445	36951.937500
2738.666016	37048.375000
2735.724609	36864.238281
2732.782227	36641.179688
2729.837891	37196.980469
2726.892578	36894.167969
2723.945313	37045.500000
2720.997070	36792.187500
2718.047852	37087.503906
2715.097656	36976.710938
2712.145508	37164.101563
2709.191406	36729.156250
2706.237305	37123.757813
2703.281250	37021.562500
2700.323242	37015.816406
2697.364258	36843.609375
2694.404297	36986.566406
2691.443359	36880.351563
2688.480469	36747.218750
2685.515625	36895.050781
2682.550781	36740.933594
2679.583984	36862.488281
2676.615234	36732.085938
2673.646484	36753.328125
2670.674805	37078.324219
2667.703125	36707.406250
2664.729492	36567.175781
2661.754883	36564.875000
2658.778320	36455.894531
2655.800781	36214.339844
2652.821289	36043.488281
2649.840820	36094.234375
2646.859375	36017.476563
2643.876953	35773.164063
2640.892578	35804.664063
2637.906250	35900.593750
2634.918945	35899.343750
2631.930664	35439.652344
2628.941406	35365.839844
2625.950195	35226.058594
2622.957031	35057.988281
2619.963867	35032.015625
2616.967773	34849.976563
2613.971680	34783.218750
2610.973633	34640.628906
2607.974609	34298.113281
2604.973633	34041.714844
2601.971680	33991.222656
2598.967773	33698.550781
2595.962891	33783.859375
2592.957031	33235.386719
2589.949219	33108.839844
2586.940430	32883.531250
2583.929688	32864.371094
2580.917969	32540.572266
2577.905273	32627.769531
2574.890625	32385.628906
2571.875000	32254.779297
2568.857422	32187.011719
2565.838867	31903.134766
2562.819336	31695.667969
2559.797852	31144.990234
2556.775391	31198.564453
2553.750977	30711.425781
2550.725586	30651.097656
2547.698242	30495.007813
2544.669922	30214.392578
2541.640625	30217.058594
2538.609375	29614.312500
2535.577148	29782.939453
2532.542969	29470.162109
2529.507813	29254.031250
2526.471680	29136.060547
2523.433594	28835.501953
2520.393555	28643.785156
2517.353516	28293.558594
2514.310547	28498.341797
2511.267578	28107.414063
2508.222656	27972.173828
2505.175781	27501.406250
2502.127930	27277.960938
2499.079102	27022.738281
2496.028320	26802.978516
2492.976563	26461.361328
2489.922852	26279.708984
2486.868164	26024.558594
2483.812500	25770.453125
2480.754883	25567.267578
2477.695313	25316.857422
2474.634766	25056.052734
2471.573242	24850.183594
2468.509766	24491.880859
2465.445313	24400.650391
2462.378906	24183.111328
2459.311523	23941.318359
2456.242188	23729.064453
2453.171875	23592.722656
2450.100586	23152.113281
2447.027344	23067.398438
2443.953125	22653.443359
2440.876953	22254.490234
2437.799805	22158.099609
2434.720703	21976.531250
2431.640625	21727.757813
2428.558594	21444.326172
2425.475586	21150.607422
2422.390625	21175.675781
2419.304688	21033.019531
2416.217773	20692.101563
2413.128906	20171.814453
2410.038086	20166.517578
2406.946289	19938.042969
2403.853516	19684.718750
2400.758789	19459.896484
2397.663086	19291.800781
2394.565430	19011.664063
2391.466797	18818.910156
2388.366211	18610.201172
2385.264648	18342.841797
2382.161133	18246.515625
2379.056641	17871.656250
2375.950195	17897.162109
2372.842773	17770.587891
2369.734375	17436.660156
2366.624023	17015.427734
2363.511719	17063.755859
2360.398438	16964.277344
2357.284180	16659.414063
2354.167969	16455.912109
2351.049805	16194.057617
2347.930664	16083.925781
2344.810547	15892.976563
2341.688477	15673.372070
2338.564453	15489.984375
2335.439453	15325.162109
2332.313477	15081.324219
2329.185547	14997.562500
2326.056641	14738.914063
2322.925781	14653.783203
2319.792969	14430.645508
2316.660156	14215.688477
2313.524414	14063.125977
2310.387695	13768.828125
2307.250000	13667.592773
2304.110352	13425.503906
2300.969727	13280.739258
2297.827148	13181.451172
2294.682617	13093.383789
2291.537109	12973.601563
2288.390625	12526.621094
2285.242188	12487.408203
2282.092773	12302.981445
2278.941406	12186.949219
2275.788086	12014.722656
2272.633789	11908.435547
2269.478516	11734.115234
2266.321289	11616.174805
2263.162109	11430.274414
2260.001953	11269.859375
2256.840820	11137.265625
2253.676758	10980.291992
2250.512695	10878.760742
2247.346680	10658.089844
2244.178711	10524.438477
2241.009766	10411.418945
2237.838867	10326.888672
2234.666992	10054.072266
2231.493164	9879.977539
2228.318359	9884.779297
2225.141602	9784.900391
2221.963867	9482.158203
2218.784180	9517.793945
2215.602539	9367.920898
2212.419922	9258.247070
2209.236328	9081.934570
2206.050781	9015.656250
2202.863281	8885.114258
2199.674805	8731.170898
2196.485352	8626.741211
2193.292969	8451.909180
2190.100586	8369.625977
2186.905273	8353.153320
2183.709961	8359.376953
2180.511719	8164.661621
2177.312500	7902.921387
2174.112305	7940.583984
2170.910156	7669.822266
2167.706055	7610.009277
2164.500977	7515.931152
2161.294922	7409.465332
2158.085938	7269.589844
2154.876953	7195.270020
2151.665039	7013.583496
2148.452148	7118.422363
2145.238281	6957.938965
2142.022461	6858.242676
2138.804688	6694.921875
2135.585938	6704.949219
2132.365234	6555.048340
2129.143555	6470.464844
2125.919922	6362.692383
2122.695313	6259.670898
2119.468750	6237.327148
2116.240234	6008.996582
2113.010742	5947.310059
2109.780273	5867.110352
2106.546875	5851.173340
2103.312500	5738.625977
2100.077148	5771.435547
2096.839844	5601.882813
2093.600586	5462.592773
2090.360352	5491.622559
2087.119141	5347.115723
2083.875000	5319.902344
2080.629883	5251.110840
2077.383789	5170.832520
2074.135742	5132.191406
2070.885742	5020.500977
2067.634766	4941.210449
2064.381836	4861.225098
2061.127930	4849.685059
2057.871094	4708.389160
2054.614258	4689.254883
2051.355469	4600.330078
2048.094727	4564.394043
2044.832031	4446.488281
2041.568359	4345.546387
2038.303711	4341.169434
2035.037109	4269.451172
2031.768555	4232.985840
2028.498047	4175.911133
2025.226563	4095.964355
2021.954102	4094.764648
2018.678711	3953.091553
2015.403320	3951.195313
2012.125000	3853.198486
2008.845703	3810.182617
2005.564453	3658.244141
2002.282227	3656.487061
1998.998047	3589.263428
1995.712891	3559.386230
1992.424805	3442.837891
1989.136719	3438.901855
1985.845703	3389.381348
1982.553711	3310.290283
1979.260742	3271.503418
1975.964844	3247.167725
1972.667969	3172.046875
1969.370117	3109.124268
1966.070313	3093.231689
1962.768555	3000.873779
1959.465820	2924.497803
1956.161133	2913.252441
1952.854492	2887.650635
1949.546875	2868.874268
1946.237305	2813.855713
1942.925781	2761.909424
1939.613281	2770.385498
1936.298828	2652.129395
1932.982422	2662.156250
1929.665039	2594.554199
1926.346680	2578.988037
1923.025391	2513.748047
1919.703125	2518.551025
1916.378906	2481.229736
1913.053711	2471.006592
1909.726563	2396.924561
1906.397461	2389.003418
1903.067383	2324.789795
1899.735352	2273.392334
1896.401367	2236.292480
1893.066406	2214.968750
1889.729492	2232.623291
1886.390625	2144.673584
1883.050781	2118.183350
1879.708984	2123.138672
1876.365234	2045.836304
1873.020508	2023.167114
1869.673828	1989.313965
1866.326172	1934.586426
1862.975586	1906.778076
1859.624023	1928.227295
1856.271484	1871.370483
1852.916016	1795.192993
1849.559570	1787.614258
1846.202148	1758.452393
1842.841797	1759.082764
1839.480469	1723.268066
1836.118164	1722.426880
1832.752930	1690.378784
1829.386719	1642.022705
1826.018555	1624.147461
1822.649414	1585.514771
1819.278320	1563.233887
1815.905273	1541.715332
1812.531250	1503.177734
1809.154297	1460.974854
1805.777344	1469.140869
1802.397461	1435.871826
1799.016602	1410.768188
1795.633789	1362.778442
1792.249023	1370.235596
1788.863281	1348.890747
1785.475586	1337.159668
1782.085938	1304.049561
1778.694336	1276.132080
1775.301758	1274.031494
1771.907227	1240.999512
1768.510742	1252.167725
1765.113281	1200.783569
1761.713867	1186.955444
1758.312500	1159.174438
1754.910156	1129.216309
1751.505859	1152.893066
1748.099609	1121.498657
1744.691406	1103.339478
1741.282227	1087.397583
1737.871094	1078.066772
1734.458008	1058.489502
1731.042969	1013.305542
1727.626953	979.874512
1724.208984	1046.682617
1720.790039	964.285339
1717.368164	963.078064
1713.945313	920.971985
1710.520508	923.436462
1707.093750	942.679626
1703.666016	924.710693
1700.236328	885.620850
1696.804688	907.038574
1693.371094	853.431763
1689.936523	839.180115
1686.500000	854.768250
1683.061523	829.622864
1679.622070	828.484497
1676.179688	785.216858
1672.736328	777.566772
1669.291016	745.251526
1665.844727	750.683655
1662.396484	726.387512
1658.945313	733.272095
1655.494141	713.353516
1652.040039	691.282837
1648.584961	680.809753
1645.126953	649.375854
1641.668945	677.240601
1638.208008	630.668518
1634.745117	636.852539
1631.281250	616.327454
1627.815430	626.839966
1624.347656	620.038330
1620.878906	600.992798
1617.408203	567.560852
1613.935547	557.198730
1610.460938	566.993652
1606.984375	553.045837
1603.506836	529.048218
1600.027344	535.249573
1596.545898	530.673035
1593.062500	534.713684
1589.577148	511.489716
1586.090820	497.610016
1582.602539	468.694214
1579.112305	483.501373
1575.620117	469.655914
1572.126953	455.108582
1568.630859	468.469208
1565.133789	472.523041
1561.634766	472.285553
1558.133789	462.050110
1554.631836	433.980164
1551.127930	420.206757
1547.621094	430.691223
1544.114258	413.369415
1540.604492	411.736481
1537.092773	373.793640
1533.580078	392.819183
1530.065430	368.437866
1526.548828	380.337494
1523.030273	377.303314
1519.509766	373.561829
1515.988281	354.917419
1512.463867	349.771729
1508.938477	326.194031
1505.411133	340.204224
1501.882813	331.531311
1498.351563	314.370514
1494.818359	317.749756
1491.284180	299.198364
1487.748047	299.753693
1484.209961	304.548004
1480.669922	286.737305
1477.128906	266.826874
1473.584961	292.796143
1470.040039	239.759384
1466.493164	260.077271
1462.944336	271.920898
1459.393555	278.119537
1455.840820	244.902222
1452.287109	272.912964
1448.730469	253.792358
1445.172852	238.907089
1441.613281	229.655350
1438.051758	216.201218
1434.488281	242.751572
1430.922852	234.914154
1427.356445	231.990768
1423.787109	221.364532
1420.216797	212.849533
1416.644531	221.138443
1413.070313	220.325974
1409.494141	198.541534
1405.916016	211.715881
1402.336914	201.131912
1398.754883	189.162643
1395.171875	189.065765
1391.585938	195.941910
1387.999023	180.508682
1384.410156	167.877533
1380.819336	158.044189
1377.226563	173.272263
1373.632813	171.096756
1370.036133	166.142746
1366.438477	155.635361
1362.837891	153.472015
1359.236328	147.146301
1355.632813	144.295654
1352.027344	157.395447
1348.419922	155.235336
1344.810547	151.692062
1341.199219	143.998566
1337.585938	141.848480
1333.970703	136.934189
1330.354492	139.628433
1326.735352	134.029358
1323.115234	125.673935
1319.493164	120.087708
1315.869141	130.372665
1312.242188	131.684113
1308.614258	127.481445
1304.984375	117.773193
1301.353516	119.088951
1297.719727	110.083000
1294.083984	113.464249
1290.446289	105.157738
1286.807617	105.790131
1283.166016	107.108406
1279.523438	92.641830
1275.877930	100.138374
1272.231445	94.602150
1268.582031	94.552956
1264.931641	90.394913
1261.279297	95.139038
1257.625000	86.880341
1253.968750	81.365158
1250.310547	89.523369
1246.650391	87.427612
1242.988281	79.189941
1239.324219	81.877884
1235.658203	74.333580
1231.990234	81.110794
1228.320313	84.474640
1224.648438	83.068703
1220.975586	73.497765
1217.299805	79.580917
1213.622070	67.302452
1209.943359	67.267204
1206.261719	65.194626
1202.578125	69.911728
1198.893555	63.769478
1195.206055	57.633636
1191.517578	56.925694
1187.826172	65.023773
1184.133789	63.635658
1180.438477	56.159397
1176.742188	56.129864
1173.042969	55.424423
1169.342773	62.150768
1165.639648	49.289310
1161.935547	49.263344
1158.228516	50.586346
1154.520508	47.189026
1150.809570	45.142807
1147.097656	47.812649
1143.382813	54.518021
1139.666992	43.053207
1135.948242	49.753960
1132.227539	55.103607
1128.505859	48.358055
1124.781250	50.346310
1121.055664	50.990578
1117.327148	43.587257
1113.596680	42.223717
1109.865234	50.909531
1106.130859	39.500904
1102.394531	36.134178
1098.657227	38.790173
1094.916992	42.111763
1091.174805	37.412781
1087.430664	36.057423
1083.684570	43.379356
1079.936523	32.016933
1076.186523	29.333223
1072.434570	33.315445
1068.680664	30.633869
1064.924805	35.942318
1061.166992	34.592648
1057.406250	29.919964
1053.644531	32.562111
1049.880859	39.186489
1046.114258	27.216728
1042.346680	41.798454
1038.576172	31.166285
1034.803711	32.475109
1031.030273	27.158493
1027.253906	25.157795
1023.475586	25.144302
1019.695313	31.082848
1015.913086	24.456341
1012.128906	23.121952
1008.342773	25.750616
1004.553711	24.416939
