4046.277344	221.163635
4043.892578	213.826447
4041.505859	218.980942
4039.119141	207.373825
4036.731445	210.432816
4034.342773	214.535828
4031.952148	248.972534
4029.561523	213.320755
4027.169922	238.323120
4024.777344	228.825150
4022.383789	239.179184
4019.989258	245.348816
4017.593750	244.208099
4015.197266	232.636124
4012.799805	253.399963
4010.401367	254.341980
4008.001953	260.493011
4005.601563	259.348206
4003.201172	263.409943
4000.798828	250.816635
3998.395508	251.757416
3995.991211	266.216156
3993.585938	285.860840
3991.180664	279.512756
3988.773438	259.666992
3986.365234	270.984558
3983.957031	281.255188
3981.546875	303.966736
3979.135742	281.031403
3976.724609	301.651550
3974.311523	278.735229
3971.898438	298.303925
3969.483398	298.185028
3967.068359	297.031189
3964.651367	323.810699
3962.234375	307.135468
3959.815430	297.709473
3957.396484	322.389801
3954.975586	316.063690
3952.554688	318.002350
3950.131836	317.875214
3947.708984	326.001312
3945.284180	303.183685
3942.859375	339.141205
3940.432617	336.944641
3938.005859	329.599701
3935.577148	341.822723
3933.148438	346.831604
3930.718750	360.066467
3928.287109	357.865387
3925.855469	385.476105
3923.421875	370.936096
3920.988281	377.976959
3918.552734	377.825195
3916.117188	370.489410
3913.680664	361.107666
3911.242188	379.420807
3908.803711	383.368439
3906.363281	387.312775
3903.922852	392.278046
3901.480469	377.786774
3899.038086	397.079254
3896.593750	401.011261
3894.149414	401.872253
3891.703125	413.976227
3889.256836	417.896301
3886.808594	404.450348
3884.360352	414.496429
3881.910156	439.842010
3879.459961	442.724731
3877.007813	434.388397
3874.555664	466.829803
3872.101563	439.131714
3869.646484	498.024597
3867.191406	453.029266
3864.734375	467.092834
3862.277344	476.058777
3859.818359	471.798798
3857.358398	484.820892
3854.897461	470.400726
3852.436523	482.396973
3849.973633	526.868469
3847.509766	521.581116
3845.044922	514.269165
3842.579102	495.809814
3840.113281	525.000488
3837.645508	531.879028
3835.176758	544.828003
3832.707031	547.643494
3830.236328	524.147949
3827.764648	539.106689
3825.291992	573.263000
3822.818359	556.859680
3820.343750	595.021545
3817.868164	549.337769
3815.390625	584.443115
3812.913086	582.187073
3810.434570	608.172852
3807.955078	605.908630
3805.473633	592.560791
3802.992188	616.495361
3800.509766	626.313232
3798.025391	622.031494
3795.541016	640.893677
3793.054688	699.968384
3790.568359	669.523743
3788.080078	683.318481
3785.591797	695.092773
3783.101563	716.897827
3780.610352	692.517090
3778.119141	710.292053
3775.625977	726.046570
3773.131836	719.734802
3770.636719	724.450073
3768.140625	750.194824
3765.643555	743.880310
3763.145508	745.576904
3760.646484	766.278870
3758.146484	755.965027
3755.645508	778.644409
3753.143555	784.319641
3750.639648	798.978516
3748.135742	871.527222
3745.630859	811.295044
3743.124023	839.888977
3740.617188	849.514587
3738.108398	871.092102
3735.599609	900.621765
3733.088867	891.288574
3730.577148	874.994690
3728.064453	881.599731
3725.551758	907.096924
3723.037109	928.596008
3720.521484	935.170044
3718.004883	971.540283
3715.487305	954.258972
3712.967773	963.791199
3710.448242	936.605164
3707.927734	981.839478
3705.406250	947.728394
3702.882813	995.893127
3700.359375	1044.017700
3697.833984	1015.863098
3695.308594	1031.278687
3692.781250	1038.766724
3690.252930	1058.115112
3687.723633	1058.666016
3685.193359	1054.275635
3682.662109	1129.889648
3680.129883	1105.727661
3677.596680	1117.112061
3675.062500	1104.812012
3672.527344	1090.549805
3669.990234	1122.623413
3667.453125	1142.847534
3664.915039	1146.312744
3662.375000	1170.447144
3659.833984	1170.945557
3657.292969	1215.704224
3654.750000	1176.855835
3652.206055	1209.781006
3649.661133	1237.766724
3647.115234	1215.649658
3644.568359	1229.867432
3642.019531	1283.318237
3639.470703	1293.572510
3636.920898	1265.585571
3634.369141	1302.295410
3631.817383	1335.056274
3629.263672	1318.835083
3626.708984	1350.582275
3624.153320	1375.454834
3621.596680	1395.416870
3619.039063	1428.068970
3616.480469	1410.863647
3613.920898	1491.336792
3611.360352	1485.833496
3608.797852	1485.213379
3606.235352	1503.126587
3603.670898	1528.824341
3601.105469	1573.017944
3598.540039	1569.438232
3595.972656	1585.336914
3593.404297	1577.860596
3590.834961	1633.633667
3588.264648	1675.743774
3585.692383	1655.599365
3583.120117	1695.720581
3580.545898	1709.581177
3577.971680	1754.499878
3575.395508	1770.264282
3572.818359	1787.955200
3570.240234	1869.632813
3567.661133	1872.726563
3565.081055	1870.003540
3562.500000	1914.739258
3559.917969	1889.733521
3557.333984	1967.323975
3554.750000	2022.601074
3552.164063	1987.911133
3549.577148	2023.802490
3546.989258	2088.645264
3544.400391	2064.591797
3541.810547	2047.314697
3539.219727	2104.345215
3536.626953	2089.958252
3534.034180	2147.885742
3531.439453	2198.054688
3528.844727	2194.239990
3526.248047	2288.636230
3523.650391	2275.161133
3521.051758	2310.759521
3518.451172	2346.327148
3515.850586	2349.183350
3513.249023	2447.155518
3510.645508	2442.282227
3508.041016	2445.092285
3505.436523	2501.635986
3502.830078	2515.927246
3500.222656	2496.648682
3497.613281	2513.803711
3495.003906	2591.295410
3492.393555	2636.163818
3489.781250	2658.021729
3487.167969	2724.827881
3484.553711	2778.187744
3481.938477	2748.334961
3479.322266	2800.682617
3476.705078	2842.479004
3474.086914	2869.917969
3471.466797	2872.520752
3468.845703	2939.032959
3466.224609	3058.885010
3463.601563	3040.433350
3460.977539	3122.031006
3458.351563	3130.230957
3455.725586	3149.845703
3453.098633	3233.193604
3450.469727	3248.942139
3447.839844	3332.175293
3445.208984	3359.270020
3442.577148	3376.841797
3439.944336	3458.012939
3437.310547	3409.090576
3434.674805	3466.460205
3432.039063	3642.314453
3429.401367	3624.652588
3426.762695	3632.586426
3424.123047	3724.801025
3421.481445	3747.830078
3418.839844	3884.389404
3416.197266	3843.010498
3413.552734	3911.338135
3410.907227	4000.397705
3408.260742	4004.362061
3405.613281	4091.415283
3402.963867	4134.032715
3400.314453	4145.479004
3397.663086	4239.901855
3395.011719	4262.602539
3392.358398	4355.950195
3389.704102	4443.565918
3387.047852	4475.561523
3384.391602	4545.169434
3381.733398	4600.606934
3379.075195	4712.409668
3376.415039	4707.577637
3373.753906	4851.176758
3371.090820	4927.981445
3368.427734	4916.488281
3365.762695	5071.068848
3363.097656	5207.696777
3360.430664	5206.406738
3357.762695	5310.061523
3355.092773	5273.134277
3352.422852	5409.436523
3349.750977	5468.883789
3347.079102	5523.601074
3344.405273	5590.425781
3341.729492	5672.145020
3339.053711	5700.542480
3336.376953	5780.273926
3333.698242	5897.271484
3331.018555	5908.736816
3328.337891	5979.877930
3325.656250	6150.702148
3322.973633	6162.970703
3320.289063	6193.855469
3317.604492	6315.950195
3314.917969	6345.808105
3312.230469	6431.451172
3309.541016	6603.491211
3306.851563	6664.781250
3304.160156	6766.893555
3301.467773	6867.987305
3298.774414	6872.458496
3296.080078	6991.044434
3293.384766	7059.445801
3290.687500	7182.480469
3287.990234	7245.177246
3285.291016	7301.333984
3282.589844	7400.027832
3279.888672	7412.571289
3277.186523	7488.927734
3274.482422	7602.200684
3271.777344	7749.569824
3269.071289	7903.276855
3266.364258	7938.650391
3263.655273	8034.911133
3260.945313	8054.508301
3258.234375	8254.842773
3255.522461	8225.466797
3252.809570	8386.849609
3250.095703	8618.088867
3247.379883	8684.333008
3244.663086	8828.736328
3241.945313	8835.958008
3239.226563	8876.269531
3236.505859	9058.995117
3233.784180	9249.828125
3231.061523	9319.285156
3228.337891	9504.327148
3225.613281	9536.910156
3222.886719	9718.942383
3220.160156	9832.980469
3217.431641	9964.326172
3214.702148	10131.274414
3211.970703	10110.404297
3209.239258	10352.173828
3206.505859	10332.134766
3203.771484	10581.821289
3201.035156	10635.717773
3198.298828	10885.049805
3195.560547	11083.029297
3192.821289	11300.913086
3190.081055	11335.233398
3187.339844	11507.216797
3184.596680	11607.950195
3181.853516	11847.992188
3179.108398	11859.234375
3176.361328	12058.897461
3173.614258	12230.176758
3170.865234	12390.388672
3168.115234	12516.820313
3165.364258	12569.531250
3162.612305	12688.500977
3159.858398	12768.321289
3157.104492	12810.860352
3154.347656	13176.301758
3151.590820	13371.859375
3148.833008	13623.436523
3146.073242	13695.410156
3143.312500	13751.921875
3140.550781	13852.734375
3137.787109	14047.550781
3135.023438	14129.146484
3132.257813	14362.535156
3129.491211	14480.057617
3126.722656	14860.302734
3123.954102	14865.548828
3121.183594	15108.119141
3118.412109	15260.271484
3115.638672	15272.536133
3112.865234	15441.598633
3110.089844	15371.788086
3107.313477	15583.871094
3104.536133	15715.660156
3101.756836	15931.896484
3098.976563	16068.803711
3096.195313	16166.037109
3093.413086	16300.017578
3090.628906	16381.788086
3087.844727	16640.326172
3085.058594	16647.390625
3082.270508	17054.458984
3079.482422	17111.531250
3076.692383	17272.496094
3073.901367	17499.597656
3071.109375	17598.464844
3068.315430	17805.525391
3065.520508	17827.230469
3062.724609	17949.054688
3059.927734	18349.617188
3057.128906	18406.773438
3054.329102	18556.742188
3051.528320	18642.308594
3048.726563	18965.115234
3045.922852	18998.691406
3043.118164	19251.517578
3040.312500	19317.894531
3037.505859	19498.207031
3034.697266	19665.890625
3031.887695	19791.599609
3029.077148	19857.599609
3026.264648	20275.597656
3023.452148	20433.734375
3020.637695	20532.212891
3017.821289	20760.228516
3015.004883	20911.712891
3012.186523	21122.492188
3009.367188	21315.345703
3006.545898	21695.919922
3003.724609	21630.537109
3000.901367	22021.250000
2998.077148	22168.199219
2995.250977	22297.318359
2992.423828	22315.771484
2989.595703	22572.873047
2986.766602	22973.761719
2983.935547	23051.929688
2981.104492	23320.703125
2978.270508	23385.398438
2975.436523	23792.250000
2972.600586	23766.740234
2969.763672	23824.080078
2966.925781	24030.226563
2964.085938	24320.705078
2961.245117	24664.603516
2958.403320	24556.039063
2955.560547	24859.947266
2952.715820	25183.792969
2949.870117	25379.083984
2947.023438	25711.177734
2944.174805	25505.802734
2941.325195	25798.052734
2938.474609	25886.583984
2935.622070	26049.535156
2932.768555	26387.568359
2929.914063	26590.423828
2927.058594	26681.916016
2924.201172	26763.695313
2921.342773	27070.167969
2918.483398	27089.615234
2915.622070	27415.753906
2912.759766	27448.115234
2909.896484	27557.269531
2907.032227	27969.136719
2904.166016	28018.628906
2901.298828	28381.953125
2898.429688	28322.263672
2895.559570	28503.048828
2892.688477	28599.203125
2889.816406	29102.583984
2886.942383	28999.146484
2884.067383	28945.359375
2881.191406	29317.509766
2878.314453	29379.162109
2875.435547	29671.744141
2872.554688	29781.775391
2869.673828	30052.208984
2866.791016	30257.349609
2863.907227	30437.160156
2861.021484	30387.183594
2858.134766	30744.304688
2855.247070	31026.646484
2852.358398	31057.787109
2849.467773	31121.757813
2846.576172	31220.242188
2843.682617	31647.873047
2840.789063	31600.039063
2837.893555	31761.175781
2834.996094	31755.603516
2832.097656	32212.382813
2829.198242	32351.445313
2826.297852	32385.230469
2823.395508	32636.060547
2820.492188	32450.095703
2817.587891	32695.488281
2814.681641	32759.130859
2811.774414	32793.468750
2808.866211	33144.925781
2805.956055	33138.660156
2803.044922	33545.449219
2800.131836	33725.257813
2797.218750	33870.570313
2794.303711	33794.484375
2791.386719	34115.347656
2788.468750	34201.136719
2785.549805	34309.964844
2782.629883	34354.480469
2779.708008	34604.308594
2776.785156	34767.515625
2773.860352	34939.968750
2770.935547	35225.054688
2768.007813	34872.687500
2765.080078	35084.101563
2762.150391	35075.148438
2759.219727	35570.300781
2756.287109	35535.535156
2753.353516	35369.550781
2750.418945	35656.878906
2747.482422	35593.136719
2744.544922	35802.636719
2741.606445	35917.507813
2738.666016	35816.292969
2735.724609	35948.878906
2732.782227	36131.460938
2729.837891	36031.101563
2726.892578	36349.261719
2723.945313	36322.679688
2720.997070	36129.898438
2718.047852	36361.941406
2715.097656	36351.453125
2712.145508	36722.894531
2709.191406	36382.105469
2706.237305	36534.882813
2703.281250	36620.699219
2700.323242	36392.812500
2697.364258	36787.843750
2694.404297	36404.664063
2691.443359	36932.691406
2688.480469	36537.957031
2685.515625	36621.785156
2682.550781	36360.726563
2679.583984	36803.503906
2676.615234	36740.507813
2673.646484	36598.421875
2670.674805	36331.910156
2667.703125	36312.078125
2664.729492	36450.312500
2661.754883	36359.828125
2658.778320	36204.738281
2655.800781	35911.246094
2652.821289	36091.324219
2649.840820	35589.257813
2646.859375	35777.679688
2643.876953	35752.210938
2640.892578	35926.964844
2637.906250	35682.894531
2634.918945	35589.675781
2631.930664	35393.640625
2628.941406	35267.171875
2625.950195	35003.738281
2622.957031	35204.183594
2619.963867	35270.832031
2616.967773	35208.875000
2613.971680	35141.121094
2610.973633	34921.648438
2607.974609	34724.871094
2604.973633	34406.625000
2601.971680	34204.410156
2598.967773	34249.582031
2595.962891	34016.816406
2592.957031	33862.421875
2589.949219	33887.707031
2586.940430	33293.140625
2583.929688	33369.296875
2580.917969	33618.035156
2577.905273	33377.003906
2574.890625	33146.960938
2571.875000	32979.289063
2568.857422	32750.447266
2565.838867	32546.648438
2562.819336	32545.841797
2559.797852	32137.923828
2556.775391	32094.275391
2553.750977	31767.105469
2550.725586	31608.789063
2547.698242	31439.046875
2544.669922	30992.062500
2541.640625	30929.183594
2538.609375	30702.218750
2535.577148	30501.007813
2532.542969	30366.718750
2529.507813	30152.648438
2526.471680	30028.501953
2523.433594	29647.712891
2520.393555	29517.310547
2517.353516	29382.087891
2514.310547	29196.849609
2511.267578	28877.884766
2508.222656	28840.814453
2505.175781	28598.607422
2502.127930	28090.025391
2499.079102	27875.423828
2496.028320	27647.896484
2492.976563	27424.666016
2489.922852	27133.673828
2486.868164	26918.232422
2483.812500	26869.853516
2480.754883	26529.617188
2477.695313	26326.982422
2474.634766	25913.771484
2471.573242	25727.919922
2468.509766	25704.640625
2465.445313	25275.130859
2462.378906	25053.113281
2459.311523	24957.617188
2456.242188	24530.650391
2453.171875	24192.820313
2450.100586	24069.343750
2447.027344	23806.050781
2443.953125	23584.460938
2440.876953	23300.488281
2437.799805	22951.781250
2434.720703	22761.726563
2431.640625	22838.861328
2428.558594	22463.244141
2425.475586	22254.195313
2422.390625	21958.609375
2419.304688	21886.880859
2416.217773	21496.173828
2413.128906	21201.326172
2410.038086	20913.216797
2406.946289	20796.792969
2403.853516	20459.822266
2400.758789	20283.919922
2397.663086	19945.060547
2394.565430	19804.253906
2391.466797	19677.285156
2388.366211	19474.628906
2385.264648	19158.507813
2382.161133	19081.943359
2379.056641	18732.466797
2375.950195	18543.474609
2372.842773	18329.714844
2369.734375	18038.146484
2366.624023	17899.554688
2363.511719	17772.333984
2360.398438	17577.773438
2357.284180	17307.941406
2354.167969	17076.058594
2351.049805	16810.707031
2347.930664	16684.257813
2344.810547	16554.716797
2341.688477	16333.202148
2338.564453	16093.479492
2335.439453	16084.380859
2332.313477	15641.076172
2329.185547	15618.597656
2326.056641	15391.616211
2322.925781	15207.163086
2319.792969	15082.738281
2316.660156	14878.646484
2313.524414	14640.451172
2310.387695	14459.859375
2307.250000	14326.435547
2304.110352	14091.205078
2300.969727	14024.128906
2297.827148	13914.151367
2294.682617	13555.380859
2291.537109	13432.999023
2288.390625	13320.259766
2285.242188	13104.393555
2282.092773	12912.535156
2278.941406	12774.797852
2275.788086	12647.493164
2272.633789	12447.386719
2269.478516	12345.696289
2266.321289	12232.219727
2263.162109	11964.509766
2260.001953	11803.053711
2256.840820	11648.860352
2253.676758	11512.986328
2250.512695	11374.865234
2247.346680	11186.335938
2244.178711	11067.431641
2241.009766	10903.669922
2237.838867	10830.735352
2234.666992	10703.484375
2231.493164	10485.758789
2228.318359	10274.532227
2225.141602	10133.545898
2221.963867	10056.405273
2218.784180	9882.623047
2215.602539	9755.369141
2212.419922	9610.164063
2209.236328	9390.502930
2206.050781	9382.937500
2202.863281	9205.157227
2199.674805	9073.800781
2196.485352	9078.923828
2193.292969	8817.714844
2190.100586	8667.926758
2186.905273	8735.830078
2183.709961	8579.958008
2180.511719	8495.375977
2177.312500	8288.963867
2174.112305	8203.031250
2170.910156	8085.947754
2167.706055	7972.874023
2164.500977	7789.705566
2161.294922	7719.751953
2158.085938	7572.716797
2154.876953	7551.216797
2151.665039	7337.442871
2148.452148	7344.082520
2145.238281	7283.047363
2142.022461	7145.104004
2138.804688	7060.904785
2135.585938	6925.522461
2132.365234	6828.304688
2129.143555	6752.126465
2125.919922	6603.115723
2122.695313	6572.073242
2119.468750	6452.728027
2116.240234	6375.313965
2113.010742	6351.383301
2109.780273	6240.042969
2106.546875	6109.472656
2103.312500	6062.505859
2100.077148	5929.048828
2096.839844	5822.745605
2093.600586	5767.484863
2090.360352	5752.394043
2087.119141	5633.981445
2083.875000	5547.281738
2080.629883	5472.218750
2077.383789	5364.883301
2074.135742	5328.458496
2070.885742	5159.745605
2067.634766	5183.426758
2064.381836	5077.962891
2061.127930	5034.054688
2057.871094	4920.312988
2054.614258	4879.587891
2051.355469	4835.064453
2048.094727	4726.942383
2044.832031	4677.166504
2041.568359	4568.453613
2038.303711	4510.375488
2035.037109	4426.332031
2031.768555	4437.980469
2028.498047	4318.879883
2025.226563	4202.948242
2021.954102	4209.335449
2018.678711	4152.349609
2015.403320	4066.419434
2012.125000	4015.655029
2008.845703	3905.475342
2005.564453	3865.501465
2002.282227	3817.186768
1998.998047	3694.315186
1995.712891	3744.279541
1992.424805	3680.117432
1989.136719	3579.528809
1985.845703	3588.443848
1982.553711	3485.715088
1979.260742	3434.698975
1975.964844	3351.107422
1972.667969	3328.260498
1969.370117	3258.441162
1966.070313	3228.840088
1962.768555	3181.850098
1959.465820	3132.633545
1956.161133	3047.151611
1952.854492	3049.461914
1949.546875	2998.109619
1946.237305	2936.229980
1942.925781	2968.788330
1939.613281	2830.004150
1936.298828	2854.282715
1932.982422	2781.278564
1929.665039	2683.475830
1926.346680	2678.411621
1923.025391	2649.260010
1919.703125	2644.967529
1916.378906	2543.655273
1913.053711	2525.884521
1909.726563	2504.373047
1906.397461	2477.624268
1903.067383	2487.682617
1899.735352	2388.187256
1896.401367	2340.532959
1893.066406	2291.424561
1889.729492	2284.318359
1886.390625	2267.483154
1883.050781	2206.503418
1879.708984	2168.773438
1876.365234	2132.574951
1873.020508	2157.696045
1869.673828	2084.185547
1866.326172	2037.625000
1862.975586	2028.423828
1859.624023	1954.334839
1856.271484	1927.287964
1852.916016	1950.195190
1849.559570	1903.809204
1846.202148	1896.180542
1842.841797	1826.797119
1839.480469	1828.136841
1836.118164	1750.675537
1832.752930	1734.960205
1829.386719	1717.031494
1826.018555	1696.892578
1822.649414	1684.192139
1819.278320	1641.840576
1815.905273	1620.283569
1812.531250	1585.411743
1809.154297	1562.421143
1805.777344	1508.367310
1802.397461	1493.572998
1799.016602	1464.004761
1795.633789	1450.723511
1792.249023	1414.555908
1788.863281	1441.179443
1785.475586	1425.713379
1782.085938	1397.722900
1778.694336	1342.482056
1775.301758	1332.980347
1771.907227	1335.271240
1768.510742	1284.557617
1765.113281	1263.324341
1761.713867	1263.438354
1758.312500	1236.354736
1754.910156	1215.909546
1751.505859	1171.251221
1748.099609	1150.857178
1744.691406	1134.884399
1741.282227	1099.862671
1737.871094	1080.998291
1734.458008	1076.069946
1731.042969	1059.431396
1727.626953	1080.862305
1724.208984	1067.162720
1720.790039	1043.972290
1717.368164	1015.689331
1713.945313	982.321411
1710.520508	951.906067
1707.093750	953.624023
1703.666016	956.798401
1700.236328	935.186462
1696.804688	924.523682
1693.371094	935.716553
1689.936523	908.323364
1686.500000	894.778687
1683.061523	860.888184
1679.622070	844.472778
1676.179688	852.770203
1672.736328	808.785583
1669.291016	792.419373
1665.844727	792.025635
1662.396484	764.809204
1658.945313	774.572998
1655.494141	756.806519
1652.040039	730.371033
1648.584961	761.841309
1645.126953	720.243164
1641.668945	698.201050
1638.208008	675.458252
1634.745117	681.619995
1631.281250	674.784790
1627.815430	657.136047
1624.347656	637.341736
1620.878906	619.008118
1617.408203	602.133118
1613.935547	599.672546
1610.460938	584.262512
1606.984375	609.141479
1603.506836	570.020752
1600.027344	568.298523
1596.545898	580.939758
1593.062500	579.931091
1589.577148	550.945435
1586.090820	521.988586
1582.602539	500.943817
1579.112305	497.827332
1575.620117	479.679077
1572.126953	502.336823
1568.630859	501.369324
1565.133789	499.687744
1561.634766	465.140533
1558.133789	444.910706
1554.631836	438.976654
1551.127930	449.457153
1547.621094	436.395752
1544.114258	423.347290
1540.604492	426.695770
1537.092773	418.648865
1533.580078	424.842468
1530.065430	404.712646
1526.548828	398.110260
1523.030273	386.540466
1519.509766	375.692413
1515.988281	362.015778
1512.463867	347.643311
1508.938477	356.686096
1505.411133	362.175751
1501.882813	352.074921
1498.351563	333.487640
1494.818359	336.857208
1491.284180	319.003448
1487.748047	306.116394
1484.209961	319.386749
1480.669922	319.931030
1477.128906	288.709503
1473.584961	307.612335
1470.040039	291.237122
1466.493164	281.926575
1462.944336	286.714508
1459.393555	276.711334
1455.840820	271.644409
1452.287109	265.175751
1448.730469	243.949997
1445.172852	259.284454
1441.613281	254.236206
1438.051758	244.279312
1434.488281	253.977081
1430.922852	227.901794
1427.356445	231.289886
1423.787109	238.877548
1420.216797	220.551315
1416.644531	216.239807
1413.070313	220.325974
1409.494141	205.532425
1405.916016	211.017151
1402.336914	215.099411
1398.754883	192.652725
1395.171875	188.368103
1391.585938	188.271576
1387.999023	194.447571
1384.410156	179.719513
1380.819336	173.361252
1377.226563	172.576401
1373.632813	174.574326
1370.036133	170.313705
1366.438477	167.446976
1362.837891	163.888657
1359.236328	172.133408
1355.632813	157.476517
1352.027344	163.635788
1348.419922	159.393433
1344.810547	161.389282
1341.199219	157.844589
1337.585938	143.232376
1333.970703	136.242615
1330.354492	135.481064
1326.735352	139.556351
1323.115234	126.364449
1319.493164	130.440094
1315.869141	120.025620
1312.242188	130.305222
1308.614258	131.615982
1304.984375	122.594322
1301.353516	112.205193
1297.719727	114.211113
1294.083984	115.527237
1290.446289	107.219658
1286.807617	96.859795
1283.166016	102.302261
1279.523438	109.111488
1275.877930	105.625412
1272.231445	93.916626
1268.582031	102.774956
1264.931641	91.764534
1261.279297	101.299126
1257.625000	90.984924
1253.968750	101.193642
1250.310547	91.573524
1246.650391	90.159721
1242.988281	83.968651
1239.324219	79.830933
1235.658203	93.428452
1231.990234	74.976364
1228.320313	74.255936
1224.648438	68.089096
1220.975586	72.136696
1217.299805	76.180023
1213.622070	80.898903
1209.943359	72.023468
1206.261719	72.664841
1202.578125	73.305504
1198.893555	62.412682
1195.206055	61.701893
1191.517578	73.190178
1187.826172	69.765091
1184.133789	67.020531
1180.438477	60.219112
1176.742188	66.273811
1173.042969	60.155777
1169.342773	52.017490
1165.639648	54.690880
1161.935547	51.962704
1158.228516	55.982224
1154.520508	58.649216
1150.809570	55.249405
1147.097656	49.159485
1143.382813	48.460461
1139.666992	46.416740
1135.948242	49.753960
1132.227539	46.367668
1128.505859	41.641659
1124.781250	41.619617
1121.055664	42.268505
1117.327148	48.281269
1113.596680	42.223717
1109.865234	39.521873
1106.130859	38.831398
1102.394531	39.479935
1098.657227	41.465355
1094.916992	36.764236
1091.174805	42.089378
1087.430664	34.054230
1083.684570	40.042484
1079.936523	41.355206
1076.186523	31.999880
1072.434570	34.648064
1068.680664	33.963638
1064.924805	33.279922
1061.166992	37.918865
1057.406250	30.584850
1053.644531	31.897579
1049.880859	35.865601
1046.114258	27.216728
1042.346680	25.875233
1038.576172	28.513834
1034.803711	35.788895
1031.030273	29.145700
1027.253906	33.102360
1023.475586	27.129379
1019.695313	31.082848
1015.913086	24.456341
1012.128906	24.443207
1008.342773	25.750616
1004.553711	23.757021
