4046.277344	42.974926
4043.892578	40.878586
4041.505859	51.340031
4039.119141	45.035728
4036.731445	39.783318
4034.342773	52.325813
4031.952148	50.212948
4029.561523	52.284500
4027.169922	49.128010
4024.777344	48.063732
4022.383789	54.311432
4019.989258	53.245911
4017.593750	58.442966
4015.197266	52.160564
4012.799805	49.011517
4010.401367	50.034485
4008.001953	48.972687
4005.601563	63.535099
4003.201172	52.057297
4000.798828	50.995914
3998.395508	64.499832
3995.991211	79.032928
3993.585938	54.053684
3991.180664	61.305775
3988.773438	57.126736
3986.365234	61.257046
3983.957031	56.043472
3981.546875	68.470322
3979.135742	65.332024
3976.724609	67.379211
3974.311523	68.388565
3971.898438	67.325539
3969.483398	54.874329
3967.068359	55.887398
3964.651367	61.037800
3962.234375	62.047573
3959.815430	70.292511
3957.396484	72.331047
3954.975586	65.071938
3952.554688	74.338211
3950.131836	74.308495
3947.708984	74.278778
3945.284180	61.874222
3942.859375	73.188530
3940.432617	69.037582
3938.005859	61.799946
3935.577148	75.159813
3933.148438	61.750435
3930.718750	78.185860
3928.287109	79.182861
3925.855469	69.899666
3923.421875	82.201904
3920.988281	70.870682
3918.552734	83.162613
3916.117188	81.076630
3913.680664	82.069923
3911.242188	70.756859
3908.803711	86.104141
3906.363281	97.340515
3903.922852	101.398247
3901.480469	90.095490
3899.038086	97.223015
3896.593750	87.976959
3894.149414	88.964088
3891.703125	89.950394
3889.256836	98.088135
3886.808594	88.856514
3884.360352	95.967155
3881.910156	101.030998
3879.459961	100.990204
3877.007813	95.850960
3874.555664	95.812233
3872.101563	100.867844
3869.646484	99.808609
3867.191406	104.858459
3864.734375	96.674988
3862.277344	102.739182
3859.818359	104.731201
3857.358398	114.852753
3854.897461	103.630394
3852.436523	108.666260
3849.973633	122.834465
3847.509766	107.563416
3845.044922	117.663162
3842.579102	108.490082
3840.113281	128.716339
3837.645508	108.402016
3835.176758	125.573746
3832.707031	128.559570
3830.236328	123.447975
3827.764648	120.363411
3825.291992	123.347603
3822.818359	127.339958
3820.343750	131.329025
3817.868164	123.197075
3815.390625	132.231506
3812.913086	128.141693
3810.434570	129.098053
3807.955078	127.029099
3805.473633	141.085892
3802.992188	144.050385
3800.509766	140.970825
3798.025391	142.926331
3795.541016	133.812973
3793.054688	132.752625
3790.568359	149.788345
3788.080078	150.732010
3785.591797	151.674866
3783.101563	150.608795
3780.610352	148.539902
3778.119141	156.505020
3775.625977	166.469238
3773.131836	168.405914
3770.636719	154.308868
3768.140625	182.290329
3765.643555	161.190750
3763.145508	172.133194
3760.646484	186.067719
3758.146484	177.991776
3755.645508	176.919205
3753.143555	167.854385
3750.639648	167.785477
3748.135742	185.686218
3745.630859	179.622528
3743.124023	191.518631
3740.617188	175.486588
3738.108398	180.397797
3735.599609	198.256332
3733.088867	200.166489
3730.577148	204.065887
3728.064453	206.966980
3725.551758	201.908646
3723.037109	216.738693
3720.521484	198.760910
3718.004883	213.579910
3715.487305	209.519913
3712.967773	207.448364
3710.448242	205.378464
3707.927734	243.972244
3705.406250	233.958054
3702.882813	228.906769
3700.359375	223.859589
3697.833984	243.569504
3695.308594	234.561462
3692.781250	241.389618
3690.252930	230.411987
3687.723633	235.259109
3685.193359	248.994812
3682.662109	243.953445
3680.129883	250.763245
3677.596680	256.580505
3675.062500	258.447113
3672.527344	248.479721
3669.990234	254.290466
3667.453125	266.007599
3664.915039	252.110031
3662.375000	261.849426
3659.833984	267.644684
3657.292969	293.106689
3654.750000	274.304749
3652.206055	283.035706
3649.661133	291.759308
3647.115234	281.818604
3644.568359	295.443024
3642.019531	280.603241
3639.470703	294.216644
3636.920898	288.212372
3634.369141	292.012054
3631.817383	319.316467
3629.263672	324.078979
3626.708984	312.199829
3624.153320	329.678711
3621.596680	317.806946
3619.039063	332.336365
3616.480469	331.220764
3613.920898	345.732300
3611.360352	328.992035
3608.797852	340.564697
3606.235352	340.422546
3603.670898	367.580872
3601.105469	330.392242
3598.540039	366.299652
3595.972656	351.539703
3593.404297	356.259705
3590.834961	351.245850
3588.264648	378.330994
3585.692383	379.144897
3583.120117	370.240417
3580.545898	367.171387
3577.971680	382.552826
3575.395508	388.215851
3572.818359	397.754547
3570.240234	422.800781
3567.661133	411.961060
3565.081055	423.415314
3562.500000	452.292999
3559.917969	428.868835
3557.333984	425.785797
3554.750000	445.920166
3552.164063	431.229736
3549.577148	424.283325
3546.989258	464.680084
3544.400391	441.308899
3541.810547	450.776031
3539.219727	444.797424
3536.626953	462.934875
3534.034180	454.063812
3531.439453	492.418243
3528.844727	463.314087
3526.248047	507.409027
3523.650391	526.443787
3521.051758	485.817474
3518.451172	519.269165
3515.850586	510.399506
3513.249023	541.890747
3510.645508	541.662292
3508.041016	534.713928
3505.436523	542.165039
3502.830078	577.425903
3500.222656	566.635681
3497.613281	594.189209
3495.003906	580.526794
3492.393555	569.748474
3489.781250	558.021851
3487.167969	587.445313
3484.553711	622.581848
3481.938477	596.508179
3479.322266	619.188782
3476.705078	592.183105
3474.086914	625.348083
3471.466797	647.987244
3468.845703	646.758972
3466.224609	670.322998
3463.601563	635.726990
3460.977539	693.572937
3458.351563	677.089783
3455.725586	681.562256
3453.098633	688.885254
3450.469727	738.050049
3447.839844	723.476563
3445.208984	727.921021
3442.577148	748.509521
3439.944336	748.191711
3437.310547	733.637817
3434.674805	755.145691
3432.039063	800.341919
3429.401367	784.835876
3426.762695	788.292114
3424.123047	758.597961
3421.481445	796.141724
3418.839844	829.868286
3416.197266	827.623474
3413.552734	842.398438
3410.907227	822.193726
3408.260742	840.736572
3405.613281	847.932373
3402.963867	866.447937
3400.314453	899.099121
3397.663086	896.829773
3395.011719	924.726501
3392.358398	942.234558
3389.704102	936.181580
3387.047852	932.016357
3384.391602	927.854431
3381.733398	966.964661
3379.075195	966.551758
3376.415039	988.694641
3373.753906	994.848206
3371.090820	984.093811
3368.427734	1007.138611
3365.762695	1032.039917
3363.097656	1034.411987
3360.430664	1078.965454
3357.762695	1080.377808
3355.092773	1078.978760
3352.422852	1078.516846
3349.750977	1064.953735
3347.079102	1118.751465
3344.405273	1130.427246
3341.729492	1158.915771
3339.053711	1164.024292
3336.376953	1130.841919
3333.698242	1177.027344
3331.018555	1169.991455
3328.337891	1185.343872
3325.656250	1204.411499
3322.973633	1261.666504
3320.289063	1276.958740
3317.604492	1266.169189
3314.917969	1255.388672
3312.230469	1290.197144
3309.541016	1351.009888
3306.851563	1309.535278
3304.160156	1355.422485
3301.467773	1311.194946
3298.774414	1337.548950
3296.080078	1362.024292
3293.384766	1382.768555
3290.687500	1410.910522
3287.990234	1447.367554
3285.291016	1421.736328
3282.589844	1429.456177
3279.888672	1451.975586
3277.186523	1440.249512
3274.482422	1485.859497
3271.777344	1528.656982
3269.071289	1524.302368
3266.364258	1581.820190
3263.655273	1535.909546
3260.945313	1553.698975
3258.234375	1560.406006
3255.522461	1598.448853
3252.809570	1597.758423
3250.095703	1618.251831
3247.379883	1623.076294
3244.663086	1632.497314
3241.945313	1684.222168
3239.226563	1666.024414
3236.505859	1698.389282
3233.784180	1691.223877
3231.061523	1707.938721
3228.337891	1752.173950
3225.613281	1758.754883
3222.886719	1771.749023
3220.160156	1789.314697
3217.431641	1841.682373
3214.702148	1860.117432
3211.970703	1832.762451
3209.239258	1858.504761
3206.505859	1950.995361
3203.771484	1898.949585
3201.035156	1867.967651
3198.298828	1894.561279
3195.560547	1975.916504
3192.821289	1975.058594
3190.081055	1971.463867
3187.339844	1989.757324
3184.596680	2070.927734
3181.853516	2025.383545
3179.108398	2050.913574
3176.361328	2104.640381
3173.614258	2131.932373
3170.865234	2102.809814
3168.115234	2160.078857
3165.364258	2098.253906
3162.612305	2170.007080
3159.858398	2176.325684
3157.104492	2176.285156
3154.347656	2199.830078
3151.590820	2199.778320
3148.833008	2215.134033
3146.073242	2254.936523
3143.312500	2253.047607
3140.550781	2275.599365
3137.787109	2255.606445
3135.023438	2250.100098
3132.257813	2263.581787
3129.491211	2316.809082
3126.722656	2339.280762
3123.954102	2348.189697
3121.183594	2362.504883
3118.412109	2340.726074
3115.638672	2365.850098
3112.865234	2411.679443
3110.089844	2360.178467
3107.313477	2396.964600
3104.536133	2459.818848
3101.756836	2469.538330
3098.976563	2490.039551
3096.195313	2436.815430
3093.413086	2446.530029
3090.628906	2482.279541
3087.844727	2556.597412
3085.058594	2551.887939
3082.270508	2585.748535
3079.482422	2552.340820
3076.692383	2576.312744
3073.901367	2576.974121
3071.109375	2584.796875
3068.315430	2659.731689
3065.520508	2589.684814
3062.724609	2599.277832
3059.927734	2616.905273
3057.128906	2647.023438
3054.329102	2669.970703
3051.528320	2657.193848
3048.726563	2718.478760
3045.922852	2718.175537
3043.118164	2721.437256
3040.312500	2699.747314
3037.505859	2750.215088
3034.697266	2777.492188
3031.887695	2762.922119
3029.077148	2729.686035
3026.264648	2760.489746
3023.452148	2747.721436
3020.637695	2770.494141
3017.821289	2775.488525
3015.004883	2801.777100
3012.186523	2763.284180
3009.367188	2786.893311
3006.545898	2844.160645
3003.724609	2887.201660
3000.901367	2851.392334
2998.077148	2854.559570
2995.250977	2849.760498
2992.423828	2929.862549
2989.595703	2868.459229
2986.766602	2922.856934
2983.935547	2911.850586
2981.104492	2862.010010
2978.270508	2928.689941
2975.436523	2954.737305
2972.600586	2945.495850
2969.763672	2951.242676
2966.925781	2893.562988
2964.085938	2935.424561
2961.245117	2964.047119
2958.403320	2966.253418
2955.560547	2978.129150
2952.715820	2996.145508
2949.870117	2938.593750
2947.023438	3023.346436
2944.174805	2970.220459
2941.325195	2938.196777
2938.474609	2986.879639
2935.622070	2970.653320
2932.768555	3028.038574
2929.914063	2957.508057
2927.058594	3032.354248
2924.201172	3005.632813
2921.342773	3008.671143
2918.483398	3035.309814
2915.622070	3100.372803
2912.759766	3090.260498
2909.896484	3098.490479
2907.032227	3091.004150
2904.166016	3115.797852
2901.298828	3048.147949
2898.429688	3115.640869
2895.559570	3136.903320
2892.688477	3120.704590
2889.816406	3190.683350
2886.942383	3148.374512
2884.067383	3153.928467
2881.191406	3229.011230
2878.314453	3168.494385
2875.435547	3178.371094
2872.554688	3164.801758
2869.673828	3168.596191
2866.791016	3176.722412
2863.907227	3170.104004
2861.021484	3252.737061
2858.134766	3223.570313
2855.247070	3188.368896
2852.358398	3173.100098
2849.467773	3240.876709
2846.576172	3166.807373
2843.682617	3191.316650
2840.789063	3180.388672
2837.893555	3210.048584
2834.996094	3238.817627
2832.097656	3286.537598
2829.198242	3230.747070
2826.297852	3279.287842
2823.395508	3239.916016
2820.492188	3236.743408
2817.587891	3278.327881
2814.681641	3268.256348
2811.774414	3275.391113
2808.866211	3281.658936
2805.956055	3224.343994
2803.044922	3259.824707
2800.131836	3254.071045
2797.218750	3285.214600
2794.303711	3273.449463
2791.386719	3275.409180
2788.468750	3282.507324
2785.549805	3305.870361
2782.629883	3232.476807
2779.708008	3359.375732
2776.785156	3337.339355
2773.860352	3363.196533
2770.935547	3274.523682
2768.007813	3323.445313
2765.080078	3310.851807
2762.150391	3264.134033
2759.219727	3312.991455
2756.287109	3285.069824
2753.353516	3247.797852
2750.418945	3240.372803
2747.482422	3295.960449
2744.544922	3295.326660
2741.606445	3268.321533
2738.666016	3309.363525
2735.724609	3220.330322
2732.782227	3252.010010
2729.837891	3276.866943
2726.892578	3270.296143
2723.945313	3255.246338
2720.997070	3241.905029
2718.047852	3243.832031
2715.097656	3248.297852
2712.145508	3209.569336
2709.191406	3246.210449
2706.237305	3221.053223
2703.281250	3250.888428
2700.323242	3172.494385
2697.364258	3193.028320
2694.404297	3239.723877
2691.443359	3234.881592
2688.480469	3145.663086
2685.515625	3133.274902
2682.550781	3155.461182
2679.583984	3145.605957
2676.615234	3186.294434
2673.646484	3166.329346
2670.674805	3111.038330
2667.703125	3123.927246
2664.729492	3108.218262
2661.754883	3079.076660
2658.778320	3065.920410
2655.800781	3050.256104
2652.821289	3101.742432
2649.840820	3013.095703
2646.859375	3025.142822
2643.876953	3020.416748
2640.892578	2997.264648
2637.906250	2990.041504
2634.918945	3082.418945
2631.930664	2977.285400
2628.941406	3005.197510
2625.950195	2956.190674
2622.957031	2885.506836
2619.963867	2920.935059
2616.967773	2925.448242
2613.971680	2864.048828
2610.973633	2909.442383
2607.974609	2932.289063
2604.973633	2798.485352
2601.971680	2734.753906
2598.967773	2774.293457
2595.962891	2767.204590
2592.957031	2745.983887
2589.949219	2770.499512
2586.940430	2731.847168
2583.929688	2723.125977
2580.917969	2677.887939
2577.905273	2622.733643
2574.890625	2648.903809
2571.875000	2668.417725
2568.857422	2598.426270
2565.838867	2580.674805
2562.819336	2628.336426
2559.797852	2573.350586
2556.775391	2515.106201
2553.750977	2452.780518
2550.725586	2442.568848
2547.698242	2450.535889
2544.669922	2442.809570
2541.640625	2442.515869
2538.609375	2373.763916
2535.577148	2408.950684
2532.542969	2349.339600
2529.507813	2395.211426
2526.471680	2276.383301
2523.433594	2276.985107
2520.393555	2331.872559
2517.353516	2316.825928
2514.310547	2278.782471
2511.267578	2246.523193
2508.222656	2230.713135
2505.175781	2211.634277
2502.127930	2208.977539
2499.079102	2105.476318
2496.028320	2093.854736
2492.976563	2069.956055
2489.922852	2098.479492
2486.868164	2068.052246
2483.812500	1987.754028
2480.754883	2076.778320
2477.695313	2039.863037
2474.634766	1958.052856
2471.573242	1929.389893
2468.509766	1926.868774
2465.445313	1934.138184
2462.378906	1934.061890
2459.311523	1860.635498
2456.242188	1850.816528
2453.171875	1841.820190
2450.100586	1851.550537
2447.027344	1767.719604
2443.953125	1785.605225
2440.876953	1739.266968
2437.799805	1750.649048
2434.720703	1729.540405
2431.640625	1695.464844
2428.558594	1686.568604
2425.475586	1669.571411
2422.390625	1607.201904
2419.304688	1642.913452
2416.217773	1608.144043
2413.128906	1601.734131
2410.038086	1574.295776
2406.946289	1544.456421
2403.853516	1538.083252
2400.758789	1536.562744
2397.663086	1481.748535
2394.565430	1456.040894
2391.466797	1479.567871
2388.366211	1447.433105
2385.264648	1425.805664
2382.161133	1394.530273
2379.056641	1428.508545
2375.950195	1373.113770
2372.842773	1350.754517
2369.734375	1305.095947
2366.624023	1358.340820
2363.511719	1331.197876
2360.398438	1292.034668
2357.284180	1268.157349
2354.167969	1260.347046
2351.049805	1232.496460
2347.930664	1219.900146
2344.810547	1246.570801
2341.688477	1188.335205
2338.564453	1154.165161
2335.439453	1169.627686
2332.313477	1178.678223
2329.185547	1178.128662
2326.056641	1129.645264
2322.925781	1129.916748
2319.792969	1095.068848
2316.660156	1116.895752
2313.524414	1085.275269
2310.387695	1076.798096
2307.250000	1053.988403
2304.110352	998.551697
2300.969727	1014.799377
2297.827148	1016.711609
2294.682617	1015.440979
2291.537109	969.662109
2288.390625	950.141968
2285.242188	952.079468
2282.092773	973.063416
2278.941406	944.048279
2275.788086	911.095276
2272.633789	918.594177
2269.478516	914.994812
2266.321289	882.892578
2263.162109	888.810242
2260.001953	863.078491
2256.840820	884.813660
2253.676758	884.398438
2250.512695	844.484436
2247.346680	830.664612
2244.178711	797.126587
2241.009766	750.209106
2237.838867	786.915649
2234.666992	751.868347
2231.493164	811.383911
2228.318359	740.138000
2225.141602	731.132629
2221.963867	745.734680
2218.784180	703.711304
2215.602539	714.382507
2212.419922	714.046021
2209.236328	694.865784
2206.050781	679.627258
2202.863281	694.210815
2199.674805	674.282227
2196.485352	666.127380
2193.292969	668.162964
2190.100586	627.134766
2186.905273	649.533203
2183.709961	621.067261
2180.511719	605.137268
2177.312500	572.029907
2174.112305	599.878845
2170.910156	596.472351
2167.706055	571.218933
2164.500977	565.488770
2161.294922	563.661987
2158.085938	551.706482
2154.876953	561.570618
2151.665039	546.513000
2148.452148	519.019165
2145.238281	549.106323
2142.022461	533.297974
2138.804688	542.369446
2135.585938	529.685547
2132.365234	516.237183
2129.143555	492.714355
2125.919922	489.378204
2122.695313	478.293121
2119.468750	447.072998
2116.240234	466.221954
2113.010742	442.777740
2109.780273	465.778778
2106.546875	433.076538
2103.312500	452.968048
2100.077148	431.891876
2096.839844	430.141815
2093.600586	419.902557
2090.360352	422.017090
2087.119141	410.248840
2083.875000	404.657898
2080.629883	404.464966
2077.383789	381.940887
2074.135742	384.837372
2070.885742	387.730988
2067.634766	366.015594
2064.381836	356.617950
2061.127930	382.566620
2057.871094	373.169800
2054.614258	352.269714
2051.355469	367.443420
2048.094727	346.565765
2044.832031	350.231842
2041.568359	343.936249
2038.303711	347.599823
2035.037109	331.362671
2031.768555	325.849640
2028.498047	324.928986
2025.226563	302.612274
2021.954102	314.688110
2018.678711	300.795319
2015.403320	295.309509
2012.125000	298.218628
2008.845703	307.985931
2005.564453	294.122528
2002.282227	297.027710
1998.998047	282.421387
1995.712891	285.329163
1992.424805	279.107910
1989.136719	266.051208
1985.845703	253.766724
1982.553711	251.366379
1979.260742	242.895844
1975.964844	241.261520
1972.667969	257.070007
1969.370117	234.965515
1966.070313	237.882629
1962.768555	237.010727
1959.465820	246.735580
1956.161133	213.330887
1952.854492	217.764694
1949.546875	217.659576
1946.237305	232.662430
1942.925781	201.593704
1939.613281	214.325653
1936.298828	199.890305
1932.982422	206.579102
1929.665039	215.522079
1926.346680	197.340790
1923.025391	216.819244
1919.703125	185.110107
1916.378906	199.310654
1913.053711	184.930832
1909.726563	189.349533
1906.397461	190.008774
1903.067383	187.664658
1899.735352	195.076569
1896.401367	184.482880
1893.066406	167.153305
1889.729492	182.805389
1886.390625	168.488678
1883.050781	166.909851
1879.708984	166.828735
1876.365234	155.531418
1873.020508	155.455765
1869.673828	153.886093
1866.326172	147.837952
1862.975586	157.467773
1859.624023	160.374802
1856.271484	140.166397
1852.916016	141.588486
1849.559570	145.243668
1846.202148	140.705978
1842.841797	137.660873
1839.480469	133.874954
1836.118164	131.579437
1832.752930	133.744247
1829.386719	130.708282
1826.018555	124.706017
1822.649414	129.838608
1819.278320	123.100960
1815.905273	129.711624
1812.531250	120.757996
1809.154297	111.072594
1805.777344	113.238564
1802.397461	113.922859
1799.016602	123.479187
1795.633789	101.247643
1792.249023	113.755409
1788.863281	98.933426
1785.475586	107.002296
1782.085938	112.112862
1778.694336	102.473923
1775.301758	102.423584
1771.907227	106.792244
1768.510742	98.642250
1765.113281	92.707550
1761.713867	96.339012
1758.312500	94.086449
1754.910156	80.815742
1751.505859	89.587868
1748.099609	94.681496
1744.691406	85.831596
1741.282227	86.522530
1737.871094	84.281219
1734.458008	68.124237
1731.042969	76.144348
1727.626953	74.643166
1724.208984	83.383514
1720.790039	81.880180
1717.368164	72.340462
1713.945313	72.304703
1710.520508	78.838844
1707.093750	71.503563
1703.666016	71.468178
1700.236328	68.517166
1696.804688	61.197784
1693.371094	69.177490
1689.936523	69.143204
1686.500000	62.561760
1683.061523	59.622326
1679.622070	61.046223
1676.179688	58.836784
1672.736328	64.615723
1669.291016	57.327042
1665.844727	47.144382
1662.396484	57.995014
1658.945313	58.690750
1655.494141	57.213123
1652.040039	62.251644
1648.584961	53.538704
1645.126953	53.512043
1641.668945	63.604240
1638.208008	47.679405
1634.745117	54.154129
1631.281250	44.745087
1627.815430	46.886765
1624.347656	43.979465
1620.878906	50.443039
1617.408203	52.578606
1613.935547	43.913593
1610.460938	49.647923
1606.984375	38.835468
1603.506836	40.972485
1600.027344	42.388893
1596.545898	40.213383
1593.062500	38.757771
1589.577148	40.173107
1586.090820	40.152969
1582.602539	35.116234
1579.112305	32.233425
1575.620117	35.796944
1572.126953	33.632236
1568.630859	35.761009
1565.133789	30.024157
1561.634766	34.296078
1558.133789	34.278835
1554.631836	34.975376
1551.127930	33.530930
1547.621094	34.940182
1544.114258	32.071766
1540.604492	37.754383
1537.092773	37.023369
1533.580078	29.176786
1530.065430	32.007153
1526.548828	29.147358
1523.030273	24.869333
1519.509766	29.117937
1515.988281	24.844219
1512.463867	26.960093
1508.938477	26.946463
1505.411133	24.806559
1501.882813	27.627609
1498.351563	31.153835
1494.818359	24.768911
1491.284180	24.756365
1487.748047	22.622921
1484.209961	27.557707
1480.669922	21.893734
1477.128906	29.647430
1473.584961	21.871519
1470.040039	21.155239
1466.493164	24.668575
1462.944336	24.656038
1459.393555	21.123003
1455.840820	23.927229
1452.287109	18.991367
1448.730469	26.011959
1445.172852	21.782705
1441.613281	21.771608
1438.051758	16.846849
1434.488281	23.854200
1430.922852	22.439562
1427.356445	14.017570
1423.787109	17.513018
1420.216797	19.604563
1416.644531	20.294352
1413.070313	17.486189
1409.494141	18.875427
1405.916016	13.974646
1402.336914	16.062618
1398.754883	18.846462
1395.171875	20.232130
1391.585938	14.643345
1387.999023	16.726673
1384.410156	17.414682
1380.819336	17.405748
1377.226563	22.963795
1373.632813	19.474426
1370.036133	14.598317
1366.438477	15.285616
1362.837891	14.583313
1359.236328	10.411294
1355.632813	7.631021
1352.027344	15.254184
1348.419922	8.316179
1344.810547	15.238473
1341.199219	13.846016
1337.585938	8.995270
1333.970703	13.140150
1330.354492	8.985989
1326.735352	13.817460
1323.115234	11.048258
1319.493164	12.422867
1315.869141	12.416444
1312.242188	12.410022
1308.614258	8.958156
1304.984375	10.330982
1301.353516	10.325631
1297.719727	14.448394
1294.083984	9.627270
1290.446289	8.247665
1286.807617	4.808642
1283.166016	7.552516
1279.523438	10.293537
1275.877930	6.172914
1272.231445	2.742091
1268.582031	10.962662
1264.931641	5.478479
1261.279297	5.475628
1257.625000	8.893263
1253.968750	8.888631
1250.310547	4.100307
1246.650391	5.464226
1242.988281	7.509391
1239.324219	9.552420
1235.658203	5.455676
1231.990234	9.542446
1228.320313	11.581202
1224.648438	7.489801
1220.975586	6.805349
1217.299805	6.121609
1213.622070	6.118404
1209.943359	6.115200
1206.261719	3.395553
1202.578125	5.430037
1198.893555	6.105588
1195.206055	6.102385
1191.517578	8.809929
1187.826172	11.514627
1184.133789	0.676975
1180.438477	6.766192
1176.742188	5.410107
1173.042969	8.110891
1169.342773	9.457726
1165.639648	3.375980
1161.935547	4.723882
1158.228516	4.721392
1154.520508	5.393031
1150.809570	7.411506
1147.097656	6.060759
1143.382813	2.692248
1139.666992	6.727064
1135.948242	6.723508
1132.227539	6.719952
1128.505859	2.686559
1124.781250	4.698989
1121.055664	6.038358
1117.327148	4.694012
1113.596680	2.010653
1109.865234	5.358898
1106.130859	2.008521
1102.394531	1.338303
1098.657227	6.687961
1094.916992	0.668441
1091.174805	5.344683
1087.430664	2.670920
1083.684570	7.341122
1079.936523	1.334039
1076.186523	2.666657
1072.434570	3.997854
1068.680664	6.659537
1064.924805	1.996795
1061.166992	5.321946
1057.406250	3.989328
1053.644531	1.993599
1049.880859	4.649244
1046.114258	1.991468
1042.346680	1.990403
1038.576172	4.641787
1034.803711	5.302059
1031.030273	4.636816
1027.253906	3.972283
1023.475586	3.970153
1019.695313	7.274709
1015.913086	3.304911
1012.128906	2.642509
1008.342773	3.301361
1004.553711	5.939255
