4046.277344	230.597153
4043.892578	213.826447
4041.505859	202.216858
4039.119141	212.610535
4036.731445	224.042892
4034.342773	219.768417
4031.952148	220.727753
4029.561523	224.823349
4027.169922	204.874268
4024.777344	227.780289
4022.383789	220.379074
4019.989258	245.348816
4017.593750	207.681259
4015.197266	231.592911
4012.799805	228.372803
4010.401367	251.214813
4008.001953	245.905411
4005.601563	255.181961
4003.201172	252.998474
4000.798828	259.142517
3998.395508	253.838058
3995.991211	243.338211
3993.585938	252.597015
3991.180664	262.887482
3988.773438	256.550995
3986.365234	273.061066
3983.957031	259.460510
3981.546875	274.918701
3979.135742	270.661224
3976.724609	294.395325
3974.311523	289.097137
3971.898438	287.946167
3969.483398	271.265533
3967.068359	284.611755
3964.651367	287.601837
3962.234375	310.237854
3959.815430	303.911743
3957.396484	307.923584
3954.975586	330.524109
3952.554688	291.157990
3950.131836	328.195862
3947.708984	333.222870
3945.284180	308.339874
3942.859375	330.894623
3940.432617	340.035858
3938.005859	328.569702
3935.577148	349.029816
3933.148438	362.269226
3930.718750	346.692566
3928.287109	353.751984
3925.855469	361.833588
3923.421875	346.275513
3920.988281	384.139648
3918.552734	357.291199
3916.117188	385.883698
3913.680664	378.547516
3911.242188	375.318970
3908.803711	383.368439
3906.363281	371.943237
3903.922852	401.496063
3901.480469	403.382080
3899.038086	391.962250
3896.593750	366.229675
3894.149414	387.556183
3891.703125	407.843262
3889.256836	425.048584
3886.808594	406.493011
3884.360352	428.789398
3881.910156	414.329132
3879.459961	436.604095
3877.007813	482.313873
3874.555664	431.155029
3872.101563	462.565674
3869.646484	469.507843
3867.191406	470.335999
3864.734375	484.392548
3862.277344	474.024323
3859.818359	464.681152
3857.358398	513.279968
3854.897461	500.880249
3852.436523	495.599396
3849.973633	503.519806
3847.509766	504.330353
3845.044922	525.426880
3842.579102	538.394714
3840.113281	547.297791
3837.645508	531.879028
3835.176758	549.891479
3832.707031	550.680359
3830.236328	559.563354
3827.764648	561.358765
3825.291992	589.439758
3822.818359	569.997925
3820.343750	584.919312
3817.868164	592.759705
3815.390625	638.950745
3812.913086	626.582581
3810.434570	609.181458
3807.955078	628.088318
3805.473633	645.971863
3802.992188	639.664307
3800.509766	662.562866
3798.025391	692.488159
3795.541016	673.089294
3793.054688	658.734619
3790.568359	709.735352
3788.080078	699.396545
3785.591797	726.231323
3783.101563	697.820740
3780.610352	734.670288
3778.119141	766.473328
3775.625977	728.052185
3773.131836	702.693726
3770.636719	770.542358
3768.140625	736.172485
3765.643555	762.902832
3763.145508	803.621826
3760.646484	833.303284
3758.146484	776.964050
3755.645508	805.632080
3753.143555	818.290161
3750.639648	801.974670
3748.135742	843.574463
3745.630859	831.253113
3743.124023	838.891479
3740.617188	835.555420
3738.108398	852.155334
3735.599609	885.677795
3733.088867	924.151733
3730.577148	882.958252
3728.064453	938.316650
3725.551758	916.048584
3723.037109	949.474548
3720.521484	937.157654
3718.004883	978.494019
3715.487305	941.350159
3712.967773	965.776367
3710.448242	1004.072449
3707.927734	986.798279
3705.406250	1039.923706
3702.882813	1052.376587
3700.359375	1044.017700
3697.833984	1054.477783
3695.308594	1096.599609
3692.781250	1090.210449
3690.252930	1124.370972
3687.723633	1115.009521
3685.193359	1118.500488
3682.662109	1139.766235
3680.129883	1185.695557
3677.596680	1168.428101
3675.062500	1180.767822
3672.527344	1208.873535
3669.990234	1238.926758
3667.453125	1248.265381
3664.915039	1222.142700
3662.375000	1260.027222
3659.833984	1277.216187
3657.292969	1290.456299
3654.750000	1334.163208
3652.206055	1252.039795
3649.661133	1324.213989
3647.115234	1332.501221
3644.568359	1357.467407
3642.019531	1365.733154
3639.470703	1426.950684
3636.920898	1357.735107
3634.369141	1352.270630
3631.817383	1425.170166
3629.263672	1441.221313
3626.708984	1409.303223
3624.153320	1471.325806
3621.596680	1470.712769
3619.039063	1539.499390
3616.480469	1570.123169
3613.920898	1559.701904
3611.360352	1537.573975
3608.797852	1567.183228
3606.235352	1614.324707
3603.670898	1627.301025
3601.105469	1650.011963
3598.540039	1672.703491
3595.972656	1730.432251
3593.404297	1768.644409
3590.834961	1790.283569
3588.264648	1787.589722
3585.692383	1813.090332
3583.120117	1859.947998
3580.545898	1809.630493
3577.971680	1877.810059
3575.395508	1912.933594
3572.818359	1961.609131
3570.240234	1966.605469
3567.661133	1978.382446
3565.081055	2010.496094
3562.500000	2062.920898
3559.917969	2101.747803
3557.333984	2081.511963
3554.750000	2106.755127
3552.164063	2131.009766
3549.577148	2119.483643
3546.989258	2207.471924
3544.400391	2245.171143
3541.810547	2244.227539
3539.219727	2236.530029
3536.626953	2288.634277
3534.034180	2281.887451
3531.439453	2364.763916
3528.844727	2400.371582
3526.248047	2443.651123
3523.650391	2456.096191
3521.051758	2462.757813
3518.451172	2514.608887
3515.850586	2502.976074
3513.249023	2606.648193
3510.645508	2561.371094
3508.041016	2587.170654
3505.436523	2654.209717
3502.830078	2631.028809
3500.222656	2781.404785
3497.613281	2790.772705
3495.003906	2789.594238
3492.393555	2873.638672
3489.781250	2862.853271
3487.167969	2908.524170
3484.553711	2981.889648
3481.938477	3077.179199
3479.322266	3102.632813
3476.705078	3110.871582
3474.086914	3135.333008
3471.466797	3223.712646
3468.845703	3266.228027
3466.224609	3322.056152
3463.601563	3339.711182
3460.977539	3368.782959
3458.351563	3443.539551
3455.725586	3489.675049
3453.098633	3518.643311
3450.469727	3595.140869
3447.839844	3680.128418
3445.208984	3771.695068
3442.577148	3731.148926
3439.944336	3722.918457
3437.310547	3805.805420
3434.674805	3960.720215
3432.039063	3937.227051
3429.401367	4028.445068
3426.762695	4071.263428
3424.123047	4066.691162
3421.481445	4163.414063
3418.839844	4290.333984
3416.197266	4279.049805
3413.552734	4256.428223
3410.907227	4445.516602
3408.260742	4394.501465
3405.613281	4490.831055
3402.963867	4559.706055
3400.314453	4610.595215
3397.663086	4646.351563
3395.011719	4772.568848
3392.358398	4785.609375
3389.704102	4848.554199
3387.047852	4885.083984
3384.391602	5026.035156
3381.733398	5077.504883
3379.075195	5098.842285
3376.415039	5219.781250
3373.753906	5257.946289
3371.090820	5329.882324
3368.427734	5530.345703
3365.762695	5634.937988
3363.097656	5500.295898
3360.430664	5682.613770
3357.762695	5740.151367
3355.092773	5880.996582
3352.422852	5885.968262
3349.750977	6001.360352
3347.079102	6126.941406
3344.405273	6229.972656
3341.729492	6319.829102
3339.053711	6296.567871
3336.376953	6418.064941
3333.698242	6576.791992
3331.018555	6669.138184
3328.337891	6851.865723
3325.656250	6820.026855
3322.973633	6914.006836
3320.289063	7055.406738
3317.604492	7165.028320
3314.917969	7201.966797
3312.230469	7342.124023
3309.541016	7365.002930
3306.851563	7469.648438
3304.160156	7587.207520
3301.467773	7596.944824
3298.774414	7662.364258
3296.080078	7790.815918
3293.384766	7878.349121
3290.687500	7911.110840
3287.990234	8123.604980
3285.291016	8185.867188
3282.589844	8211.041016
3279.888672	8304.670898
3277.186523	8471.293945
3274.482422	8535.139648
3271.777344	8651.607422
3269.071289	8797.534180
3266.364258	8919.323242
3263.655273	8975.470703
3260.945313	9197.639648
3258.234375	9291.424805
3255.522461	9428.452148
3252.809570	9417.007813
3250.095703	9796.087891
3247.379883	9789.092773
3244.663086	9905.412109
3241.945313	10172.481445
3239.226563	10254.508789
3236.505859	10440.315430
3233.784180	10528.581055
3231.061523	10734.302734
3228.337891	10833.373047
3225.613281	10855.288086
3222.886719	11098.191406
3220.160156	11210.716797
3217.431641	11423.012695
3214.702148	11457.443359
3211.970703	11815.001953
3209.239258	11846.481445
3206.505859	12042.571289
3203.771484	12252.202148
3201.035156	12370.258789
3198.298828	12489.124023
3195.560547	12485.528320
3192.821289	12829.666992
3190.081055	12936.306641
3187.339844	13185.105469
3184.596680	13113.748047
3181.853516	13341.291016
3179.108398	13449.330078
3176.361328	13577.297852
3173.614258	13751.555664
3170.865234	13991.143555
3168.115234	14103.242188
3165.364258	14210.694336
3162.612305	14363.465820
3159.858398	14419.859375
3157.104492	14519.761719
3154.347656	14889.901367
3151.590820	14951.419922
3148.833008	15122.548828
3146.073242	15347.881836
3143.312500	15616.481445
3140.550781	15712.860352
3137.787109	15906.865234
3135.023438	16135.967773
3132.257813	16278.083008
3129.491211	16452.597656
3126.722656	16756.113281
3123.954102	16874.285156
3121.183594	17049.199219
3118.412109	17159.011719
3115.638672	17321.015625
3112.865234	17668.527344
3110.089844	17727.462891
3107.313477	18032.160156
3104.536133	18100.775391
3101.756836	18338.458984
3098.976563	18630.783203
3096.195313	18564.201172
3093.413086	18831.902344
3090.628906	19065.236328
3087.844727	19264.248047
3085.058594	19510.636719
3082.270508	19943.357422
3079.482422	19912.203125
3076.692383	20203.667969
3073.901367	20140.167969
3071.109375	20587.050781
3068.315430	20723.890625
3065.520508	21020.726563
3062.724609	21007.921875
3059.927734	21265.035156
3057.128906	21437.048828
3054.329102	21541.037109
3051.528320	21725.259766
3048.726563	21931.621094
3045.922852	21950.515625
3043.118164	22387.455078
3040.312500	22599.468750
3037.505859	22560.136719
3034.697266	22682.851563
3031.887695	23008.333984
3029.077148	23310.398438
3026.264648	23461.941406
3023.452148	23831.064453
3020.637695	23650.906250
3017.821289	24087.085938
3015.004883	24400.400391
3012.186523	24455.287109
3009.367188	24734.455078
3006.545898	24960.189453
3003.724609	25301.773438
3000.901367	25510.220703
2998.077148	25639.697266
2995.250977	25941.578125
2992.423828	25940.736328
2989.595703	26257.230469
2986.766602	26793.445313
2983.935547	26688.873047
2981.104492	27119.355469
2978.270508	27153.251953
2975.436523	27380.271484
2972.600586	27532.142578
2969.763672	27669.773438
2966.925781	27942.921875
2964.085938	28093.439453
2961.245117	28275.496094
2958.403320	28473.218750
2955.560547	28630.310547
2952.715820	28644.873047
2949.870117	29023.115234
2947.023438	28994.447266
2944.174805	28971.939453
2941.325195	29512.691406
2938.474609	29419.800781
2935.622070	29527.714844
2932.768555	29540.898438
2929.914063	29845.697266
2927.058594	29871.841797
2924.201172	30035.328125
2921.342773	30245.890625
2918.483398	30469.369141
2915.622070	30644.580078
2912.759766	30768.966797
2909.896484	31121.101563
2907.032227	31016.505859
2904.166016	31211.189453
2901.298828	31505.957031
2898.429688	31459.693359
2895.559570	31707.898438
2892.688477	31651.119141
2889.816406	32052.181641
2886.942383	32219.728516
2884.067383	32349.724609
2881.191406	32453.519531
2878.314453	32698.826172
2875.435547	32844.906250
2872.554688	33000.394531
2869.673828	33281.539063
2866.791016	33535.539063
2863.907227	33780.636719
2861.021484	33717.902344
2858.134766	34232.898438
2855.247070	34248.777344
2852.358398	34218.773438
2849.467773	34546.000000
2846.576172	34451.027344
2843.682617	34724.257813
2840.789063	34515.250000
2837.893555	35049.792969
2834.996094	34801.109375
2832.097656	35110.746094
2829.198242	35017.437500
2826.297852	35141.382813
2823.395508	35078.273438
2820.492188	35035.875000
2817.587891	35410.070313
2814.681641	35060.417969
2811.774414	35233.027344
2808.866211	35352.183594
2805.956055	35302.828125
2803.044922	35563.519531
2800.131836	35427.398438
2797.218750	35586.535156
2794.303711	35511.394531
2791.386719	35545.175781
2788.468750	35568.632813
2785.549805	35562.085938
2782.629883	35829.468750
2779.708008	36005.046875
2776.785156	35836.628906
2773.860352	36392.453125
2770.935547	36287.222656
2768.007813	36319.593750
2765.080078	36160.683594
2762.150391	36197.324219
2759.219727	36564.027344
2756.287109	36441.851563
2753.353516	36333.406250
2750.418945	36524.894531
2747.482422	36579.117188
2744.544922	36561.785156
2741.606445	36686.527344
2738.666016	36782.230469
2735.724609	36484.328125
2732.782227	36540.085938
2729.837891	36703.625000
2726.892578	36275.417969
2723.945313	36346.433594
2720.997070	36307.980469
2718.047852	36438.226563
2715.097656	36509.886719
2712.145508	36254.585938
2709.191406	36278.835938
2706.237305	36143.144531
2703.281250	36213.070313
2700.323242	36036.089844
2697.364258	36051.902344
2694.404297	36044.882813
2691.443359	35945.847656
2688.480469	35689.945313
2685.515625	35702.464844
2682.550781	35543.832031
2679.583984	35622.953125
2676.615234	35586.605469
2673.646484	35241.304688
2670.674805	35563.617188
2667.703125	35161.421875
2664.729492	35316.992188
2661.754883	35196.773438
2658.778320	35236.246094
2655.800781	34734.132813
2652.821289	34709.976563
2649.840820	34502.964844
2646.859375	34464.660156
2643.876953	34271.335938
2640.892578	34471.054688
2637.906250	34501.445313
2634.918945	34403.746094
2631.930664	34050.140625
2628.941406	34035.492188
2625.950195	33825.273438
2622.957031	33940.210938
2619.963867	33786.984375
2616.967773	33611.355469
2613.971680	33505.117188
2610.973633	33236.355469
2607.974609	33057.851563
2604.973633	32914.488281
2601.971680	32568.886719
2598.967773	32671.404297
2595.962891	32522.558594
2592.957031	32205.019531
2589.949219	32004.132813
2586.940430	31649.710938
2583.929688	31564.677734
2580.917969	31412.472656
2577.905273	31368.259766
2574.890625	31343.980469
2571.875000	31093.408203
2568.857422	30784.226563
2565.838867	30396.636719
2562.819336	30367.839844
2559.797852	29879.828125
2556.775391	29756.988281
2553.750977	29343.257813
2550.725586	29432.292969
2547.698242	29090.099609
2544.669922	28782.884766
2541.640625	28891.003906
2538.609375	28242.675781
2535.577148	28408.632813
2532.542969	28183.835938
2529.507813	28000.416016
2526.471680	27660.734375
2523.433594	27306.541016
2520.393555	27308.818359
2517.353516	27095.681641
2514.310547	26969.839844
2511.267578	26691.324219
2508.222656	26613.384766
2505.175781	26441.134766
2502.127930	26011.470703
2499.079102	25954.421875
2496.028320	25732.695313
2492.976563	25236.753906
2489.922852	25173.564453
2486.868164	24781.435547
2483.812500	24592.525391
2480.754883	24354.722656
2477.695313	23988.005859
2474.634766	23782.541016
2471.573242	23760.156250
2468.509766	23534.566406
2465.445313	23338.546875
2462.378906	23024.468750
2459.311523	22911.978516
2456.242188	22603.259766
2453.171875	22374.613281
2450.100586	22161.634766
2447.027344	21888.648438
2443.953125	21499.628906
2440.876953	21369.414063
2437.799805	21082.527344
2434.720703	21017.570313
2431.640625	20910.462891
2428.558594	20473.271484
2425.475586	20282.980469
2422.390625	19960.750000
2419.304688	19999.312500
2416.217773	19718.792969
2413.128906	19474.949219
2410.038086	19196.539063
2406.946289	19026.732422
2403.853516	18723.718750
2400.758789	18726.353516
2397.663086	18287.279297
2394.565430	18026.173828
2391.466797	17941.171875
2388.366211	17579.660156
2385.264648	17419.169922
2382.161133	17313.605469
2379.056641	17139.687500
2375.950195	16797.705078
2372.842773	16691.753906
2369.734375	16567.400391
2366.624023	16305.715820
2363.511719	16033.020508
2360.398438	15900.296875
2357.284180	15859.994141
2354.167969	15557.383789
2351.049805	15349.672852
2347.930664	15235.927734
2344.810547	14938.020508
2341.688477	14796.534180
2338.564453	14600.749023
2335.439453	14508.342773
2332.313477	14302.468750
2329.185547	14264.628906
2326.056641	14103.789063
2322.925781	13840.881836
2319.792969	13549.482422
2316.660156	13500.875977
2313.524414	13510.520508
2310.387695	13246.768555
2307.250000	12919.524414
2304.110352	12891.191406
2300.969727	12644.797852
2297.827148	12587.175781
2294.682617	12326.038086
2291.537109	12131.903320
2288.390625	11991.172852
2285.242188	11911.713867
2282.092773	11733.112305
2278.941406	11546.742188
2275.788086	11441.421875
2272.633789	11385.336914
2269.478516	11124.119141
2266.321289	11023.883789
2263.162109	11013.174805
2260.001953	10763.562500
2256.840820	10558.459961
2253.676758	10532.956055
2250.512695	10358.166016
2247.346680	10253.022461
2244.178711	10036.691406
2241.009766	9834.759766
2237.838867	9745.769531
2234.666992	9593.020508
2231.493164	9476.649414
2228.318359	9391.090820
2225.141602	9245.010742
2221.963867	9114.796875
2218.784180	8921.015625
2215.602539	8869.660156
2212.419922	8787.714844
2209.236328	8598.277344
2206.050781	8435.697266
2202.863281	8412.109375
2199.674805	8253.684570
2196.485352	8219.228516
2193.292969	8050.854980
2190.100586	7921.001953
2186.905273	7859.352051
2183.709961	7675.734375
2180.511719	7637.707520
2177.312500	7535.634277
2174.112305	7543.007813
2170.910156	7381.735352
2167.706055	7194.081055
2164.500977	7121.258789
2161.294922	7070.332520
2158.085938	6881.524902
2154.876953	6906.306152
2151.665039	6723.199707
2148.452148	6674.104492
2145.238281	6576.053223
2142.022461	6478.092773
2138.804688	6415.966797
2135.585938	6379.526855
2132.365234	6294.988770
2129.143555	6125.952637
2125.919922	6030.752930
2122.695313	5978.276367
2119.468750	5856.113770
2116.240234	5856.429199
2113.010742	5692.635254
2109.780273	5625.710449
2106.546875	5561.939941
2103.312500	5437.162598
2100.077148	5370.448242
2096.839844	5304.567383
2093.600586	5261.131836
2090.360352	5118.982422
2087.119141	5115.772461
2083.875000	5013.133301
2080.629883	5042.330078
2077.383789	4910.558594
2074.135742	4840.484375
2070.885742	4775.860840
2067.634766	4685.153320
2064.381836	4636.801758
2061.127930	4591.567871
2057.871094	4470.359375
2054.614258	4379.963379
2051.355469	4366.363281
2048.094727	4256.165039
2044.832031	4297.045898
2041.568359	4098.892578
2038.303711	4110.712402
2035.037109	4063.593262
2031.768555	3950.735840
2028.498047	3982.482666
2025.226563	3839.202393
2021.954102	3807.573486
2018.678711	3706.500488
2015.403320	3642.913574
2012.125000	3682.352051
2008.845703	3620.359619
2005.564453	3565.282959
2002.282227	3542.245605
1998.998047	3483.450684
1995.712891	3409.493164
1992.424805	3252.709717
1989.136719	3324.119629
1985.845703	3216.151367
1982.553711	3156.888428
1979.260742	3081.740967
1975.964844	3088.602783
1972.667969	2986.258789
1969.370117	2996.947266
1966.070313	2889.440674
1962.768555	2905.463623
1959.465820	2798.859375
1956.161133	2798.265625
1952.854492	2742.474121
1949.546875	2644.412842
1946.237305	2676.373291
1942.925781	2669.795410
1939.613281	2599.075928
1936.298828	2536.721191
1932.982422	2525.693359
1929.665039	2462.678955
1926.346680	2392.945313
1923.025391	2349.627930
1919.703125	2401.916504
1916.378906	2334.567139
1913.053711	2276.302979
1909.726563	2245.895996
1906.397461	2208.758057
1903.067383	2188.920654
1899.735352	2182.606689
1896.401367	2173.298340
1893.066406	2113.027588
1889.729492	2100.014404
1886.390625	2022.612915
1883.050781	1995.433594
1879.708984	2002.692871
1876.365234	1963.584106
1873.020508	1934.228516
1869.673828	1898.924561
1866.326172	1864.400757
1862.975586	1864.985718
1859.624023	1801.419312
1856.271484	1799.050537
1852.916016	1770.601318
1849.559570	1722.813232
1846.202148	1764.408203
1842.841797	1673.509766
1839.480469	1651.868164
1836.118164	1609.432129
1832.752930	1591.556641
1829.386719	1554.388794
1826.018555	1551.402222
1822.649414	1502.418091
1819.278320	1495.009277
1815.905273	1466.112061
1812.531250	1424.648071
1809.154297	1422.469727
1805.777344	1372.184937
1802.397461	1392.965820
1799.016602	1367.143799
1795.633789	1333.956177
1792.249023	1326.653931
1788.863281	1289.826050
1785.475586	1254.509644
1782.085938	1240.617310
1778.694336	1219.365967
1775.301758	1198.134888
1771.907227	1157.775269
1768.510742	1172.664917
1765.113281	1174.295654
1761.713867	1131.064087
1758.312500	1123.156982
1754.910156	1110.849121
1751.505859	1057.430542
1748.099609	1076.726807
1744.691406	1056.388916
1741.282227	1019.206055
1737.871094	1022.367859
1734.458008	979.377441
1731.042969	1022.091431
1727.626953	935.234985
1724.208984	946.476074
1720.790039	918.958801
1717.368164	911.928284
1713.945313	922.432678
1710.520508	902.266785
1707.093750	886.498230
1703.666016	875.849792
1700.236328	866.669312
1696.804688	854.583313
1693.371094	838.139893
1689.936523	820.256714
1686.500000	798.026184
1683.061523	788.178040
1679.622070	767.438232
1676.179688	748.171448
1672.736328	734.005615
1669.291016	725.658752
1665.844727	707.891052
1662.396484	709.713989
1658.945313	705.738159
1655.494141	672.073120
1652.040039	668.119385
1648.584961	660.551819
1645.126953	634.913147
1641.668945	625.923523
1638.208008	622.721924
1634.745117	649.127502
1631.281250	599.006775
1627.815430	608.806641
1624.347656	570.291077
1620.878906	576.491882
1617.408203	560.358276
1613.935547	570.876709
1610.460938	538.931824
1606.984375	523.559631
1603.506836	529.048218
1600.027344	525.191223
1596.545898	501.231110
1593.062500	506.004211
1589.577148	487.098907
1586.090820	462.476166
1582.602539	466.544220
1579.112305	469.175415
1575.620117	461.064667
1572.126953	432.210022
1568.630859	459.886566
1565.133789	427.486786
1561.634766	430.844452
1558.133789	428.485413
1554.631836	423.987213
1551.127930	404.511444
1547.621094	387.194275
1544.114258	393.413635
1540.604492	380.393219
1537.092773	369.521698
1533.580078	372.181946
1530.065430	336.430725
1526.548828	353.322845
1523.030273	351.012848
1519.509766	343.023499
1515.988281	327.943695
1512.463867	334.163269
1508.938477	318.393738
1505.411133	321.067749
1501.882813	310.987701
1498.351563	306.582062
1494.818359	300.765350
1491.284180	289.295807
1487.748047	287.028290
1484.209961	278.403503
1480.669922	283.912292
1477.128906	280.944702
1473.584961	280.096558
1470.040039	267.261200
1466.493164	248.095383
1462.944336	255.718353
1459.393555	237.281738
1455.840820	244.902222
1452.287109	251.811447
1448.730469	242.543945
1445.172852	226.961731
1441.613281	234.571518
1438.051758	208.479752
1434.488281	211.179840
1430.922852	218.785721
1427.356445	211.665298
1423.787109	215.059845
1420.216797	212.149368
1416.644531	191.046829
1413.070313	200.741440
1409.494141	179.666107
1405.916016	204.728561
1402.336914	185.069290
1398.754883	184.974548
1395.171875	173.717255
1391.585938	191.060791
1387.999023	179.114792
1384.410156	174.843414
1380.819336	167.095184
1377.226563	158.658936
1373.632813	157.881958
1370.036133	159.191177
1366.438477	159.109360
1362.837891	163.194214
1359.236328	161.722107
1355.632813	136.664642
1352.027344	134.514175
1348.419922	139.296005
1344.810547	142.687515
1341.199219	130.844849
1337.585938	120.398224
1333.970703	127.943565
1330.354492	126.495071
1326.735352	116.757538
1323.115234	127.745483
1319.493164	118.707390
1315.869141	115.197006
1312.242188	110.311302
1308.614258	110.254219
1304.984375	123.283051
1301.353516	108.074944
1297.719727	103.890831
1294.083984	105.212303
1290.446289	104.470436
1286.807617	86.555565
1283.166016	101.615669
1279.523438	98.817955
1275.877930	93.279587
1272.231445	95.287674
1268.582031	86.330963
1264.931641	85.601242
1261.279297	93.770134
1257.625000	83.459854
1253.968750	83.416382
1250.310547	83.372910
1246.650391	76.499161
1242.988281	76.459259
1239.324219	84.607147
1235.658203	75.697502
1231.990234	71.568344
1228.320313	77.662170
1224.648438	72.174446
1220.975586	71.456161
1217.299805	72.779129
1213.622070	69.341919
1209.943359	69.305603
1206.261719	65.194626
1202.578125	65.160446
1198.893555	60.377483
1195.206055	65.092102
1191.517578	62.347191
1187.826172	61.637115
1184.133789	64.312630
1180.438477	58.865871
1176.742188	64.921288
1173.042969	54.748516
1169.342773	56.070801
1165.639648	51.314899
1161.935547	56.011745
1158.228516	51.260830
1154.520508	53.256184
1150.809570	54.575634
1147.097656	49.832901
1143.382813	57.883331
1139.666992	55.161922
1135.948242	53.788063
1132.227539	47.039665
1128.505859	48.358055
1124.781250	42.290901
1121.055664	40.926647
1117.327148	47.610695
1113.596680	41.553497
1109.865234	42.871185
1106.130859	32.136330
1102.394531	45.502296
1098.657227	44.140541
1094.916992	34.090477
1091.174805	32.736183
1087.430664	38.060612
1083.684570	39.375107
1079.936523	33.350971
1076.186523	31.999880
1072.434570	28.651283
1068.680664	33.963638
1064.924805	35.942318
1061.166992	31.266434
1057.406250	34.574181
1053.644531	34.555710
1049.880859	28.559643
1046.114258	28.544373
1042.346680	29.856039
1038.576172	31.166285
1034.803711	23.859264
1031.030273	27.158493
1027.253906	27.805983
1023.475586	31.761225
1019.695313	29.760174
1015.913086	24.456341
1012.128906	27.746342
1008.342773	21.128712
1004.553711	27.716524
