4046.277344	181.333221
4043.892578	185.525894
4041.505859	184.405014
4039.119141	183.284943
4036.731445	184.259583
4034.342773	187.326416
4031.952148	172.607010
4029.561523	187.178497
4027.169922	204.874268
4024.777344	216.286789
4022.383789	207.845673
4019.989258	202.543274
4017.593750	214.986618
4015.197266	190.907669
4012.799805	210.645233
4010.401367	215.773727
4008.001953	205.268494
4005.601563	209.353363
4003.201172	220.722946
4000.798828	221.676117
3998.395508	225.749420
3995.991211	215.260727
3993.585938	227.649170
3991.180664	229.636887
3988.773438	229.545624
3986.365234	221.148315
3983.957031	254.271301
3981.546875	247.945557
3979.135742	232.291626
3976.724609	239.455368
3974.311523	252.830460
3971.898438	229.942612
3969.483398	247.452164
3967.068359	237.003967
3964.651367	250.358444
3962.234375	265.770447
3959.815430	258.428345
3957.396484	269.691467
3954.975586	281.978394
3952.554688	265.346100
3950.131836	253.887360
3947.708984	262.039032
3945.284180	278.433990
3942.859375	285.538361
3940.432617	281.302399
3938.005859	285.309753
3935.577148	293.432159
3933.148438	291.256226
3930.718750	296.283264
3928.287109	284.852631
3925.855469	269.319305
3923.421875	305.174561
3920.988281	282.455627
3918.552734	317.249939
3916.117188	301.728210
3913.680664	319.046844
3911.242188	316.867645
3908.803711	317.765289
3906.363281	318.662109
3903.922852	332.873016
3901.480469	320.453278
3899.038086	325.441254
3896.593750	330.425110
3894.149414	334.382263
3891.703125	337.313965
3889.256836	345.351959
3886.808594	362.575439
3884.360352	342.010590
3881.910156	374.529053
3879.459961	342.754639
3877.007813	356.891876
3874.555664	362.863342
3872.101563	355.584625
3869.646484	382.939148
3867.191406	362.423401
3864.734375	393.823364
3862.277344	406.887848
3859.818359	371.134827
3857.358398	398.427246
3854.897461	411.473633
3852.436523	401.151154
3849.973633	405.049194
3847.509766	402.855438
3845.044922	425.007446
3842.579102	421.793243
3840.113281	440.878784
3837.645508	429.555664
3835.176758	436.470032
3832.707031	421.108490
3830.236328	420.937347
3827.764648	449.087006
3825.291992	445.871246
3822.818359	420.423981
3820.343750	446.518707
3817.868164	443.307495
3815.390625	445.145782
3812.913086	464.135254
3810.434570	472.014771
3807.955078	487.953064
3805.473633	479.692047
3802.992188	506.694733
3800.509766	500.446411
3798.025391	495.209564
3795.541016	530.221313
3793.054688	523.970581
3790.568359	557.936462
3788.080078	532.586426
3785.591797	520.315125
3783.101563	542.191650
3780.610352	559.031921
3778.119141	583.884094
3775.625977	565.594299
3773.131836	577.391724
3770.636719	589.179321
3768.140625	572.912476
3765.643555	593.702576
3763.145508	561.434448
3760.646484	618.224976
3758.146484	616.971497
3755.645508	605.723389
3753.143555	614.466980
3750.639648	642.178955
3748.135742	655.891663
3745.630859	653.626404
3743.124023	674.305176
3740.617188	636.138855
3738.108398	669.764221
3735.599609	697.384094
3733.088867	702.076477
3730.577148	686.855896
3728.064453	711.448975
3725.551758	728.064636
3723.037109	700.920959
3720.521484	724.483521
3718.004883	740.079224
3715.487305	736.795166
3712.967773	737.483887
3710.448242	754.046509
3707.927734	758.694153
3705.406250	738.554077
3702.882813	744.194763
3700.359375	771.622192
3697.833984	784.174988
3695.308594	818.490845
3692.781250	804.302246
3690.252930	801.003052
3687.723633	823.406860
3685.193359	840.851563
3682.662109	820.750244
3680.129883	887.543945
3677.596680	888.163269
3675.062500	876.944580
3672.527344	871.651062
3669.990234	894.944763
3667.453125	893.588501
3664.915039	907.990051
3662.375000	912.535400
3659.833984	939.708374
3657.292969	957.022827
3654.750000	957.608643
3652.206055	965.073059
3649.661133	981.372192
3647.115234	1008.458923
3644.568359	985.464417
3642.019531	1079.243164
3639.470703	1028.777588
3636.920898	1018.546448
3634.369141	1052.419312
3631.817383	1076.468750
3629.263672	1056.438721
3626.708984	1067.742920
3624.153320	1083.928833
3621.596680	1128.459106
3619.039063	1113.326782
3616.480469	1107.977417
3613.920898	1156.347534
3611.360352	1155.865234
3608.797852	1201.246826
3606.235352	1198.794678
3603.670898	1194.394043
3601.105469	1170.504639
3598.540039	1223.596802
3595.972656	1252.299316
3593.404297	1269.296875
3590.834961	1268.766113
3588.264648	1313.946533
3585.692383	1264.788574
3583.120117	1319.649536
3580.545898	1299.670166
3577.971680	1327.283447
3575.395508	1335.462524
3572.818359	1354.305786
3570.240234	1405.133789
3567.661133	1404.544922
3565.081055	1416.552002
3562.500000	1477.942383
3559.917969	1483.131104
3557.333984	1467.025635
3554.750000	1530.250977
3552.164063	1543.145020
3549.577148	1551.195313
3546.989258	1580.491943
3544.400391	1583.690552
3541.810547	1616.809082
3539.219727	1632.531982
3536.626953	1619.307617
3534.034180	1637.907471
3531.439453	1722.018311
3528.844727	1760.786133
3526.248047	1752.342407
3523.650391	1789.139038
3521.051758	1807.625732
3518.451172	1813.595581
3515.850586	1838.783813
3513.249023	1886.048828
3510.645508	1898.699219
3508.041016	1914.218262
3505.436523	1927.804565
3502.830078	1935.623779
3500.222656	2002.879883
3497.613281	1993.409058
3495.003906	2049.087158
3492.393555	2011.834473
3489.781250	2063.627930
3487.167969	2096.242188
3484.553711	2116.395752
3481.938477	2141.311279
3479.322266	2206.337891
3476.705078	2174.840332
3474.086914	2218.792236
3471.466797	2257.934814
3468.845703	2286.550537
3466.224609	2249.348389
3463.601563	2392.315918
3460.977539	2394.160400
3458.351563	2413.144287
3455.725586	2466.379639
3453.098633	2457.721924
3450.469727	2461.435059
3447.839844	2569.720459
3445.208984	2622.796387
3442.577148	2634.981445
3439.944336	2718.366699
3437.310547	2678.300049
3434.674805	2687.597656
3432.039063	2790.765869
3429.401367	2800.954102
3426.762695	2909.669434
3424.123047	2947.261963
3421.481445	2914.768555
3418.839844	2997.745605
3416.197266	3027.683105
3413.552734	3142.685059
3410.907227	3093.149414
3408.260742	3176.850586
3405.613281	3224.598145
3402.963867	3318.552246
3400.314453	3359.592773
3397.663086	3344.015137
3395.011719	3387.835938
3392.358398	3508.881348
3389.704102	3490.431396
3387.047852	3505.887939
3384.391602	3528.858154
3381.733398	3555.570313
3379.075195	3696.966309
3376.415039	3744.258057
3373.753906	3748.294922
3371.090820	3800.217285
3368.427734	3858.664307
3365.762695	3933.010254
3363.097656	3970.716553
3360.430664	3988.703613
3357.762695	4017.918457
3355.092773	4154.817871
3352.422852	4133.378418
3349.750977	4263.558105
3347.079102	4212.155273
3344.405273	4309.461914
3341.729492	4304.811035
3339.053711	4424.413086
3336.376953	4452.398438
3333.698242	4541.029297
3331.018555	4542.813965
3328.337891	4608.944824
3325.656250	4782.222168
3322.973633	4850.986816
3320.289063	4875.914551
3317.604492	4954.818359
3314.917969	5039.236328
3312.230469	4966.375488
3309.541016	5121.378418
3306.851563	5323.646484
3304.160156	5344.582520
3301.467773	5424.930176
3298.774414	5451.370605
3296.080078	5528.816895
3293.384766	5638.653809
3290.687500	5686.284668
3287.990234	5745.919434
3285.291016	5834.213379
3282.589844	5880.768066
3279.888672	5932.833008
3277.186523	6068.103516
3274.482422	6143.155273
3271.777344	6169.156738
3269.071289	6323.544922
3266.364258	6397.460938
3263.655273	6391.007813
3260.945313	6445.452148
3258.234375	6581.002930
3255.522461	6655.594727
3252.809570	6706.162598
3250.095703	6910.497070
3247.379883	6905.669434
3244.663086	6843.789551
3241.945313	7050.553223
3239.226563	7153.239746
3236.505859	7170.364258
3233.784180	7343.641602
3231.061523	7338.626953
3228.337891	7416.220703
3225.613281	7554.297363
3222.886719	7704.173828
3220.160156	7828.251465
3217.431641	7955.884766
3214.702148	8045.854980
3211.970703	8108.280273
3209.239258	8291.438477
3206.505859	8352.784180
3203.771484	8440.588867
3201.035156	8530.141602
3198.298828	8688.125977
3195.560547	8775.663086
3192.821289	8992.722656
3190.081055	9082.783203
3187.339844	9188.264648
3184.596680	9267.218750
3181.853516	9493.700195
3179.108398	9489.573242
3176.361328	9811.338867
3173.614258	9785.233398
3170.865234	9912.856445
3168.115234	10022.183594
3165.364258	10107.786133
3162.612305	10260.527344
3159.858398	10383.170898
3157.104492	10449.436523
3154.347656	10554.648438
3151.590820	10615.335938
3148.833008	10820.983398
3146.073242	10876.965820
3143.312500	10965.496094
3140.550781	11101.919922
3137.787109	11215.602539
3135.023438	11385.253906
3132.257813	11524.921875
3129.491211	11624.708008
3126.722656	11861.688477
3123.954102	11965.747070
3121.183594	11919.008789
3118.412109	11967.018555
3115.638672	12261.125977
3112.865234	12470.257813
3110.089844	12403.547852
3107.313477	12551.197266
3104.536133	12667.212891
3101.756836	12802.915039
3098.976563	12983.457031
3096.195313	13109.905273
3093.413086	13201.200195
3090.628906	13375.930664
3087.844727	13593.593750
3085.058594	13660.317383
3082.270508	14260.630859
3079.482422	14303.687500
3076.692383	14381.649414
3073.901367	14494.471680
3071.109375	14774.616211
3068.315430	15058.985352
3065.520508	15060.426758
3062.724609	15102.993164
3059.927734	15385.936523
3057.128906	15615.026367
3054.329102	15639.419922
3051.528320	15670.036133
3048.726563	15959.353516
3045.922852	16117.318359
3043.118164	16252.855469
3040.312500	16378.466797
3037.505859	16481.697266
3034.697266	16597.294922
3031.887695	16998.423828
3029.077148	16924.232422
3026.264648	17093.699219
3023.452148	17044.404297
3020.637695	17364.666016
3017.821289	17539.027344
3015.004883	17675.070313
3012.186523	17778.164063
3009.367188	18023.033203
3006.545898	18278.318359
3003.724609	18481.103516
3000.901367	18524.308594
2998.077148	18791.410156
2995.250977	18880.437500
2992.423828	19047.201172
2989.595703	19282.763672
2986.766602	19389.109375
2983.935547	19568.660156
2981.104492	19623.572266
2978.270508	19796.671875
2975.436523	20110.734375
2972.600586	20450.082031
2969.763672	20368.773438
2966.925781	20566.759766
2964.085938	20846.445313
2961.245117	21084.513672
2958.403320	21410.333984
2955.560547	21537.140625
2952.715820	21882.671875
2949.870117	21842.228516
2947.023438	21995.876953
2944.174805	22378.470703
2941.325195	22322.048828
2938.474609	22576.988281
2935.622070	22692.320313
2932.768555	22985.406250
2929.914063	23240.566406
2927.058594	23569.902344
2924.201172	23611.935547
2921.342773	23711.652344
2918.483398	23891.699219
2915.622070	24158.089844
2912.759766	24204.128906
2909.896484	24535.609375
2907.032227	24431.324219
2904.166016	24795.541016
2901.298828	24838.568359
2898.429688	25040.166016
2895.559570	25058.638672
2892.688477	25437.572266
2889.816406	25559.410156
2886.942383	25697.660156
2884.067383	25637.517578
2881.191406	25879.027344
2878.314453	26185.472656
2875.435547	26401.322266
2872.554688	26589.195313
2869.673828	27077.095703
2866.791016	27387.632813
2863.907227	27328.601563
2861.021484	27592.810547
2858.134766	27856.775391
2855.247070	28007.955078
2852.358398	28211.775391
2849.467773	28360.048828
2846.576172	28769.273438
2843.682617	29065.783203
2840.789063	28911.996094
2837.893555	29499.119141
2834.996094	29575.679688
2832.097656	29678.039063
2829.198242	29873.417969
2826.297852	30129.804688
2823.395508	29957.810547
2820.492188	30295.710938
2817.587891	30542.068359
2814.681641	30413.109375
2811.774414	30601.560547
2808.866211	30558.623047
2805.956055	30908.339844
2803.044922	31500.761719
2800.131836	31320.968750
2797.218750	31457.066406
2794.303711	31520.994141
2791.386719	31538.564453
2788.468750	31557.824219
2785.549805	31802.300781
2782.629883	31772.609375
2779.708008	32045.843750
2776.785156	32157.171875
2773.860352	32513.750000
2770.935547	32391.464844
2768.007813	32457.189453
2765.080078	32463.082031
2762.150391	32616.591797
2759.219727	32891.929688
2756.287109	33040.828125
2753.353516	33090.722656
2750.418945	33289.632813
2747.482422	33290.816406
2744.544922	33512.417969
2741.606445	33453.082031
2738.666016	33800.234375
2735.724609	33701.703125
2732.782227	33990.640625
2729.837891	33613.574219
2726.892578	34080.507813
2723.945313	34262.804688
2720.997070	33953.082031
2718.047852	34452.257813
2715.097656	34329.953125
2712.145508	34567.656250
2709.191406	34272.703125
2706.237305	34486.507813
2703.281250	34510.667969
2700.323242	34366.578125
2697.364258	34482.847656
2694.404297	34615.890625
2691.443359	34493.023438
2688.480469	34569.386719
2685.515625	34516.628906
2682.550781	34401.523438
2679.583984	34604.191406
2676.615234	34603.679688
2673.646484	34360.691406
2670.674805	34401.503906
2667.703125	34240.394531
2664.729492	34361.070313
2661.754883	34118.589844
2658.778320	34239.191406
2655.800781	34057.414063
2652.821289	34015.945313
2649.840820	33903.199219
2646.859375	33684.058594
2643.876953	33610.097656
2640.892578	33701.214844
2637.906250	34026.687500
2634.918945	33689.007813
2631.930664	33421.050781
2628.941406	33426.761719
2625.950195	33460.031250
2622.957031	33265.199219
2619.963867	33319.367188
2616.967773	33291.683594
2613.971680	33216.460938
2610.973633	33087.089844
2607.974609	32866.144531
2604.973633	32712.869141
2601.971680	32672.980469
2598.967773	32399.218750
2595.962891	32238.849609
2592.957031	32150.132813
2589.949219	32182.017578
2586.940430	31781.816406
2583.929688	31840.394531
2580.917969	31602.564453
2577.905273	31435.466797
2574.890625	31561.267578
2571.875000	31066.052734
2568.857422	31001.314453
2565.838867	30778.437500
2562.819336	30857.912109
2559.797852	30326.648438
2556.775391	30056.386719
2553.750977	30020.314453
2550.725586	29589.291016
2547.698242	29408.908203
2544.669922	29100.722656
2541.640625	29163.310547
2538.609375	28954.474609
2535.577148	28571.869141
2532.542969	28350.291016
2529.507813	28451.783203
2526.471680	28170.347656
2523.433594	27866.117188
2520.393555	27564.625000
2517.353516	27412.210938
2514.310547	27470.300781
2511.267578	27250.695313
2508.222656	27044.421875
2505.175781	26716.871094
2502.127930	26597.960938
2499.079102	26325.832031
2496.028320	25988.382813
2492.976563	25589.800781
2489.922852	25478.962891
2486.868164	25357.578125
2483.812500	25034.248047
2480.754883	24659.699219
2477.695313	24775.019531
2474.634766	24406.634766
2471.573242	24199.431641
2468.509766	24078.921875
2465.445313	23912.017578
2462.378906	23556.906250
2459.311523	23418.904297
2456.242188	23052.115234
2453.171875	22944.583984
2450.100586	22569.382813
2447.027344	22264.482422
2443.953125	22013.519531
2440.876953	21775.785156
2437.799805	21583.755859
2434.720703	21274.970703
2431.640625	21227.802734
2428.558594	20996.521484
2425.475586	20848.154297
2422.390625	20635.888672
2419.304688	20281.232422
2416.217773	20033.783203
2413.128906	19907.150391
2410.038086	19641.484375
2406.946289	19511.093750
2403.853516	19116.523438
2400.758789	19077.775391
2397.663086	18812.957031
2394.565430	18663.796875
2391.466797	18421.992188
2388.366211	18036.871094
2385.264648	17951.933594
2382.161133	17872.707031
2379.056641	17680.812500
2375.950195	17412.628906
2372.842773	17204.220703
2369.734375	16950.164063
2366.624023	16775.910156
2363.511719	16526.294922
2360.398438	16366.040039
2357.284180	16124.862305
2354.167969	16058.794922
2351.049805	15890.143555
2347.930664	15595.805664
2344.810547	15542.879883
2341.688477	15327.441406
2338.564453	15235.459961
2335.439453	14876.351563
2332.313477	14777.458984
2329.185547	14702.630859
2326.056641	14365.029297
2322.925781	14325.587891
2319.792969	14065.888672
2316.660156	13871.844727
2313.524414	13760.110352
2310.387695	13497.834961
2307.250000	13394.336914
2304.110352	13220.060547
2300.969727	13022.860352
2297.827148	12940.399414
2294.682617	12668.758789
2291.537109	12592.890625
2288.390625	12521.060547
2285.242188	12257.129883
2282.092773	12064.081055
2278.941406	12047.325195
2275.788086	11778.423828
2272.633789	11687.307617
2269.478516	11506.752930
2266.321289	11418.216797
2263.162109	11185.712891
2260.001953	11101.357422
2256.840820	10844.700195
2253.676758	10762.947266
2250.512695	10661.517578
2247.346680	10560.968750
2244.178711	10374.484375
2241.009766	10183.437500
2237.838867	10113.995117
2234.666992	9903.541016
2231.493164	9710.611328
2228.318359	9707.618164
2225.141602	9608.609375
2221.963867	9396.414063
2218.784180	9353.463867
2215.602539	9160.443359
2212.419922	9012.375977
2209.236328	8948.458008
2206.050781	8850.850586
2202.863281	8639.590820
2199.674805	8678.639648
2196.485352	8417.499023
2193.292969	8380.627930
2190.100586	8191.898926
2186.905273	8206.030273
2183.709961	7965.148438
2180.511719	7949.658203
2177.312500	7771.635742
2174.112305	7683.604492
2170.910156	7608.145020
2167.706055	7403.215820
2164.500977	7317.814941
2161.294922	7259.778809
2158.085938	7103.610352
2154.876953	7136.854004
2151.665039	7008.912598
2148.452148	6894.317871
2145.238281	6902.717285
2142.022461	6711.313477
2138.804688	6653.738770
2135.585938	6516.219727
2132.365234	6458.011230
2129.143555	6365.714355
2125.919922	6302.974121
2122.695313	6065.873047
2119.468750	6112.580566
2116.240234	5983.439941
2113.010742	5890.027832
2109.780273	5753.374023
2106.546875	5697.276367
2103.312500	5629.635254
2100.077148	5597.597168
2096.839844	5437.394043
2093.600586	5467.995605
2090.360352	5417.557617
2087.119141	5274.627930
2083.875000	5141.082031
2080.629883	5152.498535
2077.383789	5141.571289
2074.135742	4977.486816
2070.885742	4800.479004
2067.634766	4835.865723
2064.381836	4795.896484
2061.127930	4762.109375
2057.871094	4590.142090
2054.614258	4582.576172
2051.355469	4464.552734
2048.094727	4400.312012
2044.832031	4408.936035
2041.568359	4311.076172
2038.303711	4264.605469
2035.037109	4225.830566
2031.768555	4143.491699
2028.498047	4060.465820
2025.226563	4011.141113
2021.954102	3935.129150
2018.678711	3883.618652
2015.403320	3791.713135
2012.125000	3777.690430
2008.845703	3696.593750
2005.564453	3652.148193
2002.282227	3613.836914
1998.998047	3580.128662
1995.712891	3500.798584
1992.424805	3463.371582
1989.136719	3372.008789
1985.845703	3273.135010
1982.553711	3255.612305
1979.260742	3197.875488
1975.964844	3206.957520
1972.667969	3109.106445
1969.370117	3071.984619
1966.070313	3056.867676
1962.768555	3001.631104
1959.465820	2974.450439
1956.161133	2863.323975
1952.854492	2850.600342
1949.546875	2786.496094
1946.237305	2714.898682
1942.925781	2733.973145
1939.613281	2687.372070
1936.298828	2649.866699
1932.982422	2584.500732
1929.665039	2547.079102
1926.346680	2497.641357
1923.025391	2546.873291
1919.703125	2492.214111
1916.378906	2430.837891
1913.053711	2365.009766
1909.726563	2308.260986
1906.397461	2285.362305
1903.067383	2312.779297
1899.735352	2259.886963
1896.401367	2213.044678
1893.066406	2211.970459
1889.729492	2183.925049
1886.390625	2149.915527
1883.050781	2088.992920
1879.708984	1996.708008
1876.365234	2014.430908
1873.020508	2022.419678
1869.673828	1999.025146
1866.326172	1931.599854
1862.975586	1917.226196
1859.624023	1877.504150
1856.271484	1848.257935
1852.916016	1809.351807
1849.559570	1787.614258
1846.202148	1782.275635
1842.841797	1682.439209
1839.480469	1689.055664
1836.118164	1666.672852
1832.752930	1628.707764
1829.386719	1631.625488
1826.018555	1630.828125
1822.649414	1582.547119
1819.278320	1542.469849
1815.905273	1548.386230
1812.531250	1469.839722
1809.154297	1440.241333
1805.777344	1463.219971
1802.397461	1384.828491
1799.016602	1411.507568
1795.633789	1389.383667
1792.249023	1322.221924
1788.863281	1330.433105
1785.475586	1311.331543
1782.085938	1307.737549
1778.694336	1269.497070
1775.301758	1244.557007
1771.907227	1224.796509
1768.510742	1170.456543
1765.113281	1184.596436
1761.713867	1132.534912
1758.312500	1138.593140
1754.910156	1128.481689
1751.505859	1112.505127
1748.099609	1110.489136
1744.691406	1045.384888
1741.282227	1062.467285
1737.871094	1059.011841
1734.458008	1030.653809
1731.042969	994.269470
1727.626953	976.947327
1724.208984	991.825012
1720.790039	969.402832
1717.368164	951.386719
1713.945313	925.354065
1710.520508	923.436462
1707.093750	909.116699
1703.666016	910.125305
1700.236328	888.536438
1696.804688	872.796936
1693.371094	846.878113
1689.936523	828.262817
1686.500000	828.579590
1683.061523	820.170532
1679.622070	807.408997
1676.179688	823.714966
1672.736328	752.882080
1669.291016	743.800232
1665.844727	759.387207
1662.396484	725.662598
1658.945313	720.954285
1655.494141	715.526123
1652.040039	681.148804
1648.584961	706.132080
1645.126953	681.916931
1641.668945	661.339539
1638.208008	636.447815
1634.745117	627.465820
1631.281250	607.667114
1627.815430	609.527954
1624.347656	591.920349
1620.878906	562.800171
1617.408203	564.679810
1613.935547	557.918640
1610.460938	545.407654
1606.984375	547.292419
1603.506836	526.172974
1600.027344	528.065002
1596.545898	519.901611
1593.062500	500.262329
1589.577148	519.380859
1586.090820	480.401611
1582.602539	476.577454
1579.112305	474.189514
1575.620117	456.769012
1572.126953	444.374878
1568.630859	429.847321
1565.133789	446.073181
1561.634766	416.554443
1558.133789	425.628845
1554.631836	413.994263
1551.127930	416.639648
1547.621094	412.864594
1544.114258	399.828003
1540.604492	374.694458
1537.092773	392.305328
1533.580078	379.298218
1530.065430	372.705505
1526.548828	369.673798
1523.030273	385.119385
1519.509766	357.227356
1515.988281	337.171539
1512.463867	353.319122
1508.938477	333.285217
1505.411133	305.475067
1501.882813	304.612091
1498.351563	317.910706
1494.818359	299.349976
1491.284180	286.466492
1487.748047	292.684021
1484.209961	282.643158
1480.669922	280.381042
1477.128906	285.885925
1473.584961	268.808044
1470.040039	253.862869
1466.493164	257.257996
1462.944336	274.034271
1459.393555	245.026840
1455.840820	254.754608
1452.287109	254.624985
1448.730469	240.434860
1445.172852	230.475082
1441.613281	222.632263
1438.051758	225.326599
1434.488281	202.059113
1430.922852	218.785721
1427.356445	214.468811
1423.787109	215.059845
1420.216797	207.248230
1416.644531	201.543900
1413.070313	220.325974
1409.494141	190.851532
1405.916016	189.356445
1402.336914	182.974167
1398.754883	187.068588
1395.171875	173.717255
1391.585938	181.298553
1387.999023	178.417847
1384.410156	165.787781
1380.819336	165.006485
1377.226563	163.530045
1373.632813	159.272995
1370.036133	143.897690
1366.438477	147.992554
1362.837891	145.833130
1359.236328	145.064041
1355.632813	147.764313
1352.027344	144.914749
1348.419922	144.840118
1344.810547	127.449043
1341.199219	135.690964
1337.585938	128.009613
1333.970703	130.018326
1330.354492	109.905556
1326.735352	119.521027
1323.115234	114.625671
1319.493164	128.369629
1315.869141	108.298981
1312.242188	106.864075
1308.614258	103.363335
1304.984375	117.773193
1301.353516	108.763321
1297.719727	105.266869
1294.083984	104.524643
1290.446289	100.346603
1286.807617	106.477081
1283.166016	104.362038
1279.523438	89.210655
1275.877930	94.651344
1272.231445	97.344238
1268.582031	88.386459
1264.931641	93.134148
1261.279297	85.556694
1257.625000	90.300827
1253.968750	84.783859
1250.310547	82.689522
1246.650391	78.548241
1242.988281	77.141930
1239.324219	71.643150
1235.658203	75.015541
1231.990234	70.886742
1228.320313	72.893440
1224.648438	63.322861
1220.975586	72.817230
1217.299805	64.616982
1213.622070	69.341919
1209.943359	59.793068
1206.261719	61.799072
1202.578125	67.875465
1198.893555	52.915100
1195.206055	63.057976
1191.517578	52.181889
1187.826172	57.573132
1184.133789	54.158005
1180.438477	57.512634
1176.742188	59.511181
1173.042969	58.803963
1169.342773	52.017490
1165.639648	50.639706
1161.935547	56.686588
1158.228516	45.190468
1154.520508	47.863152
1150.809570	43.795261
1147.097656	47.812649
1143.382813	49.806587
1139.666992	49.107563
1135.948242	49.081608
1132.227539	45.023678
1128.505859	40.970020
1124.781250	39.605766
1121.055664	46.965004
1117.327148	44.928402
1113.596680	41.553497
1109.865234	47.560223
1106.130859	42.178932
1102.394531	36.803329
1098.657227	38.790173
1094.916992	30.079832
1091.174805	38.080864
1087.430664	38.728340
1083.684570	35.370861
1079.936523	32.683952
1076.186523	31.999880
1072.434570	31.316519
1068.680664	29.301962
1064.924805	39.935905
1061.166992	33.262161
1057.406250	29.255075
1053.644531	33.226646
1049.880859	29.887999
1046.114258	26.552906
1042.346680	31.182974
1038.576172	30.503172
1034.803711	25.184778
1031.030273	23.846481
1027.253906	23.833700
1023.475586	29.114456
1019.695313	27.776161
1015.913086	27.100269
1012.128906	25.103832
1008.342773	29.051977
1004.553711	23.757021
