4046.277344	248.416031
4043.892578	237.934341
4041.505859	239.936066
4039.119141	257.646271
4036.731445	273.248566
4034.342773	251.163895
4031.952148	248.972534
4029.561523	266.650940
4027.169922	264.455048
4024.777344	271.664551
4022.383789	261.112640
4019.989258	274.581848
4017.593750	278.647705
4015.197266	296.272003
4012.799805	285.726715
4010.401367	298.122162
4008.001953	288.626251
4005.601563	283.304047
4003.201172	308.179199
4000.798828	307.016205
3998.395508	307.934692
3995.991211	306.772552
3993.585938	329.519562
3991.180664	318.997833
3988.773438	316.793732
3986.365234	326.012054
3983.957031	334.185150
3981.546875	344.426453
3979.135742	323.549042
3976.724609	350.371918
3974.311523	353.340942
3971.898438	307.625916
3969.483398	356.165436
3967.068359	370.512756
3964.651367	357.950500
3962.234375	371.251312
3959.815430	351.462555
3957.396484	355.455414
3954.975586	368.740967
3952.554688	356.203918
3950.131836	408.696716
3947.708984	368.298950
3945.284180	367.120392
3942.859375	404.083160
3940.432617	383.313171
3938.005859	410.969635
3935.577148	395.361206
3933.148438	397.261139
3930.718750	415.619598
3928.287109	412.367889
3925.855469	424.537689
3923.421875	409.981995
3920.988281	430.359650
3918.552734	439.427124
3916.117188	436.171753
3913.680664	448.306946
3911.242188	477.865143
3908.803711	442.821289
3906.363281	452.889557
3903.922852	480.361389
3901.480469	474.025146
3899.038086	471.787476
3896.593750	471.597443
3894.149414	476.520294
3891.703125	480.416870
3889.256836	511.897430
3886.808594	503.520264
3884.360352	526.798401
3881.910156	539.852478
3879.459961	541.674744
3877.007813	544.515015
3874.555664	557.545654
3872.101563	542.037292
3869.646484	593.759399
3867.191406	566.032043
3864.734375	545.450439
3862.277344	571.677429
3859.818359	555.177063
3857.358398	575.280151
3854.897461	609.590576
3852.436523	575.829651
3849.973633	585.747803
3847.509766	615.952759
3845.044922	632.946655
3842.579102	612.411316
3840.113281	610.135742
3837.645508	624.071411
3835.176758	621.792542
3832.707031	655.957458
3830.236328	676.940125
3827.764648	674.641968
3825.291992	690.544373
3822.818359	683.188965
3820.343750	697.054077
3817.868164	698.789978
3815.390625	732.825012
3812.913086	718.400696
3810.434570	754.416748
3807.955078	759.150085
3805.473633	717.522583
3802.992188	749.464966
3800.509766	753.186951
3798.025391	735.768677
3795.541016	756.596680
3793.054688	761.316162
3790.568359	830.370239
3788.080078	793.855286
3785.591797	799.557617
3783.101563	828.348389
3780.610352	822.991333
3778.119141	857.767883
3775.625977	858.419678
3773.131836	890.145569
3770.636719	864.730896
3768.140625	902.437256
3765.643555	884.046143
3763.145508	887.686890
3760.646484	932.339294
3758.146484	911.957825
3755.645508	921.579102
3753.143555	932.191345
3750.639648	948.786987
3748.135742	961.375427
3745.630859	952.997253
3743.124023	1011.457764
3740.617188	997.082886
3738.108398	1033.549805
3735.599609	1028.143433
3733.088867	1044.649902
3730.577148	1027.297485
3728.064453	1075.631226
3725.551758	1070.215210
3723.037109	1112.525635
3720.521484	1065.358398
3718.004883	1109.622192
3715.487305	1128.031372
3712.967773	1141.462280
3710.448242	1133.054077
3707.927734	1147.462891
3705.406250	1145.006592
3702.882813	1172.280151
3700.359375	1190.616089
3697.833984	1225.768555
3695.308594	1209.426636
3692.781250	1230.691284
3690.252930	1262.815918
3687.723633	1262.293579
3685.193359	1295.365845
3682.662109	1298.780518
3680.129883	1326.873291
3677.596680	1299.678955
3675.062500	1310.977905
3672.527344	1343.959717
3669.990234	1348.330811
3667.453125	1348.757080
3664.915039	1401.377197
3662.375000	1397.842773
3659.833984	1421.862427
3657.292969	1437.993164
3654.750000	1449.194214
3652.206055	1494.782227
3649.661133	1496.125977
3647.115234	1481.757080
3644.568359	1497.827393
3642.019531	1564.902588
3639.470703	1520.119385
3636.920898	1598.892456
3634.369141	1556.091187
3631.817383	1597.561890
3629.263672	1622.353149
3626.708984	1654.952637
3624.153320	1660.132935
3621.596680	1643.795288
3619.039063	1738.901123
3616.480469	1731.336792
3613.920898	1732.567993
3611.360352	1802.134399
3608.797852	1818.947388
3606.235352	1862.082153
3603.670898	1799.878784
3601.105469	1890.740234
3598.540039	1862.672729
3595.972656	1886.239258
3593.404297	1979.869385
3590.834961	1972.230835
3588.264648	1995.720337
3585.692383	2021.134033
3583.120117	2049.441162
3580.545898	2048.583252
3577.971680	2112.779053
3575.395508	2061.426270
3572.818359	2150.784912
3570.240234	2129.519531
3567.661133	2147.044189
3565.081055	2237.221924
3562.500000	2228.535645
3559.917969	2312.793701
3557.333984	2329.241943
3554.750000	2297.311035
3552.164063	2339.856445
3549.577148	2375.600098
3546.989258	2374.602295
3544.400391	2410.299805
3541.810547	2455.619385
3539.219727	2482.567871
3536.626953	2526.853027
3534.034180	2507.473389
3531.439453	2608.563965
3528.844727	2646.958740
3526.248047	2632.364990
3523.650391	2644.730469
3521.051758	2669.591064
3518.451172	2789.629150
3515.850586	2760.578857
3513.249023	2781.513672
3510.645508	2815.875488
3508.041016	2855.967529
3505.436523	2874.914063
3502.830078	2932.211182
3500.222656	2946.313965
3497.613281	2987.238525
3495.003906	3024.295654
3492.393555	3123.562012
3489.781250	3105.013672
3487.167969	3189.809082
3484.553711	3172.202881
3481.938477	3209.099121
3479.322266	3291.829346
3476.705078	3299.988281
3474.086914	3308.139160
3471.466797	3356.363770
3468.845703	3484.676270
3466.224609	3385.941650
3463.601563	3512.224854
3460.977539	3500.256836
3458.351563	3613.050293
3455.725586	3641.979492
3453.098633	3650.901611
3450.469727	3721.636475
3447.839844	3890.231445
3445.208984	3883.829102
3442.577148	3920.176025
3439.944336	3925.158203
3437.310547	4007.959229
3434.674805	4035.665527
3432.039063	4053.864746
3429.401367	4147.876465
3426.762695	4189.696777
3424.123047	4305.351074
3421.481445	4290.266602
3418.839844	4423.756348
3416.197266	4437.953613
3413.552734	4481.446289
3410.907227	4586.329102
3408.260742	4604.213379
3405.613281	4644.743164
3402.963867	4683.349609
3400.314453	4810.604980
3397.663086	4810.440430
3395.011719	4852.692871
3392.358398	4911.868652
3389.704102	5086.837891
3387.047852	5072.428223
3384.391602	5100.376465
3381.733398	5197.905273
3379.075195	5308.512695
3376.415039	5344.777832
3373.753906	5472.134766
3371.090820	5502.662109
3368.427734	5612.005371
3365.762695	5728.759766
3363.097656	5755.381836
3360.430664	5807.290039
3357.762695	5856.341309
3355.092773	5921.270996
3352.422852	6097.552734
3349.750977	6204.431641
3347.079102	6199.903320
3344.405273	6370.224121
3341.729492	6415.159668
3339.053711	6486.212402
3336.376953	6541.327637
3333.698242	6555.323730
3331.018555	6734.448730
3328.337891	6734.356934
3325.656250	6912.314941
3322.973633	7022.096680
3320.289063	7069.377441
3317.604492	7098.926758
3314.917969	7198.244141
3312.230469	7343.054199
3309.541016	7406.844727
3306.851563	7548.647949
3304.160156	7489.661621
3301.467773	7695.377441
3298.774414	7709.703125
3296.080078	7824.217285
3293.384766	7964.598145
3290.687500	8012.155273
3287.990234	8079.127441
3285.291016	8211.800781
3282.589844	8261.034180
3279.888672	8379.629883
3277.186523	8511.070313
3274.482422	8571.199219
3271.777344	8664.545898
3269.071289	8696.837891
3266.364258	8852.836914
3263.655273	8946.857422
3260.945313	9100.764648
3258.234375	9284.046875
3255.522461	9248.695313
3252.809570	9304.593750
3250.095703	9500.436523
3247.379883	9559.854492
3244.663086	9656.948242
3241.945313	9806.385742
3239.226563	9954.771484
3236.505859	10070.860352
3233.784180	10230.021484
3231.061523	10377.104492
3228.337891	10390.969727
3225.613281	10471.793945
3222.886719	10705.692383
3220.160156	10776.220703
3217.431641	10777.048828
3214.702148	10911.589844
3211.970703	11133.894531
3209.239258	11197.697266
3206.505859	11387.666016
3203.771484	11561.009766
3201.035156	11629.103516
3198.298828	11800.358398
3195.560547	11786.104492
3192.821289	12063.920898
3190.081055	12052.294922
3187.339844	12245.852539
3184.596680	12511.247070
3181.853516	12606.941406
3179.108398	12760.834961
3176.361328	13052.958008
3173.614258	13103.695313
3170.865234	13123.461914
3168.115234	13210.482422
3165.364258	13301.057617
3162.612305	13404.266602
3159.858398	13560.042969
3157.104492	13755.611328
3154.347656	14118.827148
3151.590820	14128.089844
3148.833008	14393.838867
3146.073242	14399.340820
3143.312500	14664.732422
3140.550781	14766.956055
3137.787109	14929.707031
3135.023438	14906.009766
3132.257813	15158.947266
3129.491211	15291.482422
3126.722656	15510.604492
3123.954102	15595.013672
3121.183594	16015.942383
3118.412109	15898.897461
3115.638672	16216.532227
3112.865234	16415.822266
3110.089844	16536.562500
3107.313477	16499.615234
3104.536133	16699.408203
3101.756836	16840.542969
3098.976563	17124.531250
3096.195313	17128.718750
3093.413086	17400.642578
3090.628906	17593.291016
3087.844727	17855.787109
3085.058594	17885.648438
3082.270508	18453.615234
3079.482422	18415.941406
3076.692383	18766.308594
3073.901367	18880.791016
3071.109375	19208.253906
3068.315430	19352.859375
3065.520508	19479.439453
3062.724609	19698.001953
3059.927734	19813.583984
3057.128906	19986.232422
3054.329102	19939.947266
3051.528320	20339.984375
3048.726563	20429.185547
3045.922852	20774.246094
3043.118164	20883.666016
3040.312500	21213.062500
3037.505859	21324.855469
3034.697266	21376.896484
3031.887695	21784.818359
3029.077148	22008.261719
3026.264648	22175.490234
3023.452148	22168.390625
3020.637695	22601.867188
3017.821289	22488.916016
3015.004883	22966.230469
3012.186523	22894.896484
3009.367188	23341.451172
3006.545898	23589.958984
3003.724609	23586.640625
3000.901367	23639.990234
2998.077148	24036.718750
2995.250977	24277.375000
2992.423828	24573.525391
2989.595703	24500.794922
2986.766602	24862.839844
2983.935547	24849.205078
2981.104492	25190.455078
2978.270508	25328.445313
2975.436523	25761.781250
2972.600586	25703.660156
2969.763672	25956.660156
2966.925781	26094.037109
2964.085938	26365.994141
2961.245117	26606.900391
2958.403320	26657.576172
2955.560547	27164.546875
2952.715820	27243.039063
2949.870117	27281.042969
2947.023438	27621.955078
2944.174805	27634.287109
2941.325195	27929.978516
2938.474609	28038.609375
2935.622070	28106.816406
2932.768555	28440.431641
2929.914063	28739.587891
2927.058594	28912.412109
2924.201172	29033.451172
2921.342773	29270.695313
2918.483398	29406.312500
2915.622070	29668.505859
2912.759766	29940.937500
2909.896484	30352.808594
2907.032227	30346.294922
2904.166016	30660.777344
2901.298828	30884.294922
2898.429688	30724.140625
2895.559570	31240.107422
2892.688477	31382.062500
2889.816406	31628.322266
2886.942383	32104.023438
2884.067383	31922.765625
2881.191406	32067.603516
2878.314453	32450.351563
2875.435547	32632.146484
2872.554688	32913.589844
2869.673828	32925.808594
2866.791016	33382.906250
2863.907227	33513.644531
2861.021484	33696.242188
2858.134766	34019.839844
2855.247070	34195.105469
2852.358398	34277.613281
2849.467773	34795.960938
2846.576172	35039.777344
2843.682617	35193.492188
2840.789063	35422.207031
2837.893555	35425.363281
2834.996094	35740.910156
2832.097656	35875.015625
2829.198242	36276.281250
2826.297852	36074.753906
2823.395508	36357.527344
2820.492188	36452.328125
2817.587891	36744.125000
2814.681641	36811.972656
2811.774414	36879.753906
2808.866211	37173.511719
2805.956055	37340.703125
2803.044922	37569.566406
2800.131836	37737.265625
2797.218750	37794.984375
2794.303711	37920.386719
2791.386719	38148.531250
2788.468750	38526.402344
2785.549805	38118.566406
2782.629883	38593.683594
2779.708008	38720.957031
2776.785156	39014.027344
2773.860352	39197.398438
2770.935547	39035.363281
2768.007813	39353.488281
2765.080078	39244.437500
2762.150391	39260.917969
2759.219727	39437.734375
2756.287109	39475.402344
2753.353516	39643.417969
2750.418945	39928.820313
2747.482422	40052.175781
2744.544922	39802.644531
2741.606445	40041.617188
2738.666016	40157.917969
2735.724609	39891.640625
2732.782227	40216.863281
2729.837891	40349.875000
2726.892578	40099.957031
2723.945313	40324.500000
2720.997070	40060.382813
2718.047852	40325.402344
2715.097656	40441.902344
2712.145508	40482.917969
2709.191406	40535.730469
2706.237305	40413.347656
2703.281250	40305.433594
2700.323242	40280.449219
2697.364258	40321.382813
2694.404297	40216.156250
2691.443359	40062.894531
2688.480469	40087.796875
2685.515625	40337.859375
2682.550781	40351.628906
2679.583984	40271.000000
2676.615234	40275.503906
2673.646484	40194.113281
2670.674805	40244.902344
2667.703125	40102.175781
2664.729492	40059.609375
2661.754883	39643.953125
2658.778320	39604.132813
2655.800781	39394.734375
2652.821289	39476.722656
2649.840820	39106.492188
2646.859375	39047.652344
2643.876953	38925.996094
2640.892578	39018.050781
2637.906250	39156.062500
2634.918945	38836.136719
2631.930664	38573.371094
2628.941406	38626.070313
2625.950195	38015.089844
2622.957031	38191.613281
2619.963867	38210.140625
2616.967773	38102.605469
2613.971680	37756.558594
2610.973633	37781.058594
2607.974609	37505.460938
2604.973633	37279.257813
2601.971680	36880.871094
2598.967773	36884.035156
2595.962891	36853.906250
2592.957031	36490.316406
2589.949219	36397.199219
2586.940430	36094.777344
2583.929688	35893.109375
2580.917969	35802.015625
2577.905273	35425.574219
2574.890625	35694.683594
2571.875000	35319.441406
2568.857422	34994.242188
2565.838867	34791.902344
2562.819336	34708.941406
2559.797852	34306.652344
2556.775391	34044.496094
2553.750977	33641.203125
2550.725586	33429.148438
2547.698242	33256.917969
2544.669922	33033.652344
2541.640625	32606.763672
2538.609375	32434.291016
2535.577148	32264.439453
2532.542969	32129.341797
2529.507813	31953.173828
2526.471680	31694.830078
2523.433594	31304.224609
2520.393555	31161.548828
2517.353516	30715.619141
2514.310547	30705.628906
2511.267578	30434.433594
2508.222656	30239.011719
2505.175781	30057.710938
2502.127930	29744.503906
2499.079102	29326.626953
2496.028320	29048.443359
2492.976563	28563.263672
2489.922852	28529.658203
2486.868164	28164.628906
2483.812500	27846.552734
2480.754883	27703.732422
2477.695313	27487.482422
2474.634766	27086.806641
2471.573242	26939.607422
2468.509766	26662.769531
2465.445313	26410.652344
2462.378906	26073.144531
2459.311523	25987.771484
2456.242188	25439.765625
2453.171875	25432.914063
2450.100586	25129.814453
2447.027344	24804.205078
2443.953125	24555.324219
2440.876953	24361.929688
2437.799805	23942.867188
2434.720703	23827.058594
2431.640625	23575.806641
2428.558594	23316.667969
2425.475586	23068.302734
2422.390625	22739.111328
2419.304688	22428.037109
2416.217773	22237.085938
2413.128906	21912.757813
2410.038086	21681.757813
2406.946289	21564.169922
2403.853516	21189.664063
2400.758789	21094.210938
2397.663086	20780.007813
2394.565430	20617.021484
2391.466797	20091.951172
2388.366211	19997.156250
2385.264648	19808.140625
2382.161133	19532.287109
2379.056641	19196.289063
2375.950195	19197.837891
2372.842773	18848.617188
2369.734375	18740.148438
2366.624023	18374.572266
2363.511719	18314.615234
2360.398438	17994.533203
2357.284180	17841.689453
2354.167969	17592.712891
2351.049805	17477.875000
2347.930664	17198.828125
2344.810547	16889.591797
2341.688477	16676.730469
2338.564453	16551.304688
2335.439453	16381.187500
2332.313477	16170.442383
2329.185547	16035.018555
2326.056641	15884.538086
2322.925781	15568.097656
2319.792969	15400.404297
2316.660156	15128.352539
2313.524414	14881.268555
2310.387695	14840.843750
2307.250000	14694.495117
2304.110352	14461.481445
2300.969727	14154.660156
2297.827148	14125.767578
2294.682617	13898.102539
2291.537109	13797.814453
2288.390625	13638.033203
2285.242188	13352.934570
2282.092773	13294.299805
2278.941406	13012.792969
2275.788086	12867.932617
2272.633789	12744.602539
2269.478516	12547.708008
2266.321289	12389.793945
2263.162109	12194.825195
2260.001953	12071.232422
2256.840820	11912.960938
2253.676758	11729.541016
2250.512695	11639.507813
2247.346680	11629.303711
2244.178711	11368.918945
2241.009766	11153.740234
2237.838867	11012.876953
2234.666992	10935.980469
2231.493164	10664.578125
2228.318359	10639.876953
2225.141602	10320.853516
2221.963867	10251.492188
2218.784180	10154.672852
2215.602539	9980.921875
2212.419922	9849.750977
2209.236328	9861.597656
2206.050781	9601.108398
2202.863281	9527.553711
2199.674805	9394.476563
2196.485352	9295.219727
2193.292969	9173.337891
2190.100586	9017.117188
2186.905273	8961.210938
2183.709961	8759.082031
2180.511719	8686.142578
2177.312500	8564.038086
2174.112305	8493.596680
2170.910156	8283.470703
2167.706055	8241.315430
2164.500977	8044.760742
2161.294922	7936.485352
2158.085938	7757.397949
2154.876953	7699.203613
2151.665039	7578.002441
2148.452148	7501.267090
2145.238281	7517.934082
2142.022461	7293.587891
2138.804688	7273.811523
2135.585938	7101.048828
2132.365234	6984.340332
2129.143555	6912.743652
2125.919922	6837.334961
2122.695313	6797.653809
2119.468750	6718.492188
2116.240234	6522.460449
2113.010742	6457.433105
2109.780273	6394.786621
2106.546875	6327.557617
2103.312500	6218.648438
2100.077148	6101.342285
2096.839844	6031.252441
2093.600586	5975.892578
2090.360352	5883.550781
2087.119141	5708.782227
2083.875000	5635.150391
2080.629883	5597.795410
2077.383789	5523.511719
2074.135742	5530.113281
2070.885742	5372.843750
2067.634766	5274.930664
2064.381836	5188.637207
2061.127930	5114.716309
2057.871094	5116.111816
2054.614258	5003.918457
2051.355469	4950.897461
2048.094727	4917.093750
2044.832031	4774.495605
2041.568359	4710.164551
2038.303711	4686.472168
2035.037109	4526.582520
2031.768555	4510.646484
2028.498047	4410.624512
2025.226563	4350.433594
2021.954102	4355.222656
2018.678711	4316.488770
2015.403320	4186.985352
2012.125000	4155.230469
2008.845703	4067.854004
2005.564453	4079.616455
2002.282227	3940.567383
1998.998047	3810.785400
1995.712891	3797.541016
1992.424805	3733.353271
1989.136719	3667.705811
1985.845703	3599.080811
1982.553711	3557.859375
1979.260742	3490.109619
1975.964844	3475.531494
1972.667969	3440.491699
1969.370117	3346.363770
1966.070313	3318.235352
1962.768555	3303.005615
1959.465820	3188.641113
1956.161133	3193.911133
1952.854492	3086.512207
1949.546875	3054.035889
1946.237305	3009.503662
1942.925781	2960.482910
1939.613281	2972.636475
1936.298828	2814.304688
1932.982422	2834.054199
1929.665039	2757.326172
1926.346680	2737.915039
1923.025391	2732.825928
1919.703125	2722.473145
1916.378906	2679.788330
1913.053711	2621.356934
1909.726563	2577.257568
1906.397461	2514.424316
1903.067383	2480.176025
1899.735352	2496.979980
1896.401367	2401.277100
1893.066406	2376.875000
1889.729492	2367.479736
1886.390625	2304.925049
1883.050781	2265.632813
1879.708984	2221.889404
1876.365234	2201.367676
1873.020508	2183.854492
1869.673828	2133.488770
1866.326172	2120.503906
1862.975586	2062.007080
1859.624023	2079.650879
1856.271484	2065.963135
1852.916016	1968.825195
1849.559570	1952.968628
1846.202148	1971.372559
1842.841797	1871.443848
1839.480469	1871.274292
1836.118164	1854.006348
1832.752930	1825.609009
1829.386719	1792.782837
1826.018555	1732.522949
1822.649414	1722.030884
1819.278320	1651.480957
1815.905273	1675.874268
1812.531250	1660.978027
1809.154297	1589.078613
1805.777344	1529.090698
1802.397461	1551.274170
1799.016602	1496.538086
1795.633789	1534.973389
1792.249023	1483.252319
1788.863281	1460.375488
1785.475586	1452.279419
1782.085938	1414.687256
1778.694336	1386.715454
1775.301758	1387.507935
1771.907227	1323.487305
1768.510742	1341.240112
1765.113281	1290.547974
1761.713867	1275.940308
1758.312500	1268.697021
1754.910156	1226.195190
1751.505859	1201.358643
1748.099609	1230.859375
1744.691406	1183.302246
1741.282227	1133.591797
1737.871094	1135.231445
1734.458008	1158.844482
1731.042969	1111.414551
1727.626953	1125.501831
1724.208984	1075.208496
1720.790039	1042.510132
1717.368164	1049.302124
1713.945313	1057.547485
1710.520508	991.325500
1707.093750	990.835083
1703.666016	996.178833
1700.236328	935.915344
1696.804688	935.451843
1693.371094	958.290283
1689.936523	915.601563
1686.500000	918.784912
1683.061523	875.430237
1679.622070	851.013428
1676.179688	864.392273
1672.736328	847.990662
1669.291016	814.914795
1665.844727	791.300354
1662.396484	792.356873
1658.945313	797.759460
1655.494141	762.600220
1652.040039	742.676636
1648.584961	759.670776
1645.126953	722.412537
1641.668945	713.379333
1638.208008	702.910034
1634.745117	708.335999
1631.281250	695.713928
1627.815430	683.825439
1624.347656	665.459778
1620.878906	649.994568
1617.408203	640.306580
1613.935547	645.025879
1610.460938	629.593262
1606.984375	626.401672
1603.506836	565.707825
1600.027344	592.007568
1596.545898	598.174072
1593.062500	565.576355
1589.577148	541.619568
1586.090820	548.518250
1582.602539	526.743469
1579.112305	509.288116
1575.620117	508.316620
1572.126953	507.345886
1568.630859	495.647583
1565.133789	497.543152
1561.634766	478.001556
1558.133789	469.905670
1554.631836	462.531494
1551.127930	451.597412
1547.621094	439.961060
1544.114258	429.761658
1540.604492	420.284637
1537.092773	411.528992
1533.580078	404.916870
1530.065430	402.578827
1526.548828	413.750305
1523.030273	377.303314
1519.509766	384.924927
1515.988281	362.015778
1512.463867	366.089691
1508.938477	358.813446
1505.411133	362.884521
1501.882813	344.282532
1498.351563	349.772583
1494.818359	338.980255
1491.284180	343.759796
1487.748047	314.599976
1484.209961	327.866058
1480.669922	314.987274
1477.128906	302.121429
1473.584961	306.201263
1470.040039	304.635437
1466.493164	274.173584
1462.944336	274.738708
1459.393555	284.456451
1455.840820	286.423004
1452.287109	267.285889
1448.730469	249.574203
1445.172852	274.743164
1441.613281	261.961609
1438.051758	249.192978
1434.488281	246.259537
1430.922852	241.225281
1427.356445	235.495163
1423.787109	229.070267
1420.216797	231.753937
1416.644531	229.536118
1413.070313	211.233154
1409.494141	233.496017
1405.916016	215.209534
1402.336914	197.640030
1398.754883	208.009109
1395.171875	197.437668
1391.585938	207.098740
1387.999023	190.265900
1384.410156	199.223969
1380.819336	183.804703
1377.226563	190.669083
1373.632813	178.051895
1370.036133	186.302338
1366.438477	177.174179
1362.837891	168.055328
1359.236328	174.215652
1355.632813	157.476517
1352.027344	161.555679
1348.419922	174.639755
1344.810547	154.462708
1341.199219	154.383087
1337.585938	139.772644
1333.970703	143.158478
1330.354492	138.937210
1326.735352	142.319839
1323.115234	147.079926
1319.493164	131.130264
1315.869141	131.062469
1312.242188	137.889130
1308.614258	145.397751
1304.984375	116.395729
1301.353516	124.595955
1297.719727	112.835075
1294.083984	132.031128
1290.446289	115.467323
1286.807617	120.903008
1283.166016	118.093880
1279.523438	107.739021
1275.877930	96.023102
1272.231445	103.513947
1268.582031	101.404617
1264.931641	96.558197
1261.279297	96.507950
1257.625000	96.457703
1253.968750	95.723717
1250.310547	87.473213
1246.650391	88.793663
1242.988281	85.333992
1239.324219	83.924828
1235.658203	77.743378
1231.990234	76.339569
1228.320313	72.212196
1224.648438	74.217117
1220.975586	74.858833
1217.299805	70.738594
1213.622070	79.539261
1209.943359	69.305603
1206.261719	59.082626
1202.578125	69.911728
1198.893555	78.015854
1195.206055	74.584702
1191.517578	62.347191
1187.826172	66.378433
1184.133789	61.604733
1180.438477	64.278824
1176.742188	62.892498
1173.042969	68.942574
1169.342773	55.395248
1165.639648	60.767647
1161.935547	53.312386
1158.228516	54.633255
1154.520508	59.997475
1150.809570	51.206768
1147.097656	47.139233
1143.382813	45.095154
1139.666992	59.198162
1135.948242	50.426308
1132.227539	44.351685
1128.505859	44.999859
1124.781250	51.017597
1121.055664	51.661507
1117.327148	44.928402
1113.596680	48.255676
1109.865234	40.191734
1106.130859	50.213013
1102.394531	42.825691
1098.657227	50.159706
1094.916992	36.095798
1091.174805	35.408524
1087.430664	40.063801
1083.684570	37.372986
1079.936523	35.352028
1076.186523	43.999836
1072.434570	40.644844
1068.680664	39.291267
1064.924805	36.607914
1061.166992	36.588379
1057.406250	37.233730
1053.644531	27.245850
1049.880859	33.208889
1046.114258	31.863485
1042.346680	35.163776
1038.576172	30.503172
1034.803711	30.486837
1031.030273	30.470505
1027.253906	25.157795
1023.475586	31.761225
1019.695313	28.437498
1015.913086	23.134377
1012.128906	31.049479
1008.342773	31.032795
1004.553711	25.736773
