4046.277344	215.922791
4043.892578	211.730118
4041.505859	234.697281
4039.119141	234.604736
4036.731445	213.573593
4034.342773	239.652222
4031.952148	221.773865
4029.561523	221.686279
4027.169922	252.957001
4024.777344	248.677567
4022.383789	265.290436
4019.989258	243.260727
4017.593750	240.033615
4015.197266	260.802826
4012.799805	261.742340
4010.401367	264.765839
4008.001953	260.493011
4005.601563	253.098846
4003.201172	259.245361
4000.798828	280.997894
3998.395508	287.128296
3995.991211	281.814758
3993.585938	291.058289
3991.180664	273.278290
3988.773438	283.556366
3986.365234	286.558380
3983.957031	293.709290
3981.546875	298.779572
3979.135742	314.215912
3976.724609	307.871185
3974.311523	298.422821
3971.898438	294.160828
3969.483398	290.937469
3967.068359	327.044769
3964.651367	305.188995
3962.234375	312.306122
3959.815430	331.821991
3957.396484	338.922607
3954.975586	319.162354
3952.554688	324.197205
3950.131836	353.997406
3947.708984	362.109039
3945.284180	355.776764
3942.859375	358.726868
3940.432617	333.853394
3938.005859	347.109711
3935.577148	340.793121
3933.148438	368.444275
3930.718750	375.497894
3928.287109	371.233917
3925.855469	373.140869
3923.421875	394.569153
3920.988281	372.841400
3918.552734	396.305756
3916.117188	431.040314
3913.680664	395.987396
3911.242188	397.879120
3908.803711	434.620911
3906.363281	418.051880
3903.922852	418.907898
3901.480469	431.025024
3899.038086	424.711060
3896.593750	434.769867
3894.149414	445.843018
3891.703125	451.796295
3889.256836	450.592346
3886.808594	450.410614
3884.360352	460.438141
3881.910156	456.170258
3879.459961	464.146881
3877.007813	502.707672
3874.555664	465.810516
3872.101563	509.433563
3869.646484	474.600128
3867.191406	503.931427
3864.734375	498.639404
3862.277344	519.799194
3859.818359	499.252625
3857.358398	513.279968
3854.897461	529.327820
3852.436523	496.614990
3849.973633	513.671387
3847.509766	535.787598
3845.044922	562.957397
3842.579102	570.840332
3840.113281	559.460022
3837.645508	575.442505
3835.176758	565.081848
3832.707031	580.036438
3830.236328	608.133057
3827.764648	603.839966
3825.291992	601.572327
3822.818359	601.327576
3820.343750	627.348694
3817.868164	592.759705
3815.390625	657.119934
3812.913086	632.636536
3810.434570	628.344421
3807.955078	648.251709
3805.473633	647.987366
3802.992188	653.767151
3800.509766	695.791687
3798.025391	673.364197
3795.541016	681.138184
3793.054688	675.831543
3790.568359	699.682434
3788.080078	699.396545
3785.591797	713.173218
3783.101563	714.889709
3780.610352	723.630188
3778.119141	728.350281
3775.625977	756.131348
3773.131836	781.884644
3770.636719	773.548401
3768.140625	754.201172
3765.643555	806.954956
3763.145508	813.629578
3760.646484	824.299988
3758.146484	836.961304
3755.645508	823.623840
3753.143555	803.303162
3750.639648	841.923584
3748.135742	883.507019
3745.630859	849.215393
3743.124023	872.806274
3740.617188	905.351257
3738.108398	892.022278
3735.599609	903.610535
3733.088867	911.205627
3730.577148	930.739502
3728.064453	930.356384
3725.551758	955.833496
3723.037109	925.613403
3720.521484	955.046143
3718.004883	979.487427
3715.487305	994.971375
3712.967773	994.561035
3710.448242	1012.009766
3707.927734	1013.575745
3705.406250	976.477478
3702.882813	1024.630371
3700.359375	1048.970337
3697.833984	1061.408569
3695.308594	1095.609863
3692.781250	1068.445801
3690.252930	1120.415405
3687.723633	1104.136230
3685.193359	1144.190430
3682.662109	1131.864990
3680.129883	1146.205200
3677.596680	1122.046265
3675.062500	1215.293213
3672.527344	1149.711670
3669.990234	1187.674438
3667.453125	1187.182129
3664.915039	1233.960449
3662.375000	1238.370605
3659.833984	1290.992065
3657.292969	1294.390503
3654.750000	1296.802734
3652.206055	1295.281372
3649.661133	1310.461060
3647.115234	1292.241455
3644.568359	1375.135132
3642.019531	1361.808716
3639.470703	1403.413452
3636.920898	1400.869019
3634.369141	1386.567383
3631.817383	1394.805664
3629.263672	1432.409546
3626.708984	1434.749023
3624.153320	1456.651733
3621.596680	1477.557739
3619.039063	1514.085449
3616.480469	1509.545898
3613.920898	1524.542725
3611.360352	1492.667114
3608.797852	1505.705933
3606.235352	1619.201904
3603.670898	1605.850586
3601.105469	1648.062744
3598.540039	1686.342285
3595.972656	1640.843140
3593.404297	1685.906494
3590.834961	1696.877441
3588.264648	1766.193115
3585.692383	1779.064575
3583.120117	1820.105835
3580.545898	1779.518555
3577.971680	1781.686401
3575.395508	1797.439331
3572.818359	1861.685425
3570.240234	1896.785156
3567.661133	1902.775513
3565.081055	1859.345581
3562.500000	1906.991211
3559.917969	1937.170532
3557.333984	2019.579468
3554.750000	2038.077637
3552.164063	2036.255249
3549.577148	2035.400146
3546.989258	2056.764893
3544.400391	2070.385742
3541.810547	2126.465820
3539.219727	2121.712646
3536.626953	2164.220703
3534.034180	2189.339600
3531.439453	2205.763916
3528.844727	2241.438477
3526.248047	2287.673340
3523.650391	2288.635010
3521.051758	2305.949463
3518.451172	2396.330811
3515.850586	2375.135986
3513.249023	2401.037109
3510.645508	2435.559570
3508.041016	2478.691895
3505.436523	2499.716797
3502.830078	2561.967773
3500.222656	2564.721680
3497.613281	2599.098633
3495.003906	2543.397217
3492.393555	2654.357422
3489.781250	2673.336182
3487.167969	2705.692871
3484.553711	2772.449707
3481.938477	2766.497803
3479.322266	2782.527588
3476.705078	2802.363281
3474.086914	2836.502441
3471.466797	2917.374023
3468.845703	2956.203613
3466.224609	2918.718018
3463.601563	3024.230469
3460.977539	3060.104736
3458.351563	3147.372314
3455.725586	3088.924072
3453.098633	3127.577148
3450.469727	3224.213623
3447.839844	3241.859619
3445.208984	3287.998291
3442.577148	3316.999023
3439.944336	3343.125732
3437.310547	3502.100342
3434.674805	3491.125977
3432.039063	3525.677002
3429.401367	3512.803955
3426.762695	3567.211182
3424.123047	3665.136230
3421.481445	3665.470459
3418.839844	3751.913086
3416.197266	3808.959717
3413.552734	3865.956543
3410.907227	3942.749756
3408.260742	3929.734863
3405.613281	4037.593506
3402.963867	4062.300781
3400.314453	4146.422363
3397.663086	4148.427246
3395.011719	4230.552734
3392.358398	4247.593262
3389.704102	4285.338379
3387.047852	4331.522461
3384.391602	4434.127930
3381.733398	4520.653809
3379.075195	4550.690918
3376.415039	4539.349121
3373.753906	4669.868164
3371.090820	4786.188965
3368.427734	4812.301758
3365.762695	4859.031738
3363.097656	4902.906250
3360.430664	4999.237793
3357.762695	5040.201172
3355.092773	5063.333008
3352.422852	5133.253418
3349.750977	5171.295410
3347.079102	5236.430176
3344.405273	5369.763184
3341.729492	5416.996582
3339.053711	5509.029785
3336.376953	5560.828613
3333.698242	5652.718262
3331.018555	5648.427734
3328.337891	5648.802246
3325.656250	5816.971680
3322.973633	5913.246582
3320.289063	5963.797852
3317.604492	6175.368164
3314.917969	6100.127930
3312.230469	6226.805664
3309.541016	6399.863281
3306.851563	6349.712402
3304.160156	6382.284180
3301.467773	6504.901367
3298.774414	6555.939453
3296.080078	6661.671875
3293.384766	6659.732422
3290.687500	6742.150391
3287.990234	6849.513672
3285.291016	6960.487793
3282.589844	6980.634277
3279.888672	7072.943848
3277.186523	7182.747559
3274.482422	7241.600098
3271.777344	7216.295898
3269.071289	7441.366699
3266.364258	7521.264160
3263.655273	7656.471680
3260.945313	7744.506836
3258.234375	7716.263184
3255.522461	7758.100098
3252.809570	7915.078125
3250.095703	7927.315430
3247.379883	8177.984375
3244.663086	8170.768555
3241.945313	8269.337891
3239.226563	8269.439453
3236.505859	8371.551758
3233.784180	8591.160156
3231.061523	8683.858398
3228.337891	8821.448242
3225.613281	8756.159180
3222.886719	8870.666992
3220.160156	9026.322266
3217.431641	9083.800781
3214.702148	9315.240234
3211.970703	9269.090820
3209.239258	9478.283203
3206.505859	9522.650391
3203.771484	9596.232422
3201.035156	9715.442383
3198.298828	9783.390625
3195.560547	9924.324219
3192.821289	10084.298828
3190.081055	10180.271484
3187.339844	10400.174805
3184.596680	10523.265625
3181.853516	10659.913086
3179.108398	10804.634766
3176.361328	11033.886719
3173.614258	11016.349609
3170.865234	11194.370117
3168.115234	11275.866211
3165.364258	11317.303711
3162.612305	11525.834961
3159.858398	11480.866211
3157.104492	11690.045898
3154.347656	11706.724609
3151.590820	11907.456055
3148.833008	12133.386719
3146.073242	12287.546875
3143.312500	12436.134766
3140.550781	12429.805664
3137.787109	12684.053711
3135.023438	12853.968750
3132.257813	13004.748047
3129.491211	13266.534180
3126.722656	13248.999023
3123.954102	13420.162109
3121.183594	13324.058594
3118.412109	13661.000977
3115.638672	13851.583008
3112.865234	13856.342773
3110.089844	13999.821289
3107.313477	14178.288086
3104.536133	14465.499023
3101.756836	14572.525391
3098.976563	14601.218750
3096.195313	14847.406250
3093.413086	14841.803711
3090.628906	15030.185547
3087.844727	15309.960938
3085.058594	15269.155273
3082.270508	15689.384766
3079.482422	15964.905273
3076.692383	16043.035156
3073.901367	16173.938477
3071.109375	16248.317383
3068.315430	16384.376953
3065.520508	16607.976563
3062.724609	16782.195313
3059.927734	16801.638672
3057.128906	17120.335938
3054.329102	17253.904297
3051.528320	17255.248047
3048.726563	17564.388672
3045.922852	17853.632813
3043.118164	17795.865234
3040.312500	18213.937500
3037.505859	18350.205078
3034.697266	18520.175781
3031.887695	18632.150391
3029.077148	18769.816406
3026.264648	18918.912109
3023.452148	19105.195313
3020.637695	19168.728516
3017.821289	19371.595703
3015.004883	19578.716797
3012.186523	19675.648438
3009.367188	19951.603516
3006.545898	20079.294922
3003.724609	20152.828125
3000.901367	20524.710938
2998.077148	20700.646484
2995.250977	20785.291016
2992.423828	20890.195313
2989.595703	20972.015625
2986.766602	21416.908203
2983.935547	21265.251953
2981.104492	21517.160156
2978.270508	21532.355469
2975.436523	22000.003906
2972.600586	22146.320313
2969.763672	22304.837891
2966.925781	22203.361328
2964.085938	22589.738281
2961.245117	22853.437500
2958.403320	22786.140625
2955.560547	23165.570313
2952.715820	23233.531250
2949.870117	23449.890625
2947.023438	23482.525391
2944.174805	23743.332031
2941.325195	23979.335938
2938.474609	23906.437500
2935.622070	24280.642578
2932.768555	24483.654297
2929.914063	24697.863281
2927.058594	24873.359375
2924.201172	24962.939453
2921.342773	25369.044922
2918.483398	25462.681641
2915.622070	25599.046875
2912.759766	25822.628906
2909.896484	26166.484375
2907.032227	26148.742188
2904.166016	26566.277344
2901.298828	26829.107422
2898.429688	26648.968750
2895.559570	26950.712891
2892.688477	27161.623047
2889.816406	27506.371094
2886.942383	27706.390625
2884.067383	27616.658203
2881.191406	28020.691406
2878.314453	28297.511719
2875.435547	28460.316406
2872.554688	28644.667969
2869.673828	28968.535156
2866.791016	29152.478516
2863.907227	29313.708984
2861.021484	29543.240234
2858.134766	29758.699219
2855.247070	29935.000000
2852.358398	30150.074219
2849.467773	30307.861328
2846.576172	30641.865234
2843.682617	30795.818359
2840.789063	30721.587891
2837.893555	31178.394531
2834.996094	31346.542969
2832.097656	31480.890625
2829.198242	31885.845703
2826.297852	32043.080078
2823.395508	32080.423828
2820.492188	32281.328125
2817.587891	32511.302734
2814.681641	32835.695313
2811.774414	32481.320313
2808.866211	32732.357422
2805.956055	33045.875000
2803.044922	33184.773438
2800.131836	33536.414063
2797.218750	33680.957031
2794.303711	33723.304688
2791.386719	33765.601563
2788.468750	33854.121094
2785.549805	33990.511719
2782.629883	34220.082031
2779.708008	34497.347656
2776.785156	34601.589844
2773.860352	34805.750000
2770.935547	34802.066406
2768.007813	34669.402344
2765.080078	34674.300781
2762.150391	34732.945313
2759.219727	35219.726563
2756.287109	35159.539063
2753.353516	35276.660156
2750.418945	35317.847656
2747.482422	35474.785156
2744.544922	35342.210938
2741.606445	35715.046875
2738.666016	35744.015625
2735.724609	35568.117188
2732.782227	35668.464844
2729.837891	35774.656250
2726.892578	35572.640625
2723.945313	35964.660156
2720.997070	35809.355469
2718.047852	35904.226563
2715.097656	35888.015625
2712.145508	36031.015625
2709.191406	35824.281250
2706.237305	36095.765625
2703.281250	35887.472656
2700.323242	35745.296875
2697.364258	35943.750000
2694.404297	36224.773438
2691.443359	35954.289063
2688.480469	35948.144531
2685.515625	35893.921875
2682.550781	36054.707031
2679.583984	35961.699219
2676.615234	35788.750000
2673.646484	35812.945313
2670.674805	35972.589844
2667.703125	35825.910156
2664.729492	35680.191406
2661.754883	35728.718750
2658.778320	35551.238281
2655.800781	35400.769531
2652.821289	35186.648438
2649.840820	35156.417969
2646.859375	35295.570313
2643.876953	35111.925781
2640.892578	34984.562500
2637.906250	35029.789063
2634.918945	34813.003906
2631.930664	34527.808594
2628.941406	34560.609375
2625.950195	34228.960938
2622.957031	34535.855469
2619.963867	34402.402344
2616.967773	34293.261719
2613.971680	34136.660156
2610.973633	34163.644531
2607.974609	33667.980469
2604.973633	33602.652344
2601.971680	33548.199219
2598.967773	33364.769531
2595.962891	33221.429688
2592.957031	32851.183594
2589.949219	32643.351563
2586.940430	32558.666016
2583.929688	32523.044922
2580.917969	32071.568359
2577.905273	32295.882813
2574.890625	31911.248047
2571.875000	31623.941406
2568.857422	31738.750000
2565.838867	31418.638672
2562.819336	31453.943359
2559.797852	31031.630859
2556.775391	30877.662109
2553.750977	30574.195313
2550.725586	30337.099609
2547.698242	30208.410156
2544.669922	29521.753906
2541.640625	29549.492188
2538.609375	29271.197266
2535.577148	29055.802734
2532.542969	29064.734375
2529.507813	28787.837891
2526.471680	28613.273438
2523.433594	28191.988281
2520.393555	28051.562500
2517.353516	27716.406250
2514.310547	27900.089844
2511.267578	27406.761719
2508.222656	27450.005859
2505.175781	27073.851563
2502.127930	26664.402344
2499.079102	26370.925781
2496.028320	26261.281250
2492.976563	25849.466797
2489.922852	25627.158203
2486.868164	25346.121094
2483.812500	24999.074219
2480.754883	25027.630859
2477.695313	24796.267578
2474.634766	24328.214844
2471.573242	24035.316406
2468.509766	23818.578125
2465.445313	23800.259766
2462.378906	23495.753906
2459.311523	23261.611328
2456.242188	22903.853516
2453.171875	22776.849609
2450.100586	22435.095703
2447.027344	22362.101563
2443.953125	21985.060547
2440.876953	21649.810547
2437.799805	21452.152344
2434.720703	21314.757813
2431.640625	21100.380859
2428.558594	21013.556641
2425.475586	20575.703125
2422.390625	20392.742188
2419.304688	20147.562500
2416.217773	19962.525391
2413.128906	19674.054688
2410.038086	19452.179688
2406.946289	19336.433594
2403.853516	19013.876953
2400.758789	18878.232422
2397.663086	18495.613281
2394.565430	18315.121094
2391.466797	18022.654297
2388.366211	17892.531250
2385.264648	17551.353516
2382.161133	17378.861328
2379.056641	17301.541016
2375.950195	17134.947266
2372.842773	16874.375000
2369.734375	16716.164063
2366.624023	16525.943359
2363.511719	16340.714844
2360.398438	16246.391602
2357.284180	16072.691406
2354.167969	15785.225586
2351.049805	15621.511719
2347.930664	15448.328125
2344.810547	15236.043945
2341.688477	14982.311523
2338.564453	14863.277344
2335.439453	14748.348633
2332.313477	14433.610352
2329.185547	14432.476563
2326.056641	14174.091797
2322.925781	14039.715820
2319.792969	13816.864258
2316.660156	13667.612305
2313.524414	13500.952148
2310.387695	13242.783203
2307.250000	12988.833984
2304.110352	12866.505859
2300.969727	12809.553711
2297.827148	12638.886719
2294.682617	12425.434570
2291.537109	12358.422852
2288.390625	12187.398438
2285.242188	11926.006836
2282.092773	11814.862305
2278.941406	11779.977539
2275.788086	11625.385742
2272.633789	11430.513672
2269.478516	11360.195313
2266.321289	11093.565430
2263.162109	10921.365234
2260.001953	10844.252930
2256.840820	10658.881836
2253.676758	10652.297852
2250.512695	10432.423828
2247.346680	10364.356445
2244.178711	10123.507813
2241.009766	9992.533203
2237.838867	9923.179688
2234.666992	9734.094727
2231.493164	9490.041016
2228.318359	9443.845703
2225.141602	9392.181641
2221.963867	9114.796875
2218.784180	9115.223633
2215.602539	8905.811523
2212.419922	8810.495117
2209.236328	8671.296875
2206.050781	8604.426758
2202.863281	8434.857422
2199.674805	8270.934570
2196.485352	8214.526367
2193.292969	8108.036621
2190.100586	7985.202637
2186.905273	7835.092285
2183.709961	7808.708008
2180.511719	7726.836426
2177.312500	7564.548340
2174.112305	7461.774414
2170.910156	7446.535645
2167.706055	7297.087402
2164.500977	7142.318359
2161.294922	7001.726563
2158.085938	6999.970703
2154.876953	6873.593262
2151.665039	6824.405762
2148.452148	6698.226563
2145.238281	6595.497559
2142.022461	6586.929199
2138.804688	6488.230957
2135.585938	6304.966797
2132.365234	6311.291016
2129.143555	6210.528809
2125.919922	6030.752930
2122.695313	5991.454590
2119.468750	6018.051758
2116.240234	5860.301270
2113.010742	5765.399414
2109.780273	5794.380859
2106.546875	5578.180176
2103.312500	5544.607422
2100.077148	5405.215820
2096.839844	5405.731934
2093.600586	5348.354492
2090.360352	5186.875488
2087.119141	5128.881836
2083.875000	5111.021973
2080.629883	4996.875977
2077.383789	4981.402344
2074.135742	4975.947266
2070.885742	4852.791504
2067.634766	4778.963867
2064.381836	4709.816406
2061.127930	4590.799805
2057.871094	4524.875488
2054.614258	4511.968750
2051.355469	4400.882813
2048.094727	4306.002930
2044.832031	4345.327637
2041.568359	4242.901367
2038.303711	4189.573242
2035.037109	4170.730957
2031.768555	4028.756104
2028.498047	4010.006104
2025.226563	3937.016357
2021.954102	3895.411133
2018.678711	3793.532715
2015.403320	3756.611572
2012.125000	3669.385986
2008.845703	3599.013916
2005.564453	3588.142334
2002.282227	3513.304443
1998.998047	3470.509521
1995.712891	3368.405762
1992.424805	3338.647705
1989.136719	3343.123291
1985.845703	3235.905762
1982.553711	3178.911377
1979.260742	3183.453613
1975.964844	3131.847656
1972.667969	3041.615967
1969.370117	2989.367676
1966.070313	2975.805664
1962.768555	2948.625488
1959.465820	2848.812012
1956.161133	2859.541504
1952.854492	2778.012207
1949.546875	2802.367188
1946.237305	2726.229492
1942.925781	2678.100586
1939.613281	2609.641357
1936.298828	2526.160889
1932.982422	2560.374512
1929.665039	2550.846924
1926.346680	2487.849609
1923.025391	2442.227783
1919.703125	2416.213623
1916.378906	2413.539307
1913.053711	2345.464111
1909.726563	2324.040039
1906.397461	2259.827637
1903.067383	2264.737061
1899.735352	2187.108398
1896.401367	2170.298584
1893.066406	2187.234863
1889.729492	2113.500000
1886.390625	2067.543213
1883.050781	2072.526367
1879.708984	2033.365479
1876.365234	1963.584106
1873.020508	1961.881714
1869.673828	1936.275513
1866.326172	1883.813843
1862.975586	1844.089478
1859.624023	1817.829834
1856.271484	1851.240234
1852.916016	1786.995728
1849.559570	1761.544922
1846.202148	1705.594604
1842.841797	1727.085938
1839.480469	1685.336914
1836.118164	1627.273315
1832.752930	1640.596191
1829.386719	1603.404297
1826.018555	1579.609619
1822.649414	1554.353516
1819.278320	1529.121582
1815.905273	1481.677368
1812.531250	1505.400269
1809.154297	1445.424683
1805.777344	1396.609009
1802.397461	1372.252563
1799.016602	1407.810547
1795.633789	1378.298218
1792.249023	1326.653931
1788.863281	1283.181274
1785.475586	1291.406982
1782.085938	1269.383179
1778.694336	1232.635864
1775.301758	1240.872803
1771.907227	1198.282593
1768.510742	1181.498535
1765.113281	1189.746948
1761.713867	1150.184814
1758.312500	1149.618896
1754.910156	1109.379761
1751.505859	1122.785645
1748.099609	1092.874023
1744.691406	1075.462524
1741.282227	1063.933838
1737.871094	1027.498047
1734.458008	1042.374023
1731.042969	991.340820
1727.626953	984.997070
1724.208984	973.539124
1720.790039	940.159912
1717.368164	919.966064
1713.945313	932.657593
1710.520508	903.726807
1707.093750	882.850098
1703.666016	889.705872
1700.236328	846.259888
1696.804688	835.641174
1693.371094	862.169983
1689.936523	793.327271
1686.500000	780.567078
1683.061523	796.176147
1679.622070	783.426575
1676.179688	789.575134
1672.736328	792.087158
1669.291016	761.941711
1665.844727	741.254761
1662.396484	704.639404
1658.945313	707.187317
1655.494141	685.833252
1652.040039	684.768127
1648.584961	686.597717
1645.126953	650.098999
1641.668945	650.497925
1638.208008	624.166748
1634.745117	633.242310
1631.281250	637.978333
1627.815430	599.429260
1624.347656	584.710571
1620.878906	590.904175
1617.408203	569.001343
1613.935547	579.515442
1610.460938	559.078796
1606.984375	550.169128
1603.506836	524.016541
1600.027344	534.531128
1596.545898	526.364441
1593.062500	509.592896
1589.577148	508.620209
1586.090820	473.231445
1582.602539	489.477295
1579.112305	477.054688
1575.620117	467.508118
1572.126953	464.411102
1568.630859	457.025696
1565.133789	441.069153
1561.634766	428.700958
1558.133789	420.629852
1554.631836	416.135590
1551.127930	419.493347
1547.621094	415.716858
1544.114258	384.148468
1540.604492	389.653748
1537.092773	373.081635
1533.580078	343.716766
1530.065430	369.149139
1526.548828	347.635559
1523.030273	348.170654
1519.509766	348.705048
1515.988281	327.233856
1512.463867	319.973724
1508.938477	334.703430
1505.411133	323.194031
1501.882813	319.488495
1498.351563	313.662476
1494.818359	303.596069
1491.284180	293.539764
1487.748047	294.097961
1484.209961	313.733887
1480.669922	283.206055
1477.128906	266.826874
1473.584961	275.863373
1470.040039	269.376709
1466.493164	255.848358
1462.944336	242.333633
1459.393555	254.884247
1455.840820	251.235901
1452.287109	251.811447
1448.730469	250.980255
1445.172852	246.636444
1441.613281	219.823013
1438.051758	215.499268
1434.488281	225.913315
1430.922852	219.486954
1427.356445	220.776718
1423.787109	203.851517
1420.216797	206.548065
1416.644531	209.241760
1413.070313	203.539230
1409.494141	195.745163
1405.916016	194.946304
1402.336914	194.148163
1398.754883	182.182480
1395.171875	191.856400
1391.585938	169.444427
1387.999023	173.539230
1384.410156	164.394592
1380.819336	163.614029
1377.226563	174.664017
1373.632813	155.795410
1370.036133	155.020218
1366.438477	148.687347
1362.837891	132.638702
1359.236328	163.804367
1355.632813	145.683121
1352.027344	151.848465
1348.419922	120.584595
1344.810547	148.921432
1341.199219	143.998566
1337.585938	130.777374
1333.970703	139.008957
1330.354492	123.730156
1326.735352	119.521027
1323.115234	122.221352
1319.493164	110.425484
1315.869141	122.095032
1312.242188	125.479103
1308.614258	127.481445
1304.984375	117.084465
1301.353516	114.270325
1297.719727	112.147057
1294.083984	104.524643
1290.446289	94.160851
1286.807617	101.668434
1283.166016	101.615669
1279.523438	105.680313
1275.877930	92.593704
1272.231445	92.545578
1268.582031	102.774956
1264.931641	91.079720
1261.279297	93.770134
1257.625000	86.196243
1253.968750	82.732635
1250.310547	82.006142
1246.650391	82.646416
1242.988281	74.411240
1239.324219	83.924828
1235.658203	72.287704
1231.990234	68.841934
1228.320313	70.849701
1224.648438	71.493553
1220.975586	72.817230
1217.299805	64.616982
1213.622070	60.504223
1209.943359	67.946671
1206.261719	67.911064
1202.578125	70.590485
1198.893555	74.623856
1195.206055	65.092102
1191.517578	62.347191
1187.826172	54.863808
1184.133789	61.604733
1180.438477	54.806156
1176.742188	61.539970
1173.042969	54.748516
1169.342773	53.368595
1165.639648	52.665291
1161.935547	55.336906
1158.228516	55.982224
1154.520508	49.885540
1150.809570	53.228088
1147.097656	48.486069
1143.382813	51.825771
1139.666992	44.398621
1135.948242	43.702801
1132.227539	49.055653
1128.505859	44.999859
1124.781250	43.633469
1121.055664	42.268505
1117.327148	42.246109
1113.596680	44.234367
1109.865234	39.521873
1106.130859	38.831398
1102.394531	38.141632
1098.657227	40.127762
1094.916992	35.427357
1091.174805	42.089378
1087.430664	34.054230
1083.684570	32.701363
1079.936523	38.020107
1076.186523	37.333191
1072.434570	35.980682
1068.680664	36.627453
1064.924805	37.939114
1061.166992	29.270702
1057.406250	27.260410
1053.644531	30.568514
1049.880859	31.216354
1046.114258	27.216728
1042.346680	34.500309
1038.576172	31.829395
1034.803711	24.522022
1031.030273	26.496092
1027.253906	25.157795
1023.475586	29.776148
1019.695313	30.421511
1015.913086	21.151430
1012.128906	21.140070
1008.342773	21.128712
1004.553711	25.736773
