4046.277344	7.337182
4043.892578	4.192676
4041.505859	4.191023
4039.119141	5.236713
4036.731445	6.281577
4034.342773	2.093033
4031.952148	2.092206
4029.561523	10.456900
4027.169922	-5.226384
4024.777344	1.044864
4022.383789	1.044451
4019.989258	3.132113
4017.593750	4.174498
4015.197266	6.259268
4012.799805	-1.042798
4010.401367	4.169540
4008.001953	4.167888
4005.601563	4.166236
4003.201172	2.082292
4000.798828	5.203665
3998.395508	3.120960
3995.991211	6.239441
3993.585938	5.197470
3991.180664	4.156324
3988.773438	5.193340
3986.365234	1.038255
3983.957031	9.340578
3981.546875	10.374291
3979.135742	4.148065
3976.724609	3.109810
3974.311523	6.217143
3971.898438	-1.035778
3969.483398	-1.035365
3967.068359	4.139807
3964.651367	9.310851
3962.234375	6.204757
3959.815430	-1.033713
3957.396484	4.133203
3954.975586	8.263103
3952.554688	0.000000
3950.131836	3.096187
3947.708984	0.000000
3945.284180	3.093711
3942.859375	4.123298
3940.432617	5.152059
3938.005859	7.209994
3935.577148	1.029587
3933.148438	2.058348
3930.718750	8.230091
3928.287109	5.141744
3925.855469	-4.111745
3923.421875	1.027524
3920.988281	6.162668
3918.552734	6.160193
3916.117188	-3.078859
3913.680664	1.025874
3911.242188	6.152770
3908.803711	-3.075148
3906.363281	2.049274
3903.922852	1.024225
3901.480469	5.119062
3899.038086	1.023400
3896.593750	4.091952
3894.149414	3.067727
3891.703125	1.022164
3889.256836	2.043503
3886.808594	6.128036
3884.360352	3.062782
3881.910156	4.082060
3879.459961	1.020103
3877.007813	3.059073
3874.555664	-1.019279
3872.101563	4.075469
3869.646484	8.147641
3867.191406	3.054130
3864.734375	12.211577
3862.277344	3.051659
3859.818359	3.050423
3857.358398	0.000000
3854.897461	3.047953
3852.436523	1.015573
3849.973633	11.166770
3847.509766	8.117993
3845.044922	1.014338
3842.579102	4.055704
3840.113281	6.081087
3837.645508	4.052412
3835.176758	4.050766
3832.707031	5.061400
3830.236328	2.023737
3827.764648	4.045829
3825.291992	0.000000
3822.818359	2.021269
3820.343750	4.040893
3817.868164	2.019624
3815.390625	2.018802
3812.913086	6.053938
3810.434570	5.042893
3807.955078	5.040837
3805.473633	-2.015513
3802.992188	2.014691
3800.509766	9.062409
3798.025391	8.052188
3795.541016	3.018338
3793.054688	4.022807
3790.568359	6.031745
3788.080078	6.029281
3785.591797	4.017877
3783.101563	6.024352
3780.610352	4.014592
3778.119141	3.009712
3775.625977	4.011307
3773.131836	2.004832
3770.636719	-1.002006
3768.140625	1.001595
3765.643555	0.000000
3763.145508	1.000774
3760.646484	0.000000
3758.146484	5.999722
3755.645508	3.998174
3753.143555	4.995667
3750.639648	2.996169
3748.135742	1.996626
3745.630859	3.991612
3743.124023	4.987464
3740.617188	0.000000
3738.108398	4.983365
3735.599609	5.977578
3733.088867	3.983413
3730.577148	0.995443
3728.064453	0.000000
3725.551758	3.978495
3723.037109	5.965285
3720.521484	1.987609
3718.004883	1.986790
3715.487305	2.978956
3712.967773	1.985152
3710.448242	3.968666
3707.927734	3.967028
3705.406250	6.939434
3702.882813	0.990938
3700.359375	1.981058
3697.833984	2.970360
3695.308594	0.000000
3692.781250	6.925112
3690.252930	0.000000
3687.723633	3.953934
3685.193359	1.976149
3682.662109	4.938329
3680.129883	4.936285
3677.596680	3.947392
3675.062500	1.972879
3672.527344	5.916183
3669.990234	-0.985622
3667.453125	5.911280
3664.915039	3.939219
3662.375000	3.937585
3659.833984	1.967976
3657.292969	0.983579
3654.750000	4.915855
3652.206055	2.948288
3649.661133	1.964709
3647.115234	3.927786
3644.568359	8.833844
3642.019531	8.830172
3639.470703	-2.942167
3636.920898	0.000000
3634.369141	4.899531
3631.817383	5.876990
3629.263672	-1.958181
3626.708984	-2.936049
3624.153320	1.956550
3621.596680	5.867205
3619.039063	5.864759
3616.480469	0.000000
3613.920898	1.953290
3611.360352	-0.976237
3608.797852	5.854980
3606.235352	1.950846
3603.670898	3.900062
3601.105469	2.923825
3598.540039	0.974201
3595.972656	1.947588
3593.404297	0.973387
3590.834961	-1.945960
3588.264648	3.890293
3585.692383	0.000000
3583.120117	0.971760
3580.545898	-0.971353
3577.971680	-0.970946
3575.395508	0.970540
3572.818359	11.641597
3570.240234	8.727539
3567.661133	-1.938640
3565.081055	0.968914
3562.500000	2.905522
3559.917969	0.000000
3557.333984	1.935390
3554.750000	4.836444
3552.164063	1.933766
3549.577148	6.765337
3546.989258	1.932142
3544.400391	-2.896995
3541.810547	0.965259
3539.219727	-0.964853
3536.626953	2.893343
3534.034180	8.676378
3531.439453	8.672729
3528.844727	-0.963231
3526.248047	0.962825
3523.650391	6.736941
3521.051758	2.886044
3518.451172	7.692876
3515.850586	1.922409
3513.249023	3.843197
3510.645508	-0.960394
3508.041016	3.839957
3505.436523	-3.838337
3502.830078	4.795897
3500.222656	3.835098
3497.613281	6.708588
3495.003906	-2.873895
3492.393555	-3.830242
3489.781250	0.957156
3487.167969	1.913503
3484.553711	3.825388
3481.938477	5.735655
3479.322266	0.000000
3476.705078	3.820536
3474.086914	4.773650
3471.466797	3.817303
3468.845703	2.861765
3466.224609	2.860554
3463.601563	-0.953114
3460.977539	0.952710
3458.351563	0.952306
3455.725586	3.807611
3453.098633	2.854497
3450.469727	0.951095
3447.839844	0.000000
3445.208984	5.701731
3442.577148	2.849656
3439.944336	2.848446
3437.310547	3.796315
3434.674805	4.743378
3432.039063	2.844817
3429.401367	3.791478
3426.762695	1.894933
3424.123047	3.788254
3421.481445	3.786643
3418.839844	7.570065
3416.197266	4.729277
3413.552734	3.781811
3410.907227	5.670301
3408.260742	4.723239
3405.613281	3.776982
3402.963867	3.775372
3400.314453	1.886882
3397.663086	1.886077
3395.011719	5.655819
3392.358398	5.653407
3389.704102	0.000000
3387.047852	7.531446
3384.391602	0.941029
3381.733398	0.940627
3379.075195	2.820676
3376.415039	-0.939824
3373.753906	3.757689
3371.090820	4.695104
3368.427734	4.693097
3365.762695	0.938218
3363.097656	-1.875634
3360.430664	-0.937416
3357.762695	1.874029
3355.092773	3.746454
3352.422852	4.681063
3349.750977	-0.935812
3347.079102	2.806233
3344.405273	4.675051
3341.729492	6.542266
3339.053711	0.934209
3336.376953	0.933808
3333.698242	0.000000
3331.018555	-0.933008
3328.337891	4.663036
3325.656250	5.593242
3322.973633	-0.931807
3320.289063	3.725627
3317.604492	2.793020
3314.917969	-0.930607
3312.230469	7.441656
3309.541016	4.649036
3306.851563	0.000000
3304.160156	0.000000
3301.467773	5.571650
3298.774414	3.712836
3296.080078	-0.927809
3293.384766	3.709641
3290.687500	4.635055
3287.990234	2.779835
3285.291016	-1.852425
3282.589844	1.851627
3279.888672	-2.776244
3277.186523	0.000000
3274.482422	4.623085
3271.777344	-0.924218
3269.071289	3.695278
3266.364258	1.846842
3263.655273	0.000000
3260.945313	1.845248
3258.234375	3.688903
3255.522461	1.843655
3252.809570	0.000000
3250.095703	3.684125
3247.379883	1.841266
3244.663086	3.680941
3241.945313	-0.919837
3239.226563	1.838879
3236.505859	-1.838084
3233.784180	-0.918644
3231.061523	1.836493
3228.337891	1.835698
3225.613281	4.587258
3222.886719	2.751163
3220.160156	3.666628
3217.431641	0.000000
3214.702148	6.411040
3211.970703	2.746397
3209.239258	1.830138
3206.505859	-2.744016
3203.771484	-1.828550
3201.035156	3.655514
3198.298828	2.740446
3195.560547	1.826171
3192.821289	4.563444
3190.081055	-2.736877
3187.339844	3.647584
3184.596680	3.645999
3181.853516	0.000000
3179.108398	8.196368
3176.361328	4.551558
3173.614258	0.000000
3170.865234	6.366639
3168.115234	1.818248
3165.364258	-0.908728
3162.612305	-0.908333
3159.858398	8.171435
3157.104492	2.722625
3154.347656	0.000000
3151.590820	0.906751
3148.833008	-0.906356
3146.073242	0.000000
3143.312500	0.905566
3140.550781	3.620683
3137.787109	-1.809552
3135.023438	1.808762
3132.257813	7.231891
3129.491211	1.807184
3126.722656	-0.903197
3123.954102	-0.902803
3121.183594	-0.902408
3118.412109	1.804028
3115.638672	6.311338
3112.865234	1.802451
3110.089844	4.504157
3107.313477	0.900437
3104.536133	2.700130
3101.756836	0.000000
3098.976563	4.496280
3096.195313	4.494311
3093.413086	3.593874
3090.628906	4.490376
3087.844727	6.283772
3085.058594	-0.897288
3082.270508	5.381371
3079.482422	3.586007
3076.692383	1.792217
3073.901367	5.374294
3071.109375	0.895323
3068.315430	1.789860
3065.520508	2.683611
3062.724609	4.470722
3059.927734	3.575007
3057.128906	3.573437
3054.329102	5.357800
3051.528320	2.677723
3048.726563	1.784364
3045.922852	1.783580
3043.118164	0.891398
3040.312500	4.455029
3037.505859	1.781227
3034.697266	-0.890222
3031.887695	5.338980
3029.077148	-2.668315
3026.264648	3.556187
3023.452148	3.554620
3020.637695	3.553054
3017.821289	0.000000
3015.004883	4.437405
3012.186523	0.887090
3009.367188	3.546794
3006.545898	-3.545230
3003.724609	2.657749
3000.901367	0.000000
2998.077148	0.000000
2995.250977	-0.884744
2992.423828	1.768707
2989.595703	7.071702
2986.766602	2.650717
2983.935547	0.883182
2981.104492	1.765583
2978.270508	1.764803
2975.436523	4.410056
2972.600586	4.408105
2969.763672	-0.881231
2966.925781	3.523365
2964.085938	6.163159
2961.245117	0.880062
2958.403320	6.157703
2955.560547	1.758565
2952.715820	1.757786
2949.870117	2.635510
2947.023438	-1.756228
2944.174805	-2.633174
2941.325195	2.632007
2938.474609	0.876947
2935.622070	0.876557
2932.768555	0.000000
2929.914063	1.751559
2927.058594	3.501564
2924.201172	4.375011
2921.342773	-1.749227
2918.483398	0.874225
2915.622070	0.000000
2912.759766	3.493793
2909.896484	0.000000
2907.032227	0.872672
2904.166016	6.978271
2901.298828	0.000000
2898.429688	5.229047
2895.559570	0.871120
2892.688477	1.741465
2889.816406	6.962757
2886.942383	0.000000
2884.067383	-5.217417
2881.191406	0.000000
2878.314453	2.606384
2875.435547	0.868407
2872.554688	2.604061
2869.673828	-0.867633
2866.791016	2.601738
2863.907227	0.866859
2861.021484	-0.866472
2858.134766	-0.866086
2855.247070	4.328494
2852.358398	0.865312
2849.467773	0.000000
2846.576172	0.864539
2843.682617	0.864153
2840.789063	2.591300
2837.893555	-0.863380
2834.996094	0.862994
2832.097656	0.000000
2829.198242	2.586667
2826.297852	0.861836
2823.395508	0.861451
2820.492188	7.749585
2817.587891	4.303397
2814.681641	6.882351
2811.774414	2.579725
2808.866211	-0.859523
2805.956055	-3.436551
2803.044922	0.858753
2800.131836	5.150205
2797.218750	2.573947
2794.303711	0.000000
2791.386719	5.143275
2788.468750	2.570483
2785.549805	1.712886
2782.629883	-1.712117
2779.708008	1.711348
2776.785156	5.131737
2773.860352	7.694146
2770.935547	5.127125
2768.007813	7.687229
2765.080078	3.415010
2762.150391	-0.853368
2759.219727	1.705969
2756.287109	1.705201
2753.353516	-1.704433
2750.418945	1.703666
2747.482422	2.554348
2744.544922	-0.851066
2741.606445	0.000000
2738.666016	4.251494
2735.724609	5.099494
2732.782227	2.548597
2729.837891	0.849149
2726.892578	2.546299
2723.945313	0.848383
2720.997070	-1.696001
2718.047852	3.390470
2715.097656	-0.847235
2712.145508	0.000000
2709.191406	3.385878
2706.237305	4.230435
2703.281250	5.074227
2700.323242	2.535967
2697.364258	-0.844940
2694.404297	0.844558
2691.443359	0.000000
2688.480469	4.218969
2685.515625	2.530236
2682.550781	5.058180
2679.583984	0.842648
2676.615234	-0.842267
2673.646484	4.209425
2670.674805	1.683007
2667.703125	0.841122
2664.729492	3.362963
2661.754883	1.680719
2658.778320	2.519935
2655.800781	0.839597
2652.821289	4.196080
2649.840820	5.033010
2646.859375	-2.515363
2643.876953	-1.676147
2640.892578	-1.675385
2637.906250	0.000000
2634.918945	0.836932
2631.930664	2.509653
2628.941406	1.672341
2625.950195	0.835790
2622.957031	3.341641
2619.963867	-1.670060
2616.967773	3.338600
2613.971680	-0.834270
2610.973633	5.837231
2607.974609	4.167552
2604.973633	0.000000
2601.971680	0.832751
2598.967773	-0.832371
2595.962891	0.831992
2592.957031	5.821286
2589.949219	6.649864
2586.940430	1.661708
2583.929688	2.491424
2580.917969	1.660191
2577.905273	3.318866
2574.890625	0.000000
2571.875000	6.631669
2568.857422	2.485739
2565.838867	4.141006
2562.819336	-1.655645
2559.797852	3.309776
2556.775391	5.789458
2553.750977	-1.653374
2550.725586	-0.826309
2547.698242	1.651861
2544.669922	4.127762
2541.640625	2.475523
2538.609375	2.474389
2535.577148	0.000000
2532.542969	3.296162
2529.507813	3.294651
2526.471680	0.000000
2523.433594	3.291630
2520.393555	0.000000
2517.353516	3.288610
2514.310547	-1.643550
2511.267578	-0.821398
2508.222656	1.642041
2505.175781	0.820644
2502.127930	2.460799
2499.079102	0.819889
2496.028320	-0.819513
2492.976563	-2.457407
2489.922852	2.456277
2486.868164	2.455147
2483.812500	-3.272023
2480.754883	-1.635259
2477.695313	3.269011
2474.634766	2.450629
2471.573242	2.449501
2468.509766	0.000000
2465.445313	-0.815748
2462.378906	4.076859
2459.311523	2.444988
2456.242188	0.814620
2453.171875	-3.256976
2450.100586	0.000000
2447.027344	-1.626985
2443.953125	0.813117
2440.876953	0.000000
2437.799805	6.498929
2434.720703	4.059954
2431.640625	3.246462
2428.558594	0.000000
2425.475586	3.243461
2422.390625	0.000000
2419.304688	1.620230
2416.217773	3.238961
2413.128906	1.618731
2410.038086	4.853944
2406.946289	4.851696
2403.853516	0.000000
2400.758789	3.231467
2397.663086	1.614985
2394.565430	0.807118
2391.466797	4.840462
2388.366211	7.257325
2385.264648	4.029976
2382.161133	3.222485
2379.056641	2.415742
2375.950195	0.000000
2372.842773	4.826996
2369.734375	4.824754
2366.624023	0.803752
2363.511719	0.000000
2360.398438	0.803005
2357.284180	2.407894
2354.167969	0.000000
2351.049805	-1.603769
2347.930664	8.816624
2344.810547	5.607966
2341.688477	3.203060
2338.564453	1.600784
2335.439453	0.000000
2332.313477	3.198584
2329.185547	0.799273
2326.056641	0.798900
2322.925781	1.597056
2319.792969	-1.596310
2316.660156	0.797783
2313.524414	2.392231
2310.387695	0.797038
2307.250000	0.796665
2304.110352	3.185173
2300.969727	0.795921
2297.827148	2.386647
2294.682617	2.385531
2291.537109	-0.794805
2288.390625	0.794433
2285.242188	3.176245
2282.092773	3.968448
2278.941406	6.346543
2275.788086	3.964731
2272.633789	3.170299
2269.478516	3.168813
2266.321289	2.375496
2263.162109	3.165843
2260.001953	4.746536
2256.840820	2.372155
2253.676758	-0.790347
2250.512695	5.529832
2247.346680	3.158421
2244.178711	6.313874
2241.009766	0.788863
2237.838867	4.730956
2234.666992	1.576244
2231.493164	2.363254
2228.318359	3.149523
2225.141602	3.935052
2221.963867	3.933200
2218.784180	5.503888
2215.602539	-3.143598
2212.419922	1.571058
2209.236328	0.785159
2206.050781	5.493523
2202.863281	0.000000
2199.674805	0.000000
2196.485352	0.000000
2193.292969	0.783309
2190.100586	4.697639
2186.905273	3.130280
2183.709961	3.911003
2180.511719	1.563662
2177.312500	0.000000
2174.112305	4.686553
2170.910156	3.122892
2167.706055	1.560707
2164.500977	0.000000
2161.294922	1.559231
2158.085938	3.116986
2154.876953	1.557755
2151.665039	0.778509
2148.452148	-0.778140
2145.238281	1.555542
2142.022461	3.109609
2138.804688	0.000000
2135.585938	-1.553330
2132.365234	0.776297
2129.143555	-1.551856
2125.919922	0.775560
2122.695313	0.775191
2119.468750	-0.774823
2116.240234	1.548910
2113.010742	1.548174
2109.780273	0.773719
2106.546875	0.773351
2103.312500	3.864915
2100.077148	1.545230
2096.839844	1.544495
2093.600586	3.087519
2090.360352	-1.543024
2087.119141	4.626867
2083.875000	-2.312331
2080.629883	0.770409
2077.383789	3.850210
2074.135742	0.769675
2070.885742	-0.769307
2067.634766	1.537881
2064.381836	1.537146
2061.127930	2.304618
2057.871094	0.000000
2054.614258	0.767472
2051.355469	-0.767105
2048.094727	-0.766738
2044.832031	0.000000
2041.568359	3.830025
2038.303711	0.000000
2035.037109	2.295815
2031.768555	5.354337
2028.498047	6.116311
2025.226563	4.585035
2021.954102	0.763806
2018.678711	0.000000
2015.403320	-1.526147
2012.125000	2.288123
2008.845703	0.762341
2005.564453	3.047902
2002.282227	-1.523219
1998.998047	1.522487
1995.712891	4.565267
1992.424805	2.281536
1989.136719	4.560878
1985.845703	3.798903
1982.553711	3.797075
1979.260742	2.277148
1975.964844	1.517368
1972.667969	3.033275
1969.370117	3.031813
1966.070313	-0.757588
1962.768555	0.757223
1959.465820	2.270573
1956.161133	2.269477
1952.854492	0.000000
1949.546875	-1.511525
1946.237305	3.021590
1942.925781	0.000000
1939.613281	4.528007
1936.298828	2.262909
1932.982422	0.753938
1929.665039	4.521442
1926.346680	0.000000
1923.025391	0.752845
1919.703125	-1.504960
1916.378906	2.256347
1913.053711	6.765762
1909.726563	2.254161
1906.397461	-2.253068
1903.067383	0.000000
1899.735352	-2.250884
1896.401367	0.749930
1893.066406	0.749566
1889.729492	-0.749202
1886.390625	2.995354
1883.050781	1.496949
1879.708984	-0.748111
1876.365234	0.747747
1873.020508	-1.494767
1869.673828	0.000000
1866.326172	1.493313
1862.975586	6.716635
1859.624023	-0.745929
1856.271484	2.982264
1852.916016	2.235608
1849.559570	2.234518
1846.202148	1.488952
1842.841797	4.464677
1839.480469	0.000000
1836.118164	0.743387
1832.752930	-0.743024
1829.386719	2.227982
1826.018555	4.453786
1822.649414	-3.709674
1819.278320	0.000000
1815.905273	0.741209
1812.531250	-0.740847
1809.154297	3.702420
1805.777344	-0.740121
1802.397461	2.959035
1799.016602	-1.478793
1795.633789	2.956136
1792.249023	2.954686
1788.863281	-1.476618
1785.475586	-0.737947
1782.085938	3.687923
1778.694336	-0.737222
1775.301758	7.368603
1771.907227	3.682491
1768.510742	3.680681
1765.113281	2.207323
1761.713867	2.941649
1758.312500	0.000000
1754.910156	-0.734689
1751.505859	2.937307
1748.099609	0.733965
1744.691406	2.200810
1741.282227	-1.466484
1737.871094	3.664401
1734.458008	1.465037
1731.042969	2.196471
1727.626953	5.122570
1724.208984	1.462869
1720.790039	4.386438
1717.368164	0.730712
1713.945313	2.191051
1710.520508	0.729989
1707.093750	0.729628
1703.666016	2.187801
1700.236328	1.457812
1696.804688	2.914180
1693.371094	3.640920
1689.936523	-2.183470
1686.500000	-0.727462
1683.061523	2.181305
1679.622070	5.087185
1676.179688	1.452760
1672.736328	-1.452039
1669.291016	0.725659
1665.844727	1.450596
1662.396484	1.449875
1658.945313	2.898309
1655.494141	1.448434
1652.040039	-2.171569
1648.584961	-0.723496
1645.126953	2.892543
1641.668945	2.891102
1638.208008	-2.889661
1634.745117	0.722055
1631.281250	0.000000
1627.815430	0.721335
1624.347656	-2.883899
1620.878906	0.720615
1617.408203	0.720255
1613.935547	0.719895
1610.460938	1.439070
1606.984375	5.753403
1603.506836	0.718816
1600.027344	1.436912
1596.545898	0.000000
1593.062500	1.435473
1589.577148	0.000000
1586.090820	-4.302104
1582.602539	4.299947
1579.112305	3.581492
1575.620117	0.715939
1572.126953	2.862318
1568.630859	1.430440
1565.133789	1.429722
1561.634766	-3.572508
1558.133789	0.714142
1554.631836	1.427566
1551.127930	2.853696
1547.621094	0.000000
1544.114258	0.712706
1540.604492	3.561734
1537.092773	4.271927
1533.580078	2.134887
1530.065430	2.845080
1526.548828	-0.710911
1523.030273	1.421105
1519.509766	0.000000
1515.988281	0.709835
1512.463867	0.709476
1508.938477	2.836470
1505.411133	0.000000
1501.882813	-2.125201
1498.351563	3.540208
1494.818359	2.830733
1491.284180	1.414649
1487.748047	1.413933
1484.209961	2.119824
1480.669922	1.412499
1477.128906	-1.411782
1473.584961	2.822132
1470.040039	2.820698
1466.493164	2.819266
1462.944336	1.408916
1459.393555	-1.408200
1455.840820	0.703742
1452.287109	1.406768
1448.730469	2.109078
1445.172852	1.405336
1441.613281	2.809240
1438.051758	2.105856
1434.488281	2.806376
1430.922852	4.207417
1427.356445	2.102635
1423.787109	-1.401041
1420.216797	0.700163
1416.644531	-1.399610
1413.070313	-0.699448
1409.494141	2.796360
1405.916016	3.493661
1402.336914	-1.396749
1398.754883	1.396034
1395.171875	2.092979
1391.585938	2.789209
1387.999023	2.787779
1384.410156	2.786349
1380.819336	2.784920
1377.226563	2.783490
1373.632813	-0.695515
1370.036133	1.390316
1366.438477	2.084402
1362.837891	-3.472217
1359.236328	2.082259
1355.632813	2.081187
1352.027344	2.773488
1348.419922	-2.079045
1344.810547	3.463289
1341.199219	1.384602
1337.585938	2.075831
1333.970703	4.841108
1330.354492	2.764920
1326.735352	1.381746
1323.115234	1.381032
1319.493164	0.000000
1315.869141	-0.689802
1312.242188	4.136674
1308.614258	3.445444
1304.984375	1.377464
1301.353516	1.376751
1297.719727	2.752075
1294.083984	2.750648
1290.446289	0.687306
1286.807617	3.434745
1283.166016	0.686592
1279.523438	-0.686236
1275.877930	1.371759
1272.231445	0.685523
1268.582031	2.740665
1264.931641	-1.369620
1261.279297	2.737814
1257.625000	2.736389
1253.968750	0.683741
1250.310547	1.366769
1246.650391	0.683028
1242.988281	0.682672
1239.324219	-0.682316
1235.658203	2.045878
1231.990234	3.408016
1228.320313	2.043741
1224.648438	0.680891
1220.975586	-2.041605
1217.299805	-1.360358
1213.622070	0.000000
1209.943359	1.358933
1206.261719	5.432885
1202.578125	4.072528
1198.893555	3.391994
1195.206055	0.678043
1191.517578	1.355374
1187.826172	1.354662
1184.133789	2.707900
1180.438477	0.676619
1176.742188	0.676263
1173.042969	0.675908
1169.342773	-1.351104
1165.639648	4.051177
1161.935547	0.000000
1158.228516	2.697938
1154.520508	2.696516
1150.809570	0.673773
1147.097656	2.020253
1143.382813	0.000000
1139.666992	4.708945
1135.948242	3.361754
1132.227539	2.687981
1128.505859	1.343279
1124.781250	-0.671284
1121.055664	1.341857
1117.327148	-0.670573
1113.596680	2.010653
1109.865234	2.009587
1106.130859	1.339014
1102.394531	2.007454
1098.657227	2.675184
1094.916992	0.668441
1091.174805	4.008512
1087.430664	4.674110
1083.684570	-1.334749
1079.936523	0.000000
1076.186523	3.333321
1072.434570	0.000000
1068.680664	-0.665954
1064.924805	0.665598
1061.166992	2.660973
1057.406250	1.994664
1053.644531	1.329066
1049.880859	1.328356
1046.114258	3.319113
1042.346680	1.990403
1038.576172	1.326225
1034.803711	2.651029
1031.030273	1.987207
1027.253906	0.662047
1023.475586	2.646769
1019.695313	0.661337
1015.913086	0.660982
1012.128906	2.642509
1008.342773	1.320544
1004.553711	-0.659917
