4046.277344	227.452652
4043.892578	240.030670
4041.505859	218.980942
4039.119141	214.705231
4036.731445	215.667450
4034.342773	225.000992
4031.952148	220.727753
4029.561523	237.371628
4027.169922	227.870346
4024.777344	226.735428
4022.383789	219.334625
4019.989258	246.392853
4017.593750	236.902740
4015.197266	233.679337
4012.799805	250.271576
4010.401367	249.130051
4008.001953	263.618927
4005.601563	248.932602
4003.201172	268.615662
4000.798828	259.142517
3998.395508	277.765411
3995.991211	245.418030
3993.585938	274.426392
3991.180664	261.848389
3988.773438	278.363007
3986.365234	266.831543
3983.957031	276.065979
3981.546875	283.218140
3979.135742	295.549622
3976.724609	266.407043
3974.311523	291.169495
3971.898438	298.303925
3969.483398	291.972839
3967.068359	292.891357
3964.651367	288.636383
3962.234375	313.340240
3959.815430	317.350006
3957.396484	318.256592
3954.975586	323.293915
3952.554688	309.742554
3950.131836	335.420288
3947.708984	333.222870
3945.284180	331.027100
3942.859375	322.648041
3940.432617	335.914215
3938.005859	340.929688
3935.577148	359.325684
3933.148438	342.714905
3930.718750	342.577545
3928.287109	365.063843
3925.855469	357.721832
3923.421875	357.578278
3920.988281	370.787201
3918.552734	359.344604
3916.117188	374.594543
3913.680664	361.107666
3911.242188	378.395355
3908.803711	388.493683
3906.363281	392.435974
3903.922852	389.205383
3901.480469	411.572571
3899.038086	391.962250
3896.593750	406.126190
3894.149414	409.030273
3891.703125	432.375183
3889.256836	441.396606
3886.808594	442.239899
3884.360352	423.684784
3881.910156	440.862518
3879.459961	418.242249
3877.007813	458.860962
3874.555664	437.270721
3872.101563	456.452454
3869.646484	469.507843
3867.191406	499.859253
3864.734375	464.039917
3862.277344	471.989899
3859.818359	479.933258
3857.358398	475.673340
3854.897461	490.720398
3852.436523	505.755127
3849.973633	506.565277
3847.509766	506.359863
3845.044922	515.283508
3842.579102	514.060486
3840.113281	551.351868
3837.645508	531.879028
3835.176758	525.586853
3832.707031	572.950500
3830.236328	566.646423
3827.764648	533.037964
3825.291992	577.307190
3822.818359	566.966003
3820.343750	585.929504
3817.868164	578.622314
3815.390625	570.311462
3812.913086	598.330872
3810.434570	613.215759
3807.955078	621.031189
3805.473633	637.909790
3802.992188	633.620239
3800.509766	669.611389
3798.025391	645.181519
3795.541016	633.850891
3793.054688	692.928467
3790.568359	698.677185
3788.080078	675.279419
3785.591797	694.088318
3783.101563	685.772034
3780.610352	684.487915
3778.119141	694.240234
3775.625977	719.026794
3773.131836	732.766235
3770.636719	747.496216
3768.140625	766.220337
3765.643555	771.913452
3763.145508	757.586243
3760.646484	788.286865
3758.146484	791.963379
3755.645508	814.627930
3753.143555	813.294495
3750.639648	817.954224
3748.135742	849.564331
3745.630859	843.227966
3743.124023	845.873962
3740.617188	874.441650
3738.108398	876.075500
3735.599609	915.565735
3733.088867	924.151733
3730.577148	923.771423
3728.064453	889.559998
3725.551758	928.978638
3723.037109	927.601807
3720.521484	930.201050
3718.004883	921.870483
3715.487305	979.083618
3712.967773	960.813477
3710.448242	984.229126
3707.927734	954.070313
3705.406250	1015.140076
3702.882813	1010.757202
3700.359375	1007.368164
3697.833984	1031.704956
3695.308594	1025.340332
3692.781250	1033.820313
3690.252930	1107.559692
3687.723633	1083.378052
3685.193359	1119.488647
3682.662109	1123.963623
3680.129883	1134.358154
3677.596680	1161.520142
3675.062500	1153.147583
3672.527344	1173.376465
3669.990234	1224.142456
3667.453125	1161.566528
3664.915039	1217.218750
3662.375000	1183.244385
3659.833984	1225.064819
3657.292969	1220.622070
3654.750000	1236.829224
3652.206055	1235.332886
3649.661133	1288.849243
3647.115234	1320.717896
3644.568359	1287.778198
3642.019531	1304.903076
3639.470703	1289.649658
3636.920898	1328.325684
3634.369141	1346.391235
3631.817383	1357.584839
3629.263672	1424.576782
3626.708984	1395.601685
3624.153320	1443.934082
3621.596680	1458.000488
3619.039063	1454.460327
3616.480469	1467.532715
3613.920898	1442.504517
3611.360352	1467.284912
3608.797852	1509.609253
3606.235352	1508.979126
3603.670898	1542.474609
3601.105469	1570.094116
3598.540039	1597.690063
3595.972656	1594.101074
3593.404297	1625.556519
3590.834961	1639.471558
3588.264648	1620.307007
3585.692383	1651.710693
3583.120117	1734.590942
3580.545898	1682.383179
3577.971680	1730.226196
3575.395508	1729.501587
3572.818359	1786.015015
3570.240234	1752.295898
3567.661133	1840.739014
3565.081055	1842.874023
3562.500000	1877.936035
3559.917969	1853.913818
3557.333984	1863.780640
3554.750000	1954.890869
3552.164063	1956.003906
3549.577148	2017.037109
3546.989258	1974.648804
3544.400391	2024.999512
3541.810547	2050.210449
3539.219727	2032.946045
3536.626953	2078.384766
3534.034180	2144.993652
3531.439453	2118.072998
3528.844727	2166.306396
3526.248047	2213.535889
3523.650391	2259.762451
3521.051758	2243.418457
3518.451172	2324.210205
3515.850586	2304.006836
3513.249023	2312.643555
3510.645508	2383.698242
3508.041016	2379.812988
3505.436523	2480.525146
3502.830078	2524.559814
3500.222656	2541.711182
3497.613281	2552.138672
3495.003906	2579.799805
3492.393555	2577.752686
3489.781250	2622.606934
3487.167969	2659.768799
3484.553711	2698.811035
3481.938477	2769.365723
3479.322266	2777.749756
3476.705078	2853.940674
3474.086914	2838.411865
3471.466797	2920.237061
3468.845703	2919.000732
3466.224609	2978.789551
3463.601563	3008.980713
3460.977539	3009.611084
3458.351563	3119.755615
3455.725586	3121.288818
3453.098633	3200.842529
3450.469727	3219.458008
3447.839844	3299.851807
3445.208984	3295.600586
3442.577148	3350.244873
3439.944336	3327.934082
3437.310547	3415.734131
3434.674805	3451.281494
3432.039063	3515.245850
3429.401367	3554.510254
3426.762695	3607.952393
3424.123047	3610.206543
3421.481445	3699.550293
3418.839844	3757.590820
3416.197266	3787.205078
3413.552734	3846.102051
3410.907227	3877.541260
3408.260742	3885.336426
3405.613281	3962.053711
3402.963867	4034.929199
3400.314453	4129.440430
3397.663086	4138.996582
3395.011719	4192.847656
3392.358398	4282.456055
3389.704102	4303.232910
3387.047852	4304.221191
3384.391602	4403.074219
3381.733398	4436.937988
3379.075195	4479.233887
3376.415039	4611.715332
3373.753906	4651.079590
3371.090820	4693.226074
3368.427734	4759.739258
3365.762695	4768.962402
3363.097656	4771.612305
3360.430664	4849.251465
3357.762695	4993.350586
3355.092773	5002.453125
3352.422852	4994.694336
3349.750977	5102.045410
3347.079102	5124.180664
3344.405273	5278.132324
3341.729492	5267.458984
3339.053711	5413.740723
3336.376953	5330.178223
3333.698242	5518.307617
3331.018555	5484.218262
3328.337891	5576.058594
3325.656250	5631.462891
3322.973633	5742.725586
3320.289063	5825.018066
3317.604492	5842.067871
3314.917969	6008.928711
3312.230469	6008.207031
3309.541016	6015.853027
3306.851563	6105.278320
3304.160156	6258.726074
3301.467773	6399.968750
3298.774414	6379.579590
3296.080078	6466.832031
3293.384766	6479.814453
3290.687500	6634.617188
3287.990234	6707.742188
3285.291016	6863.235352
3282.589844	6935.269531
3279.888672	6786.990723
3277.186523	6966.293945
3274.482422	7084.415039
3271.777344	7146.979492
3269.071289	7288.012695
3266.364258	7457.548340
3263.655273	7443.253906
3260.945313	7621.797852
3258.234375	7696.896484
3255.522461	7629.966309
3252.809570	7801.742188
3250.095703	8082.048828
3247.379883	8088.683105
3244.663086	8215.860352
3241.945313	8281.295898
3239.226563	8240.017578
3236.505859	8436.803711
3233.784180	8658.221680
3231.061523	8749.053711
3228.337891	8792.994141
3225.613281	8844.234375
3222.886719	9017.395508
3220.160156	9063.905273
3217.431641	9327.526367
3214.702148	9394.004883
3211.970703	9442.114258
3209.239258	9511.225586
3206.505859	9708.328125
3203.771484	9868.686523
3201.035156	10019.763672
3198.298828	10138.735352
3195.560547	10243.903320
3192.821289	10351.716797
3190.081055	10584.416992
3187.339844	10577.083008
3184.596680	10723.795898
3181.853516	10762.868164
3179.108398	11036.865234
3176.361328	11142.213867
3173.614258	11344.829102
3170.865234	11443.579102
3168.115234	11589.513672
3165.364258	11763.489258
3162.612305	11736.568359
3159.858398	11778.669922
3157.104492	12026.744141
3154.347656	12172.090820
3151.590820	12296.452148
3148.833008	12491.397461
3146.073242	12567.488281
3143.312500	12870.806641
3140.550781	12968.381836
3137.787109	12922.914063
3135.023438	12974.250977
3132.257813	13435.045898
3129.491211	13399.361328
3126.722656	13642.792969
3123.954102	13598.013672
3121.183594	13843.845703
3118.412109	13865.758789
3115.638672	14098.626953
3112.865234	14251.980469
3110.089844	14335.832031
3107.313477	14530.359375
3104.536133	14477.200195
3101.756836	14595.916016
3098.976563	14613.807617
3096.195313	14982.235352
3093.413086	15244.317383
3090.628906	15317.569336
3087.844727	15492.190430
3085.058594	15528.471680
3082.270508	16004.195313
3079.482422	16074.278320
3076.692383	16281.399414
3073.901367	16403.242188
3071.109375	16564.367188
3068.315430	16653.750000
3065.520508	16832.503906
3062.724609	16837.632813
3059.927734	17248.515625
3057.128906	17453.558594
3054.329102	17573.585938
3051.528320	17549.796875
3048.726563	17947.134766
3045.922852	18172.894531
3043.118164	18254.933594
3040.312500	18537.373047
3037.505859	18433.031250
3034.697266	18465.871094
3031.887695	19049.480469
3029.077148	19036.648438
3026.264648	19166.957031
3023.452148	19291.812500
3020.637695	19497.386719
3017.821289	19702.771484
3015.004883	20002.044922
3012.186523	19994.113281
3009.367188	20412.685547
3006.545898	20486.996094
3003.724609	20748.164063
3000.901367	20965.703125
2998.077148	21011.328125
2995.250977	21399.302734
2992.423828	21365.091797
2989.595703	21695.982422
2986.766602	21970.908203
2983.935547	22058.349609
2981.104492	22412.310547
2978.270508	22600.943359
2975.436523	22823.800781
2972.600586	22957.412109
2969.763672	23138.482422
2966.925781	23285.035156
2964.085938	23375.982422
2961.245117	23723.818359
2958.403320	23893.646484
2955.560547	24104.644531
2952.715820	24263.591797
2949.870117	24395.160156
2947.023438	24830.429688
2944.174805	24914.216797
2941.325195	25218.134766
2938.474609	25415.664063
2935.622070	25551.650391
2932.768555	25529.798828
2929.914063	25867.906250
2927.058594	26042.880859
2924.201172	26377.818359
2921.342773	26832.273438
2918.483398	26863.191406
2915.622070	27019.031250
2912.759766	27129.306641
2909.896484	27453.375000
2907.032227	27772.785156
2904.166016	27947.101563
2901.298828	28248.552734
2898.429688	28163.650391
2895.559570	28404.611328
2892.688477	28716.751953
2889.816406	29051.232422
2886.942383	29002.626953
2884.067383	29444.492188
2881.191406	29524.376953
2878.314453	29678.027344
2875.435547	30101.607422
2872.554688	30243.560547
2869.673828	30676.904297
2866.791016	30686.636719
2863.907227	31204.330078
2861.021484	31106.355469
2858.134766	31382.609375
2855.247070	31532.214844
2852.358398	31660.044922
2849.467773	31865.593750
2846.576172	32064.033203
2843.682617	32245.865234
2840.789063	32357.562500
2837.893555	32684.994141
2834.996094	32904.246094
2832.097656	33046.523438
2829.198242	33219.703125
2826.297852	33449.597656
2823.395508	33328.667969
2820.492188	33657.308594
2817.587891	33680.968750
2814.681641	34023.761719
2811.774414	34061.832031
2808.866211	33998.433594
2805.956055	34266.710938
2803.044922	34573.378906
2800.131836	34861.734375
2797.218750	34812.636719
2794.303711	34848.472656
2791.386719	34975.988281
2788.468750	35223.332031
2785.549805	35122.730469
2782.629883	35338.093750
2779.708008	35519.023438
2776.785156	35576.621094
2773.860352	35646.976563
2770.935547	35837.746094
2768.007813	35805.402344
2765.080078	35843.085938
2762.150391	35902.062500
2759.219727	36401.109375
2756.287109	36377.906250
2753.353516	36512.371094
2750.418945	36506.156250
2747.482422	36438.625000
2744.544922	36587.320313
2741.606445	36449.183594
2738.666016	36706.554688
2735.724609	36730.804688
2732.782227	36716.789063
2729.837891	36819.960938
2726.892578	36867.855469
2723.945313	37112.523438
2720.997070	37065.246094
2718.047852	37022.234375
2715.097656	37128.367188
2712.145508	37148.859375
2709.191406	37014.417969
2706.237305	37331.898438
2703.281250	37231.300781
2700.323242	37119.792969
2697.364258	37151.167969
2694.404297	37437.558594
2691.443359	37414.714844
2688.480469	37267.839844
2685.515625	37350.492188
2682.550781	37415.355469
2679.583984	37351.226563
2676.615234	37365.472656
2673.646484	37097.660156
2670.674805	37288.699219
2667.703125	37118.714844
2664.729492	37090.113281
2661.754883	37092.621094
2658.778320	36906.121094
2655.800781	36861.671875
2652.821289	36476.523438
2649.840820	36676.386719
2646.859375	36761.187500
2643.876953	36365.683594
2640.892578	36214.292969
2637.906250	36539.460938
2634.918945	36480.171875
2631.930664	36243.574219
2628.941406	35851.656250
2625.950195	35854.574219
2622.957031	35849.957031
2619.963867	35890.425781
2616.967773	35654.578125
2613.971680	35419.765625
2610.973633	35476.187500
2607.974609	35067.445313
2604.973633	35010.644531
2601.971680	34770.679688
2598.967773	34550.898438
2595.962891	34577.578125
2592.957031	34306.503906
2589.949219	34272.566406
2586.940430	33823.226563
2583.929688	33651.660156
2580.917969	33560.757813
2577.905273	33420.148438
2574.890625	33176.816406
2571.875000	32932.867188
2568.857422	32800.988281
2565.838867	32535.052734
2562.819336	32405.939453
2559.797852	32112.271484
2556.775391	31613.750000
2553.750977	31737.343750
2550.725586	31268.349609
2547.698242	31078.939453
2544.669922	30953.261719
2541.640625	30596.638672
2538.609375	30298.892578
2535.577148	30325.406250
2532.542969	30176.365234
2529.507813	29717.753906
2526.471680	29509.832031
2523.433594	29220.623047
2520.393555	29081.371094
2517.353516	28729.298828
2514.310547	28750.626953
2511.267578	28384.224609
2508.222656	28348.201172
2505.175781	27996.253906
2502.127930	27735.669922
2499.079102	27431.042969
2496.028320	27024.248047
2492.976563	26782.462891
2489.922852	26540.074219
2486.868164	26131.767578
2483.812500	26058.392578
2480.754883	25897.589844
2477.695313	25785.144531
2474.634766	25382.802734
2471.573242	25089.417969
2468.509766	24891.781250
2465.445313	24683.714844
2462.378906	24287.480469
2459.311523	24158.921875
2456.242188	23830.890625
2453.171875	23858.980469
2450.100586	23325.466797
2447.027344	23145.494141
2443.953125	22810.375000
2440.876953	22662.486328
2437.799805	22328.695313
2434.720703	22195.767578
2431.640625	21906.314453
2428.558594	21758.275391
2425.475586	21419.003906
2422.390625	21254.292969
2419.304688	21112.410156
2416.217773	20848.380859
2413.128906	20531.980469
2410.038086	20212.630859
2406.946289	20031.035156
2403.853516	19964.369141
2400.758789	19817.781250
2397.663086	19170.675781
2394.565430	19182.773438
2391.466797	18633.359375
2388.366211	18612.619141
2385.264648	18404.902344
2382.161133	18385.886719
2379.056641	18047.201172
2375.950195	17802.992188
2372.842773	17751.279297
2369.734375	17431.835938
2366.624023	17119.916016
2363.511719	17005.912109
2360.398438	16655.923828
2357.284180	16852.046875
2354.167969	16432.648438
2351.049805	16344.009766
2347.930664	16104.765625
2344.810547	15920.215820
2341.688477	15900.789063
2338.564453	15495.586914
2335.439453	15381.164063
2332.313477	15086.122070
2329.185547	15106.263672
2326.056641	14695.773438
2322.925781	14652.186523
2319.792969	14433.040039
2316.660156	14187.766602
2313.524414	13949.893555
2310.387695	13771.218750
2307.250000	13805.416016
2304.110352	13483.633789
2300.969727	13350.780273
2297.827148	13324.649414
2294.682617	13135.528320
2291.537109	12909.222656
2288.390625	12697.423828
2285.242188	12508.847656
2282.092773	12328.379883
2278.941406	12169.496094
2275.788086	12178.862305
2272.633789	11856.125977
2269.478516	11723.816406
2266.321289	11689.022461
2263.162109	11444.520508
2260.001953	11416.210938
2256.840820	11151.499023
2253.676758	11054.584961
2250.512695	10876.390625
2247.346680	10665.196289
2244.178711	10597.047852
2241.009766	10417.730469
2237.838867	10281.944336
2234.666992	10203.027344
2231.493164	10019.410156
2228.318359	9878.480469
2225.141602	9718.003906
2221.963867	9518.343750
2218.784180	9564.969727
2215.602539	9419.790039
2212.419922	9171.838867
2209.236328	9113.340820
2206.050781	8951.303711
2202.863281	8891.389648
2199.674805	8786.838867
2196.485352	8698.839844
2193.292969	8578.022461
2190.100586	8425.998047
2186.905273	8401.672852
2183.709961	8202.155273
2180.511719	8169.352539
2177.312500	7994.352539
2174.112305	7904.653809
2170.910156	7781.465820
2167.706055	7610.789551
2164.500977	7476.151855
2161.294922	7362.688477
2158.085938	7334.267090
2154.876953	7259.137695
2151.665039	7067.300781
2148.452148	6937.893555
2145.238281	6937.716797
2142.022461	6894.003418
2138.804688	6749.313965
2135.585938	6674.659668
2132.365234	6506.141602
2129.143555	6554.265137
2125.919922	6381.305664
2122.695313	6248.042969
2119.468750	6210.208008
2116.240234	6026.809082
2113.010742	6029.363281
2109.780273	5940.613770
2106.546875	5897.574219
2103.312500	5831.383789
2100.077148	5762.936523
2096.839844	5608.833008
2093.600586	5592.268555
2090.360352	5446.875000
2087.119141	5320.125488
2083.875000	5318.360840
2080.629883	5242.636719
2077.383789	5166.982422
2074.135742	5098.325684
2070.885742	5078.198730
2067.634766	4873.543457
2064.381836	4828.945313
2061.127930	4802.056152
2057.871094	4760.602539
2054.614258	4738.373047
2051.355469	4605.699707
2048.094727	4547.525879
2044.832031	4482.507813
2041.568359	4455.851074
2038.303711	4427.686523
2035.037109	4339.856445
2031.768555	4198.564941
2028.498047	4214.138184
2025.226563	4047.821533
2021.954102	4061.920898
2018.678711	3970.650635
2015.403320	3984.770752
2012.125000	3880.656006
2008.845703	3795.697998
2005.564453	3729.107666
2002.282227	3653.440674
1998.998047	3565.665039
1995.712891	3481.776611
1992.424805	3534.859619
1989.136719	3482.990234
1985.845703	3376.465088
1982.553711	3391.547607
1979.260742	3283.648193
1975.964844	3250.202393
1972.667969	3236.503906
1969.370117	3191.741211
1966.070313	3119.747314
1962.768555	2995.573242
1959.465820	2988.073730
1956.161133	2989.658203
1952.854492	2940.579590
1949.546875	2887.768311
1946.237305	2855.402588
1942.925781	2785.315430
1939.613281	2770.385498
1936.298828	2685.318848
1932.982422	2668.941650
1929.665039	2663.129395
1926.346680	2558.651367
1923.025391	2529.557861
1919.703125	2478.669434
1916.378906	2459.418457
1913.053711	2402.597412
1909.726563	2402.935791
1906.397461	2379.240234
1903.067383	2339.802979
1899.735352	2294.400635
1896.401367	2247.541504
1893.066406	2283.928955
1889.729492	2209.397949
1886.390625	2150.664307
1883.050781	2120.428711
1879.708984	2096.206787
1876.365234	2038.358765
1873.020508	1988.040039
1869.673828	2013.218506
1866.326172	2018.212036
1862.975586	1917.226196
1859.624023	1877.504150
1856.271484	1860.187012
1852.916016	1847.357178
1849.559570	1802.511108
1846.202148	1806.098877
1842.841797	1796.288452
1839.480469	1715.830566
1836.118164	1743.985107
1832.752930	1647.283325
1829.386719	1661.331909
1826.018555	1666.458374
1822.649414	1631.514771
1819.278320	1561.009155
1815.905273	1535.044434
1812.531250	1527.625732
1809.154297	1521.694580
1805.777344	1496.525391
1802.397461	1498.751343
1799.016602	1424.077271
1795.633789	1393.817871
1792.249023	1407.907837
1788.863281	1371.778442
1785.475586	1373.319092
1782.085938	1297.411377
1778.694336	1290.876465
1775.301758	1261.504883
1771.907227	1283.716431
1768.510742	1241.861816
1765.113281	1234.629150
1761.713867	1210.488647
1758.312500	1181.225952
1754.910156	1163.746704
1751.505859	1158.033325
1748.099609	1133.976074
1744.691406	1132.683594
1741.282227	1093.996704
1737.871094	1059.744751
1734.458008	1076.069946
1731.042969	1031.609497
1727.626953	1014.268921
1724.208984	1012.305176
1720.790039	999.376831
1717.368164	963.078064
1713.945313	958.219849
1710.520508	927.086426
1707.093750	941.220337
1703.666016	923.252136
1700.236328	927.168457
1696.804688	837.098267
1693.371094	879.646362
1689.936523	855.920105
1686.500000	838.764099
1683.061523	819.443420
1679.622070	847.379761
1676.179688	805.555481
1672.736328	810.963684
1669.291016	788.065430
1665.844727	763.013672
1662.396484	769.883789
1658.945313	747.763672
1655.494141	733.631531
1652.040039	733.990356
1648.584961	709.026062
1645.126953	676.855042
1641.668945	672.181152
1638.208008	638.615051
1634.745117	669.345032
1631.281250	644.473572
1627.815430	627.561340
1624.347656	609.944702
1620.878906	606.037048
1617.408203	563.959595
1613.935547	593.193481
1610.460938	579.945313
1606.984375	549.449951
1603.506836	533.361145
1600.027344	568.298523
1596.545898	552.934021
1593.062500	533.995972
1589.577148	515.794006
1586.090820	554.254395
1582.602539	505.243744
1579.112305	512.153320
1575.620117	499.725342
1572.126953	475.860382
1568.630859	456.310455
1565.133789	458.225800
1561.634766	441.561981
1558.133789	442.768280
1554.631836	429.697479
1551.127930	435.902100
1547.621094	429.265106
1544.114258	411.231293
1540.604492	402.475983
1537.092773	387.321411
1533.580078	400.647095
1530.065430	393.332336
1526.548828	391.712067
1523.030273	360.250031
1519.509766	358.647766
1515.988281	357.756744
1512.463867	353.319122
1508.938477	359.522552
1505.411133	337.369202
1501.882813	345.699310
1498.351563	339.860016
1494.818359	310.672913
1491.284180	323.954712
1487.748047	311.772125
1484.209961	301.721558
1480.669922	299.449799
1477.128906	292.944855
1473.584961	297.029358
1470.040039	277.838806
1466.493164	271.354340
1462.944336	256.422791
1459.393555	264.741638
1455.840820	264.606995
1452.287109	234.226852
1448.730469	229.889481
1445.172852	256.473785
1441.613281	235.273834
1438.051758	237.961731
1434.488281	224.510132
1430.922852	225.096848
1427.356445	227.084625
1423.787109	229.770782
1420.216797	219.151001
1416.644531	205.042923
1413.070313	206.337021
1409.494141	209.726959
1405.916016	204.728561
1402.336914	197.640030
1398.754883	184.974548
1395.171875	195.344696
1391.585938	188.968887
1387.999023	177.023956
1384.410156	176.236588
1380.819336	174.057480
1377.226563	171.184647
1373.632813	174.574326
1370.036133	166.837906
1366.438477	152.161346
1362.837891	147.222015
1359.236328	155.475327
1355.632813	142.908203
1352.027344	150.461731
1348.419922	139.989014
1344.810547	142.687515
1341.199219	155.075378
1337.585938	142.540421
1333.970703	131.401505
1330.354492	141.702133
1326.735352	125.048012
1323.115234	130.507538
1319.493164	121.468025
1315.869141	115.197006
1312.242188	128.236893
1308.614258	117.834198
1304.984375	115.707001
1301.353516	110.140068
1297.719727	115.587151
1294.083984	101.086327
1290.446289	105.845047
1286.807617	97.546745
1283.166016	104.362038
1279.523438	96.759247
1275.877930	99.452499
1272.231445	102.828423
1268.582031	89.071625
1264.931641	92.449341
1261.279297	93.085678
1257.625000	91.669022
1253.968750	88.202568
1250.310547	89.523369
1246.650391	77.865211
1242.988281	79.872620
1239.324219	85.289459
1235.658203	89.336693
1231.990234	79.747581
1228.320313	75.618431
1224.648438	74.217117
1220.975586	68.734024
1217.299805	74.139488
1213.622070	63.903336
1209.943359	72.023468
1206.261719	68.590179
1202.578125	63.802940
1198.893555	69.196671
1195.206055	58.989719
1191.517578	56.925694
1187.826172	54.186478
1184.133789	64.989609
1180.438477	61.572350
1176.742188	66.950073
1173.042969	58.803963
1169.342773	62.826321
1165.639648	47.263725
1161.935547	56.011745
1158.228516	50.586346
1154.520508	46.514896
1150.809570	42.447716
1147.097656	51.853153
1143.382813	46.441277
1139.666992	47.089447
1135.948242	47.736904
1132.227539	45.023678
1128.505859	42.984940
1124.781250	42.962185
1121.055664	50.319649
1117.327148	40.904964
1113.596680	41.553497
1109.865234	44.880772
1106.130859	44.187450
1102.394531	37.472481
1098.657227	38.121376
1094.916992	37.432678
1091.174805	36.076611
1087.430664	39.396072
1083.684570	35.370861
1079.936523	37.353088
1076.186523	31.333216
1072.434570	34.648064
1068.680664	34.629589
1064.924805	31.948725
1061.166992	37.253624
1057.406250	37.898621
1053.644531	27.910381
1049.880859	29.887999
1046.114258	34.518776
1042.346680	34.500309
1038.576172	33.818733
1034.803711	29.161324
1031.030273	25.833689
1027.253906	32.440315
1023.475586	18.527382
1019.695313	23.146801
1015.913086	25.778305
1012.128906	29.728224
1008.342773	23.109528
1004.553711	20.457436
