4046.277344	262.042236
4043.892578	294.535461
4041.505859	269.273224
4039.119141	268.119690
4036.731445	281.624023
4034.342773	281.512878
4031.952148	273.032898
4029.561523	276.062164
4027.169922	294.768066
4024.777344	265.395386
4022.383789	292.446167
4019.989258	281.890106
4017.593750	279.691345
4015.197266	292.099152
4012.799805	303.454285
4010.401367	298.122162
4008.001953	302.171906
4005.601563	319.758606
4003.201172	313.384949
4000.798828	337.197479
3998.395508	327.700775
3995.991211	328.610596
3993.585938	337.835510
3991.180664	331.466827
3988.773438	334.451080
3986.365234	343.662415
3983.957031	359.093353
3981.546875	361.025330
3979.135742	340.141327
3976.724609	358.664734
3974.311523	352.304749
3971.898438	363.557922
3969.483398	355.130096
3967.068359	387.071991
3964.651367	357.950500
3962.234375	354.705292
3959.815430	362.833405
3957.396484	382.321228
3954.975586	398.694733
3952.554688	423.314819
3950.131836	421.081451
3947.708984	436.387817
3945.284180	425.900879
3942.859375	420.576355
3940.432617	429.681702
3938.005859	430.539612
3935.577148	403.597900
3933.148438	439.457275
3930.718750	448.539948
3928.287109	426.764771
3925.855469	450.236084
3923.421875	470.605896
3920.988281	466.308533
3918.552734	467.147980
3916.117188	457.723755
3913.680664	473.953796
3911.242188	469.661438
3908.803711	483.823273
3906.363281	474.406921
3903.922852	474.216034
3901.480469	518.049072
3899.038086	514.770264
3896.593750	503.310059
3894.149414	517.423279
3891.703125	525.392029
3889.256836	554.810974
3886.808594	545.395142
3884.360352	534.965820
3881.910156	550.057617
3879.459961	569.217529
3877.007813	576.125427
3874.555664	565.699890
3872.101563	562.414673
3869.646484	589.685547
3867.191406	608.789856
3864.734375	591.243835
3862.277344	600.159546
3859.818359	617.202332
3857.358398	615.935974
3854.897461	638.038147
3852.436523	620.514832
3849.973633	663.915222
3847.509766	649.439514
3845.044922	658.305115
3842.579102	652.968384
3840.113281	660.811462
3837.645508	683.844482
3835.176758	688.630188
3832.707031	679.239929
3830.236328	708.308044
3827.764648	738.363770
3825.291992	726.942017
3822.818359	736.752625
3820.343750	770.800415
3817.868164	734.133362
3815.390625	768.154053
3812.913086	784.993958
3810.434570	748.365295
3807.955078	761.166443
3805.473633	789.073303
3802.992188	816.957092
3800.509766	825.686218
3798.025391	850.512329
3795.541016	868.275146
3793.054688	845.795105
3790.568359	859.523682
3788.080078	840.079773
3785.591797	869.870422
3783.101563	873.531006
3780.610352	887.224792
3778.119141	924.984802
3775.625977	927.614746
3773.131836	927.234985
3770.636719	945.893372
3768.140625	979.560120
3765.643555	947.120789
3763.145508	968.749634
3760.646484	968.352417
3758.146484	1007.953369
3755.645508	979.552612
3753.143555	1026.109863
3750.639648	1007.711609
3748.135742	1060.208374
3745.630859	1096.695313
3743.124023	1026.420166
3740.617188	1099.782349
3738.108398	1060.459961
3735.599609	1103.859375
3733.088867	1150.210449
3730.577148	1138.787231
3728.064453	1138.318359
3725.551758	1150.779785
3723.037109	1192.062744
3720.521484	1213.435303
3718.004883	1158.298462
3715.487305	1250.168579
3712.967773	1198.039063
3710.448242	1172.740723
3707.927734	1213.910645
3705.406250	1287.760742
3702.882813	1299.120239
3700.359375	1319.384888
3697.833984	1296.067017
3695.308594	1302.459351
3692.781250	1364.247070
3690.252930	1356.760742
3687.723633	1376.957642
3685.193359	1365.519165
3682.662109	1370.880005
3680.129883	1410.790161
3677.596680	1433.890259
3675.062500	1441.187866
3672.527344	1443.548828
3669.990234	1446.893066
3667.453125	1532.006714
3664.915039	1509.705811
3662.375000	1512.032715
3659.833984	1558.636719
3657.292969	1558.973389
3654.750000	1592.737183
3652.206055	1616.644775
3649.661133	1648.390991
3647.115234	1656.543579
3644.568359	1622.482788
3642.019531	1672.826904
3639.470703	1694.687866
3636.920898	1745.939575
3634.369141	1702.097168
3631.817383	1747.425171
3629.263672	1810.338501
3626.708984	1778.266724
3624.153320	1846.005127
3621.596680	1860.881836
3619.039063	1873.790649
3616.480469	1934.563721
3613.920898	1912.270752
3611.360352	1939.783813
3608.797852	1943.853638
3606.235352	1951.821045
3603.670898	2012.432129
3601.105469	2070.068115
3598.540039	2045.822632
3595.972656	2106.316650
3593.404297	2148.265381
3590.834961	2201.854248
3588.264648	2165.920654
3585.692383	2161.125977
3583.120117	2214.640137
3580.545898	2231.197510
3577.971680	2302.113525
3575.395508	2279.797607
3572.818359	2321.528564
3570.240234	2409.770508
3567.661133	2385.496826
3565.081055	2373.838867
3562.500000	2436.764893
3559.917969	2482.211426
3557.333984	2478.266846
3554.750000	2538.166016
3552.164063	2537.100586
3549.577148	2618.185791
3546.989258	2606.459229
3544.400391	2631.437012
3541.810547	2694.038330
3539.219727	2709.308350
3536.626953	2761.213623
3534.034180	2832.355469
3531.439453	2845.618408
3528.844727	2843.457764
3526.248047	2857.666016
3523.650391	2963.291504
3521.051758	2916.828857
3518.451172	2983.874268
3515.850586	3024.909912
3513.249023	3082.243896
3510.645508	3043.489014
3508.041016	3135.324463
3505.436523	3187.738525
3502.830078	3178.720215
3500.222656	3216.688232
3497.613281	3222.997314
3495.003906	3318.390869
3492.393555	3257.620605
3489.781250	3317.502197
3487.167969	3417.515869
3484.553711	3429.460205
3481.938477	3530.295898
3479.322266	3582.312988
3476.705078	3558.829590
3474.086914	3682.393311
3471.466797	3648.387451
3468.845703	3688.815430
3466.224609	3826.467041
3463.601563	3808.643311
3460.977539	3842.279785
3458.351563	3904.455811
3455.725586	3938.021240
3453.098633	4006.762207
3450.469727	3990.796387
3447.839844	4106.038574
3445.208984	4155.611816
3442.577148	4133.900391
3439.944336	4151.134766
3437.310547	4297.428223
3434.674805	4392.367676
3432.039063	4437.915039
3429.401367	4477.735352
3426.762695	4548.786621
3424.123047	4581.893555
3421.481445	4690.704102
3418.839844	4771.979492
3416.197266	4764.273438
3413.552734	4875.700195
3410.907227	4859.448242
3408.260742	4965.068848
3405.613281	5066.820801
3402.963867	5101.472168
3400.314453	5195.528809
3397.663086	5271.585938
3395.011719	5376.798828
3392.358398	5433.866699
3389.704102	5440.966797
3387.047852	5589.273926
3384.391602	5582.183105
3381.733398	5678.565918
3379.075195	5818.114746
3376.415039	5820.329102
3373.753906	5934.330566
3371.090820	6095.184082
3368.427734	6079.437988
3365.762695	6104.046875
3363.097656	6221.477051
3360.430664	6272.248047
3357.762695	6385.754395
3355.092773	6425.168945
3352.422852	6553.488281
3349.750977	6622.739258
3347.079102	6745.248047
3344.405273	6768.538574
3341.729492	6795.545410
3339.053711	6977.605957
3336.376953	7024.106445
3333.698242	7122.835938
3331.018555	7153.368652
3328.337891	7287.393066
3325.656250	7384.011719
3322.973633	7457.250488
3320.289063	7576.994141
3317.604492	7665.910156
3314.917969	7758.469727
3312.230469	7932.805664
3309.541016	7893.133789
3306.851563	8032.869141
3304.160156	8103.735840
3301.467773	8228.398438
3298.774414	8274.982422
3296.080078	8410.592773
3293.384766	8504.350586
3290.687500	8569.289063
3287.990234	8624.901367
3285.291016	8654.530273
3282.589844	8818.374023
3279.888672	8832.157227
3277.186523	9001.328125
3274.482422	9093.607422
3271.777344	9204.289063
3269.071289	9368.454102
3266.364258	9497.384766
3263.655273	9526.515625
3260.945313	9675.559570
3258.234375	9868.738281
3255.522461	9952.971680
3252.809570	10007.643555
3250.095703	10155.290039
3247.379883	10240.203125
3244.663086	10326.879883
3241.945313	10350.009766
3239.226563	10568.038086
3236.505859	10642.503906
3233.784180	10876.747070
3231.061523	10864.693359
3228.337891	11139.016602
3225.613281	11107.587891
3222.886719	11307.280273
3220.160156	11435.296875
3217.431641	11548.540039
3214.702148	11570.094727
3211.970703	11757.327148
3209.239258	11883.083984
3206.505859	12151.416992
3203.771484	12132.431641
3201.035156	12336.445313
3198.298828	12609.703125
3195.560547	12679.102539
3192.821289	12679.073242
3190.081055	12976.447266
3187.339844	13144.070313
3184.596680	13284.199219
3181.853516	13386.846680
3179.108398	13707.970703
3176.361328	13824.902344
3173.614258	13900.782227
3170.865234	14085.733398
3168.115234	14232.336914
3165.364258	14304.293945
3162.612305	14469.741211
3159.858398	14555.142578
3157.104492	14624.128906
3154.347656	14966.101563
3151.590820	15160.878906
3148.833008	15136.144531
3146.073242	15509.143555
3143.312500	15640.026367
3140.550781	15678.463867
3137.787109	16082.391602
3135.023438	16108.835938
3132.257813	16202.147461
3129.491211	16325.191406
3126.722656	16683.857422
3123.954102	16761.433594
3121.183594	16894.886719
3118.412109	17016.492188
3115.638672	17365.195313
3112.865234	17378.332031
3110.089844	17422.980469
3107.313477	17712.505859
3104.536133	17828.962891
3101.756836	18026.281250
3098.976563	18192.845703
3096.195313	18436.562500
3093.413086	18606.386719
3090.628906	18721.273438
3087.844727	18865.677734
3085.058594	19018.923828
3082.270508	19383.695313
3079.482422	19766.968750
3076.692383	19761.886719
3073.901367	19963.710938
3071.109375	20186.841797
3068.315430	20348.916016
3065.520508	20546.623047
3062.724609	20677.089844
3059.927734	21006.742188
3057.128906	21236.935547
3054.329102	21300.830078
3051.528320	21495.869141
3048.726563	21805.822266
3045.922852	21746.296875
3043.118164	21952.453125
3040.312500	22233.265625
3037.505859	22463.949219
3034.697266	22566.232422
3031.887695	23073.292969
3029.077148	23035.562500
3026.264648	23229.011719
3023.452148	23337.859375
3020.637695	23396.863281
3017.821289	23802.078125
3015.004883	23900.748047
3012.186523	23959.404297
3009.367188	24265.390625
3006.545898	24557.806641
3003.724609	24771.109375
3000.901367	24916.917969
2998.077148	25094.455078
2995.250977	25293.945313
2992.423828	25513.593750
2989.595703	25611.052734
2986.766602	25907.222656
2983.935547	26003.523438
2981.104492	26151.816406
2978.270508	26425.271484
2975.436523	26662.314453
2972.600586	26934.404297
2969.763672	27116.359375
2966.925781	27016.277344
2964.085938	27210.347656
2961.245117	27695.537109
2958.403320	27742.210938
2955.560547	27867.093750
2952.715820	28451.517578
2949.870117	28402.013672
2947.023438	28661.640625
2944.174805	28714.765625
2941.325195	29200.359375
2938.474609	29476.802734
2935.622070	29442.689453
2932.768555	29388.445313
2929.914063	29775.634766
2927.058594	30227.250000
2924.201172	30131.578125
2921.342773	30665.705078
2918.483398	30583.019531
2915.622070	31075.382813
2912.759766	31230.148438
2909.896484	31387.384766
2907.032227	31801.912109
2904.166016	31911.632813
2901.298828	32003.808594
2898.429688	32409.636719
2895.559570	32426.572266
2892.688477	32852.730469
2889.816406	32965.171875
2886.942383	33376.769531
2884.067383	33387.121094
2881.191406	33438.304688
2878.314453	33630.175781
2875.435547	34226.542969
2872.554688	34032.468750
2869.673828	34427.683594
2866.791016	34967.363281
2863.907227	35009.839844
2861.021484	35441.316406
2858.134766	35750.277344
2855.247070	35585.417969
2852.358398	35689.804688
2849.467773	36046.644531
2846.576172	36190.480469
2843.682617	36698.847656
2840.789063	36544.238281
2837.893555	37087.371094
2834.996094	37005.195313
2832.097656	37194.808594
2829.198242	37532.539063
2826.297852	37485.578125
2823.395508	37673.824219
2820.492188	37619.070313
2817.587891	38048.054688
2814.681641	38034.453125
2811.774414	38137.796875
2808.866211	38254.792969
2805.956055	38510.851563
2803.044922	38760.656250
2800.131836	38686.621094
2797.218750	38773.082031
2794.303711	39030.117188
2791.386719	39108.609375
2788.468750	39227.289063
2785.549805	39269.628906
2782.629883	39458.300781
2779.708008	39670.753906
2776.785156	39671.746094
2773.860352	39853.109375
2770.935547	39734.359375
2768.007813	39829.242188
2765.080078	39848.894531
2762.150391	39641.519531
2759.219727	40188.359375
2756.287109	39980.996094
2753.353516	40416.378906
2750.418945	40480.808594
2747.482422	40566.453125
2744.544922	40223.070313
2741.606445	40391.246094
2738.666016	40475.078125
2735.724609	40150.863281
2732.782227	40369.777344
2729.837891	40488.285156
2726.892578	40362.226563
2723.945313	40487.390625
2720.997070	40445.375000
2718.047852	40605.113281
2715.097656	40390.222656
2712.145508	40371.132813
2709.191406	40184.445313
2706.237305	40186.593750
2703.281250	40352.792969
2700.323242	39958.382813
2697.364258	40103.386719
2694.404297	40410.402344
2691.443359	40404.785156
2688.480469	40146.863281
2685.515625	40142.187500
2682.550781	39946.976563
2679.583984	40196.007813
2676.615234	40158.425781
2673.646484	39859.042969
2670.674805	39823.308594
2667.703125	39540.304688
2664.729492	39709.863281
2661.754883	39208.648438
2658.778320	39447.054688
2655.800781	39222.617188
2652.821289	39124.253906
2649.840820	39107.332031
2646.859375	38844.746094
2643.876953	38599.988281
2640.892578	38610.933594
2637.906250	38577.480469
2634.918945	38443.613281
2631.930664	38174.335938
2628.941406	38048.277344
2625.950195	37773.546875
2622.957031	37571.738281
2619.963867	37570.507813
2616.967773	37574.273438
2613.971680	37376.964844
2610.973633	37271.550781
2607.974609	36892.832031
2604.973633	36853.527344
2601.971680	36359.566406
2598.967773	36212.312500
2595.962891	36001.117188
2592.957031	36087.816406
2589.949219	35759.644531
2586.940430	35285.527344
2583.929688	35075.093750
2580.917969	35000.976563
2577.905273	34768.437500
2574.890625	34599.960938
2571.875000	34198.687500
2568.857422	34130.031250
2565.838867	33827.046875
2562.819336	33687.410156
2559.797852	33337.714844
2556.775391	32980.890625
2553.750977	32626.859375
2550.725586	32634.238281
2547.698242	32414.470703
2544.669922	31799.453125
2541.640625	31751.056641
2538.609375	31483.300781
2535.577148	31131.687500
2532.542969	31047.376953
2529.507813	30815.697266
2526.471680	30331.470703
2523.433594	29959.593750
2520.393555	29990.265625
2517.353516	29722.458984
2514.310547	29883.853516
2511.267578	29139.912109
2508.222656	29220.947266
2505.175781	28734.013672
2502.127930	28281.148438
2499.079102	27927.896484
2496.028320	27692.150391
2492.976563	27631.087891
2489.922852	27190.167969
2486.868164	26944.421875
2483.812500	26808.503906
2480.754883	26422.507813
2477.695313	26209.298828
2474.634766	25844.337891
2471.573242	25656.884766
2468.509766	25367.582031
2465.445313	25247.396484
2462.378906	24816.656250
2459.311523	24835.367188
2456.242188	24366.097656
2453.171875	24105.697266
2450.100586	24038.416016
2447.027344	23555.494141
2443.953125	23421.837891
2440.876953	22977.017578
2437.799805	22778.746094
2434.720703	22646.423828
2431.640625	22345.398438
2428.558594	22227.984375
2425.475586	21977.689453
2422.390625	21682.230469
2419.304688	21327.089844
2416.217773	20964.173828
2413.128906	20804.736328
2410.038086	20600.136719
2406.946289	20427.255859
2403.853516	20197.142578
2400.758789	20123.962891
2397.663086	19611.566406
2394.565430	19313.525391
2391.466797	19071.419922
2388.366211	18960.970703
2385.264648	18707.957031
2382.161133	18613.072266
2379.056641	18279.111328
2375.950195	18103.208984
2372.842773	17703.009766
2369.734375	17810.578125
2366.624023	17453.472656
2363.511719	17083.037109
2360.398438	17005.232422
2357.284180	16695.533203
2354.167969	16535.335938
2351.049805	16525.236328
2347.930664	16357.241211
2344.810547	16002.732422
2341.688477	15903.992188
2338.564453	15595.635742
2335.439453	15517.966797
2332.313477	15303.625977
2329.185547	15214.964844
2326.056641	14834.782227
2322.925781	14835.847656
2319.792969	14515.250000
2316.660156	14334.558594
2313.524414	14184.332031
2310.387695	14003.954102
2307.250000	13932.085938
2304.110352	13708.188477
2300.969727	13467.780273
2297.827148	13189.406250
2294.682617	13087.817383
2291.537109	12890.147461
2288.390625	12826.122070
2285.242188	12728.008789
2282.092773	12641.886719
2278.941406	12340.853516
2275.788086	12220.888672
2272.633789	11928.250000
2269.478516	11804.621094
2266.321289	11730.198242
2263.162109	11353.502930
2260.001953	11323.653320
2256.840820	11297.781250
2253.676758	11111.490234
2250.512695	10962.498047
2247.346680	10793.112305
2244.178711	10716.222656
2241.009766	10451.651367
2237.838867	10341.870117
2234.666992	10257.407227
2231.493164	10061.948242
2228.318359	9854.858398
2225.141602	9741.614258
2221.963867	9679.604492
2218.784180	9562.611328
2215.602539	9358.490234
2212.419922	9339.942383
2209.236328	9156.525391
2206.050781	9018.010742
2202.863281	8918.059570
2199.674805	8797.031250
2196.485352	8688.652344
2193.292969	8596.038086
2190.100586	8487.067383
2186.905273	8328.893555
2183.709961	8244.393555
2180.511719	8100.551758
2177.312500	7988.882324
2174.112305	7999.165527
2170.910156	7788.492188
2167.706055	7627.957520
2164.500977	7555.710449
2161.294922	7318.250000
2158.085938	7344.397461
2154.876953	7289.514160
2151.665039	7212.103027
2148.452148	7054.614746
2145.238281	7025.604980
2142.022461	6829.479004
2138.804688	6629.650879
2135.585938	6701.065918
2132.365234	6588.428711
2129.143555	6474.344238
2125.919922	6455.759277
2122.695313	6299.980957
2119.468750	6191.612305
2116.240234	6085.667969
2113.010742	6039.426270
2109.780273	5945.256348
2106.546875	5890.614258
2103.312500	5803.556641
2100.077148	5786.115234
2096.839844	5628.911133
2093.600586	5542.868164
2090.360352	5477.735352
2087.119141	5456.618164
2083.875000	5356.128906
2080.629883	5246.488770
2077.383789	5219.345215
2074.135742	5043.678711
2070.885742	5059.735352
2067.634766	5003.494629
2064.381836	4901.959473
2061.127930	4936.492188
2057.871094	4729.121094
2054.614258	4682.347656
2051.355469	4624.877441
2048.094727	4577.428223
2044.832031	4477.909668
2041.568359	4334.056152
2038.303711	4427.686523
2035.037109	4316.897949
2031.768555	4183.267090
2028.498047	4191.201660
2025.226563	4135.701172
2021.954102	4117.678711
2018.678711	4009.586182
2015.403320	3921.435547
2012.125000	3911.927002
2008.845703	3768.253906
2005.564453	3694.056885
2002.282227	3686.189941
1998.998047	3676.045410
1995.712891	3582.212402
1992.424805	3479.342285
1989.136719	3451.824219
1985.845703	3451.683350
1982.553711	3345.223145
1979.260742	3309.455811
1975.964844	3222.889893
1972.667969	3226.645752
1969.370117	3186.435547
1966.070313	3087.171143
1962.768555	3070.538330
1959.465820	3002.454102
1956.161133	2959.398682
1952.854492	2885.382324
1949.546875	2893.058594
1946.237305	2795.726074
1942.925781	2790.600586
1939.613281	2712.276123
1936.298828	2726.051270
1932.982422	2604.856934
1929.665039	2622.436523
1926.346680	2608.363037
1923.025391	2525.040771
1919.703125	2541.125244
1916.378906	2452.649414
1913.053711	2432.667236
1909.726563	2390.913574
1906.397461	2346.946289
1903.067383	2339.802979
1899.735352	2337.917725
1896.401367	2257.290527
1893.066406	2190.982666
1889.729492	2185.423584
1886.390625	2152.910889
1883.050781	2163.091797
1879.708984	2079.000244
1876.365234	2069.016357
1873.020508	2054.557129
1869.673828	2028.906006
1866.326172	2013.732056
1862.975586	1924.689087
1859.624023	1895.406372
1856.271484	1875.843872
1852.916016	1858.535278
1849.559570	1814.428467
1846.202148	1785.253540
1842.841797	1789.591431
1839.480469	1711.368164
1836.118164	1700.868652
1832.752930	1724.557861
1829.386719	1635.338745
1826.018555	1615.982178
1822.649414	1608.514771
1819.278320	1570.649658
1815.905273	1538.750488
1812.531250	1510.586182
1809.154297	1503.182373
1805.777344	1451.377930
1802.397461	1430.693481
1799.016602	1452.913696
1795.633789	1381.254272
1792.249023	1366.542236
1788.863281	1355.535645
1785.475586	1352.656616
1782.085938	1312.163086
1778.694336	1275.394775
1775.301758	1293.189819
1771.907227	1275.614868
1768.510742	1228.611328
1765.113281	1200.047729
1761.713867	1214.165649
1758.312500	1180.490967
1754.910156	1179.909912
1751.505859	1148.487061
1748.099609	1088.470215
1744.691406	1106.273926
1741.282227	1064.666992
1737.871094	1078.066772
1734.458008	1071.674805
1731.042969	1026.484375
1727.626953	1020.855042
1724.208984	989.630676
1720.790039	976.713562
1717.368164	973.308044
1713.945313	969.905457
1710.520508	948.256104
1707.093750	895.253784
1703.666016	921.793579
1700.236328	901.656799
1696.804688	847.297913
1693.371094	857.800842
1689.936523	863.198303
1686.500000	854.768250
1683.061523	851.435913
1679.622070	825.577515
1676.179688	783.037720
1672.736328	784.826965
1669.291016	764.844360
1665.844727	746.331848
1662.396484	753.935181
1658.945313	733.996704
1655.494141	712.629272
1652.040039	690.558960
1648.584961	688.768188
1645.126953	685.532654
1641.668945	675.072266
1638.208008	653.063354
1634.745117	638.296692
1631.281250	611.997314
1627.815430	639.102661
1624.347656	635.178833
1620.878906	597.389709
1617.408203	579.805176
1613.935547	589.593994
1610.460938	574.189026
1606.984375	566.710144
1603.506836	568.583069
1600.027344	553.929443
1596.545898	545.753052
1593.062500	521.794434
1589.577148	484.946777
1586.090820	487.571777
1582.602539	505.243744
1579.112305	493.529541
1575.620117	483.974701
1572.126953	479.438263
1568.630859	454.164795
1565.133789	472.523041
1561.634766	447.992493
1558.133789	444.910706
1554.631836	420.418304
1551.127930	445.890015
1547.621094	412.864594
1544.114258	419.071045
1540.604492	401.051270
1537.092773	381.625519
1533.580078	398.512207
1530.065430	371.994232
1526.548828	361.142883
1523.030273	370.908325
1519.509766	366.459869
1515.988281	365.564941
1512.463867	334.872742
1508.938477	338.249023
1505.411133	324.611542
1501.882813	320.905304
1498.351563	327.115265
1494.818359	304.303772
1491.284180	302.734985
1487.748047	317.427856
1484.209961	303.841370
1480.669922	293.093536
1477.128906	302.121429
1473.584961	282.918701
1470.040039	282.775024
1466.493164	269.239868
1462.944336	260.649567
1459.393555	269.670349
1455.840820	265.310730
1452.287109	246.887772
1448.730469	244.653015
1445.172852	229.772415
1441.613281	241.594620
1438.051758	241.471497
1434.488281	223.808533
1430.922852	240.524048
1427.356445	215.169693
1423.787109	210.856720
1420.216797	212.149368
1416.644531	206.442535
1413.070313	211.233154
1409.494141	209.726959
1405.916016	202.632355
1402.336914	200.433533
1398.754883	192.652725
1395.171875	189.763412
1391.585938	171.536331
1387.999023	172.145340
1384.410156	168.574127
1380.819336	182.412231
1377.226563	168.401154
1373.632813	169.010208
1370.036133	166.837906
1366.438477	159.109360
1362.837891	159.722000
1359.236328	165.886627
1355.632813	146.376846
1352.027344	145.608124
1348.419922	139.989014
1344.810547	139.224228
1341.199219	148.152374
1337.585938	132.853210
1333.970703	141.775299
1330.354492	127.877533
1326.735352	117.448410
1323.115234	133.960129
1319.493164	135.271210
1315.869141	124.164436
1312.242188	122.721321
1308.614258	115.077843
1304.984375	122.594322
1301.353516	94.995811
1297.719727	109.394981
1294.083984	114.151909
1290.446289	111.343491
1286.807617	112.659622
1283.166016	102.988853
1279.523438	107.739021
1275.877930	100.138374
1272.231445	91.860054
1268.582031	93.182625
1264.931641	96.558197
1261.279297	102.668030
1257.625000	104.666862
1253.968750	86.835083
1250.310547	86.789833
1246.650391	75.133102
1242.988281	75.093910
1239.324219	76.419357
1235.658203	72.287704
1231.990234	74.294762
1228.320313	71.530945
1224.648438	72.855339
1220.975586	80.303116
1217.299805	70.058418
1213.622070	70.021736
1209.943359	76.779732
1206.261719	57.724407
1202.578125	68.554222
1198.893555	64.447876
1195.206055	56.955593
1191.517578	58.958755
1187.826172	62.991779
1184.133789	62.281708
1180.438477	58.189255
1176.742188	59.511181
1173.042969	56.100330
1169.342773	55.395248
1165.639648	45.913330
1161.935547	49.938183
1158.228516	51.935314
1154.520508	53.930313
1150.809570	51.206768
1147.097656	48.486069
1143.382813	51.152710
1139.666992	48.434860
1135.948242	47.736904
1132.227539	44.351685
1128.505859	44.999859
1124.781250	42.962185
1121.055664	45.623150
1117.327148	42.246109
1113.596680	39.542843
1109.865234	42.871185
1106.130859	38.161892
1102.394531	42.825691
1098.657227	37.452579
1094.916992	46.122406
1091.174805	48.770229
1087.430664	36.057423
1083.684570	40.709858
1079.936523	36.019051
1076.186523	29.333223
1072.434570	37.313297
1068.680664	31.965776
1064.924805	31.948725
1061.166992	40.579838
1057.406250	31.914627
1053.644531	35.884777
1049.880859	29.223822
1046.114258	28.544373
1042.346680	26.538700
1038.576172	33.818733
1034.803711	31.149595
1031.030273	36.432125
1027.253906	28.468031
1023.475586	29.114456
1019.695313	24.469475
1015.913086	29.744198
1012.128906	26.425087
1008.342773	30.372522
1004.553711	23.097105
