4046.277344	225.356308
4043.892578	226.404480
4041.505859	240.983810
4039.119141	219.941940
4036.731445	231.371399
4034.342773	237.559189
4031.952148	234.327103
4029.561523	238.417313
4027.169922	243.549500
4024.777344	247.632706
4022.383789	252.757050
4019.989258	255.789185
4017.593750	245.251724
4015.197266	257.673187
4012.799805	260.699554
4010.401367	273.104919
4008.001953	271.954712
4005.601563	267.680664
4003.201172	259.245361
4000.798828	257.061035
3998.395508	282.967010
3995.991211	242.298309
3993.585938	277.544861
3991.180664	287.825409
3988.773438	288.749695
3986.365234	283.443604
3983.957031	271.914612
3981.546875	317.453308
3979.135742	289.327515
3976.724609	298.541748
3974.311523	298.422821
3971.898438	307.625916
3969.483398	311.644775
3967.068359	309.450592
3964.651367	317.603485
3962.234375	296.794220
3959.815430	324.585999
3957.396484	334.789398
3954.975586	343.951660
3952.554688	337.619354
3950.131836	357.093597
3947.708984	317.748108
3945.284180	334.120789
3942.859375	349.449463
3940.432617	347.248749
3938.005859	350.199707
3935.577148	359.325684
3933.148438	382.852692
3930.718750	366.239044
3928.287109	396.942657
3925.855469	360.805634
3923.421875	388.403992
3920.988281	383.112518
3918.552734	416.839752
3916.117188	391.015137
3913.680664	414.453125
3911.242188	408.133759
3908.803711	413.094879
3906.363281	429.322906
3903.922852	403.544525
3901.480469	409.524963
3899.038086	428.804657
3896.593750	443.976746
3894.149414	435.617249
3891.703125	449.751953
3889.256836	439.353088
3886.808594	449.389282
3884.360352	480.856689
3881.910156	478.621582
3879.459961	480.468536
3877.007813	489.451691
3874.555664	502.504578
3872.101563	489.056213
3869.646484	528.578247
3867.191406	520.220093
3864.734375	502.709930
3862.277344	511.661438
3859.818359	517.555176
3857.358398	521.411133
3854.897461	526.279846
3852.436523	571.767334
3849.973633	565.444580
3847.509766	584.495544
3845.044922	570.057739
3842.579102	572.868225
3840.113281	576.689758
3837.645508	568.350769
3835.176758	598.500671
3832.707031	608.380310
3830.236328	609.144897
3827.764648	591.702515
3825.291992	621.793213
3822.818359	636.699768
3820.343750	633.410034
3817.868164	647.289551
3815.390625	635.922546
3812.913086	638.690491
3810.434570	658.601807
3807.955078	668.415039
3805.473633	684.266602
3802.992188	721.259277
3800.509766	714.923462
3798.025391	715.638184
3795.541016	719.370483
3793.054688	710.025391
3790.568359	763.015747
3788.080078	723.513672
3785.591797	739.289429
3783.101563	766.096741
3780.610352	751.732300
3778.119141	775.502441
3775.625977	787.218994
3773.131836	806.945007
3770.636719	795.592529
3768.140625	800.274597
3765.643555	824.976257
3763.145508	821.635803
3760.646484	850.309448
3758.146484	842.960999
3755.645508	883.596436
3753.143555	843.268494
3750.639648	900.848267
3748.135742	849.564331
3745.630859	903.102112
3743.124023	906.721008
3740.617188	925.292908
3738.108398	924.912476
3735.599609	953.423706
3733.088867	958.010742
3730.577148	948.657471
3728.064453	977.122986
3725.551758	926.989441
3723.037109	986.260437
3720.521484	981.878845
3718.004883	1004.322266
3715.487305	1009.866150
3712.967773	1063.048828
3710.448242	1026.892334
3707.927734	1057.213013
3705.406250	1041.906494
3702.882813	1057.331299
3700.359375	1095.525269
3697.833984	1081.210938
3695.308594	1151.033691
3692.781250	1138.686279
3690.252930	1099.648560
3687.723633	1149.606445
3685.193359	1176.796875
3682.662109	1158.531982
3680.129883	1225.185791
3677.596680	1189.151978
3675.062500	1196.550903
3672.527344	1255.216919
3669.990234	1248.783081
3667.453125	1291.614746
3664.915039	1308.805542
3662.375000	1228.526611
3659.833984	1307.719849
3657.292969	1317.012939
3654.750000	1314.499756
3652.206055	1342.453979
3649.661133	1384.137573
3647.115234	1351.158203
3644.568359	1400.655029
3642.019531	1417.733154
3639.470703	1412.239868
3636.920898	1445.963379
3634.369141	1468.879517
3631.817383	1457.493652
3629.263672	1531.297729
3626.708984	1506.192871
3624.153320	1490.891357
3621.596680	1542.097046
3619.039063	1551.228882
3616.480469	1618.975830
3613.920898	1573.374878
3611.360352	1642.031494
3608.797852	1664.766235
3606.235352	1672.850098
3603.670898	1667.276611
3601.105469	1724.082153
3598.540039	1779.865601
3595.972656	1776.200562
3593.404297	1791.032349
3590.834961	1795.148438
3588.264648	1818.712036
3585.692383	1869.476074
3583.120117	1872.580811
3580.545898	1894.138184
3577.971680	1895.287109
3575.395508	1934.285522
3572.818359	1944.146729
3570.240234	2003.455078
3567.661133	2026.848389
3565.081055	2048.283691
3562.500000	2057.109863
3559.917969	2081.417725
3557.333984	2166.669189
3554.750000	2118.362549
3552.164063	2095.235107
3549.577148	2131.081299
3546.989258	2239.352295
3544.400391	2272.209717
3541.810547	2270.289551
3539.219727	2267.405518
3536.626953	2357.110107
3534.034180	2392.752441
3531.439453	2387.891113
3528.844727	2410.967041
3526.248047	2462.907715
3523.650391	2494.593018
3521.051758	2481.998047
3518.451172	2578.075195
3515.850586	2568.337891
3513.249023	2573.020264
3510.645508	2575.777100
3508.041016	2653.409912
3505.436523	2694.512207
3502.830078	2717.354980
3500.222656	2784.281006
3497.613281	2796.522949
3495.003906	2773.308838
3492.393555	2876.511475
3489.781250	2880.082031
3487.167969	2932.442871
3484.553711	2997.191406
3481.938477	3002.615723
3479.322266	3059.633545
3476.705078	3011.537598
3474.086914	3085.687012
3471.466797	3063.385742
3468.845703	3172.743896
3466.224609	3203.819824
3463.601563	3233.915527
3460.977539	3293.518799
3458.351563	3314.978271
3455.725586	3406.859619
3453.098633	3452.038330
3450.469727	3439.161133
3447.839844	3498.546387
3445.208984	3561.681396
3442.577148	3572.518066
3439.944336	3672.595947
3437.310547	3666.290771
3434.674805	3730.192139
3432.039063	3718.176270
3429.401367	3864.463623
3426.762695	3850.503662
3424.123047	3885.802002
3421.481445	3948.522217
3418.839844	4014.972900
3416.197266	4071.907471
3413.552734	4159.992188
3410.907227	4181.847168
3408.260742	4260.361816
3405.613281	4295.372559
3402.963867	4360.555176
3400.314453	4428.511230
3397.663086	4450.199707
3395.011719	4529.368652
3392.358398	4629.198242
3389.704102	4653.594727
3387.047852	4782.467773
3384.391602	4794.541992
3381.733398	4865.863770
3379.075195	4935.243164
3376.415039	4957.570801
3373.753906	4998.666016
3371.090820	5191.846191
3368.427734	5229.987305
3365.762695	5250.268555
3363.097656	5405.576172
3360.430664	5472.632813
3357.762695	5483.409180
3355.092773	5551.308594
3352.422852	5684.682617
3349.750977	5573.694336
3347.079102	5831.351563
3344.405273	5808.283203
3341.729492	5910.470215
3339.053711	6013.502441
3336.376953	5967.035645
3333.698242	6137.157227
3331.018555	6183.041016
3328.337891	6294.166504
3325.656250	6438.753906
3322.973633	6433.194824
3320.289063	6517.053223
3317.604492	6640.871582
3314.917969	6720.842773
3312.230469	6700.281250
3309.541016	6887.082031
3306.851563	7018.885742
3304.160156	7053.957031
3301.467773	7178.142578
3298.774414	7208.470215
3296.080078	7302.788574
3293.384766	7308.919434
3290.687500	7505.080078
3287.990234	7547.252441
3285.291016	7686.638672
3282.589844	7778.685547
3279.888672	7906.742676
3277.186523	7921.834961
3274.482422	8058.036621
3271.777344	7978.775879
3269.071289	8088.040527
3266.364258	8288.626953
3263.655273	8429.964844
3260.945313	8467.843750
3258.234375	8641.255859
3255.522461	8754.595703
3252.809570	8803.335938
3250.095703	8937.686523
3247.379883	9059.951172
3244.663086	9020.145508
3241.945313	9245.285156
3239.226563	9221.059570
3236.505859	9395.364258
3233.784180	9575.947266
3231.061523	9614.959961
3228.337891	9743.885742
3225.613281	9902.055664
3222.886719	10020.653320
3220.160156	10047.478516
3217.431641	10179.647461
3214.702148	10267.738281
3211.970703	10321.876953
3209.239258	10586.431641
3206.505859	10659.586914
3203.771484	10785.704102
3201.035156	10973.852539
3198.298828	11081.448242
3195.560547	11216.339844
3192.821289	11320.079102
3190.081055	11485.761719
3187.339844	11681.388672
3184.596680	11786.604492
3181.853516	11956.414063
3179.108398	12044.108398
3176.361328	12068.000977
3173.614258	12433.087891
3170.865234	12460.421875
3168.115234	12599.550781
3165.364258	12607.697266
3162.612305	12653.984375
3159.858398	12843.680664
3157.104492	13055.896484
3154.347656	13188.094727
3151.590820	13406.315430
3148.833008	13534.613281
3146.073242	13718.058594
3143.312500	13852.439453
3140.550781	13993.940430
3137.787109	14085.551758
3135.023438	14309.118164
3132.257813	14418.583008
3129.491211	14701.437500
3126.722656	14868.431641
3123.954102	14987.427734
3121.183594	15077.437500
3118.412109	15273.801758
3115.638672	15345.567383
3112.865234	15559.659180
3110.089844	15506.912109
3107.313477	15971.058594
3104.536133	15979.373047
3101.756836	16068.642578
3098.976563	16270.237305
3096.195313	16503.111328
3093.413086	16531.822266
3090.628906	16786.820313
3087.844727	17160.980469
3085.058594	17177.687500
3082.270508	17449.990234
3079.482422	17779.425781
3076.692383	17843.316406
3073.901367	18123.015625
3071.109375	18031.800781
3068.315430	18417.656250
3065.520508	18634.996094
3062.724609	18782.396484
3059.927734	18935.917969
3057.128906	19283.158203
3054.329102	19324.693359
3051.528320	19400.103516
3048.726563	19710.978516
3045.922852	19958.257813
3043.118164	20163.416016
3040.312500	20275.724609
3037.505859	20361.210938
3034.697266	20784.898438
3031.887695	21032.021484
3029.077148	21125.937500
3026.264648	21203.761719
3023.452148	21419.253906
3020.637695	21633.660156
3017.821289	21688.054688
3015.004883	21900.365234
3012.186523	22095.628906
3009.367188	22404.210938
3006.545898	22642.496094
3003.724609	22887.652344
3000.901367	22943.966797
2998.077148	23109.097656
2995.250977	23354.587891
2992.423828	23363.730469
2989.595703	23764.455078
2986.766602	24122.406250
2983.935547	23872.406250
2981.104492	24268.822266
2978.270508	24442.515625
2975.436523	24740.412109
2972.600586	24949.875000
2969.763672	25026.960938
2966.925781	24975.369141
2964.085938	25243.417969
2961.245117	25608.031250
2958.403320	25913.373047
2955.560547	25930.914063
2952.715820	26248.132813
2949.870117	26284.820313
2947.023438	26474.259766
2944.174805	26466.912109
2941.325195	26786.810547
2938.474609	26939.796875
2935.622070	27191.689453
2932.768555	27326.820313
2929.914063	27441.681641
2927.058594	27932.849609
2924.201172	27722.697266
2921.342773	28093.466797
2918.483398	28263.699219
2915.622070	28331.535156
2912.759766	28718.982422
2909.896484	28947.181641
2907.032227	29014.597656
2904.166016	29617.525391
2901.298828	29536.343750
2898.429688	29746.308594
2895.559570	29628.535156
2892.688477	29954.062500
2889.816406	30346.304688
2886.942383	30436.316406
2884.067383	30594.062500
2881.191406	30718.632813
2878.314453	30969.923828
2875.435547	31146.300781
2872.554688	31438.824219
2869.673828	31833.458984
2866.791016	32010.054688
2863.907227	32081.591797
2861.021484	32117.529297
2858.134766	32618.513672
2855.247070	32666.281250
2852.358398	32802.257813
2849.467773	33112.816406
2846.576172	33352.195313
2843.682617	33411.609375
2840.789063	33328.437500
2837.893555	33799.617188
2834.996094	33988.167969
2832.097656	34104.082031
2829.198242	34633.746094
2826.297852	34554.472656
2823.395508	34601.031250
2820.492188	34780.136719
2817.587891	34737.019531
2814.681641	34959.761719
2811.774414	34935.500000
2808.866211	35051.351563
2805.956055	35278.773438
2803.044922	35790.230469
2800.131836	35788.773438
2797.218750	35695.500000
2794.303711	35773.820313
2791.386719	36101.507813
2788.468750	36099.867188
2785.549805	36113.636719
2782.629883	36269.484375
2779.708008	36320.789063
2776.785156	36567.898438
2773.860352	36454.863281
2770.935547	36875.988281
2768.007813	36973.863281
2765.080078	36620.855469
2762.150391	36856.980469
2759.219727	37063.023438
2756.287109	37110.289063
2753.353516	37176.250000
2750.418945	37392.062500
2747.482422	37445.039063
2744.544922	37460.511719
2741.606445	37360.265625
2738.666016	37460.769531
2735.724609	37375.039063
2732.782227	37097.378906
2729.837891	37382.945313
2726.892578	37134.367188
2723.945313	37749.660156
2720.997070	37321.339844
2718.047852	37440.957031
2715.097656	37431.675781
2712.145508	37324.160156
2709.191406	37339.460938
2706.237305	37446.964844
2703.281250	37126.429688
2700.323242	37042.867188
2697.364258	37448.585938
2694.404297	37251.757813
2691.443359	37119.253906
2688.480469	37040.859375
2685.515625	37079.757813
2682.550781	36804.160156
2679.583984	37090.003906
2676.615234	36973.816406
2673.646484	36765.117188
2670.674805	36783.796875
2667.703125	36360.023438
2664.729492	36550.359375
2661.754883	36479.160156
2658.778320	36203.898438
2655.800781	36000.242188
2652.821289	35730.460938
2649.840820	35892.914063
2646.859375	35787.742188
2643.876953	35422.011719
2640.892578	35595.238281
2637.906250	35564.832031
2634.918945	35377.933594
2631.930664	35084.953125
2628.941406	35009.632813
2625.950195	34630.140625
2622.957031	34641.953125
2619.963867	34699.671875
2616.967773	34580.382813
2613.971680	34562.972656
2610.973633	34109.441406
2607.974609	33739.660156
2604.973633	33897.582031
2601.971680	33589.839844
2598.967773	33553.718750
2595.962891	33292.984375
2592.957031	33073.222656
2589.949219	33057.304688
2586.940430	32522.939453
2583.929688	32680.833984
2580.917969	32270.791016
2577.905273	32368.068359
2574.890625	32153.414063
2571.875000	31975.419922
2568.857422	31823.265625
2565.838867	31365.632813
2562.819336	31388.544922
2559.797852	30819.804688
2556.775391	30497.212891
2553.750977	30363.390625
2550.725586	30175.970703
2547.698242	29799.574219
2544.669922	29717.410156
2541.640625	29637.785156
2538.609375	29156.550781
2535.577148	29079.710938
2532.542969	28994.691406
2529.507813	28751.597656
2526.471680	28421.449219
2523.433594	27981.324219
2520.393555	28024.419922
2517.353516	27694.208984
2514.310547	27595.210938
2511.267578	27429.761719
2508.222656	27093.681641
2505.175781	26943.369141
2502.127930	26421.603516
2499.079102	26369.287109
2496.028320	26017.886719
2492.976563	25720.863281
2489.922852	25358.605469
2486.868164	25240.548828
2483.812500	25032.613281
2480.754883	24757.814453
2477.695313	24524.123047
2474.634766	24275.117188
2471.573242	23963.464844
2468.509766	23866.730469
2465.445313	23715.421875
2462.378906	23362.847656
2459.311523	23262.425781
2456.242188	22758.037109
2453.171875	22848.503906
2450.100586	22427.771484
2447.027344	22079.005859
2443.953125	21941.964844
2440.876953	21490.513672
2437.799805	21266.121094
2434.720703	21172.660156
2431.640625	20907.214844
2428.558594	20845.630859
2425.475586	20529.484375
2422.390625	20270.357422
2419.304688	20095.714844
2416.217773	19861.308594
2413.128906	19721.806641
2410.038086	19328.404297
2406.946289	19087.378906
2403.853516	18848.187500
2400.758789	18782.904297
2397.663086	18501.265625
2394.565430	18211.003906
2391.466797	17833.875000
2388.366211	17854.632813
2385.264648	17534.427734
2382.161133	17423.976563
2379.056641	17212.964844
2375.950195	17010.996094
2372.842773	16778.640625
2369.734375	16720.183594
2366.624023	16402.166016
2363.511719	16280.460938
2360.398438	16058.489258
2357.284180	15825.480469
2354.167969	15806.083984
2351.049805	15642.361328
2347.930664	15339.322266
2344.810547	15071.008789
2341.688477	15076.001953
2338.564453	14641.569336
2335.439453	14684.347656
2332.313477	14359.244141
2329.185547	14256.635742
2326.056641	14134.945313
2322.925781	13948.683594
2319.792969	13788.928711
2316.660156	13614.958984
2313.524414	13345.457031
2310.387695	13171.846680
2307.250000	12996.003906
2304.110352	12874.468750
2300.969727	12643.206055
2297.827148	12527.509766
2294.682617	12497.795898
2291.537109	12342.526367
2288.390625	12157.209961
2285.242188	11970.473633
2282.092773	11727.556641
2278.941406	11651.459961
2275.788086	11492.170898
2272.633789	11278.338867
2269.478516	11216.806641
2266.321289	11014.381836
2263.162109	10945.900391
2260.001953	10881.434570
2256.840820	10734.000000
2253.676758	10449.969727
2250.512695	10422.154297
2247.346680	10204.067383
2244.178711	10092.727539
2241.009766	9973.600586
2237.838867	9804.118164
2234.666992	9622.181641
2231.493164	9460.106445
2228.318359	9408.414063
2225.141602	9292.231445
2221.963867	9093.557617
2218.784180	9075.124023
2215.602539	8854.728516
2212.419922	8730.371094
2209.236328	8636.750000
2206.050781	8616.198242
2202.863281	8336.021484
2199.674805	8263.877930
2196.485352	8124.402832
2193.292969	8021.872559
2190.100586	8042.357422
2186.905273	7923.522461
2183.709961	7716.408691
2180.511719	7628.325684
2177.312500	7568.455566
2174.112305	7551.600098
2170.910156	7422.333008
2167.706055	7208.127441
2164.500977	7150.118164
2161.294922	6951.051270
2158.085938	6945.423340
2154.876953	6848.669434
2151.665039	6794.043945
2148.452148	6674.882324
2145.238281	6600.164551
2142.022461	6535.620605
2138.804688	6435.392578
2135.585938	6359.333496
2132.365234	6235.213867
2129.143555	6069.309570
2125.919922	6036.181641
2122.695313	5961.222168
2119.468750	5913.450684
2116.240234	5792.149414
2113.010742	5744.499023
2109.780273	5660.527344
2106.546875	5555.752930
2103.312500	5447.984375
2100.077148	5477.068848
2096.839844	5406.503906
2093.600586	5285.060059
2090.360352	5243.195801
2087.119141	5176.692871
2083.875000	5070.170898
2080.629883	5004.580078
2077.383789	4894.387695
2074.135742	4824.321289
2070.885742	4755.858887
2067.634766	4688.998047
2064.381836	4612.207520
2061.127930	4606.163574
2057.871094	4526.411621
2054.614258	4422.174316
2051.355469	4366.363281
2048.094727	4332.838867
2044.832031	4195.884766
2041.568359	4142.555176
2038.303711	4127.556152
2035.037109	4096.500000
2031.768555	4008.868408
2028.498047	3973.308350
2025.226563	3836.145752
2021.954102	3766.327881
2018.678711	3788.952148
2015.403320	3684.119629
2012.125000	3635.826660
2008.845703	3595.964600
2005.564453	3560.711182
2002.282227	3449.329346
1998.998047	3451.478516
1995.712891	3377.536377
1992.424805	3369.068115
1989.136719	3289.152832
1985.845703	3276.933838
1982.553711	3202.453125
1979.260742	3166.754639
1975.964844	3092.396240
1972.667969	3024.933105
1969.370117	2956.775879
1966.070313	2913.683350
1962.768555	2860.787598
1959.465820	2860.164795
1956.161133	2790.700684
1952.854492	2786.329590
1949.546875	2739.638916
1946.237305	2683.171875
1942.925781	2678.100586
1939.613281	2564.361084
1936.298828	2573.681885
1932.982422	2530.217041
1929.665039	2494.328857
1926.346680	2407.256348
1923.025391	2360.167725
1919.703125	2453.085205
1916.378906	2406.770264
1913.053711	2295.096924
1909.726563	2218.094482
1906.397461	2234.292725
1903.067383	2198.679199
1899.735352	2214.869385
1896.401367	2148.550537
1893.066406	2093.539063
1889.729492	2091.773193
1886.390625	2094.501465
1883.050781	2009.654541
1879.708984	1971.272217
1876.365234	1968.818359
1873.020508	1950.670898
1869.673828	1891.454346
1866.326172	1882.320557
1862.975586	1874.687500
1859.624023	1806.640869
1856.271484	1807.997314
1852.916016	1740.793213
1849.559570	1719.833862
1846.202148	1731.651245
1842.841797	1687.647949
1839.480469	1650.380615
1836.118164	1630.246948
1832.752930	1578.182129
1829.386719	1601.176392
1826.018555	1550.660034
1822.649414	1534.321289
1819.278320	1475.728394
1815.905273	1471.300537
1812.531250	1456.504395
1809.154297	1434.317383
1805.777344	1387.727539
1802.397461	1358.197144
1799.016602	1378.974121
1795.633789	1355.388062
1792.249023	1285.288330
1788.863281	1283.919556
1785.475586	1281.813721
1782.085938	1245.780396
1778.694336	1228.212524
1775.301758	1206.977173
1771.907227	1191.654175
1768.510742	1178.554077
1765.113281	1167.673706
1761.713867	1116.355835
1758.312500	1101.105469
1754.910156	1095.420654
1751.505859	1081.663330
1748.099609	1085.534302
1744.691406	1058.589722
1741.282227	1008.207458
1737.871094	1032.628174
1734.458008	1002.818054
1731.042969	993.537292
1727.626953	925.721619
1724.208984	964.761902
1720.790039	925.538452
1717.368164	904.621155
1713.945313	923.893372
1710.520508	892.046936
1707.093750	907.657471
1703.666016	858.347351
1700.236328	853.548950
1696.804688	834.184082
1693.371094	831.586243
1689.936523	812.978516
1686.500000	787.841736
1683.061523	777.998657
1679.622070	803.775269
1676.179688	786.669617
1672.736328	755.786194
1669.291016	735.817993
1665.844727	743.430664
1662.396484	709.713989
1658.945313	684.000854
1655.494141	678.591064
1652.040039	671.014832
1648.584961	657.657837
1645.126953	640.698242
1641.668945	657.725647
1638.208008	612.608093
1634.745117	620.967346
1631.281250	606.945435
1627.815430	569.854553
1624.347656	578.942810
1620.878906	576.491882
1617.408203	574.043152
1613.935547	555.039063
1610.460938	562.676453
1606.984375	548.730774
1603.506836	510.359039
1600.027344	513.695923
1596.545898	499.794891
1593.062500	491.649506
1589.577148	459.121216
1586.090820	481.835632
1582.602539	470.844177
1579.112305	467.026520
1575.620117	461.064667
1572.126953	454.393005
1568.630859	436.999512
1565.133789	442.498871
1561.634766	422.270447
1558.133789	423.486420
1554.631836	423.273438
1551.127930	388.102692
1547.621094	398.603302
1544.114258	371.319763
1540.604492	380.393219
1537.092773	375.217621
1533.580078	384.279633
1530.065430	380.529480
1526.548828	368.962891
1523.030273	356.697296
1519.509766	363.619110
1515.988281	334.332214
1512.463867	330.615875
1508.938477	326.194031
1505.411133	297.678711
1501.882813	310.279297
1498.351563	313.662476
1494.818359	297.226929
1491.284180	286.466492
1487.748047	275.009888
1484.209961	276.990295
1480.669922	268.374817
1477.128906	267.532745
1473.584961	258.225037
1470.040039	274.312927
1466.493164	247.390564
1462.944336	247.264847
1459.393555	256.292450
1455.840820	247.013443
1452.287109	241.260696
1448.730469	232.701584
1445.172852	220.637726
1441.613281	231.059982
1438.051758	205.671951
1434.488281	227.316498
1430.922852	213.877060
1427.356445	222.178467
1423.787109	212.958282
1420.216797	192.544800
1416.644531	206.442535
1413.070313	206.337021
1409.494141	192.249725
1405.916016	179.574188
1402.336914	185.767670
1398.754883	172.410233
1395.171875	178.600861
1391.585938	174.325531
1387.999023	165.872833
1384.410156	163.001419
1380.819336	151.081894
1377.226563	153.091965
1373.632813	149.535782
1370.036133	171.008850
1366.438477	155.635361
1362.837891	152.083130
1359.236328	146.452209
1355.632813	148.458038
1352.027344	145.608124
1348.419922	144.840118
1344.810547	139.224228
1341.199219	137.767868
1337.585938	130.085434
1333.970703	115.495003
1330.354492	132.716141
1326.735352	131.956741
1323.115234	129.817032
1319.493164	129.749939
1315.869141	113.817398
1312.242188	122.721321
1308.614258	110.254219
1304.984375	103.998550
1301.353516	115.647072
1297.719727	101.826775
1294.083984	105.212303
1290.446289	90.037018
1286.807617	102.355385
1283.166016	97.496109
1279.523438	99.504189
1275.877930	102.196014
1272.231445	91.174530
1268.582031	101.404617
1264.931641	99.982246
1261.279297	102.668030
1257.625000	80.039368
1253.968750	80.681419
1250.310547	89.523369
1246.650391	82.646416
1242.988281	81.920631
1239.324219	76.419357
1235.658203	71.605743
1231.990234	73.613152
1228.320313	67.443466
1224.648438	72.855339
1220.975586	68.053490
1217.299805	68.698059
1213.622070	62.543690
1209.943359	61.831467
1206.261719	71.306618
1202.578125	62.445431
1198.893555	57.663891
1195.206055	58.989719
1191.517578	63.024876
1187.826172	56.895802
1184.133789	64.989609
1180.438477	64.955444
1176.742188	58.158653
1173.042969	52.044884
1169.342773	55.395248
1165.639648	46.588528
1161.935547	48.588505
1158.228516	47.213924
1154.520508	50.559669
1150.809570	52.554314
1147.097656	45.792397
1143.382813	45.768215
1139.666992	43.725914
1135.948242	47.064556
1132.227539	45.023678
1128.505859	40.970020
1124.781250	38.263195
1121.055664	45.623150
1117.327148	42.246109
1113.596680	47.585457
1109.865234	34.832836
1106.130859	38.831398
1102.394531	36.803329
1098.657227	33.439804
1094.916992	36.764236
1091.174805	42.757462
1087.430664	39.396072
1083.684570	36.705608
1079.936523	34.685009
1076.186523	33.333206
1072.434570	29.317593
1068.680664	33.963638
1064.924805	32.614323
1061.166992	29.935946
1057.406250	35.239067
1053.644531	31.233047
1049.880859	30.552177
1046.114258	33.191132
1042.346680	27.865635
1038.576172	31.829395
1034.803711	25.847536
1031.030273	23.184080
1027.253906	21.185511
1023.475586	26.467688
1019.695313	25.792150
1015.913086	29.744198
1012.128906	23.782579
1008.342773	22.449255
1004.553711	16.497932
