4046.277344	204.392929
4043.892578	218.019135
4041.505859	235.745041
4039.119141	236.699417
4036.731445	218.808243
4034.342773	237.559189
4031.952148	236.419296
4029.561523	217.503510
4027.169922	238.323120
4024.777344	233.004608
4022.383789	232.912476
4019.989258	227.600174
4017.593750	247.338974
4015.197266	262.889252
4012.799805	251.314362
4010.401367	262.681061
4008.001953	232.359772
4005.601563	273.930023
4003.201172	264.451080
4000.798828	267.468353
3998.395508	272.563812
3995.991211	282.854675
3993.585938	261.952454
3991.180664	266.004730
3988.773438	276.285675
3986.365234	275.137573
3983.957031	281.255188
3981.546875	292.555023
3979.135742	292.438568
3976.724609	274.699860
3974.311523	301.531403
3971.898438	297.268158
3969.483398	297.149658
3967.068359	293.926331
3964.651367	305.188995
3962.234375	299.896606
3959.815430	314.248871
3957.396484	320.323181
3954.975586	309.866364
3952.554688	320.067291
3950.131836	301.362213
3947.708984	317.748108
3945.284180	339.276978
3942.859375	335.017914
3940.432617	332.822998
3938.005859	338.869690
3935.577148	346.970642
3933.148438	358.152527
3930.718750	397.101868
3928.287109	370.205566
3925.855469	343.330719
3923.421875	384.293915
3920.988281	398.519196
3918.552734	360.371307
3916.117188	359.200256
3913.680664	392.909760
3911.242188	398.904602
3908.803711	396.694092
3906.363281	396.534515
3903.922852	415.835205
3901.480469	423.858337
3899.038086	399.126068
3896.593750	396.919312
3894.149414	417.210876
3891.703125	423.175690
3889.256836	451.614105
3886.808594	442.239899
3884.360352	452.270721
3881.910156	434.739441
3879.459961	429.463379
3877.007813	473.136658
3874.555664	447.463501
3872.101563	442.188324
3869.646484	475.618561
3867.191406	472.372070
3864.734375	486.427826
3862.277344	492.334290
3859.818359	482.983704
3857.358398	509.214386
3854.897461	489.704407
3852.436523	499.661682
3849.973633	493.368195
3847.509766	497.227112
3845.044922	516.297852
3842.579102	530.283325
3840.113281	501.689667
3837.645508	538.970764
3835.176758	539.764587
3832.707031	549.668030
3830.236328	529.207275
3827.764648	565.404602
3825.291992	563.152588
3822.818359	554.838379
3820.343750	574.817078
3817.868164	599.828369
3815.390625	585.452515
3812.913086	565.034241
3810.434570	628.344421
3807.955078	600.867798
3805.473633	627.832275
3802.992188	639.664307
3800.509766	646.451904
3798.025391	609.953247
3795.541016	651.960938
3793.054688	644.654785
3790.568359	653.439087
3788.080078	643.123230
3785.591797	663.954224
3783.101563	653.642151
3780.610352	689.506165
3778.119141	686.214355
3775.625977	714.012634
3773.131836	723.744507
3770.636719	727.456116
3768.140625	736.172485
3765.643555	766.907532
3763.145508	734.568420
3760.646484	760.276672
3758.146484	783.963745
3755.645508	756.654419
3753.143555	795.310120
3750.639648	807.966980
3748.135742	782.677368
3745.630859	797.324402
3743.124023	836.896545
3740.617188	801.654602
3738.108398	833.218567
3735.599609	834.868408
3733.088867	883.321716
3730.577148	863.049377
3728.064453	878.614624
3725.551758	889.193726
3723.037109	893.798523
3720.521484	921.256775
3718.004883	949.685547
3715.487305	926.455383
3712.967773	934.013916
3710.448242	949.503296
3707.927734	972.913696
3705.406250	964.581299
3702.882813	1034.539673
3700.359375	1026.188232
3697.833984	981.208862
3695.308594	1072.846558
3692.781250	999.194702
3690.252930	1059.104004
3687.723633	1099.193848
3685.193359	1068.108765
3682.662109	1077.543335
3680.129883	1067.224731
3677.596680	1078.625000
3675.062500	1106.784912
3672.527344	1064.913086
3669.990234	1125.580322
3667.453125	1150.729248
3664.915039	1108.890259
3662.375000	1176.353638
3659.833984	1172.913574
3657.292969	1173.410278
3654.750000	1239.778809
3652.206055	1194.056763
3649.661133	1235.802002
3647.115234	1209.757935
3644.568359	1255.387451
3642.019531	1281.355957
3639.470703	1241.594238
3636.920898	1250.880859
3634.369141	1272.898193
3631.817383	1335.056274
3629.263672	1340.375000
3626.708984	1345.688843
3624.153320	1332.410767
3621.596680	1318.165405
3619.039063	1380.173340
3616.480469	1348.332275
3613.920898	1364.372925
3611.360352	1413.591919
3608.797852	1419.832764
3606.235352	1450.453735
3603.670898	1489.823730
3601.105469	1468.734863
3598.540039	1510.011963
3595.972656	1489.905029
3593.404297	1535.031494
3590.834961	1547.038452
3588.264648	1576.541260
3585.692383	1594.352905
3583.120117	1599.516357
3580.545898	1595.932861
3577.971680	1640.899170
3575.395508	1693.591675
3572.818359	1691.912109
3570.240234	1746.477539
3567.661133	1740.899048
3565.081055	1740.169189
3562.500000	1758.809570
3559.917969	1825.838867
3557.333984	1816.363525
3554.750000	1859.129272
3552.164063	1877.686401
3549.577148	1858.534912
3546.989258	1847.127441
3544.400391	1928.432983
3541.810547	1957.545532
3539.219727	2008.824707
3536.626953	2019.553467
3534.034180	2061.121826
3531.439453	2048.691162
3528.844727	2123.924316
3526.248047	2109.550781
3523.650391	2147.159180
3521.051758	2184.735596
3518.451172	2140.542725
3515.850586	2226.149170
3513.249023	2283.819580
3510.645508	2291.500244
3508.041016	2336.613525
3505.436523	2352.900391
3502.830078	2332.724121
3500.222656	2414.194092
3497.613281	2462.051758
3495.003906	2463.885986
3492.393555	2527.001953
3489.781250	2535.505859
3487.167969	2621.498779
3484.553711	2572.573242
3481.938477	2597.295898
3479.322266	2665.951904
3476.705078	2701.119141
3474.086914	2698.066650
3471.466797	2697.879150
3468.845703	2707.229980
3466.224609	2784.271973
3463.601563	2887.935059
3460.977539	2845.745117
3458.351563	2869.298828
3455.725586	2930.908203
3453.098633	2988.658447
3450.469727	2955.053467
3447.839844	3013.693359
3445.208984	3111.244629
3442.577148	3165.017334
3439.944336	3115.250000
3437.310547	3169.922852
3434.674805	3170.473633
3432.039063	3332.229248
3429.401367	3288.158936
3426.762695	3363.505859
3424.123047	3381.017090
3421.481445	3422.178711
3418.839844	3491.692139
3416.197266	3604.654785
3413.552734	3621.084229
3410.907227	3621.432617
3408.260742	3635.949463
3405.613281	3658.950928
3402.963867	3763.102539
3400.314453	3838.860840
3397.663086	3741.977539
3395.011719	3813.907471
3392.358398	3942.309326
3389.704102	3981.126221
3387.047852	4036.854736
3384.391602	4084.065186
3381.733398	4118.065430
3379.075195	4167.079102
3376.415039	4248.943359
3373.753906	4283.765625
3371.090820	4305.410645
3368.427734	4502.557129
3365.762695	4548.481445
3363.097656	4590.613281
3360.430664	4569.901367
3357.762695	4611.985840
3355.092773	4624.061035
3352.422852	4802.770508
3349.750977	4784.805176
3347.079102	4855.717773
3344.405273	4908.803223
3341.729492	5073.994629
3339.053711	5135.346191
3336.376953	5170.497070
3333.698242	5228.951172
3331.018555	5279.889648
3328.337891	5194.622559
3325.656250	5387.224609
3322.973633	5484.615234
3320.289063	5458.043945
3317.604492	5672.624512
3314.917969	5662.742676
3312.230469	5795.189941
3309.541016	5772.243164
3306.851563	5939.843750
3304.160156	6009.751953
3301.467773	6051.740723
3298.774414	6041.711426
3296.080078	6211.684570
3293.384766	6309.171387
3290.687500	6353.732422
3287.990234	6403.813477
3285.291016	6502.012695
3282.589844	6629.750977
3279.888672	6661.134766
3277.186523	6712.839355
3274.482422	6751.553223
3271.777344	6927.939941
3269.071289	6867.674805
3266.364258	7070.634766
3263.655273	7138.656250
3260.945313	7218.610840
3258.234375	7352.906250
3255.522461	7370.932617
3252.809570	7536.370605
3250.095703	7746.793457
3247.379883	7688.207520
3244.663086	7779.668457
3241.945313	7857.250488
3239.226563	7860.288574
3236.505859	8019.559082
3233.784180	8076.719727
3231.061523	8254.119141
3228.337891	8341.413086
3225.613281	8335.048828
3222.886719	8524.020508
3220.160156	8590.910156
3217.431641	8698.055664
3214.702148	8737.331055
3211.970703	8781.147461
3209.239258	8949.373047
3206.505859	9116.535156
3203.771484	9213.151367
3201.035156	9412.034180
3198.298828	9499.297852
3195.560547	9475.999023
3192.821289	9692.754883
3190.081055	9676.685547
3187.339844	9911.398438
3184.596680	9922.586914
3181.853516	10135.117188
3179.108398	10285.532227
3176.361328	10409.413086
3173.614258	10438.552734
3170.865234	10514.958984
3168.115234	10599.477539
3165.364258	10801.145508
3162.612305	10862.751953
3159.858398	10996.936523
3157.104492	11170.932617
3154.347656	11281.273438
3151.590820	11445.919922
3148.833008	11579.603516
3146.073242	11627.101563
3143.312500	11873.778320
3140.550781	11961.832031
3137.787109	12167.426758
3135.023438	12280.590820
3132.257813	12277.039063
3129.491211	12443.361328
3126.722656	12687.210938
3123.954102	12895.633789
3121.183594	12887.292969
3118.412109	13136.930664
3115.638672	13326.840820
3112.865234	13453.495117
3110.089844	13602.554688
3107.313477	13662.336914
3104.536133	13705.862305
3101.756836	13914.881836
3098.976563	14022.997070
3096.195313	14182.248047
3093.413086	14487.806641
3090.628906	14395.246094
3087.844727	14743.524414
3085.058594	14762.187500
3082.270508	15191.608398
3079.482422	15360.663086
3076.692383	15607.526367
3073.901367	15470.801758
3071.109375	15733.506836
3068.315430	15856.368164
3065.520508	16044.417969
3062.724609	16201.001953
3059.927734	16521.894531
3057.128906	16472.650391
3054.329102	16693.121094
3051.528320	16749.158203
3048.726563	17062.982422
3045.922852	17131.283203
3043.118164	17260.134766
3040.312500	17681.117188
3037.505859	17593.183594
3034.697266	17868.533203
3031.887695	18173.888672
3029.077148	18206.802734
3026.264648	18413.933594
3023.452148	18444.925781
3020.637695	18777.892578
3017.821289	18790.039063
3015.004883	18977.890625
3012.186523	19125.652344
3009.367188	19383.228516
3006.545898	19683.115234
3003.724609	19780.742188
3000.901367	20049.183594
2998.077148	20258.078125
2995.250977	20313.722656
2992.423828	20317.132813
2989.595703	20705.058594
2986.766602	20753.345703
2983.935547	20988.816406
2981.104492	21356.492188
2978.270508	21512.943359
2975.436523	21610.154297
2972.600586	21602.359375
2969.763672	21885.373047
2966.925781	22041.287109
2964.085938	22569.488281
2961.245117	22434.529297
2958.403320	22663.865234
2955.560547	23394.183594
2952.715820	23397.003906
2949.870117	23380.488281
2947.023438	23830.257813
2944.174805	23829.349609
2941.325195	24195.160156
2938.474609	24193.199219
2935.622070	24292.914063
2932.768555	24757.019531
2929.914063	24860.759766
2927.058594	25228.767578
2924.201172	25612.191406
2921.342773	25664.664063
2918.483398	25911.160156
2915.622070	25931.978516
2912.759766	26557.199219
2909.896484	26640.556641
2907.032227	27082.501953
2904.166016	27059.990234
2901.298828	27223.203125
2898.429688	27544.878906
2895.559570	27489.064453
2892.688477	27847.759766
2889.816406	28302.736328
2886.942383	28345.808594
2884.067383	28435.791016
2881.191406	28796.001953
2878.314453	28998.628906
2875.435547	29314.830078
2872.554688	29543.937500
2869.673828	29908.181641
2866.791016	30180.164063
2863.907227	30400.751953
2861.021484	30432.240234
2858.134766	30925.316406
2855.247070	30841.386719
2852.358398	31116.628906
2849.467773	31616.494141
2846.576172	31813.316406
2843.682617	31744.658203
2840.789063	32122.617188
2837.893555	32163.511719
2834.996094	32529.708984
2832.097656	32589.341797
2829.198242	32853.257813
2826.297852	33118.652344
2823.395508	33109.859375
2820.492188	33283.605469
2817.587891	33520.878906
2814.681641	33615.121094
2811.774414	33889.851563
2808.866211	33791.289063
2805.956055	34088.867188
2803.044922	34569.941406
2800.131836	34375.039063
2797.218750	34746.570313
2794.303711	34715.542969
2791.386719	34856.835938
2788.468750	35419.546875
2785.549805	35231.500000
2782.629883	35489.613281
2779.708008	35713.261719
2776.785156	35986.304688
2773.860352	36140.257813
2770.935547	36229.972656
2768.007813	36440.027344
2765.080078	36271.671875
2762.150391	36381.652344
2759.219727	36831.867188
2756.287109	36747.082031
2753.353516	36926.550781
2750.418945	37232.769531
2747.482422	37381.179688
2744.544922	37394.128906
2741.606445	37573.789063
2738.666016	37797.488281
2735.724609	37835.691406
2732.782227	37868.753906
2729.837891	37945.933594
2726.892578	37860.062500
2723.945313	38414.789063
2720.997070	38083.691406
2718.047852	38425.890625
2715.097656	38480.554688
2712.145508	38537.695313
2709.191406	38603.242188
2706.237305	38607.796875
2703.281250	38819.531250
2700.323242	38631.226563
2697.364258	38688.113281
2694.404297	38875.843750
2691.443359	38964.621094
2688.480469	39006.898438
2685.515625	38871.164063
2682.550781	39120.808594
2679.583984	38901.699219
2676.615234	39007.046875
2673.646484	38902.660156
2670.674805	38972.550781
2667.703125	38795.070313
2664.729492	38712.742188
2661.754883	38574.175781
2658.778320	38407.164063
2655.800781	38382.179688
2652.821289	38507.429688
2649.840820	38412.777344
2646.859375	38171.468750
2643.876953	38118.093750
2640.892578	38080.671875
2637.906250	38209.902344
2634.918945	38236.054688
2631.930664	37833.859375
2628.941406	37512.289063
2625.950195	37637.312500
2622.957031	37691.199219
2619.963867	37515.394531
2616.967773	37286.316406
2613.971680	37209.277344
2610.973633	37194.000000
2607.974609	36875.328125
2604.973633	36743.554688
2601.971680	36620.218750
2598.967773	36447.039063
2595.962891	36015.257813
2592.957031	35880.746094
2589.949219	35921.734375
2586.940430	35548.078125
2583.929688	35337.523438
2580.917969	35152.882813
2577.905273	35034.777344
2574.890625	34959.890625
2571.875000	34762.378906
2568.857422	34536.035156
2565.838867	34299.121094
2562.819336	34177.480469
2559.797852	34092.343750
2556.775391	33691.339844
2553.750977	33346.902344
2550.725586	33084.578125
2547.698242	32867.078125
2544.669922	32572.994141
2541.640625	32508.566406
2538.609375	32178.603516
2535.577148	31914.060547
2532.542969	31758.523438
2529.507813	31560.287109
2526.471680	31374.572266
2523.433594	31205.476563
2520.393555	30944.400391
2517.353516	30616.138672
2514.310547	30507.582031
2511.267578	30316.974609
2508.222656	30083.017578
2505.175781	29932.152344
2502.127930	29500.064453
2499.079102	29160.189453
2496.028320	28884.541016
2492.976563	28542.787109
2489.922852	28442.050781
2486.868164	28263.654297
2483.812500	27974.978516
2480.754883	27690.650391
2477.695313	27337.107422
2474.634766	27108.044922
2471.573242	26940.423828
2468.509766	26626.861328
2465.445313	26196.925781
2462.378906	26182.404297
2459.311523	25836.998047
2456.242188	25399.035156
2453.171875	25224.468750
2450.100586	24986.572266
2447.027344	24893.689453
2443.953125	24471.572266
2440.876953	23966.937500
2437.799805	23936.369141
2434.720703	23805.945313
2431.640625	23741.376953
2428.558594	23248.525391
2425.475586	22942.619141
2422.390625	22954.701172
2419.304688	22517.150391
2416.217773	22370.693359
2413.128906	22127.240234
2410.038086	21758.611328
2406.946289	21691.931641
2403.853516	21283.419922
2400.758789	21111.984375
2397.663086	20883.367188
2394.565430	20493.533203
2391.466797	20210.542969
2388.366211	19848.783203
2385.264648	19626.791016
2382.161133	19531.480469
2379.056641	19368.611328
2375.950195	19143.105469
2372.842773	18796.324219
2369.734375	18533.488281
2366.624023	18396.273438
2363.511719	18286.496094
2360.398438	17902.187500
2357.284180	17738.953125
2354.167969	17766.000000
2351.049805	17464.242188
2347.930664	17260.544922
2344.810547	16973.712891
2341.688477	16808.056641
2338.564453	16611.333984
2335.439453	16388.386719
2332.313477	16250.406250
2329.185547	16147.716797
2326.056641	15896.521484
2322.925781	15655.935547
2319.792969	15467.449219
2316.660156	15358.113281
2313.524414	15023.208008
2310.387695	14844.032227
2307.250000	14766.991211
2304.110352	14678.073242
2300.969727	14336.129883
2297.827148	14243.508789
2294.682617	14096.101563
2291.537109	13896.370117
2288.390625	13780.236328
2285.242188	13514.128906
2282.092773	13295.093750
2278.941406	13216.675781
2275.788086	12896.478516
2272.633789	12871.414063
2269.478516	12641.188477
2266.321289	12507.777344
2263.162109	12262.099609
2260.001953	12212.837891
2256.840820	12041.847656
2253.676758	11920.805664
2250.512695	11813.302734
2247.346680	11447.695313
2244.178711	11356.291016
2241.009766	11145.851563
2237.838867	10936.393555
2234.666992	11058.139648
2231.493164	10758.320313
2228.318359	10739.875000
2225.141602	10462.515625
2221.963867	10403.313477
2218.784180	10234.085938
2215.602539	10021.002930
2212.419922	9837.181641
2209.236328	9799.570313
2206.050781	9691.359375
2202.863281	9424.794922
2199.674805	9377.227539
2196.485352	9386.910156
2193.292969	9217.986328
2190.100586	9087.582031
2186.905273	8911.125977
2183.709961	8755.170898
2180.511719	8742.434570
2177.312500	8476.514648
2174.112305	8365.498047
2170.910156	8339.682617
2167.706055	8201.517578
2164.500977	8061.140137
2161.294922	8113.458008
2158.085938	7906.233887
2154.876953	7798.899902
2151.665039	7616.148926
2148.452148	7526.167480
2145.238281	7437.045898
2142.022461	7337.899902
2138.804688	7315.771484
2135.585938	7171.725098
2132.365234	6976.577148
2129.143555	6956.971680
2125.919922	6849.743652
2122.695313	6812.382324
2119.468750	6646.433594
2116.240234	6447.338379
2113.010742	6473.688965
2109.780273	6423.414551
2106.546875	6263.369141
2103.312500	6239.519043
2100.077148	6095.933594
2096.839844	6079.903809
2093.600586	5957.367676
2090.360352	5896.666504
2087.119141	5798.235352
2083.875000	5770.807129
2080.629883	5705.652832
2077.383789	5608.216797
2074.135742	5554.742676
2070.885742	5439.773438
2067.634766	5371.047852
2064.381836	5243.206055
2061.127930	5213.046387
2057.871094	5153.735840
2054.614258	5049.199219
2051.355469	4933.253906
2048.094727	4827.385254
2044.832031	4821.244141
2041.568359	4850.343750
2038.303711	4723.223145
2035.037109	4652.852539
2031.768555	4558.835449
2028.498047	4415.976074
2025.226563	4407.746582
2021.954102	4259.746582
2018.678711	4323.359863
2015.403320	4174.775879
2012.125000	4171.247559
2008.845703	4102.921875
2005.564453	4026.278320
2002.282227	3910.864746
1998.998047	3863.311279
1995.712891	3809.714844
1992.424805	3766.815918
1989.136719	3688.989990
1985.845703	3668.220947
1982.553711	3576.844727
1979.260742	3538.688721
1975.964844	3530.156738
1972.667969	3446.558105
1969.370117	3388.809082
1966.070313	3315.205078
1962.768555	3306.034668
1959.465820	3237.836670
1956.161133	3189.372314
1952.854492	3122.806396
1949.546875	3105.427734
1946.237305	3076.734131
1942.925781	3046.556641
1939.613281	2979.428467
1936.298828	2930.467285
1932.982422	2861.196045
1929.665039	2772.397705
1926.346680	2765.783936
1923.025391	2746.376953
1919.703125	2739.027588
1916.378906	2631.652832
1913.053711	2652.178711
1909.726563	2595.290771
1906.397461	2530.946777
1903.067383	2496.690674
1899.735352	2448.961182
1896.401367	2441.773438
1893.066406	2403.109863
1889.729492	2357.739990
1886.390625	2370.822754
1883.050781	2279.105469
1879.708984	2273.509033
1876.365234	2257.448730
1873.020508	2212.255127
1869.673828	2188.768311
1866.326172	2142.156982
1862.975586	2120.217773
1859.624023	2103.520752
1856.271484	2062.235352
1852.916016	2026.205811
1849.559570	1950.734131
1846.202148	1959.460938
1842.841797	1896.743652
1839.480469	1866.811768
1836.118164	1850.289429
1832.752930	1846.413696
1829.386719	1833.629150
1826.018555	1759.987915
1822.649414	1682.708252
1819.278320	1727.121338
1815.905273	1716.640747
1812.531250	1669.127441
1809.154297	1664.607910
1805.777344	1602.362671
1802.397461	1575.686279
1799.016602	1546.817139
1795.633789	1532.756226
1792.249023	1475.126953
1788.863281	1480.309814
1785.475586	1434.568726
1782.085938	1432.389282
1778.694336	1450.853760
1775.301758	1411.087524
1771.907227	1391.981689
1768.510742	1352.282227
1765.113281	1347.202637
1761.713867	1275.940308
1758.312500	1279.722778
1754.910156	1289.378418
1751.505859	1244.683960
1748.099609	1233.795288
1744.691406	1174.499023
1741.282227	1169.520630
1737.871094	1144.026001
1734.458008	1147.856689
1731.042969	1114.343262
1727.626953	1132.088013
1724.208984	1078.865723
1720.790039	1065.904419
1717.368164	1017.881470
1713.945313	1059.008179
1710.520508	1014.685181
1707.093750	1009.075745
1703.666016	991.803223
1700.236328	977.463013
1696.804688	965.322205
1693.371094	942.270203
1689.936523	944.714478
1686.500000	883.866760
1683.061523	895.789063
1679.622070	883.716797
1676.179688	871.656067
1672.736328	877.757446
1669.291016	838.135864
1665.844727	819.586975
1662.396484	788.007263
1658.945313	805.005249
1655.494141	774.187683
1652.040039	770.906982
1648.584961	758.223816
1645.126953	753.507385
1641.668945	711.933777
1638.208008	709.411743
1634.745117	691.728760
1631.281250	702.930847
1627.815430	699.694824
1624.347656	650.319275
1620.878906	644.950256
1617.408203	640.306580
1613.935547	639.986633
1610.460938	609.446228
1606.984375	617.052429
1603.506836	593.741638
1600.027344	601.347534
1596.545898	558.678772
1593.062500	551.221619
1589.577148	561.706116
1586.090820	532.026855
1582.602539	546.809937
1579.112305	536.507446
1575.620117	504.020996
1572.126953	507.345886
1568.630859	509.236755
1565.133789	478.956787
1561.634766	483.717590
1558.133789	491.329956
1554.631836	473.952026
1551.127930	463.012207
1547.621094	452.083160
1544.114258	450.430115
1540.604492	434.531586
1537.092773	428.616699
1533.580078	431.958771
1530.065430	409.691528
1526.548828	423.703064
1523.030273	414.962585
1519.509766	378.533173
1515.988281	378.341949
1512.463867	381.698151
1508.938477	377.959595
1505.411133	358.631958
1501.882813	347.116119
1498.351563	353.312805
1494.818359	334.734131
1491.284180	331.735291
1487.748047	307.530334
1484.209961	338.465179
1480.669922	331.937256
1477.128906	319.768707
1473.584961	304.790222
1470.040039	304.635437
1466.493164	291.089172
1462.944336	277.556549
1459.393555	285.864655
1455.840820	268.829437
1452.287109	281.353577
1448.730469	269.961945
1445.172852	257.176453
1441.613281	253.533890
1438.051758	257.616394
1434.488281	266.605774
1430.922852	241.225281
1427.356445	231.990768
1423.787109	257.091095
1420.216797	231.053772
1416.644531	221.138443
1413.070313	229.418793
1409.494141	221.611496
1405.916016	215.908264
1402.336914	226.971771
1398.754883	215.687302
1395.171875	214.879166
1391.585938	202.914932
1387.999023	190.265900
1384.410156	181.112701
1380.819336	189.374527
1377.226563	194.148438
1373.632813	199.612869
1370.036133	178.655594
1366.438477	179.258575
1362.837891	161.110886
1359.236328	164.498459
1355.632813	168.576187
1352.027344	161.555679
1348.419922	151.077255
1344.810547	143.380173
1341.199219	147.460068
1337.585938	157.763184
1333.970703	152.840698
1330.354492	143.084595
1326.735352	129.193253
1323.115234	136.722183
1319.493164	138.031845
1315.869141	135.891083
1312.242188	117.205757
1308.614258	119.901466
1304.984375	121.905586
1301.353516	117.712196
1297.719727	122.467339
1294.083984	109.338272
1290.446289	118.903847
1286.807617	109.224876
1283.166016	108.481590
1279.523438	102.249130
1275.877930	93.965462
1272.231445	111.740219
1268.582031	105.515617
1264.931641	96.558197
1261.279297	97.876854
1257.625000	99.878181
1253.968750	97.091194
1250.310547	88.839981
1246.650391	92.891838
1242.988281	83.968651
1239.324219	78.466301
1235.658203	83.199059
1231.990234	80.429192
1228.320313	80.387161
1224.648438	76.259789
1220.975586	81.664185
1217.299805	81.621452
1213.622070	72.061211
1209.943359	76.100266
1206.261719	69.948395
1202.578125	70.590485
1198.893555	64.447876
1195.206055	61.023849
1191.517578	66.413307
1187.826172	64.346443
1184.133789	60.927757
1180.438477	57.512634
1176.742188	67.626343
1173.042969	60.831684
1169.342773	55.395248
1165.639648	59.417252
1161.935547	52.637547
1158.228516	49.911861
1154.520508	63.368118
1150.809570	53.901859
1147.097656	57.240498
1143.382813	63.940887
1139.666992	51.798389
1135.948242	43.030449
1132.227539	49.055653
1128.505859	46.343136
1124.781250	50.346310
1121.055664	51.661507
1117.327148	48.281269
1113.596680	48.255676
1109.865234	50.239670
1106.130859	46.195972
1102.394531	40.149086
1098.657227	40.127762
1094.916992	43.448647
1091.174805	42.089378
1087.430664	38.728340
1083.684570	36.705608
1079.936523	41.355206
1076.186523	41.333179
1072.434570	27.984974
1068.680664	37.293404
1064.924805	38.604710
1061.166992	35.923134
1057.406250	39.228397
1053.644531	33.226646
1049.880859	38.522308
1046.114258	33.191132
1042.346680	29.856039
1038.576172	25.198273
1034.803711	29.824080
1031.030273	32.457710
1027.253906	33.102360
1023.475586	23.820919
1019.695313	35.712208
1015.913086	24.456341
1012.128906	25.103832
1008.342773	28.391705
1004.553711	27.056608
