4046.277344	215.922791
4043.892578	215.922791
4041.505859	231.554016
4039.119141	229.368027
4036.731445	231.371399
4034.342773	233.373123
4031.952148	236.419296
4029.561523	254.102661
4027.169922	231.006180
4024.777344	262.260803
4022.383789	260.068207
4019.989258	245.348816
4017.593750	250.469849
4015.197266	237.852173
4012.799805	248.185974
4010.401367	261.638672
4008.001953	298.003998
4005.601563	251.015717
4003.201172	274.862549
4000.798828	285.160828
3998.395508	271.523499
3995.991211	287.014313
3993.585938	292.097778
3991.180664	296.138062
3988.773438	292.904358
3986.365234	297.979187
3983.957031	297.860657
3981.546875	295.667297
3979.135742	302.808716
3976.724609	327.566650
3974.311523	329.508545
3971.898438	323.162598
3969.483398	289.902100
3967.068359	336.359344
3964.651367	331.052490
3962.234375	308.169617
3959.815430	314.248871
3957.396484	321.356506
3954.975586	327.425446
3952.554688	355.171448
3950.131836	361.221832
3947.708984	362.109039
3945.284180	336.183258
3942.859375	370.065948
3940.432617	353.431213
3938.005859	355.349701
3935.577148	367.562378
3933.148438	354.035828
3930.718750	368.296570
3928.287109	388.715851
3925.855469	393.699615
3923.421875	392.514099
3920.988281	402.627655
3918.552734	387.065491
3916.117188	393.067719
3913.680664	403.168488
3911.242188	396.853668
3908.803711	419.245178
3906.363281	420.101166
3903.922852	413.786774
3901.480469	420.786896
3899.038086	420.617462
3896.593750	437.838837
3894.149414	420.278625
3891.703125	420.109222
3889.256836	460.809875
3886.808594	472.880066
3884.360352	481.877625
3881.910156	472.498474
3879.459961	450.885559
3877.007813	471.097260
3874.555664	482.118988
3872.101563	477.848663
3869.646484	507.190674
3867.191406	497.823181
3864.734375	510.850983
3862.277344	486.230957
3859.818359	540.941711
3857.358398	539.706299
3854.897461	523.231873
3852.436523	538.253479
3849.973633	526.868469
3847.509766	537.817078
3845.044922	561.943054
3842.579102	549.547913
3840.113281	518.919434
3837.645508	574.429382
3835.176758	593.437195
3832.707031	554.729431
3830.236328	570.693909
3827.764648	559.335876
3825.291992	602.583374
3822.818359	630.635986
3820.343750	617.246460
3817.868164	628.103088
3815.390625	637.941345
3812.913086	643.735413
3810.434570	650.533203
3807.955078	655.308838
3805.473633	673.181274
3802.992188	675.928772
3800.509766	684.715393
3798.025391	710.605591
3795.541016	693.211548
3793.054688	696.951294
3790.568359	699.682434
3788.080078	728.538086
3785.591797	733.262634
3783.101563	789.190063
3780.610352	774.816223
3778.119141	761.457153
3775.625977	770.170959
3773.131836	804.940186
3770.636719	817.636658
3768.140625	798.271362
3765.643555	799.946655
3763.145508	806.624146
3760.646484	823.299622
3758.146484	872.959656
3755.645508	841.615601
3753.143555	845.266785
3750.639648	891.859741
3748.135742	899.479980
3745.630859	902.104248
3743.124023	872.806274
3740.617188	893.386230
3738.108398	933.882507
3735.599609	936.487244
3733.088867	933.114380
3730.577148	928.748657
3728.064453	953.242126
3725.551758	964.785095
3723.037109	981.289368
3720.521484	1007.717773
3718.004883	1041.077881
3715.487305	1061.501343
3712.967773	1032.278931
3710.448242	1078.484985
3707.927734	1071.097656
3705.406250	1109.318115
3702.882813	1084.086670
3700.359375	1098.496826
3697.833984	1114.875122
3695.308594	1101.548096
3692.781250	1119.889526
3690.252930	1157.004395
3687.723633	1169.376099
3685.193359	1174.820801
3682.662109	1174.334595
3680.129883	1164.963135
3677.596680	1205.928345
3675.062500	1224.171143
3672.527344	1267.049316
3669.990234	1183.731934
3667.453125	1259.102661
3664.915039	1244.793213
3662.375000	1278.730835
3659.833984	1277.216187
3657.292969	1304.226318
3654.750000	1311.550293
3652.206055	1305.109009
3649.661133	1333.055176
3647.115234	1368.833252
3644.568359	1381.024292
3642.019531	1383.393555
3639.470703	1403.413452
3636.920898	1438.120850
3634.369141	1414.004761
3631.817383	1483.940063
3629.263672	1467.656738
3626.708984	1478.789795
3624.153320	1521.217896
3621.596680	1530.362671
3619.039063	1548.296509
3616.480469	1576.962524
3613.920898	1560.678589
3611.360352	1604.934448
3608.797852	1647.201294
3606.235352	1649.439941
3603.670898	1658.501465
3601.105469	1710.437744
3598.540039	1722.387817
3595.972656	1689.532837
3593.404297	1781.298462
3590.834961	1773.742798
3588.264648	1786.617065
3585.692383	1798.507935
3583.120117	1850.230347
3580.545898	1870.825684
3577.971680	1870.042480
3575.395508	1861.494995
3572.818359	1937.355713
3570.240234	1971.454102
3567.661133	1963.842651
3565.081055	1956.236938
3562.500000	2061.952393
3559.917969	2044.629761
3557.333984	2072.802734
3554.750000	2079.671143
3552.164063	2131.976563
3549.577148	2187.136963
3546.989258	2173.659424
3544.400391	2222.960693
3541.810547	2239.401123
3539.219727	2238.459961
3536.626953	2286.705566
3534.034180	2316.593018
3531.439453	2366.691162
3528.844727	2413.856689
3526.248047	2374.327637
3523.650391	2422.411377
3521.051758	2484.884277
3518.451172	2544.418701
3515.850586	2501.053711
3513.249023	2582.628174
3510.645508	2637.242188
3508.041016	2571.810791
3505.436523	2682.037842
3502.830078	2751.885254
3500.222656	2712.373047
3497.613281	2723.686768
3495.003906	2787.678223
3492.393555	2801.821777
3489.781250	2861.895996
3487.167969	2910.437744
3484.553711	2906.338379
3481.938477	2929.008057
3479.322266	2971.724121
3476.705078	3008.672363
3474.086914	3010.263428
3471.466797	3122.553955
3468.845703	3143.172119
3466.224609	3157.097412
3463.601563	3177.681885
3460.977539	3238.261475
3458.351563	3362.593506
3455.725586	3360.216309
3453.098633	3297.895508
3450.469727	3454.378662
3447.839844	3444.356934
3445.208984	3428.641113
3442.577148	3524.073975
3439.944336	3596.637451
3437.310547	3545.757813
3434.674805	3654.298096
3432.039063	3723.865723
3429.401367	3732.709717
3426.762695	3873.242920
3424.123047	3876.331299
3421.481445	3872.789307
3418.839844	3927.917236
3416.197266	3973.538574
3413.552734	4007.774414
3410.907227	4085.452393
3408.260742	4165.896973
3405.613281	4199.059570
3402.963867	4162.348145
3400.314453	4310.581055
3397.663086	4396.446289
3395.011719	4387.973145
3392.358398	4515.187988
3389.704102	4587.666504
3387.047852	4544.285645
3384.391602	4714.554688
3381.733398	4763.335449
3379.075195	4901.395020
3376.415039	4913.398926
3373.753906	4971.422852
3371.090820	5020.005371
3368.427734	5095.764648
3365.762695	5210.863281
3363.097656	5248.960938
3360.430664	5287.961914
3357.762695	5329.738770
3355.092773	5415.499512
3352.422852	5500.249023
3349.750977	5497.893555
3347.079102	5545.115723
3344.405273	5669.901367
3341.729492	5742.240723
3339.053711	5849.082031
3336.376953	5852.177246
3333.698242	5951.408691
3331.018555	6048.687988
3328.337891	6097.386230
3325.656250	6229.007324
3322.973633	6213.288086
3320.289063	6300.035645
3317.604492	6466.773438
3314.917969	6461.203613
3312.230469	6537.495117
3309.541016	6586.754395
3306.851563	6743.781250
3304.160156	6741.810547
3301.467773	6893.060059
3298.774414	6839.042969
3296.080078	7021.662109
3293.384766	7063.155762
3290.687500	7207.509766
3287.990234	7427.719727
3285.291016	7355.980469
3282.589844	7450.947754
3279.888672	7421.825195
3277.186523	7444.526855
3274.482422	7671.546875
3271.777344	7680.253418
3269.071289	7903.276855
3266.364258	8025.452148
3263.655273	7998.913086
3260.945313	8096.949219
3258.234375	8241.009766
3255.522461	8306.587891
3252.809570	8478.071289
3250.095703	8455.987305
3247.379883	8559.126953
3244.663086	8659.413086
3241.945313	8712.699219
3239.226563	8803.633789
3236.505859	8973.524414
3233.784180	8915.441406
3231.061523	9214.604492
3228.337891	9283.125977
3225.613281	9324.061523
3222.886719	9547.453125
3220.160156	9613.899414
3217.431641	9742.591797
3214.702148	9794.237305
3211.970703	9967.591797
3209.239258	10053.861328
3206.505859	10088.832031
3203.771484	10416.336914
3201.035156	10493.152344
3198.298828	10562.590820
3195.560547	10726.012695
3192.821289	10755.125000
3190.081055	11000.421875
3187.339844	11085.920898
3184.596680	11332.677734
3181.853516	11332.307617
3179.108398	11542.308594
3176.361328	11619.217773
3173.614258	11737.912109
3170.865234	11971.100586
3168.115234	12066.803711
3165.364258	12134.250000
3162.612305	12272.484375
3159.858398	12360.658203
3157.104492	12721.013672
3154.347656	12729.986328
3151.590820	12851.383789
3148.833008	12993.518555
3146.073242	13124.654297
3143.312500	13269.254883
3140.550781	13371.183594
3137.787109	13686.544922
3135.023438	13827.083008
3132.257813	13915.966797
3129.491211	13999.346680
3126.722656	14095.294922
3123.954102	14334.701172
3121.183594	14320.316406
3118.412109	14542.268555
3115.638672	14781.153320
3112.865234	14947.726563
3110.089844	14807.867188
3107.313477	14985.980469
3104.536133	15135.131836
3101.756836	15228.370117
3098.976563	15637.161133
3096.195313	15509.868164
3093.413086	15809.454102
3090.628906	15887.846680
3087.844727	16134.033203
3085.058594	16155.676758
3082.270508	16623.052734
3079.482422	16587.974609
3076.692383	16980.365234
3073.901367	17029.347656
3071.109375	17231.382813
3068.315430	17229.189453
3065.520508	17521.298828
3062.724609	17537.748047
3059.927734	17877.716797
3057.128906	17910.066406
3054.329102	18059.359375
3051.528320	18131.755859
3048.726563	18367.353516
3045.922852	18674.080078
3043.118164	18671.216797
3040.312500	18814.476563
3037.505859	19263.974609
3034.697266	19226.121094
3031.887695	19516.642578
3029.077148	19533.843750
3026.264648	19771.507813
3023.452148	19799.236328
3020.637695	19953.953125
3017.821289	20164.464844
3015.004883	20497.257813
3012.186523	20564.511719
3009.367188	20731.011719
3006.545898	21080.822266
3003.724609	21352.357422
3000.901367	21407.580078
2998.077148	21610.564453
2995.250977	21990.312500
2992.423828	21902.779297
2989.595703	22141.500000
2986.766602	22594.708984
2983.935547	22469.912109
2981.104492	22602.111328
2978.270508	22929.197266
2975.436523	23198.656250
2972.600586	23412.328125
2969.763672	23803.812500
2966.925781	23738.667969
2964.085938	23929.785156
2961.245117	24198.171875
2958.403320	24365.150391
2955.560547	24588.250000
2952.715820	24910.457031
2949.870117	25056.671875
2947.023438	25330.076172
2944.174805	25228.443359
2941.325195	25433.082031
2938.474609	25680.501953
2935.622070	26061.806641
2932.768555	26113.328125
2929.914063	26247.994141
2927.058594	26389.535156
2924.201172	26680.570313
2921.342773	26897.869141
2918.483398	26986.457031
2915.622070	27280.308594
2912.759766	27535.460938
2909.896484	27878.556641
2907.032227	27863.542969
2904.166016	28030.841797
2901.298828	28211.933594
2898.429688	28380.654297
2895.559570	28581.449219
2892.688477	28741.130859
2889.816406	28930.253906
2886.942383	29234.904297
2884.067383	29230.578125
2881.191406	29620.855469
2878.314453	29852.654297
2875.435547	29923.583984
2872.554688	29972.738281
2869.673828	30355.013672
2866.791016	30580.832031
2863.907227	30760.498047
2861.021484	30848.148438
2858.134766	31150.498047
2855.247070	31292.416016
2852.358398	31449.773438
2849.467773	31491.080078
2846.576172	31867.783203
2843.682617	31752.435547
2840.789063	31955.046875
2837.893555	32348.275391
2834.996094	32572.857422
2832.097656	32618.669922
2829.198242	32802.386719
2826.297852	33116.929688
2823.395508	33020.265625
2820.492188	33136.363281
2817.587891	33414.156250
2814.681641	33429.300781
2811.774414	33662.835938
2808.866211	33627.980469
2805.956055	33961.714844
2803.044922	34036.656250
2800.131836	34224.828125
2797.218750	34546.660156
2794.303711	34677.808594
2791.386719	34613.386719
2788.468750	34863.464844
2785.549805	34975.421875
2782.629883	35329.531250
2779.708008	35133.968750
2776.785156	35320.031250
2773.860352	35747.855469
2770.935547	35671.113281
2768.007813	35910.464844
2765.080078	35945.539063
2762.150391	35792.828125
2759.219727	36377.226563
2756.287109	36180.101563
2753.353516	36221.765625
2750.418945	36593.042969
2747.482422	36565.492188
2744.544922	36565.191406
2741.606445	36746.074219
2738.666016	36651.285156
2735.724609	36769.898438
2732.782227	36709.144531
2729.837891	37034.792969
2726.892578	36947.640625
2723.945313	36918.242188
2720.997070	36955.851563
2718.047852	37189.214844
2715.097656	37278.328125
2712.145508	37330.933594
2709.191406	37172.707031
2706.237305	37042.535156
2703.281250	37128.968750
2700.323242	37236.445313
2697.364258	37129.199219
2694.404297	37272.027344
2691.443359	37112.500000
2688.480469	37040.859375
2685.515625	36816.613281
2682.550781	37106.808594
2679.583984	37267.804688
2676.615234	37263.558594
2673.646484	37133.019531
2670.674805	37264.296875
2667.703125	36913.480469
2664.729492	36902.628906
2661.754883	36726.226563
2658.778320	36852.363281
2655.800781	36555.218750
2652.821289	36440.437500
2649.840820	36376.921875
2646.859375	36283.269531
2643.876953	35985.195313
2640.892578	35974.714844
2637.906250	36101.546875
2634.918945	35966.296875
2631.930664	35779.289063
2628.941406	35663.515625
2625.950195	35517.750000
2622.957031	35478.199219
2619.963867	35299.226563
2616.967773	35314.875000
2613.971680	35276.273438
2610.973633	34914.976563
2607.974609	35032.437500
2604.973633	34939.828125
2601.971680	34564.156250
2598.967773	34406.066406
2595.962891	34313.835938
2592.957031	34153.488281
2589.949219	33917.632813
2586.940430	33574.800781
2583.929688	33744.671875
2580.917969	33438.734375
2577.905273	33284.902344
2574.890625	33164.375000
2571.875000	32841.683594
2568.857422	32873.074219
2565.838867	32506.066406
2562.819336	32571.503906
2559.797852	32351.404297
2556.775391	31932.998047
2553.750977	31684.435547
2550.725586	31490.626953
2547.698242	31308.548828
2544.669922	30951.609375
2541.640625	30760.023438
2538.609375	30374.773438
2535.577148	30524.091797
2532.542969	30327.164063
2529.507813	29855.304688
2526.471680	29690.955078
2523.433594	29304.558594
2520.393555	29338.822266
2517.353516	29248.898438
2514.310547	29149.187500
2511.267578	28695.535156
2508.222656	28507.480469
2505.175781	28233.419922
2502.127930	27689.736328
2499.079102	27697.507813
2496.028320	27413.515625
2492.976563	27014.279297
2489.922852	26911.791016
2486.868164	26662.078125
2483.812500	26233.445313
2480.754883	26085.644531
2477.695313	26063.009766
2474.634766	25613.978516
2471.573242	25592.380859
2468.509766	25185.585938
2465.445313	25104.640625
2462.378906	24709.841797
2459.311523	24508.554688
2456.242188	24115.193359
2453.171875	23941.218750
2450.100586	23711.240234
2447.027344	23391.982422
2443.953125	23089.273438
2440.876953	22885.177734
2437.799805	22656.080078
2434.720703	22614.755859
2431.640625	22382.732422
2428.558594	22085.205078
2425.475586	21770.107422
2422.390625	21593.078125
2419.304688	21172.359375
2416.217773	20990.896484
2413.128906	20832.255859
2410.038086	20581.531250
2406.946289	20447.470703
2403.853516	20193.910156
2400.758789	20001.974609
2397.663086	19794.060547
2394.565430	19294.962891
2391.466797	19223.894531
2388.366211	18860.982422
2385.264648	18608.820313
2382.161133	18568.763672
2379.056641	18333.062500
2375.950195	18157.136719
2372.842773	17798.746094
2369.734375	17654.578125
2366.624023	17533.044922
2363.511719	17322.443359
2360.398438	17275.041016
2357.284180	17061.533203
2354.167969	16753.550781
2351.049805	16459.480469
2347.930664	16489.490234
2344.810547	16223.846680
2341.688477	15946.432617
2338.564453	15768.520508
2335.439453	15512.367188
2332.313477	15343.608398
2329.185547	15342.848633
2326.056641	15086.436523
2322.925781	15040.270508
2319.792969	14762.677734
2316.660156	14584.264648
2313.524414	14343.016602
2310.387695	13933.017578
2307.250000	14015.735352
2304.110352	13844.354492
2300.969727	13435.943359
2297.827148	13444.777344
2294.682617	13250.033203
2291.537109	13216.812500
2288.390625	12976.270508
2285.242188	12827.266602
2282.092773	12567.280273
2278.941406	12536.008789
2275.788086	12350.931641
2272.633789	12032.870117
2269.478516	11963.854492
2266.321289	11743.659180
2263.162109	11597.272461
2260.001953	11396.433594
2256.840820	11415.598633
2253.676758	11316.980469
2250.512695	11167.891602
2247.346680	10901.288086
2244.178711	10809.351563
2241.009766	10592.069336
2237.838867	10636.765625
2234.666992	10331.491211
2231.493164	10109.213867
2228.318359	10085.561523
2225.141602	9901.377930
2221.963867	9774.001953
2218.784180	9704.139648
2215.602539	9590.330078
2212.419922	9249.606445
2209.236328	9220.123047
2206.050781	9298.964844
2202.863281	8939.239258
2199.674805	8837.801758
2196.485352	8833.632813
2193.292969	8639.120117
2190.100586	8587.283203
2186.905273	8494.798828
2183.709961	8276.463867
2180.511719	8206.098633
2177.312500	8132.670898
2174.112305	8004.633301
2170.910156	7911.846191
2167.706055	7763.739258
2164.500977	7635.268555
2161.294922	7570.065918
2158.085938	7569.599609
2154.876953	7410.240234
2151.665039	7197.311523
2148.452148	7222.692871
2145.238281	7156.270508
2142.022461	6994.288086
2138.804688	6854.213379
2135.585938	6857.175781
2132.365234	6716.518066
2129.143555	6628.753906
2125.919922	6496.088379
2122.695313	6389.903320
2119.468750	6367.497070
2116.240234	6347.433594
2113.010742	6101.353516
2109.780273	6006.379883
2106.546875	6012.803711
2103.312500	5955.061035
2100.077148	5851.787598
2096.839844	5674.474121
2093.600586	5701.103516
2090.360352	5564.916504
2087.119141	5463.558594
2083.875000	5443.226563
2080.629883	5420.601074
2077.383789	5261.697754
2074.135742	5189.916992
2070.885742	5118.202637
2067.634766	5055.782715
2064.381836	5012.634277
2061.127930	4989.498535
2057.871094	4874.242676
2054.614258	4777.514160
2051.355469	4736.107910
2048.094727	4670.203613
2044.832031	4661.072754
2041.568359	4478.064941
2038.303711	4454.483887
2035.037109	4347.508789
2031.768555	4262.816895
2028.498047	4292.121094
2025.226563	4155.569824
2021.954102	4029.077393
2018.678711	4036.306641
2015.403320	3978.666016
2012.125000	3905.062500
2008.845703	3813.994385
2005.564453	3771.778320
2002.282227	3757.019531
1998.998047	3701.927490
1995.712891	3702.431152
1992.424805	3572.885254
1989.136719	3490.591797
1985.845703	3512.465820
1982.553711	3393.066406
1979.260742	3360.312256
1975.964844	3269.169434
1972.667969	3236.503906
1969.370117	3231.154785
1966.070313	3261.416260
1962.768555	3119.757813
1959.465820	3105.386719
1956.161133	3030.508789
1952.854492	2978.385986
1949.546875	2987.528809
1946.237305	2836.517578
1942.925781	2885.734619
1939.613281	2821.702881
1936.298828	2744.908691
1932.982422	2702.868896
1929.665039	2687.243896
1926.346680	2639.244629
1923.025391	2586.773926
1919.703125	2571.224609
1916.378906	2585.021729
1913.053711	2545.429932
1909.726563	2486.339844
1906.397461	2370.228027
1903.067383	2434.385986
1899.735352	2364.928223
1896.401367	2342.032715
1893.066406	2280.180908
1889.729492	2210.896484
1886.390625	2200.836426
1883.050781	2133.901367
1879.708984	2144.085938
1876.365234	2111.637939
1873.020508	2100.147705
1869.673828	2031.146973
1866.326172	1987.599121
1862.975586	2012.751709
1859.624023	1952.843018
1856.271484	1919.086670
1852.916016	1898.776123
1849.559570	1883.698486
1846.202148	1853.000854
1842.841797	1782.894409
1839.480469	1784.255615
1836.118164	1763.313110
1832.752930	1752.049683
1829.386719	1691.038330
1826.018555	1716.934692
1822.649414	1678.256714
1819.278320	1609.211426
1815.905273	1593.599976
1812.531250	1553.555298
1809.154297	1563.902100
1805.777344	1509.847534
1802.397461	1470.640503
1799.016602	1475.095703
1795.633789	1455.157715
1792.249023	1451.489502
1788.863281	1398.357544
1785.475586	1405.050781
1782.085938	1357.155762
1778.694336	1355.752075
1775.301758	1332.243408
1771.907227	1294.027344
1768.510742	1264.682007
1765.113281	1250.080444
1761.713867	1237.698853
1758.312500	1198.867188
1754.910156	1210.032104
1751.505859	1173.454224
1748.099609	1174.344116
1744.691406	1140.753296
1741.282227	1135.058228
1737.871094	1131.567017
1734.458008	1126.613647
1731.042969	1056.502808
1727.626953	1057.444824
1724.208984	1026.202393
1720.790039	1020.577942
1717.368164	1030.303589
1713.945313	1009.344421
1710.520508	949.716125
1707.093750	956.542542
1703.666016	927.627747
1700.236328	939.559875
1696.804688	893.196228
1693.371094	908.045593
1689.936523	877.026978
1686.500000	891.141357
1683.061523	833.258362
1679.622070	843.019287
1676.179688	815.724792
1672.736328	840.004456
1669.291016	788.065430
1665.844727	800.729187
1662.396484	777.133179
1658.945313	736.170410
1655.494141	743.770569
1652.040039	735.438049
1648.584961	711.920044
1645.126953	686.978882
1641.668945	693.864441
1638.208008	675.458252
1634.745117	653.459839
1631.281250	661.794250
1627.815430	636.938660
1624.347656	621.480286
1620.878906	618.287537
1617.408203	604.293823
1613.935547	616.950012
1610.460938	607.287659
1606.984375	574.621094
1603.506836	580.802979
1600.027344	563.269348
1596.545898	555.806396
1593.062500	541.173279
1589.577148	537.315308
1586.090820	509.082306
1582.602539	514.560303
1579.112305	499.259949
1575.620117	496.861603
1572.126953	493.749878
1568.630859	483.488831
1565.133789	471.093292
1561.634766	457.281006
1558.133789	469.191528
1554.631836	455.393677
1551.127930	434.475250
1547.621094	424.273651
1544.114258	418.358368
1540.604492	419.572296
1537.092773	410.105011
1533.580078	412.033142
1530.065430	411.114075
1526.548828	396.688446
1523.030273	392.224915
1519.509766	378.533173
1515.988281	385.440308
1512.463867	360.413879
1508.938477	329.739624
1505.411133	360.758240
1501.882813	333.656525
1498.351563	357.561066
1494.818359	321.288177
1491.284180	309.808228
1487.748047	301.874603
1484.209961	315.853729
1480.669922	290.974792
1477.128906	299.297852
1473.584961	299.145935
1470.040039	292.647491
1466.493164	275.583221
1462.944336	276.852081
1459.393555	268.262146
1455.840820	262.495758
1452.287109	265.879120
1448.730469	260.822601
1445.172852	267.716461
1441.613281	245.808487
1438.051758	236.557831
1434.488281	246.259537
1430.922852	235.615387
1427.356445	228.486374
1423.787109	228.369736
1420.216797	223.351974
1416.644531	220.438644
1413.070313	209.834259
1409.494141	200.638794
1405.916016	206.126022
1402.336914	196.243286
1398.754883	192.652725
1395.171875	179.298523
1391.585938	199.428421
1387.999023	204.204803
1384.410156	178.326340
1380.819336	185.197159
1377.226563	169.097031
1373.632813	166.923660
1370.036133	163.362122
1366.438477	154.940552
1362.837891	166.666443
1359.236328	152.004898
1355.632813	147.764313
1352.027344	146.994873
1348.419922	146.226151
1344.810547	150.999405
1341.199219	134.998657
1337.585938	140.464600
1333.970703	143.850067
1330.354492	130.642456
1326.735352	130.574997
1323.115234	136.031677
1319.493164	125.608986
1315.869141	134.511475
1312.242188	120.652985
1308.614258	116.456017
1304.984375	130.859100
1301.353516	108.763321
1297.719727	112.835075
1294.083984	115.527237
1290.446289	98.284683
1286.807617	117.468262
1283.166016	97.496109
1279.523438	100.876663
1275.877930	101.510132
1272.231445	95.287674
1268.582031	98.663956
1264.931641	91.764534
1261.279297	93.085678
1257.625000	85.512146
1253.968750	79.313934
1250.310547	86.789833
1246.650391	81.280357
1242.988281	81.920631
1239.324219	90.065674
1235.658203	87.290810
1231.990234	81.792397
1228.320313	85.155891
1224.648438	79.664246
1220.975586	76.900444
1217.299805	76.860199
1213.622070	73.420853
1209.943359	69.305603
1206.261719	66.552849
1202.578125	72.626747
1198.893555	61.734283
1195.206055	67.804276
1191.517578	71.157120
1187.826172	67.055763
1184.133789	56.865906
1180.438477	59.542492
1176.742188	60.863705
1173.042969	60.155777
1169.342773	57.421906
1165.639648	57.391666
1161.935547	57.361427
1158.228516	50.586346
1154.520508	59.323345
1150.809570	52.554314
1147.097656	49.832901
1143.382813	48.460461
1139.666992	49.780270
1135.948242	52.443359
1132.227539	48.383656
1128.505859	50.372974
1124.781250	42.290901
1121.055664	42.268505
1117.327148	47.610695
1113.596680	48.925892
1109.865234	45.550632
1106.130859	44.856960
1102.394531	43.494843
1098.657227	36.114986
1094.916992	42.780205
1091.174805	37.412781
1087.430664	45.405640
1083.684570	34.703484
1079.936523	30.015875
1076.186523	38.666519
1072.434570	36.646988
1068.680664	30.633869
1064.924805	30.617529
1061.166992	37.918865
1057.406250	28.590187
1053.644531	30.568514
1049.880859	34.537243
1046.114258	31.863485
1042.346680	33.836842
1038.576172	29.176947
1034.803711	31.149595
1031.030273	29.808102
1027.253906	28.468031
1023.475586	29.114456
1019.695313	25.130812
1015.913086	25.117323
1012.128906	30.388851
1008.342773	25.090343
1004.553711	19.797518
