4046.277344	203.344772
4043.892578	241.078842
4041.505859	220.028702
4039.119141	228.320679
4036.731445	220.902100
4034.342773	216.628860
4031.952148	209.220627
4029.561523	216.457825
4027.169922	231.006180
4024.777344	226.735428
4022.383789	214.112366
4019.989258	248.480927
4017.593750	241.077240
4015.197266	226.376846
4012.799805	251.314362
4010.401367	260.596283
4008.001953	261.535004
4005.601563	248.932602
4003.201172	248.833893
4000.798828	258.101776
3998.395508	239.273575
3995.991211	266.216156
3993.585938	261.952454
3991.180664	261.848389
3988.773438	258.628326
3986.365234	266.831543
3983.957031	256.346985
3981.546875	281.143280
3979.135742	294.512604
3976.724609	274.699860
3974.311523	293.241882
3971.898438	280.695709
3969.483398	313.715485
3967.068359	276.332153
3964.651367	282.429138
3962.234375	315.408478
3959.815430	325.619720
3957.396484	314.123383
3954.975586	312.965027
3952.554688	302.515228
3950.131836	319.939362
3947.708984	329.096252
3945.284180	329.995850
3942.859375	331.925446
3940.432617	331.792572
3938.005859	330.629700
3935.577148	332.556427
3933.148438	311.839691
3930.718750	346.692566
3928.287109	354.780334
3925.855469	336.135162
3923.421875	339.082855
3920.988281	380.031189
3918.552734	355.237823
3916.117188	352.016266
3913.680664	376.495789
3911.242188	371.217133
3908.803711	369.017761
3906.363281	353.499756
3903.922852	406.617188
3901.480469	397.239197
3899.038086	402.196259
3896.593750	407.149200
3894.149414	396.759369
3891.703125	387.399994
3889.256836	401.548279
3886.808594	433.047852
3884.360352	443.082397
3881.910156	434.739441
3879.459961	434.563904
3877.007813	428.270233
3874.555664	471.926208
3872.101563	449.320404
3869.646484	461.360199
3867.191406	476.444244
3864.734375	454.881256
3862.277344	471.989899
3859.818359	453.496277
3857.358398	475.673340
3854.897461	480.560547
3852.436523	491.537109
3849.973633	487.277222
3847.509766	506.359863
3845.044922	472.681335
3842.579102	504.935150
3840.113281	513.851868
3837.645508	544.036316
3835.176758	543.815308
3832.707031	565.864563
3830.236328	560.575195
3827.764648	549.221252
3825.291992	554.053162
3822.818359	558.880920
3820.343750	586.939758
3817.868164	543.278870
3815.390625	569.302063
3812.913086	573.106140
3810.434570	577.915527
3807.955078	620.023010
3805.473633	607.677124
3802.992188	582.245667
3800.509766	626.313232
3798.025391	633.103271
3795.541016	629.826477
3793.054688	629.569275
3790.568359	654.444336
3788.080078	628.050049
3785.591797	618.753113
3783.101563	617.496033
3780.610352	691.513428
3778.119141	672.169006
3775.625977	698.970215
3773.131836	683.647827
3770.636719	664.329773
3768.140625	682.086365
3765.643555	698.826965
3763.145508	667.516541
3760.646484	721.262512
3758.146484	712.967041
3755.645508	731.665833
3753.143555	786.317871
3750.639648	757.032104
3748.135742	761.712830
3745.630859	801.316040
3743.124023	813.954163
3740.617188	830.570007
3738.108398	822.255188
3735.599609	848.816101
3733.088867	823.570557
3730.577148	793.368347
3728.064453	871.649414
3725.551758	825.537781
3723.037109	841.105164
3720.521484	871.566589
3718.004883	870.213989
3715.487305	855.953430
3712.967773	889.348022
3710.448242	884.020325
3707.927734	897.540161
3705.406250	909.065857
3702.882813	936.436829
3700.359375	940.012146
3697.833984	918.831299
3695.308594	915.482483
3692.781250	961.601257
3690.252930	951.314697
3687.723633	971.679382
3685.193359	994.991211
3682.662109	1020.258728
3680.129883	1028.721680
3677.596680	1078.625000
3675.062500	1071.273071
3672.527344	1066.885132
3669.990234	1078.270386
3667.453125	1114.276245
3664.915039	1069.498047
3662.375000	1140.915283
3659.833984	1126.666138
3657.292969	1127.182007
3654.750000	1169.973633
3652.206055	1163.591187
3649.661133	1163.107788
3647.115234	1180.299561
3644.568359	1183.735107
3642.019531	1194.035400
3639.470703	1220.018311
3636.920898	1217.550171
3634.369141	1194.505737
3631.817383	1254.737427
3629.263672	1271.838623
3626.708984	1312.413696
3624.153320	1272.735962
3621.596680	1291.762939
3619.039063	1275.585205
3616.480469	1347.355225
3613.920898	1322.377197
3611.360352	1343.302734
3608.797852	1385.678711
3606.235352	1428.994385
3603.670898	1425.472778
3601.105469	1433.648926
3598.540039	1428.178955
3595.972656	1499.642944
3593.404297	1508.750122
3590.834961	1498.389526
3588.264648	1533.748047
3585.692383	1540.883789
3583.120117	1528.577881
3580.545898	1536.680298
3577.971680	1548.659302
3575.395508	1600.419800
3572.818359	1633.704102
3570.240234	1648.535156
3567.661133	1678.862549
3565.081055	1647.153442
3562.500000	1682.297485
3559.917969	1707.730591
3557.333984	1733.141724
3554.750000	1743.054565
3552.164063	1809.037720
3549.577148	1873.032104
3546.989258	1791.095337
3544.400391	1855.042358
3541.810547	1850.401733
3539.219727	1948.038940
3536.626953	1829.557251
3534.034180	1893.378540
3531.439453	1929.200195
3528.844727	1952.469116
3526.248047	2006.528320
3523.650391	2001.833862
3521.051758	2046.205444
3518.451172	2065.537354
3515.850586	2071.395264
3513.249023	2085.895020
3510.645508	2076.372070
3508.041016	2144.615723
3505.436523	2171.539063
3502.830078	2165.826904
3500.222656	2181.211914
3497.613281	2268.461182
3495.003906	2233.974365
3492.393555	2285.696777
3489.781250	2295.259766
3487.167969	2299.073486
3484.553711	2362.177002
3481.938477	2381.252930
3479.322266	2412.734131
3476.705078	2417.444336
3474.086914	2418.330811
3471.466797	2463.114990
3468.845703	2521.215332
3466.224609	2557.334717
3463.601563	2569.595215
3460.977539	2578.986084
3458.351563	2635.983887
3455.725586	2628.203125
3453.098633	2663.245605
3450.469727	2752.470215
3447.839844	2791.231445
3445.208984	2747.284180
3442.577148	2829.708008
3439.944336	2849.395020
3437.310547	2866.217529
3434.674805	2855.513184
3432.039063	2946.282471
3429.401367	2950.717529
3426.762695	3078.318604
3424.123047	3059.015381
3421.481445	3070.967529
3418.839844	3186.050781
3416.197266	3199.828857
3413.552734	3213.593994
3410.907227	3279.324463
3408.260742	3299.654785
3405.613281	3339.796143
3402.963867	3453.521973
3400.314453	3394.500244
3397.663086	3447.749268
3395.011719	3513.206543
3392.358398	3500.401367
3389.704102	3635.473633
3387.047852	3615.093750
3384.391602	3727.415283
3381.733398	3778.499023
3379.075195	3767.483154
3376.415039	3830.721924
3373.753906	3865.722656
3371.090820	3978.631104
3368.427734	3926.245117
3365.762695	4025.893799
3363.097656	4042.928467
3360.430664	4148.064453
3357.762695	4135.045410
3355.092773	4202.584961
3352.422852	4341.217773
3349.750977	4375.855469
3347.079102	4417.945801
3344.405273	4437.558105
3341.729492	4477.713867
3339.053711	4533.715820
3336.376953	4522.434082
3333.698242	4671.706543
3331.018555	4693.960938
3328.337891	4799.196777
3325.656250	4774.764160
3322.973633	4860.304688
3320.289063	4863.806152
3317.604492	4966.921387
3314.917969	5032.722168
3312.230469	5094.743652
3309.541016	5213.429199
3306.851563	5274.387695
3304.160156	5221.953613
3301.467773	5326.497559
3298.774414	5387.324219
3296.080078	5432.324707
3293.384766	5511.598633
3290.687500	5537.962891
3287.990234	5568.009766
3285.291016	5707.322266
3282.589844	5766.893066
3279.888672	5718.137207
3277.186523	5798.923828
3274.482422	5918.473145
3271.777344	5869.709961
3269.071289	6031.618164
3266.364258	6101.042480
3263.655273	6142.714844
3260.945313	6285.837891
3258.234375	6324.624512
3255.522461	6397.482910
3252.809570	6494.233887
3250.095703	6566.031738
3247.379883	6545.702148
3244.663086	6699.312500
3241.945313	6864.746094
3239.226563	6822.241211
3236.505859	6798.152344
3233.784180	6972.509277
3231.061523	7001.630371
3228.337891	7081.206055
3225.613281	7191.903809
3222.886719	7352.024902
3220.160156	7334.173340
3217.431641	7455.606934
3214.702148	7605.324707
3211.970703	7568.155762
3209.239258	7648.145508
3206.505859	7773.796875
3203.771484	7849.966797
3201.035156	7882.201660
3198.298828	7992.052734
3195.560547	8048.846680
3192.821289	8205.072266
3190.081055	8228.877930
3187.339844	8383.972656
3184.596680	8538.019531
3181.853516	8484.197266
3179.108398	8650.811523
3176.361328	8728.067383
3173.614258	8687.875000
3170.865234	8903.290039
3168.115234	8935.780273
3165.364258	8973.692383
3162.612305	9154.177734
3159.858398	9249.157227
3157.104492	9304.118164
3154.347656	9360.843750
3151.590820	9476.456055
3148.833008	9648.159180
3146.073242	9676.567383
3143.312500	9915.040039
3140.550781	10028.387695
3137.787109	10030.345703
3135.023438	10164.338867
3132.257813	10229.509766
3129.491211	10354.257813
3126.722656	10451.797852
3123.954102	10598.903320
3121.183594	10646.612305
3118.412109	10824.166992
3115.638672	10919.516602
3112.865234	11004.865234
3110.089844	11032.482422
3107.313477	11253.666992
3104.536133	11331.547852
3101.756836	11403.958984
3098.976563	11481.699219
3096.195313	11669.029297
3093.413086	11723.218750
3090.628906	11794.420898
3087.844727	11926.598633
3085.058594	12112.495117
3082.270508	12386.121094
3079.482422	12457.790039
3076.692383	12584.951172
3073.901367	12757.678711
3071.109375	12843.405273
3068.315430	13001.541016
3065.520508	13106.757813
3062.724609	13088.485352
3059.927734	13288.301758
3057.128906	13396.815430
3054.329102	13616.850586
3051.528320	13667.991211
3048.726563	13906.442383
3045.922852	13936.892578
3043.118164	14217.793945
3040.312500	14130.458984
3037.505859	14218.648438
3034.697266	14450.970703
3031.887695	14643.932617
3029.077148	14770.901367
3026.264648	14951.097656
3023.452148	14883.195313
3020.637695	15206.184570
3017.821289	15324.674805
3015.004883	15555.765625
3012.186523	15601.246094
3009.367188	15793.874023
3006.545898	15942.011719
3003.724609	15899.542969
3000.901367	16148.444336
2998.077148	16229.830078
2995.250977	16339.452148
2992.423828	16472.849609
2989.595703	16642.367188
2986.766602	16930.128906
2983.935547	17168.171875
2981.104492	17149.990234
2978.270508	17256.240234
2975.436523	17507.039063
2972.600586	17666.804688
2969.763672	17651.939453
2966.925781	17815.011719
2964.085938	17944.478516
2961.245117	18235.755859
2958.403320	18421.208984
2955.560547	18575.716797
2952.715820	18512.119141
2949.870117	18638.326172
2947.023438	18845.205078
2944.174805	19001.863281
2941.325195	19363.673828
2938.474609	19304.222656
2935.622070	19487.626953
2932.768555	19570.101563
2929.914063	19585.062500
2927.058594	20014.939453
2924.201172	20010.427734
2921.342773	20142.353516
2918.483398	20511.945313
2915.622070	20465.255859
2912.759766	20866.681641
2909.896484	21045.115234
2907.032227	20942.380859
2904.166016	21252.324219
2901.298828	21379.757813
2898.429688	21570.691406
2895.559570	21653.431641
2892.688477	21723.900391
2889.816406	22149.400391
2886.942383	22054.279297
2884.067383	22430.544922
2881.191406	22410.990234
2878.314453	22626.888672
2875.435547	22893.824219
2872.554688	22949.587891
2869.673828	23281.199219
2866.791016	23557.873047
2863.907227	23712.066406
2861.021484	23918.101563
2858.134766	24106.625000
2855.247070	24167.714844
2852.358398	24457.185547
2849.467773	24613.191406
2846.576172	24892.679688
2843.682617	25107.962891
2840.789063	25221.123047
2837.893555	25404.105469
2834.996094	25495.441406
2832.097656	25809.240234
2829.198242	26084.812500
2826.297852	26248.955078
2823.395508	25988.246094
2820.492188	26286.593750
2817.587891	26557.123047
2814.681641	26705.242188
2811.774414	26721.654297
2808.866211	26963.238281
2805.956055	27190.851563
2803.044922	27465.482422
2800.131836	27479.775391
2797.218750	27816.646484
2794.303711	27763.001953
2791.386719	28083.998047
2788.468750	28324.156250
2785.549805	28528.119141
2782.629883	28582.935547
2779.708008	28724.972656
2776.785156	28781.345703
2773.860352	29104.388672
2770.935547	29205.810547
2768.007813	29456.607422
2765.080078	29396.402344
2762.150391	29421.582031
2759.219727	29923.544922
2756.287109	30131.753906
2753.353516	29988.654297
2750.418945	30394.251953
2747.482422	30326.072266
2744.544922	30448.580078
2741.606445	30553.105469
2738.666016	30785.072266
2735.724609	30862.136719
2732.782227	30873.705078
2729.837891	31165.474609
2726.892578	31163.298828
2723.945313	31377.453125
2720.997070	31253.898438
2718.047852	31500.855469
2715.097656	31523.062500
2712.145508	31441.923828
2709.191406	31611.404297
2706.237305	31683.419922
2703.281250	31614.128906
2700.323242	31467.966797
2697.364258	31935.353516
2694.404297	32093.197266
2691.443359	32125.109375
2688.480469	32057.412109
2685.515625	32162.666016
2682.550781	32102.582031
2679.583984	32105.740234
2676.615234	32056.666016
2673.646484	32149.060547
2670.674805	32135.333984
2667.703125	32076.187500
2664.729492	32020.449219
2661.754883	31969.791016
2658.778320	32261.042969
2655.800781	31930.716797
2652.821289	31903.636719
2649.840820	31903.416016
2646.859375	32001.283203
2643.876953	31871.095703
2640.892578	31899.339844
2637.906250	31964.388672
2634.918945	31935.634766
2631.930664	31798.142578
2628.941406	31767.796875
2625.950195	31679.798828
2622.957031	31768.978516
2619.963867	31739.492188
2616.967773	31660.777344
2613.971680	31476.171875
2610.973633	31386.789063
2607.974609	31292.476563
2604.973633	31230.730469
2601.971680	30779.304688
2598.967773	31187.287109
2595.962891	31039.117188
2592.957031	30604.998047
2589.949219	30670.835938
2586.940430	30344.439453
2583.929688	30584.716797
2580.917969	30437.939453
2577.905273	30180.105469
2574.890625	30139.783203
2571.875000	29840.851563
2568.857422	29807.330078
2565.838867	29609.845703
2562.819336	29633.562500
2559.797852	29219.527344
2556.775391	28969.623047
2553.750977	28980.341797
2550.725586	28752.240234
2547.698242	28409.533203
2544.669922	28308.191406
2541.640625	28250.667969
2538.609375	28193.187500
2535.577148	27830.716797
2532.542969	27638.320313
2529.507813	27713.783203
2526.471680	27384.933594
2523.433594	27173.228516
2520.393555	26900.021484
2517.353516	26707.625000
2514.310547	26810.416016
2511.267578	26445.726563
2508.222656	26364.615234
2505.175781	26147.343750
2502.127930	25742.423828
2499.079102	25642.863281
2496.028320	25509.789063
2492.976563	25131.085938
2489.922852	25023.732422
2486.868164	24613.667969
2483.812500	24481.277344
2480.754883	24448.750000
2477.695313	24100.785156
2474.634766	23909.158203
2471.573242	23532.351563
2468.509766	23470.093750
2465.445313	23346.703125
2462.378906	23149.220703
2459.311523	22953.542969
2456.242188	22657.023438
2453.171875	22356.701172
2450.100586	22341.500000
2447.027344	21961.863281
2443.953125	21766.332031
2440.876953	21304.394531
2437.799805	21273.431641
2434.720703	21053.296875
2431.640625	20820.373047
2428.558594	20770.996094
2425.475586	20432.179688
2422.390625	20137.437500
2419.304688	19949.083984
2416.217773	19686.404297
2413.128906	19394.822266
2410.038086	19249.123047
2406.946289	19122.150391
2403.853516	19069.646484
2400.758789	18854.802734
2397.663086	18605.431641
2394.565430	18427.310547
2391.466797	18098.488281
2388.366211	17732.871094
2385.264648	17673.865234
2382.161133	17564.154297
2379.056641	17266.916016
2375.950195	17132.533203
2372.842773	17068.259766
2369.734375	16683.195313
2366.624023	16427.082031
2363.511719	16340.714844
2360.398438	16075.351563
2357.284180	15989.217773
2354.167969	15662.479492
2351.049805	15531.701172
2347.930664	15473.174805
2344.810547	15199.992188
2341.688477	15160.882813
2338.564453	15015.351563
2335.439453	14865.952148
2332.313477	14588.742188
2329.185547	14430.877930
2326.056641	14259.574219
2322.925781	13968.646484
2319.792969	13871.936523
2316.660156	13630.914063
2313.524414	13547.999023
2310.387695	13390.235352
2307.250000	13316.263672
2304.110352	13083.097656
2300.969727	12815.920898
2297.827148	12645.250977
2294.682617	12559.819336
2291.537109	12402.931641
2288.390625	12307.357422
2285.242188	11998.266602
2282.092773	11970.425781
2278.941406	11776.803711
2275.788086	11657.896484
2272.633789	11501.052734
2269.478516	11315.832031
2266.321289	11210.756836
2263.162109	11089.946289
2260.001953	10889.345703
2256.840820	10706.324219
2253.676758	10624.635742
2250.512695	10522.481445
2247.346680	10266.445313
2244.178711	10212.691406
2241.009766	10081.674805
2237.838867	9990.990234
2234.666992	9766.407227
2231.493164	9760.239258
2228.318359	9530.458008
2225.141602	9407.134766
2221.963867	9337.416016
2218.784180	9121.513672
2215.602539	9089.711914
2212.419922	8967.601563
2209.236328	8747.457031
2206.050781	8691.538086
2202.863281	8532.910156
2199.674805	8439.504883
2196.485352	8283.490234
2193.292969	8140.152344
2190.100586	8128.480957
2186.905273	8098.818359
2183.709961	7951.851074
2180.511719	7833.947266
2177.312500	7680.986328
2174.112305	7638.301270
2170.910156	7533.976563
2167.706055	7453.938477
2164.500977	7295.195313
2161.294922	7235.610840
2158.085938	6965.683594
2154.876953	7108.035645
2151.665039	6952.859863
2148.452148	6886.536621
2145.238281	6705.941406
2142.022461	6664.669434
2138.804688	6614.887207
2135.585938	6454.863281
2132.365234	6317.501465
2129.143555	6299.760254
2125.919922	6198.273438
2122.695313	6086.028320
2119.468750	6109.480957
2116.240234	6030.681641
2113.010742	5877.642090
2109.780273	5872.526367
2106.546875	5760.690918
2103.312500	5676.787598
2100.077148	5579.826660
2096.839844	5491.451172
2093.600586	5363.020020
2090.360352	5339.634766
2087.119141	5210.623047
2083.875000	5148.790039
2080.629883	5110.125977
2077.383789	5066.876953
2074.135742	4928.997070
2070.885742	4869.716309
2067.634766	4862.009766
2064.381836	4719.807617
2061.127930	4742.904297
2057.871094	4656.943848
2054.614258	4541.899902
2051.355469	4442.306641
2048.094727	4411.046387
2044.832031	4372.150391
2041.568359	4275.839844
2038.303711	4224.792480
2035.037109	4213.586426
2031.768555	4111.365723
2028.498047	4036.000488
2025.226563	3930.903076
2021.954102	3917.561523
2018.678711	3895.070068
2015.403320	3777.214600
2012.125000	3747.182129
2008.845703	3696.593750
2005.564453	3646.052490
2002.282227	3621.453125
1998.998047	3592.308594
1995.712891	3450.580566
1992.424805	3425.345947
1989.136719	3368.208252
1985.845703	3369.627197
1982.553711	3292.064209
1979.260742	3172.826904
1975.964844	3168.264648
1972.667969	3145.505615
1969.370117	3128.831055
1966.070313	3101.565186
1962.768555	2956.954834
1959.465820	2913.901611
1956.161133	2927.625977
1952.854492	2845.307617
1949.546875	2803.122803
1946.237305	2775.330322
1942.925781	2745.298584
1939.613281	2701.710693
1936.298828	2625.729004
1932.982422	2600.333252
1929.665039	2544.064697
1926.346680	2441.150635
1923.025391	2542.356201
1919.703125	2443.302979
1916.378906	2425.573242
1913.053711	2395.079834
1909.726563	2390.162109
1906.397461	2312.399170
1903.067383	2330.044434
1899.735352	2226.874023
1896.401367	2261.040283
1893.066406	2192.481689
1889.729492	2171.937988
1886.390625	2115.468994
1883.050781	2075.520264
1879.708984	2095.458740
1876.365234	2004.710205
1873.020508	1978.324097
1869.673828	1993.049072
1866.326172	1908.453491
1862.975586	1894.837402
1859.624023	1870.790771
1856.271484	1831.855469
1852.916016	1792.957397
1849.559570	1838.263306
1846.202148	1786.742554
1842.841797	1729.318237
1839.480469	1715.086914
1836.118164	1675.593506
1832.752930	1674.032227
1829.386719	1624.941528
1826.018555	1629.343506
1822.649414	1605.547119
1819.278320	1542.469849
1815.905273	1566.175293
1812.531250	1506.881958
1809.154297	1496.518066
1805.777344	1498.745728
1802.397461	1407.760986
1799.016602	1398.937866
1795.633789	1410.815674
1792.249023	1377.622314
1788.863281	1333.386353
1785.475586	1305.427979
1782.085938	1316.588501
1778.694336	1287.190430
1775.301758	1278.452637
1771.907227	1252.783447
1768.510742	1229.347412
1765.113281	1195.633057
1761.713867	1158.274292
1758.312500	1180.490967
1754.910156	1138.032593
1751.505859	1151.424438
1748.099609	1116.360840
1744.691406	1092.335449
1741.282227	1088.864014
1737.871094	1037.758301
1734.458008	1038.711426
1731.042969	1017.698486
1727.626953	1024.514038
1724.208984	985.242065
1720.790039	998.645752
1717.368164	995.960083
1713.945313	995.467773
1710.520508	932.196350
1707.093750	947.057373
1703.666016	888.976563
1700.236328	871.042725
1696.804688	881.539490
1693.371094	871.636353
1689.936523	858.831360
1686.500000	814.757813
1683.061523	814.353699
1679.622070	826.304260
1676.179688	767.057312
1672.736328	761.594360
1669.291016	775.729248
1665.844727	740.529480
1662.396484	730.737183
1658.945313	731.098389
1655.494141	723.492493
1652.040039	712.998474
1648.584961	686.597717
1645.126953	697.825928
1641.668945	687.359436
1638.208008	645.839233
1634.745117	628.909973
1631.281250	652.412231
1627.815430	613.855957
1624.347656	599.851074
1620.878906	584.418640
1617.408203	575.483643
1613.935547	567.997131
1610.460938	568.432739
1606.984375	554.484192
1603.506836	529.048218
1600.027344	535.968018
1596.545898	519.183472
1593.062500	508.875153
1589.577148	526.554626
1586.090820	498.327026
1582.602539	488.760620
1579.112305	491.380646
1575.620117	470.371857
1572.126953	445.090454
1568.630859	468.469208
1565.133789	450.362335
1561.634766	454.423004
1558.133789	444.196564
1554.631836	437.549103
1551.127930	429.481262
1547.621094	407.873138
1544.114258	411.944000
1540.604492	397.489563
1537.092773	400.137177
1533.580078	376.451721
1530.065430	380.529480
1526.548828	381.048401
1523.030273	360.960602
1519.509766	358.647766
1515.988281	332.912537
1512.463867	328.487457
1508.938477	325.484924
1505.411133	337.369202
1501.882813	320.905304
1498.351563	320.034851
1494.818359	305.011444
1491.284180	310.515533
1487.748047	298.339752
1484.209961	269.924194
1480.669922	280.381042
1477.128906	270.356323
1473.584961	273.746765
1470.040039	273.607758
1466.493164	264.306152
1462.944336	246.560394
1459.393555	246.435043
1455.840820	261.088287
1452.287109	243.370850
1448.730469	247.465118
1445.172852	239.609756
1441.613281	223.334564
1438.051758	225.326599
1434.488281	244.856354
1430.922852	234.914154
1427.356445	215.169693
1423.787109	195.445267
1420.216797	213.549698
1416.644531	207.842148
1413.070313	197.244202
1409.494141	193.647903
1405.916016	197.741226
1402.336914	185.767670
1398.754883	177.296356
1395.171875	173.717255
1391.585938	187.574280
1387.999023	196.538406
1384.410156	178.326340
1380.819336	176.842392
1377.226563	172.576401
1373.632813	162.055054
1370.036133	161.971802
1366.438477	151.466553
1362.837891	159.722000
1359.236328	154.087158
1355.632813	144.989395
1352.027344	145.608124
1348.419922	135.137909
1344.810547	140.609543
1341.199219	129.460251
1337.585938	132.161270
1333.970703	139.700546
1330.354492	138.937210
1326.735352	133.338486
1323.115234	122.911865
1319.493164	133.890900
1315.869141	113.817398
1312.242188	124.789658
1308.614258	123.346909
1304.984375	112.263336
1301.353516	108.763321
1297.719727	108.018944
1294.083984	116.214897
1290.446289	104.470436
1286.807617	98.920639
1283.166016	100.929070
1279.523438	98.131721
1275.877930	99.452499
1272.231445	102.828423
1268.582031	100.719452
1264.931641	89.025291
1261.279297	84.872238
1257.625000	85.512146
1253.968750	88.202568
1250.310547	91.573524
1246.650391	77.182190
1242.988281	74.411240
1239.324219	85.971779
1235.658203	70.241829
1231.990234	78.384377
1228.320313	73.574692
1224.648438	68.769989
1220.975586	65.331345
1217.299805	61.896271
1213.622070	65.262978
1209.943359	69.305603
1206.261719	63.157291
1202.578125	63.802940
1198.893555	71.231865
1195.206055	67.126236
1191.517578	65.057938
1187.826172	60.959785
1184.133789	58.219856
1180.438477	58.189255
1176.742188	50.719753
1173.042969	60.155777
1169.342773	50.666386
1165.639648	53.340488
1161.935547	56.686588
1158.228516	60.703613
1154.520508	43.818378
1150.809570	49.185448
1147.097656	42.425308
1143.382813	47.114338
1139.666992	46.416740
1135.948242	49.081608
1132.227539	51.743633
1128.505859	52.387894
1124.781250	44.976040
1121.055664	40.255718
1117.327148	40.904964
1113.596680	38.202408
1109.865234	40.191734
1106.130859	38.161892
1102.394531	34.126724
1098.657227	34.777393
1094.916992	31.416712
1091.174805	40.085121
1087.430664	35.389690
1083.684570	36.038235
1079.936523	36.686069
1076.186523	38.666519
1072.434570	35.980682
1068.680664	43.286987
1064.924805	34.611118
1061.166992	28.605459
1057.406250	38.563507
1053.644531	27.245850
1049.880859	31.880533
1046.114258	28.544373
1042.346680	31.182974
1038.576172	21.219597
1034.803711	28.498566
1031.030273	21.196873
1027.253906	33.764408
1023.475586	24.482611
1019.695313	27.114824
1015.913086	27.761251
1012.128906	24.443207
1008.342773	20.468439
1004.553711	23.757021
