4046.277344	243.175186
4043.892578	234.789825
4041.505859	231.554016
4039.119141	244.030823
4036.731445	237.652969
4034.342773	237.559189
4031.952148	285.586151
4029.561523	234.234558
4027.169922	257.138092
4024.777344	250.767288
4022.383789	282.001648
4019.989258	253.701111
4017.593750	269.255096
4015.197266	276.450989
4012.799805	247.143173
4010.401367	267.892975
4008.001953	272.996674
4005.601563	274.971588
4003.201172	270.697968
4000.798828	267.468353
3998.395508	307.934692
3995.991211	292.213837
3993.585938	282.742340
3991.180664	313.802429
3988.773438	312.639069
3986.365234	299.017426
3983.957031	324.844574
3981.546875	294.629883
3979.135742	305.919769
3976.724609	333.786255
3974.311523	309.820923
3971.898438	308.661713
3969.483398	326.139862
3967.068359	320.835052
3964.651367	341.397858
3962.234375	356.773529
3959.815430	340.091705
3957.396484	345.122406
3954.975586	339.820099
3952.554688	329.359558
3950.131836	350.901215
3947.708984	339.412750
3945.284180	351.651825
3942.859375	368.004303
3940.432617	359.613678
3938.005859	366.679688
3935.577148	379.917419
3933.148438	357.123352
3930.718750	391.958069
3928.287109	389.744202
3925.855469	378.280548
3923.421875	391.486572
3920.988281	422.142761
3918.552734	400.412567
3916.117188	409.488281
3913.680664	414.453125
3911.242188	389.675446
3908.803711	404.894470
3906.363281	412.928711
3903.922852	425.053253
3901.480469	430.001221
3899.038086	442.108856
3896.593750	444.999756
3894.149414	445.843018
3891.703125	453.840607
3889.256836	458.766357
3886.808594	467.773376
3884.360352	438.998688
3881.910156	473.519012
3879.459961	473.327820
3877.007813	505.766754
3874.555664	495.369629
3872.101563	480.905273
3869.646484	511.264496
3867.191406	486.624695
3864.734375	497.621765
3862.277344	514.713135
3859.818359	521.622375
3857.358398	542.755493
3854.897461	542.535583
3852.436523	507.786285
3849.973633	555.292969
3847.509766	537.817078
3845.044922	563.971741
3842.579102	568.812500
3840.113281	596.960022
3837.645508	589.625916
3835.176758	569.132629
3832.707031	615.466248
3830.236328	613.192383
3827.764648	601.817078
3825.291992	600.561279
3822.818359	623.561523
3820.343750	625.328247
3817.868164	650.318970
3815.390625	632.894348
3812.913086	643.735413
3810.434570	663.644714
3807.955078	670.431396
3805.473633	660.080444
3802.992188	700.105042
3800.509766	686.729248
3798.025391	689.468567
3795.541016	716.352173
3793.054688	695.945557
3790.568359	729.841187
3788.080078	727.533203
3785.591797	746.320740
3783.101563	737.983093
3780.610352	747.717712
3778.119141	759.450684
3775.625977	767.162476
3773.131836	791.908813
3770.636719	811.624573
3768.140625	789.257019
3765.643555	842.997559
3763.145508	823.637329
3760.646484	803.292358
3758.146484	826.961731
3755.645508	838.617004
3753.143555	848.264160
3750.639648	870.886536
3748.135742	837.584595
3745.630859	884.141968
3743.124023	868.816284
3740.617188	868.459167
3738.108398	924.912476
3735.599609	928.517151
3733.088867	924.151733
3730.577148	970.557251
3728.064453	947.271973
3725.551758	990.645325
3723.037109	968.364563
3720.521484	967.965637
3718.004883	975.513855
3715.487305	1042.634644
3712.967773	1009.449707
3710.448242	1020.939270
3707.927734	1031.427368
3705.406250	1046.863159
3702.882813	1096.968872
3700.359375	1080.667358
3697.833984	1062.398682
3695.308594	1082.743652
3692.781250	1085.263916
3690.252930	1107.559692
3687.723633	1102.159180
3685.193359	1155.059326
3682.662109	1183.223511
3680.129883	1193.593628
3677.596680	1195.072998
3675.062500	1187.672974
3672.527344	1286.769897
3669.990234	1226.113770
3667.453125	1210.827271
3664.915039	1254.641357
3662.375000	1282.668335
3659.833984	1299.847900
3657.292969	1305.209961
3654.750000	1278.122437
3652.206055	1320.833252
3649.661133	1327.161011
3647.115234	1386.508301
3644.568359	1376.116577
3642.019531	1367.695435
3639.470703	1395.567627
3636.920898	1404.790161
3634.369141	1443.401978
3631.817383	1450.637085
3629.263672	1458.844971
3626.708984	1439.642456
3624.153320	1485.021606
3621.596680	1504.938110
3619.039063	1501.378418
3616.480469	1551.559204
3613.920898	1582.164795
3611.360352	1561.979980
3608.797852	1610.119751
3606.235352	1597.742554
3603.670898	1628.276001
3601.105469	1607.129150
3598.540039	1655.167847
3595.972656	1676.873535
3593.404297	1662.545288
3590.834961	1759.148193
3588.264648	1756.467285
3585.692383	1772.259399
3583.120117	1754.997925
3580.545898	1803.802368
3577.971680	1810.814697
3575.395508	1791.616211
3572.818359	1878.177612
3570.240234	1889.027344
3567.661133	1905.683472
3565.081055	1946.547729
3562.500000	1919.581787
3559.917969	1963.309204
3557.333984	1977.968628
3554.750000	1997.451538
3552.164063	2005.314941
3549.577148	2062.461426
3546.989258	2070.289795
3544.400391	2091.630371
3541.810547	2131.292236
3539.219727	2155.482422
3536.626953	2184.474121
3534.034180	2230.793213
3531.439453	2216.363770
3528.844727	2255.886963
3526.248047	2258.788574
3523.650391	2304.033691
3521.051758	2358.860352
3518.451172	2327.094971
3515.850586	2400.127197
3513.249023	2404.880371
3510.645508	2441.321777
3508.041016	2447.012207
3505.436523	2516.029785
3502.830078	2528.396484
3500.222656	2610.742920
3497.613281	2623.057861
3495.003906	2584.589600
3492.393555	2644.781738
3489.781250	2593.892334
3487.167969	2728.654785
3484.553711	2728.457764
3481.938477	2726.348145
3479.322266	2829.348877
3476.705078	2892.145996
3474.086914	2945.341797
3471.466797	2847.708252
3468.845703	2972.420166
3466.224609	3023.604980
3463.601563	3008.027588
3460.977539	3049.625000
3458.351563	3118.803223
3455.725586	3163.172363
3453.098633	3207.503174
3450.469727	3155.734619
3447.839844	3247.563721
3445.208984	3271.843506
3442.577148	3348.345215
3439.944336	3359.266846
3437.310547	3408.141357
3434.674805	3484.485107
3432.039063	3478.263184
3429.401367	3559.249756
3426.762695	3673.327393
3424.123047	3667.030273
3421.481445	3781.909912
3418.839844	3782.193359
3416.197266	3738.966309
3413.552734	3890.538330
3410.907227	3947.474854
3408.260742	3968.465332
3405.613281	4042.314697
3402.963867	4176.505859
3400.314453	4079.438232
3397.663086	4155.971191
3395.011719	4182.478516
3392.358398	4257.958008
3389.704102	4328.662598
3387.047852	4273.153809
3384.391602	4426.599609
3381.733398	4505.604004
3379.075195	4587.359863
3376.415039	4577.881836
3373.753906	4626.654785
3371.090820	4654.726074
3368.427734	4693.097168
3365.762695	4769.900879
3363.097656	4785.679199
3360.430664	4899.871582
3357.762695	4925.885742
3355.092773	5022.121582
3352.422852	5099.549805
3349.750977	5099.237793
3347.079102	5213.980469
3344.405273	5251.952148
3341.729492	5344.097168
3339.053711	5312.845703
3336.376953	5491.727051
3333.698242	5522.974609
3331.018555	5515.940430
3328.337891	5605.902344
3325.656250	5637.988281
3322.973633	5703.589844
3320.289063	5720.700684
3317.604492	5812.275391
3314.917969	5849.794922
3312.230469	5997.044434
3309.541016	5980.520020
3306.851563	6078.325195
3304.160156	6149.103516
3301.467773	6243.034180
3298.774414	6259.840820
3296.080078	6280.342285
3293.384766	6499.290527
3290.687500	6540.062012
3287.990234	6653.998535
3285.291016	6640.018066
3282.589844	6735.293945
3279.888672	6701.853027
3277.186523	6832.166504
3274.482422	6807.954590
3271.777344	6983.393066
3269.071289	7085.696289
3266.364258	7198.066895
3263.655273	7351.874512
3260.945313	7292.420898
3258.234375	7437.750977
3255.522461	7628.122559
3252.809570	7655.234863
3250.095703	7745.872559
3247.379883	7873.254883
3244.663086	7854.207520
3241.945313	8011.783203
3239.226563	8024.868164
3236.505859	8260.347656
3233.784180	8287.088867
3231.061523	8357.880859
3228.337891	8463.486328
3225.613281	8570.833984
3222.886719	8690.006836
3220.160156	8866.824219
3217.431641	8841.908203
3214.702148	9056.051758
3211.970703	9140.925781
3209.239258	9252.260742
3206.505859	9390.937500
3203.771484	9467.319336
3201.035156	9448.589844
3198.298828	9685.647461
3195.560547	9774.578125
3192.821289	9932.791992
3190.081055	9999.636719
3187.339844	10112.015625
3184.596680	10211.533203
3181.853516	10291.827148
3179.108398	10377.513672
3176.361328	10690.699219
3173.614258	10627.815430
3170.865234	10853.299805
3168.115234	10808.576172
3165.364258	10978.347656
3162.612305	11066.218750
3159.858398	11204.853516
3157.104492	11346.087891
3154.347656	11484.473633
3151.590820	11537.501953
3148.833008	11732.777344
3146.073242	11887.112305
3143.312500	12063.041992
3140.550781	12136.530273
3137.787109	12221.712891
3135.023438	12352.037109
3132.257813	12579.874023
3129.491211	12512.035156
3126.722656	12798.303711
3123.954102	12828.826172
3121.183594	12915.267578
3118.412109	13139.636719
3115.638672	13159.139648
3112.865234	13266.040039
3110.089844	13469.231445
3107.313477	13583.098633
3104.536133	13641.059570
3101.756836	13702.564453
3098.976563	13841.346680
3096.195313	14029.441406
3093.413086	14121.231445
3090.628906	14063.856445
3087.844727	14323.409180
3085.058594	14456.211914
3082.270508	14887.560547
3079.482422	14927.652344
3076.692383	14927.379883
3073.901367	15273.744141
3071.109375	15296.589844
3068.315430	15547.617188
3065.520508	15639.192383
3062.724609	15708.329102
3059.927734	16031.225586
3057.128906	16092.080078
3054.329102	16176.986328
3051.528320	16247.531250
3048.726563	16642.765625
3045.922852	16692.523438
3043.118164	16707.468750
3040.312500	17103.746094
3037.505859	17005.378906
3034.697266	17346.863281
3031.887695	17462.023438
3029.077148	17394.744141
3026.264648	17530.222656
3023.452148	17745.552734
3020.637695	17935.818359
3017.821289	18127.687500
3015.004883	18242.169922
3012.186523	18453.238281
3009.367188	18639.289063
3006.545898	18823.396484
3003.724609	19059.607422
3000.901367	19081.304688
2998.077148	19333.998047
2995.250977	19557.265625
2992.423828	19638.833984
2989.595703	19840.544922
2986.766602	20121.591797
2983.935547	20132.130859
2981.104492	20333.337891
2978.270508	20571.421875
2975.436523	20792.529297
2972.600586	20720.738281
2969.763672	21279.085938
2966.925781	21202.726563
2964.085938	21373.835938
2961.245117	21632.792969
2958.403320	21845.771484
2955.560547	22102.517578
2952.715820	22412.644531
2949.870117	22379.873047
2947.023438	22623.728516
2944.174805	22727.804688
2941.325195	22953.730469
2938.474609	23282.929688
2935.622070	23397.072266
2932.768555	23517.240234
2929.914063	23799.314453
2927.058594	23809.757813
2924.201172	23894.562500
2921.342773	24242.542969
2918.483398	24562.230469
2915.622070	24880.753906
2912.759766	24875.810547
2909.896484	25138.892578
2907.032227	25077.101563
2904.166016	25442.775391
2901.298828	25627.634766
2898.429688	25646.734375
2895.559570	25921.048828
2892.688477	26410.181641
2889.816406	26176.484375
2886.942383	26578.056641
2884.067383	26839.261719
2881.191406	26945.513672
2878.314453	27140.277344
2875.435547	27637.935547
2872.554688	27573.531250
2869.673828	27670.556641
2866.791016	28184.630859
2863.907227	28285.615234
2861.021484	28342.310547
2858.134766	28780.888672
2855.247070	28732.544922
2852.358398	28994.882813
2849.467773	29162.701172
2846.576172	29192.033203
2843.682617	29536.746094
2840.789063	29602.146484
2837.893555	29832.384766
2834.996094	30052.050781
2832.097656	30252.535156
2829.198242	30425.240234
2826.297852	30577.097656
2823.395508	30848.550781
2820.492188	30804.601563
2817.587891	31024.048828
2814.681641	30989.505859
2811.774414	31237.033203
2808.866211	31395.798828
2805.956055	31428.978516
2803.044922	31987.673828
2800.131836	31951.869141
2797.218750	32234.398438
2794.303711	32210.501953
2791.386719	32350.345703
2788.468750	32718.826172
2785.549805	32663.025391
2782.629883	32806.726563
2779.708008	33301.117188
2776.785156	33284.445313
2773.860352	33431.917969
2770.935547	33755.277344
2768.007813	33928.867188
2765.080078	33665.164063
2762.150391	33789.972656
2759.219727	34075.875000
2756.287109	34098.050781
2753.353516	34298.312500
2750.418945	34619.343750
2747.482422	34761.269531
2744.544922	34651.996094
2741.606445	35022.589844
2738.666016	35085.882813
2735.724609	35015.671875
2732.782227	35249.648438
2729.837891	35251.582031
2726.892578	35446.171875
2723.945313	35416.605469
2720.997070	35430.300781
2718.047852	35733.855469
2715.097656	35604.191406
2712.145508	35811.679688
2709.191406	35679.535156
2706.237305	36054.304688
2703.281250	35996.570313
2700.323242	35807.003906
2697.364258	36159.207031
2694.404297	36194.371094
2691.443359	36050.527344
2688.480469	35867.984375
2685.515625	36292.855469
2682.550781	36361.570313
2679.583984	36408.300781
2676.615234	36251.996094
2673.646484	36400.578125
2670.674805	36306.664063
2667.703125	36461.796875
2664.729492	36177.070313
2661.754883	36164.867188
2658.778320	36103.101563
2655.800781	36251.281250
2652.821289	36186.156250
2649.840820	35693.273438
2646.859375	35868.234375
2643.876953	35678.460938
2640.892578	35670.632813
2637.906250	35904.781250
2634.918945	35787.195313
2631.930664	35433.792969
2628.941406	35324.867188
2625.950195	35472.617188
2622.957031	35423.898438
2619.963867	35196.515625
2616.967773	35192.179688
2613.971680	35106.914063
2610.973633	35090.093750
2607.974609	34507.324219
2604.973633	34647.398438
2601.971680	34306.835938
2598.967773	34327.824219
2595.962891	33975.214844
2592.957031	33753.480469
2589.949219	33876.070313
2586.940430	33421.089844
2583.929688	33546.187500
2580.917969	33209.628906
2577.905273	32934.765625
2574.890625	33017.582031
2571.875000	32859.089844
2568.857422	32593.015625
2565.838867	32362.787109
2562.819336	32251.964844
2559.797852	32024.562500
2556.775391	31613.750000
2553.750977	31498.431641
2550.725586	31328.669922
2547.698242	31187.136719
2544.669922	30708.898438
2541.640625	30648.625000
2538.609375	30305.490234
2535.577148	30229.773438
2532.542969	30000.843750
2529.507813	29861.894531
2526.471680	29542.763672
2523.433594	29370.392578
2520.393555	29088.773438
2517.353516	28921.681641
2514.310547	28987.296875
2511.267578	28699.642578
2508.222656	28311.255859
2505.175781	28281.017578
2502.127930	27823.439453
2499.079102	27501.552734
2496.028320	27374.179688
2492.976563	27030.662109
2489.922852	26874.947266
2486.868164	26476.306641
2483.812500	26405.226563
2480.754883	25985.892578
2477.695313	26074.451172
2474.634766	25801.859375
2471.573242	25356.414063
2468.509766	25205.988281
2465.445313	25139.716797
2462.378906	24924.285156
2459.311523	24543.599609
2456.242188	24336.769531
2453.171875	24092.669922
2450.100586	23890.292969
2447.027344	23448.927734
2443.953125	23342.152344
2440.876953	22903.871094
2437.799805	22604.087891
2434.720703	22478.341797
2431.640625	22403.023438
2428.558594	22057.623047
2425.475586	21751.458984
2422.390625	21773.816406
2419.304688	21452.658203
2416.217773	21254.060547
2413.128906	20918.857422
2410.038086	20653.531250
2406.946289	20512.968750
2403.853516	20159.156250
2400.758789	19949.462891
2397.663086	19718.962891
2394.565430	19424.908203
2391.466797	19185.171875
2388.366211	18955.326172
2385.264648	18705.539063
2382.161133	18611.460938
2379.056641	18372.519531
2375.950195	18036.406250
2372.842773	18013.546875
2369.734375	17702.826172
2366.624023	17471.958984
2363.511719	17309.589844
2360.398438	17074.289063
2357.284180	16986.888672
2354.167969	16706.216797
2351.049805	16508.396484
2347.930664	16321.974609
2344.810547	16161.358398
2341.688477	15967.252930
2338.564453	15736.504883
2335.439453	15659.570313
2332.313477	15445.962891
2329.185547	15353.239258
2326.056641	15040.898438
2322.925781	14948.440430
2319.792969	14698.825195
2316.660156	14415.134766
2313.524414	14289.590820
2310.387695	14113.945313
2307.250000	13893.048828
2304.110352	13746.410156
2300.969727	13599.107422
2297.827148	13471.030273
2294.682617	13185.624023
2291.537109	13057.851563
2288.390625	12918.276367
2285.242188	12674.012695
2282.092773	12610.933594
2278.941406	12351.959961
2275.788086	12294.631836
2272.633789	12154.926758
2269.478516	12034.360352
2266.321289	11891.731445
2263.162109	11602.021484
2260.001953	11507.977539
2256.840820	11381.597656
2253.676758	11220.557617
2250.512695	11043.075195
2247.346680	10911.552734
2244.178711	10980.616211
2241.009766	10693.043945
2237.838867	10494.048828
2234.666992	10336.219727
2231.493164	10221.074219
2228.318359	10106.033203
2225.141602	10002.115234
2221.963867	9767.708984
2218.784180	9721.437500
2215.602539	9579.327148
2212.419922	9364.293945
2209.236328	9307.275391
2206.050781	9228.333984
2202.863281	9045.919922
2199.674805	8935.023438
2196.485352	8786.612305
2193.292969	8781.682617
2190.100586	8653.050781
2186.905273	8576.968750
2183.709961	8306.969727
2180.511719	8217.826172
2177.312500	8169.399902
2174.112305	7964.016602
2170.910156	7950.101563
2167.706055	7813.681641
2164.500977	7696.107422
2161.294922	7646.468262
2158.085938	7505.701660
2154.876953	7398.557129
2151.665039	7307.081055
2148.452148	7218.023926
2145.238281	7128.270996
2142.022461	7007.503906
2138.804688	6900.835449
2135.585938	6829.992676
2132.365234	6760.766602
2129.143555	6669.878418
2125.919922	6513.150879
2122.695313	6406.957520
2119.468750	6321.782715
2116.240234	6288.575195
2113.010742	6129.994629
2109.780273	6119.342773
2106.546875	5986.509766
2103.312500	5917.958008
2100.077148	5903.552734
2096.839844	5762.510254
2093.600586	5705.734863
2090.360352	5554.115234
2087.119141	5476.667969
2083.875000	5400.063477
2080.629883	5364.361328
2077.383789	5303.279785
2074.135742	5226.861328
2070.885742	5145.128418
2067.634766	5107.301270
2064.381836	5034.154297
2061.127930	4974.134277
2057.871094	4901.884766
2054.614258	4721.488770
2051.355469	4749.148438
2048.094727	4668.670410
2044.832031	4603.594727
2041.568359	4471.937012
2038.303711	4483.578125
2035.037109	4442.402832
2031.768555	4337.012695
2028.498047	4314.292480
2025.226563	4167.796387
2021.954102	4187.185059
2018.678711	4047.758057
2015.403320	3956.536865
2012.125000	3974.468994
2008.845703	3908.524658
2005.564453	3844.166016
2002.282227	3766.158936
1998.998047	3676.806641
1995.712891	3715.366211
1992.424805	3643.613037
1989.136719	3537.720703
1985.845703	3470.677979
1982.553711	3446.984863
1979.260742	3418.000000
1975.964844	3232.752686
1972.667969	3262.286865
1969.370117	3220.543457
1966.070313	3203.839600
1962.768555	3134.145020
1959.465820	3159.123535
1956.161133	3079.680908
1952.854492	2995.776855
1949.546875	2977.704102
1946.237305	2915.834229
1942.925781	2863.838623
1939.613281	2867.737549
1936.298828	2827.127686
1932.982422	2754.890625
1929.665039	2696.286621
1926.346680	2659.581299
1923.025391	2644.742920
1919.703125	2595.303955
1916.378906	2539.142578
1913.053711	2499.573242
1909.726563	2478.825928
1906.397461	2437.820068
1903.067383	2462.910889
1899.735352	2381.434814
1896.401367	2344.282471
1893.066406	2359.635010
1889.729492	2309.791260
1886.390625	2255.501709
1883.050781	2184.049072
1879.708984	2191.216797
1876.365234	2114.628906
1873.020508	2140.506348
1869.673828	2108.837158
1866.326172	1998.052246
1862.975586	2009.020142
1859.624023	1958.810425
1856.271484	1909.394287
1852.916016	1944.978760
1849.559570	1868.801758
1846.202148	1842.578247
1842.841797	1848.376343
1839.480469	1829.624268
1836.118164	1796.022095
1832.752930	1760.965942
1829.386719	1741.539185
1826.018555	1695.408081
1822.649414	1634.482544
1819.278320	1632.200073
1815.905273	1633.625366
1812.531250	1603.192017
1809.154297	1540.206665
1805.777344	1492.084595
1802.397461	1518.724854
1799.016602	1464.004761
1795.633789	1469.199341
1792.249023	1385.747681
1788.863281	1427.151611
1785.475586	1364.463745
1782.085938	1380.758423
1778.694336	1336.584229
1775.301758	1315.295654
1771.907227	1306.547852
1768.510742	1294.127441
1765.113281	1256.702393
1761.713867	1240.640503
1758.312500	1250.320801
1754.910156	1184.317993
1751.505859	1171.985596
1748.099609	1156.729004
1744.691406	1170.097412
1741.282227	1129.192383
1737.871094	1091.991455
1734.458008	1086.325195
1731.042969	1085.056885
1727.626953	1052.322266
1724.208984	1031.322510
1720.790039	1018.384705
1717.368164	1004.728638
1713.945313	991.085632
1710.520508	993.515442
1707.093750	966.027710
1703.666016	940.025269
1700.236328	949.764587
1696.804688	908.495667
1693.371094	901.491882
1689.936523	896.678162
1686.500000	898.416016
1683.061523	853.617188
1679.622070	872.088928
1676.179688	838.968933
1672.736328	782.648926
1669.291016	823.622681
1665.844727	794.926819
1662.396484	752.485291
1658.945313	765.153503
1655.494141	735.080017
1652.040039	760.773010
1648.584961	728.560486
1645.126953	724.581970
1641.668945	696.032776
1638.208008	681.959961
1634.745117	672.955322
1631.281250	648.803772
1627.815430	654.972046
1624.347656	651.040283
1620.878906	626.934937
1617.408203	606.454590
1613.935547	608.311279
1610.460938	615.202515
1606.984375	601.949707
1603.506836	564.270203
1600.027344	566.861633
1596.545898	559.396912
1593.062500	553.374817
1589.577148	513.641846
1586.090820	519.837585
1582.602539	521.726868
1579.112305	508.571808
1575.620117	507.600677
1572.126953	488.740814
1568.630859	489.210602
1565.133789	486.820251
1561.634766	475.858063
1558.133789	467.763245
1554.631836	433.980164
1551.127930	450.170563
1547.621094	439.961060
1544.114258	414.082123
1540.604492	423.134033
1537.092773	399.425201
1533.580078	395.665680
1530.065430	382.663269
1526.548828	367.541077
1523.030273	386.540466
1519.509766	371.431244
1515.988281	362.015778
1512.463867	349.771729
1508.938477	338.958130
1505.411133	343.039276
1501.882813	343.574127
1498.351563	330.655457
1494.818359	337.564880
1491.284180	312.637512
1487.748047	308.237305
1484.209961	301.721558
1480.669922	307.218536
1477.128906	281.650574
1473.584961	301.968079
1470.040039	295.468170
1466.493164	300.956604
1462.944336	292.350189
1459.393555	279.527740
1455.840820	275.163116
1452.287109	274.319733
1448.730469	242.543945
1445.172852	244.528427
1441.613281	255.640823
1438.051758	252.000778
1434.488281	229.421280
1430.922852	239.121567
1427.356445	225.682861
1423.787109	229.770782
1420.216797	218.450836
1416.644531	223.937668
1413.070313	222.424316
1409.494141	209.027878
1405.916016	201.234894
1402.336914	207.417282
1398.754883	194.048767
1395.171875	186.275116
1391.585938	200.823013
1387.999023	188.175064
1384.410156	176.236588
1380.819336	187.285843
1377.226563	172.576401
1373.632813	169.010208
1370.036133	167.533066
1366.438477	152.856155
1362.837891	153.472015
1359.236328	159.639847
1355.632813	157.476517
1352.027344	166.409286
1348.419922	154.542328
1344.810547	149.614090
1341.199219	139.152466
1337.585938	153.611526
1333.970703	143.158478
1330.354492	143.084595
1326.735352	139.556351
1323.115234	116.006706
1319.493164	124.228668
1315.869141	128.303253
1312.242188	124.789658
1308.614258	126.792351
1304.984375	127.415443
1301.353516	112.893570
1297.719727	112.147057
1294.083984	105.212303
1290.446289	108.594269
1286.807617	114.720467
1283.166016	104.362038
1279.523438	113.915146
1275.877930	97.394859
1272.231445	109.683647
1268.582031	95.238121
1264.931641	88.340485
1261.279297	85.556694
1257.625000	95.089508
1253.968750	92.305008
1250.310547	81.322754
1246.650391	95.623947
1242.988281	88.064682
1239.324219	88.018723
1235.658203	80.471222
1231.990234	74.976364
1228.320313	69.487206
1224.648438	65.365532
1220.975586	70.095093
1217.299805	79.580917
1213.622070	75.460320
1209.943359	73.382401
1206.261719	63.836403
1202.578125	65.160446
1198.893555	63.091080
1195.206055	69.160362
1191.517578	77.933990
1187.826172	61.637115
1184.133789	62.958683
1180.438477	69.015160
1176.742188	62.216232
1173.042969	64.887131
1169.342773	60.799664
1165.639648	53.340488
1161.935547	51.287865
1158.228516	45.864952
1154.520508	53.256184
1150.809570	51.206768
1147.097656	54.546825
1143.382813	56.537205
1139.666992	51.125683
1135.948242	47.736904
1132.227539	48.383656
1128.505859	50.372974
1124.781250	43.633469
1121.055664	45.623150
1117.327148	42.246109
1113.596680	42.893932
1109.865234	42.201324
1106.130859	38.161892
1102.394531	49.517208
1098.657227	50.828499
1094.916992	43.448647
1091.174805	37.412781
1087.430664	44.070183
1083.684570	34.703484
1079.936523	38.020107
1076.186523	33.333206
1072.434570	35.314373
1068.680664	36.627453
1064.924805	32.614323
1061.166992	34.592648
1057.406250	31.914627
1053.644531	37.878376
1049.880859	31.880533
1046.114258	35.846420
1042.346680	29.192570
1038.576172	35.144958
1034.803711	31.149595
1031.030273	34.444920
1027.253906	35.750549
1023.475586	33.084610
1019.695313	27.776161
1015.913086	24.456341
1012.128906	25.103832
1008.342773	25.750616
1004.553711	25.076857
