4046.277344	227.452652
4043.892578	225.356308
4041.505859	249.365860
4039.119141	255.551590
4036.731445	265.920074
4034.342773	255.349960
4031.952148	255.249161
4029.561523	240.508698
4027.169922	254.002274
4024.777344	275.844025
4022.383789	245.445892
4019.989258	274.581848
4017.593750	306.825562
4015.197266	278.537415
4012.799805	287.812317
4010.401367	283.528748
4008.001953	288.626251
4005.601563	308.301483
4003.201172	297.767761
4000.798828	294.527435
3998.395508	303.773407
3995.991211	289.094116
3993.585938	316.006134
3991.180664	325.232330
3988.773438	304.329712
3986.365234	295.902679
3983.957031	302.012024
3981.546875	308.116455
3979.135742	324.586060
3976.724609	320.310425
3974.311523	341.942841
3971.898438	339.735016
3969.483398	324.069153
3967.068359	338.429260
3964.651367	358.985046
3962.234375	337.125153
3959.815430	362.833405
3957.396484	352.355530
3954.975586	379.069855
3952.554688	353.106506
3950.131836	373.606598
3947.708984	352.824188
3945.284180	366.089142
3942.859375	373.158417
3940.432617	399.799744
3938.005859	383.159668
3935.577148	384.035767
3933.148438	424.019653
3930.718750	391.958069
3928.287109	426.764771
3925.855469	406.034851
3923.421875	429.504944
3920.988281	422.142761
3918.552734	435.320313
3916.117188	431.040314
3913.680664	465.746826
3911.242188	448.126740
3908.803711	475.622894
3906.363281	425.224335
3903.922852	451.683075
3901.480469	464.810822
3899.038086	438.015259
3896.593750	471.597443
3894.149414	473.452545
3891.703125	478.372528
3889.256836	489.418915
3886.808594	506.584259
3884.360352	514.547302
3881.910156	502.093414
3879.459961	502.910797
3877.007813	523.101501
3874.555664	521.870850
3872.101563	511.471283
3869.646484	521.449036
3867.191406	534.472717
3864.734375	547.485718
3862.277344	549.298584
3859.818359	564.328308
3857.358398	573.247375
3854.897461	533.391724
3852.436523	551.455872
3849.973633	571.535583
3847.509766	581.451294
3845.044922	588.315796
3842.579102	588.077087
3840.113281	591.892456
3837.645508	653.451416
3835.176758	609.640259
3832.707031	593.196106
3830.236328	635.453491
3827.764648	645.309692
3825.291992	648.080444
3822.818359	651.859314
3820.343750	642.502014
3817.868164	645.269897
3815.390625	667.213989
3812.913086	690.148926
3810.434570	676.756226
3807.955078	709.749878
3805.473633	704.421753
3802.992188	722.266663
3800.509766	732.041321
3798.025391	736.775208
3795.541016	696.229919
3793.054688	713.042480
3790.568359	735.872925
3788.080078	740.596619
3785.591797	755.360962
3783.101563	777.141357
3780.610352	801.914734
3778.119141	794.563965
3775.625977	808.278320
3773.131836	826.993347
3770.636719	850.702820
3768.140625	828.319214
3765.643555	884.046143
3763.145508	858.664429
3760.646484	887.322937
3758.146484	877.959412
3755.645508	881.597351
3753.143555	887.230347
3750.639648	933.806091
3748.135742	911.459778
3745.630859	945.014038
3743.124023	934.650818
3740.617188	970.161621
3738.108398	971.756104
3735.599609	987.296631
3733.088867	978.923645
3730.577148	1022.320313
3728.064453	1021.899475
3725.551758	1008.548584
3723.037109	1043.924927
3720.521484	1041.507202
3718.004883	1092.734497
3715.487305	1068.452271
3712.967773	1101.759277
3710.448242	1119.163818
3707.927734	1095.891602
3705.406250	1115.266235
3702.882813	1120.751343
3700.359375	1118.307373
3697.833984	1167.351440
3695.308594	1190.622070
3692.781250	1209.916016
3690.252930	1249.960327
3687.723633	1198.042114
3685.193359	1189.641846
3682.662109	1217.791870
3680.129883	1249.867188
3677.596680	1283.889404
3675.062500	1280.398193
3672.527344	1308.462646
3669.990234	1349.316406
3667.453125	1348.757080
3664.915039	1331.456055
3662.375000	1331.888184
3659.833984	1376.598999
3657.292969	1387.830566
3654.750000	1428.547607
3652.206055	1424.023315
3649.661133	1401.819946
3647.115234	1455.244507
3644.568359	1430.101196
3642.019531	1493.280151
3639.470703	1511.292847
3636.920898	1522.427979
3634.369141	1527.673828
3631.817383	1504.509521
3629.263672	1550.879517
3626.708984	1556.105713
3624.153320	1595.566772
3621.596680	1629.127197
3619.039063	1648.974854
3616.480469	1643.402100
3613.920898	1703.268677
3611.360352	1674.247314
3608.797852	1703.799438
3606.235352	1706.989868
3603.670898	1710.177246
3601.105469	1727.980591
3598.540039	1802.272339
3595.972656	1799.571655
3593.404297	1790.058960
3590.834961	1825.310791
3588.264648	1897.490479
3585.692383	1870.448242
3583.120117	1875.496094
3580.545898	1913.565186
3577.971680	1933.153931
3575.395508	1999.311646
3572.818359	2027.578125
3570.240234	1999.576172
3567.661133	2055.927979
3565.081055	2060.879639
3562.500000	2069.700439
3559.917969	2085.290039
3557.333984	2164.733643
3554.750000	2192.843994
3552.164063	2124.241455
3549.577148	2242.226318
3546.989258	2245.148682
3544.400391	2196.887939
3541.810547	2263.532715
3539.219727	2331.085693
3536.626953	2328.176758
3534.034180	2320.449219
3531.439453	2379.218506
3528.844727	2357.989258
3526.248047	2453.279297
3523.650391	2474.382080
3521.051758	2513.744629
3518.451172	2560.766113
3515.850586	2571.221680
3513.249023	2607.608887
3510.645508	2643.004639
3508.041016	2694.689453
3505.436523	2724.259521
3502.830078	2772.028076
3500.222656	2760.311768
3497.613281	2834.857666
3495.003906	2805.879639
3492.393555	2841.081787
3489.781250	2908.796631
3487.167969	2923.832275
3484.553711	2981.889648
3481.938477	3022.690430
3479.322266	3058.677979
3476.705078	2999.120850
3474.086914	3090.460693
3471.466797	3195.082764
3468.845703	3184.190918
3466.224609	3280.101318
3463.601563	3246.305908
3460.977539	3303.045898
3458.351563	3394.019775
3455.725586	3454.454590
3453.098633	3472.971436
3450.469727	3471.498291
3447.839844	3534.672607
3445.208984	3511.316162
3442.577148	3663.707031
3439.944336	3681.141357
3437.310547	3744.115234
3434.674805	3812.726807
3432.039063	3849.986084
3429.401367	3836.975342
3426.762695	3984.096436
3424.123047	4027.861572
3421.481445	4015.735107
3418.839844	4171.105469
3416.197266	4183.518555
3413.552734	4180.791992
3410.907227	4282.022949
3408.260742	4356.715820
3405.613281	4387.908203
3402.963867	4437.950195
3400.314453	4436.059082
3397.663086	4521.870605
3395.011719	4629.288086
3392.358398	4678.194336
3389.704102	4706.337402
3387.047852	4801.296387
3384.391602	4852.885742
3381.733398	4911.954590
3379.075195	5000.118652
3376.415039	5053.432617
3373.753906	5039.061035
3371.090820	5080.102539
3368.427734	5191.503906
3365.762695	5251.206543
3363.097656	5353.996582
3360.430664	5393.889648
3357.762695	5438.432617
3355.092773	5546.625488
3352.422852	5591.061523
3349.750977	5662.596680
3347.079102	5734.068848
3344.405273	5838.203125
3341.729492	5922.620117
3339.053711	5933.160645
3336.376953	6056.681152
3333.698242	6172.626465
3331.018555	6103.735352
3328.337891	6203.703613
3325.656250	6278.414551
3322.973633	6440.648926
3320.289063	6330.771973
3317.604492	6500.289551
3314.917969	6631.504395
3312.230469	6679.816406
3309.541016	6748.541016
3306.851563	6922.227539
3304.160156	6896.954590
3301.467773	6927.418457
3298.774414	7124.002930
3296.080078	7191.451172
3293.384766	7160.533691
3290.687500	7242.736328
3287.990234	7466.637207
3285.291016	7500.469727
3282.589844	7639.813965
3279.888672	7619.864258
3277.186523	7661.905762
3274.482422	7780.651855
3271.777344	7852.158203
3269.071289	8010.439941
3266.364258	8059.618652
3263.655273	8229.668945
3260.945313	8229.806641
3258.234375	8386.720703
3255.522461	8362.819336
3252.809570	8440.292969
3250.095703	8634.667969
3247.379883	8677.888672
3244.663086	8830.577148
3241.945313	8877.350586
3239.226563	8901.093750
3236.505859	9115.056641
3233.784180	9157.044922
3231.061523	9506.607422
3228.337891	9482.298828
3225.613281	9529.570313
3222.886719	9589.637695
3220.160156	9764.231445
3217.431641	9917.597656
3214.702148	9939.859375
3211.970703	10031.673828
3209.239258	10098.700195
3206.505859	10394.332031
3203.771484	10477.593750
3201.035156	10633.889648
3198.298828	10694.131836
3195.560547	10846.540039
3192.821289	10935.836914
3190.081055	11101.686523
3187.339844	11230.912109
3184.596680	11389.190430
3181.853516	11390.618164
3179.108398	11663.432617
3176.361328	11733.005859
3173.614258	11817.985352
3170.865234	11980.195313
3168.115234	12214.082031
3165.364258	12295.094727
3162.612305	12320.625977
3159.858398	12360.658203
3157.104492	12493.220703
3154.347656	12797.115234
3151.590820	12942.059570
3148.833008	13073.278320
3146.073242	13242.429688
3143.312500	13332.644531
3140.550781	13563.079102
3137.787109	13568.019531
3135.023438	13783.672852
3132.257813	13953.933594
3129.491211	14184.583008
3126.722656	14397.866211
3123.954102	14435.814453
3121.183594	14582.015625
3118.412109	14646.902344
3115.638672	14811.808594
3112.865234	15047.762695
3110.089844	15042.083984
3107.313477	15210.189453
3104.536133	15309.740234
3101.756836	15468.576172
3098.976563	15531.948242
3096.195313	15828.065430
3093.413086	15951.412109
3090.628906	16118.652344
3087.844727	16265.992188
3085.058594	16470.625000
3082.270508	16736.958984
3079.482422	16847.062500
3076.692383	17095.066406
3073.901367	17242.527344
3071.109375	17380.005859
3068.315430	17471.716797
3065.520508	17690.365234
3062.724609	17904.347656
3059.927734	18085.960938
3057.128906	18209.341797
3054.329102	18337.072266
3051.528320	18579.828125
3048.726563	18699.244141
3045.922852	18837.277344
3043.118164	19051.843750
3040.312500	19227.902344
3037.505859	19289.802734
3034.697266	19579.539063
3031.887695	19822.744141
3029.077148	20007.025391
3026.264648	20270.263672
3023.452148	20098.712891
3020.637695	20312.812500
3017.821289	20576.439453
3015.004883	20714.691406
3012.186523	20715.318359
3009.367188	21112.291016
3006.545898	21225.291016
3003.724609	21516.253906
3000.901367	21559.890625
2998.077148	21795.556641
2995.250977	21936.341797
2992.423828	22061.962891
2989.595703	22204.259766
2986.766602	22495.750000
2983.935547	22682.759766
2981.104492	22759.248047
2978.270508	23045.673828
2975.436523	23271.863281
2972.600586	23486.384766
2969.763672	23696.302734
2966.925781	23657.630859
2964.085938	23766.902344
2961.245117	24199.931641
2958.403320	24319.408203
2955.560547	24524.062500
2952.715820	24631.849609
2949.870117	24903.812500
2947.023438	25131.623047
2944.174805	25262.673828
2941.325195	25275.160156
2938.474609	25459.509766
2935.622070	25770.789063
2932.768555	26024.833984
2929.914063	26050.068359
2927.058594	26482.328125
2924.201172	26681.445313
2921.342773	26816.529297
2918.483398	27055.521484
2915.622070	27337.109375
2912.759766	27309.238281
2909.896484	27630.607422
2907.032227	27928.121094
2904.166016	27919.189453
2901.298828	28151.773438
2898.429688	28527.939453
2895.559570	28533.537109
2892.688477	28910.923828
2889.816406	28918.070313
2886.942383	29319.291016
2884.067383	29284.492188
2881.191406	29699.082031
2878.314453	29892.619141
2875.435547	29915.767578
2872.554688	30317.343750
2869.673828	30671.699219
2866.791016	30877.431641
2863.907227	30875.791016
2861.021484	31283.982422
2858.134766	31418.119141
2855.247070	31610.994141
2852.358398	32037.320313
2849.467773	32142.369141
2846.576172	32383.912109
2843.682617	32469.681641
2840.789063	32618.419922
2837.893555	32899.113281
2834.996094	33041.464844
2832.097656	33039.625000
2829.198242	33299.027344
2826.297852	33601.281250
2823.395508	33536.277344
2820.492188	33924.238281
2817.587891	34168.972656
2814.681641	33976.445313
2811.774414	34243.273438
2808.866211	34492.660156
2805.956055	34759.855469
2803.044922	34799.230469
2800.131836	35167.312500
2797.218750	35277.664063
2794.303711	35306.429688
2791.386719	35491.171875
2788.468750	35478.667969
2785.549805	35542.386719
2782.629883	35689.933594
2779.708008	36032.429688
2776.785156	36211.246094
2773.860352	36343.722656
2770.935547	36519.652344
2768.007813	36371.695313
2765.080078	36621.710938
2762.150391	36496.003906
2759.219727	36639.945313
2756.287109	37007.125000
2753.353516	36837.066406
2750.418945	37052.179688
2747.482422	37261.976563
2744.544922	37020.511719
2741.606445	37076.988281
2738.666016	37233.738281
2735.724609	37075.019531
2732.782227	37279.179688
2729.837891	37196.132813
2726.892578	37179.351563
2723.945313	37567.257813
2720.997070	37382.398438
2718.047852	37278.214844
2715.097656	37291.035156
2712.145508	37680.683594
2709.191406	37363.164063
2706.237305	37383.507813
2703.281250	37463.023438
2700.323242	37398.746094
2697.364258	37388.593750
2694.404297	37625.898438
2691.443359	37597.898438
2688.480469	37619.699219
2685.515625	37579.902344
2682.550781	37451.609375
2679.583984	37702.609375
2676.615234	37581.089844
2673.646484	37324.968750
2670.674805	37465.417969
2667.703125	37290.304688
2664.729492	37101.042969
2661.754883	36980.855469
2658.778320	37068.238281
2655.800781	36938.914063
2652.821289	36551.214844
2649.840820	36648.707031
2646.859375	36493.718750
2643.876953	36386.632813
2640.892578	36515.027344
2637.906250	36498.433594
2634.918945	36425.773438
2631.930664	36103.871094
2628.941406	36070.730469
2625.950195	35847.050781
2622.957031	35828.234375
2619.963867	35846.167969
2616.967773	35506.843750
2613.971680	35310.476563
2610.973633	35378.621094
2607.974609	35256.652344
2604.973633	34903.171875
2601.971680	34535.011719
2598.967773	34525.929688
2595.962891	34224.812500
2592.957031	34047.042969
2589.949219	33992.441406
2586.940430	33550.703125
2583.929688	33502.175781
2580.917969	33553.289063
2577.905273	33234.292969
2574.890625	33164.375000
2571.875000	32990.066406
2568.857422	32707.359375
2565.838867	32544.164063
2562.819336	32436.568359
2559.797852	32007.187500
2556.775391	31866.005859
2553.750977	31459.576172
2550.725586	31141.099609
2547.698242	31037.644531
2544.669922	30700.642578
2541.640625	30459.660156
2538.609375	30274.972656
2535.577148	30065.714844
2532.542969	29895.367188
2529.507813	29738.345703
2526.471680	29299.894531
2523.433594	29320.195313
2520.393555	28861.753906
2517.353516	28545.958984
2514.310547	28682.417969
2511.267578	28328.371094
2508.222656	28016.509766
2505.175781	28196.492188
2502.127930	27620.013672
2499.079102	27222.791016
2496.028320	26692.345703
2492.976563	26713.656250
2489.922852	26513.054688
2486.868164	26189.054688
2483.812500	26062.482422
2480.754883	25640.035156
2477.695313	25504.009766
2474.634766	24985.800781
2471.573242	25002.869141
2468.509766	24642.046875
2465.445313	24594.796875
2462.378906	24073.851563
2459.311523	24153.216797
2456.242188	23639.455078
2453.171875	23566.667969
2450.100586	23205.015625
2447.027344	23139.800781
2443.953125	22722.556641
2440.876953	22288.625000
2437.799805	22210.902344
2434.720703	21999.265625
2431.640625	21937.966797
2428.558594	21634.156250
2425.475586	21204.935547
2422.390625	21071.931641
2419.304688	20902.589844
2416.217773	20467.802734
2413.128906	20266.509766
2410.038086	20125.259766
2406.946289	19919.445313
2403.853516	19576.414063
2400.758789	19380.724609
2397.663086	19173.906250
2394.565430	18926.109375
2391.466797	18488.951172
2388.366211	18323.132813
2385.264648	18030.115234
2382.161133	17999.189453
2379.056641	17858.773438
2375.950195	17655.701172
2372.842773	17467.291016
2369.734375	17116.619141
2366.624023	17019.447266
2363.511719	16804.263672
2360.398438	16504.156250
2357.284180	16425.046875
2354.167969	16257.754883
2351.049805	16129.907227
2347.930664	15839.464844
2344.810547	15477.987305
2341.688477	15279.395508
2338.564453	15218.651367
2335.439453	15041.156250
2332.313477	14855.824219
2329.185547	14696.236328
2326.056641	14482.467773
2322.925781	14360.723633
2319.792969	14216.740234
2316.660156	14036.985352
2313.524414	13881.316406
2310.387695	13676.371094
2307.250000	13562.432617
2304.110352	13256.689453
2300.969727	13088.921875
2297.827148	13093.940430
2294.682617	12774.517578
2291.537109	12611.170898
2288.390625	12670.413086
2285.242188	12402.443359
2282.092773	12195.040039
2278.941406	12021.939453
2275.788086	11837.102539
2272.633789	11741.995117
2269.478516	11705.595703
2266.321289	11535.407227
2263.162109	11226.869141
2260.001953	11089.491211
2256.840820	11007.587891
2253.676758	10886.241211
2250.512695	10624.388672
2247.346680	10591.762695
2244.178711	10518.125000
2241.009766	10207.892578
2237.838867	10057.223633
2234.666992	10086.384766
2231.493164	9828.774414
2228.318359	9681.634766
2225.141602	9563.750000
2221.963867	9462.492188
2218.784180	9368.402344
2215.602539	9184.020508
2212.419922	8986.454102
2209.236328	9026.973633
2206.050781	8852.419922
2202.863281	8591.741211
2199.674805	8511.636719
2196.485352	8466.871094
2193.292969	8343.029297
2190.100586	8317.168945
2186.905273	8210.725586
2183.709961	7986.267578
2180.511719	7952.003906
2177.312500	7897.451172
2174.112305	7769.524414
2170.910156	7632.347656
2167.706055	7576.454102
2164.500977	7341.994629
2161.294922	7333.842285
2158.085938	7172.963379
2154.876953	7094.794922
2151.665039	6969.986816
2148.452148	6878.754883
2145.238281	6767.385254
2142.022461	6778.947754
2138.804688	6597.792480
2135.585938	6557.383301
2132.365234	6437.827148
2129.143555	6433.220215
2125.919922	6285.136230
2122.695313	6215.485352
2119.468750	6052.144043
2116.240234	6032.230469
2113.010742	5896.220215
2109.780273	5851.636230
2106.546875	5743.677246
2103.312500	5655.144043
2100.077148	5605.323242
2096.839844	5591.843262
2093.600586	5437.892578
2090.360352	5362.008789
2087.119141	5253.036133
2083.875000	5271.343262
2080.629883	5118.600586
2077.383789	5029.915039
2074.135742	5002.116211
2070.885742	4985.881836
2067.634766	4810.490723
2064.381836	4775.145020
2061.127930	4706.030762
2057.871094	4623.159180
2054.614258	4575.668945
2051.355469	4496.003906
2048.094727	4428.681152
2044.832031	4359.888672
2041.568359	4298.819824
2038.303711	4317.434570
2035.037109	4197.515625
2031.768555	4174.853027
2028.498047	4140.742188
2025.226563	4025.660400
2021.954102	4006.927002
2018.678711	3905.758301
2015.403320	3801.633057
2012.125000	3799.808838
2008.845703	3722.513184
2005.564453	3684.151123
2002.282227	3667.911377
1998.998047	3588.502197
1995.712891	3510.689941
1992.424805	3384.278320
1989.136719	3388.732178
1985.845703	3339.995605
1982.553711	3315.605957
1979.260742	3218.369873
1975.964844	3166.747314
1972.667969	3108.348145
1969.370117	3089.417480
1966.070313	3092.474121
1962.768555	2979.671631
1959.465820	2965.368164
1956.161133	2898.879150
1952.854492	2839.258545
1949.546875	2788.007568
1946.237305	2744.359131
1942.925781	2742.278564
1939.613281	2695.673340
1936.298828	2682.301514
1932.982422	2566.406006
1929.665039	2581.743408
1926.346680	2551.872559
1923.025391	2460.296143
1919.703125	2504.253906
1916.378906	2472.956299
1913.053711	2428.908691
1909.726563	2368.372070
1906.397461	2344.693115
1903.067383	2302.270020
1899.735352	2298.902344
1896.401367	2227.293457
1893.066406	2210.471436
1889.729492	2207.899658
1886.390625	2118.464355
1883.050781	2111.447021
1879.708984	2034.113525
1876.365234	2010.692139
1873.020508	2035.872681
1869.673828	1931.793335
1866.326172	1904.720215
1862.975586	1896.329956
1859.624023	1905.849487
1856.271484	1879.571655
1852.916016	1837.669556
1849.559570	1804.000732
1846.202148	1759.941406
1842.841797	1727.085938
1839.480469	1718.805664
1836.118164	1694.921509
1832.752930	1648.026367
1829.386719	1630.140137
1826.018555	1623.405151
1822.649414	1562.514893
1819.278320	1558.784424
1815.905273	1536.526855
1812.531250	1506.141113
1809.154297	1479.486938
1805.777344	1437.315674
1802.397461	1433.652588
1799.016602	1381.192261
1795.633789	1382.732422
1792.249023	1397.566406
1788.863281	1370.301758
1785.475586	1329.780273
1782.085938	1294.461060
1778.694336	1259.175903
1775.301758	1223.188110
1771.907227	1213.749023
1768.510742	1221.250000
1765.113281	1202.990845
1761.713867	1197.986572
1758.312500	1159.909546
1754.910156	1170.358887
1751.505859	1116.176758
1748.099609	1075.992798
1744.691406	1072.528198
1741.282227	1084.464600
1737.871094	1037.025513
1734.458008	1040.909058
1731.042969	1020.627136
1727.626953	989.387878
1724.208984	949.401794
1720.790039	948.201721
1717.368164	987.191589
1713.945313	950.186035
1710.520508	945.336182
1707.093750	902.550049
1703.666016	875.849792
1700.236328	893.638794
1696.804688	825.441528
1693.371094	878.190002
1689.936523	870.476563
1686.500000	844.583801
1683.061523	825.987366
1679.622070	810.315979
1676.179688	791.754272
1672.736328	769.580566
1669.291016	777.180542
1665.844727	758.661926
1662.396484	721.312988
1658.945313	726.750916
1655.494141	730.010498
1652.040039	694.178223
1648.584961	691.662170
1645.126953	668.177368
1641.668945	672.181152
1638.208008	667.511658
1634.745117	652.015747
1631.281250	622.822754
1627.815430	611.691956
1624.347656	615.712524
1620.878906	611.081360
1617.408203	575.483643
1613.935547	566.557373
1610.460938	574.189026
1606.984375	526.436340
1603.506836	526.891785
1600.027344	512.977478
1596.545898	489.741547
1593.062500	503.851013
1589.577148	527.272034
1586.090820	509.082306
1582.602539	480.877380
1579.112305	459.863525
1575.620117	468.224030
1572.126953	463.695526
1568.630859	459.171356
1565.133789	448.932617
1561.634766	426.557465
1558.133789	451.337982
1554.631836	423.987213
1551.127930	419.493347
1547.621094	413.577667
1544.114258	409.805878
1540.604492	383.954956
1537.092773	393.017303
1533.580078	419.861084
1530.065430	386.219635
1526.548828	369.673798
1523.030273	359.539490
1519.509766	344.443878
1515.988281	362.725586
1512.463867	339.839050
1508.938477	339.667267
1505.411133	339.495483
1501.882813	339.323730
1498.351563	315.078552
1494.818359	288.734741
1491.284180	300.613007
1487.748047	305.409424
1484.209961	291.829041
1480.669922	286.031036
1477.128906	276.709351
1473.584961	272.335693
1470.040039	277.838806
1466.493164	270.649506
1462.944336	263.467377
1459.393555	253.476044
1455.840820	264.606995
1452.287109	267.285889
1448.730469	221.453156
1445.172852	222.745728
1441.613281	234.571518
1438.051758	226.028549
1434.488281	225.211716
1430.922852	240.524048
1427.356445	222.178467
1423.787109	205.252563
1420.216797	200.946762
1416.644531	209.241760
1413.070313	197.244202
1409.494141	192.249725
1405.916016	185.164047
1402.336914	198.338409
1398.754883	188.464630
1395.171875	182.786819
1391.585938	198.731110
1387.999023	165.872833
1384.410156	176.933167
1380.819336	168.487640
1377.226563	161.442429
1373.632813	158.577469
1370.036133	179.350754
1366.438477	172.310577
1362.837891	163.194214
1359.236328	163.804367
1355.632813	147.764313
1352.027344	153.235214
1348.419922	151.770264
1344.810547	141.994858
1341.199219	144.690872
1337.585938	139.080704
1333.970703	133.476257
1330.354492	128.568756
1326.735352	134.720230
1323.115234	121.530838
1319.493164	126.989304
1315.869141	122.095032
1312.242188	121.342430
1308.614258	115.077843
1304.984375	118.461929
1301.353516	119.777328
1297.719727	109.394981
1294.083984	117.590218
1290.446289	104.470436
1286.807617	99.607590
1283.166016	104.362038
1279.523438	90.583122
1275.877930	93.965462
1272.231445	87.746918
1268.582031	87.701294
1264.931641	96.558197
1261.279297	91.716774
1257.625000	88.932632
1253.968750	86.835083
1250.310547	84.739677
1246.650391	74.450073
1242.988281	75.093910
1239.324219	78.466301
1235.658203	79.789261
1231.990234	70.886742
1228.320313	72.893440
1224.648438	70.812660
1220.975586	63.289742
1217.299805	66.657524
1213.622070	64.583160
1209.943359	68.626137
1206.261719	70.627510
1202.578125	64.481697
1198.893555	61.734283
1195.206055	61.023849
1191.517578	70.479431
1187.826172	52.831814
1184.133789	63.635658
1180.438477	56.159397
1176.742188	56.806126
1173.042969	60.831684
1169.342773	52.693043
1165.639648	51.314899
1161.935547	45.214302
1158.228516	53.284283
1154.520508	53.930313
1150.809570	56.596954
1147.097656	43.098728
1143.382813	48.460461
1139.666992	41.035088
1135.948242	50.426308
1132.227539	49.727646
1128.505859	44.328220
1124.781250	44.976040
1121.055664	38.242931
1117.327148	46.940121
1113.596680	38.872627
1109.865234	35.502701
1106.130859	40.170410
1102.394531	39.479935
1098.657227	41.465355
1094.916992	39.438000
1091.174805	40.085121
1087.430664	33.386501
1083.684570	42.711983
1079.936523	37.353088
1076.186523	35.333199
1072.434570	33.981754
1068.680664	31.299822
1064.924805	29.951931
1061.166992	32.596920
1057.406250	29.919964
1053.644531	32.562111
1049.880859	31.880533
1046.114258	33.854954
1042.346680	30.519506
1038.576172	28.513834
1034.803711	27.835808
1031.030273	27.820896
1027.253906	25.157795
1023.475586	24.482611
1019.695313	23.146801
1015.913086	24.456341
1012.128906	30.388851
1008.342773	25.750616
1004.553711	26.396690
