4046.277344	240.030670
4043.892578	234.789825
4041.505859	243.079330
4039.119141	254.504242
4036.731445	239.746826
4034.342773	241.745255
4031.952148	241.649811
4029.561523	254.102661
4027.169922	249.821167
4024.777344	252.857025
4022.383789	242.312531
4019.989258	267.273590
4017.593750	260.906097
4015.197266	246.197861
4012.799805	262.785156
4010.401367	267.892975
4008.001953	277.164581
4005.601563	287.470276
4003.201172	268.615662
4000.798828	303.894012
3998.395508	292.329895
3995.991211	294.293640
3993.585938	299.374237
3991.180664	284.708160
3988.773438	294.981689
3986.365234	303.170471
3983.957031	306.163391
3981.546875	298.779572
3979.135742	301.771698
3976.724609	305.797974
3974.311523	336.761871
3971.898438	327.305695
3969.483398	309.574036
3967.068359	317.730225
3964.651367	322.776184
3962.234375	325.749756
3959.815430	343.192841
3957.396484	319.289886
3954.975586	334.655670
3952.554688	347.944122
3950.131836	372.574524
3947.708984	369.330597
3945.284180	341.339447
3942.859375	360.788513
3940.432617	357.552856
3938.005859	361.529694
3935.577148	373.739899
3933.148438	368.444275
3930.718750	362.123993
3928.287109	381.517426
3925.855469	397.811340
3923.421875	385.321411
3920.988281	393.383636
3918.552734	409.652863
3916.117188	409.488281
3913.680664	442.151703
3911.242188	436.846680
3908.803711	436.671021
3906.363281	414.977966
3903.922852	421.980560
3901.480469	447.406006
3899.038086	453.366272
3896.593750	440.907776
3894.149414	466.294525
3891.703125	434.419495
3889.256836	489.418915
3886.808594	477.986786
3884.360352	474.731140
3881.910156	455.149719
3879.459961	509.031433
3877.007813	462.939728
3874.555664	489.253937
3872.101563	489.056213
3869.646484	487.840027
3867.191406	508.003601
3864.734375	518.992004
3862.277344	540.143616
3859.818359	519.588806
3857.358398	558.001404
3854.897461	560.823303
3852.436523	552.471497
3849.973633	560.368774
3847.509766	567.244812
3845.044922	591.358826
3842.579102	585.035339
3840.113281	587.838379
3837.645508	574.429382
3835.176758	611.665649
3832.707031	615.466248
3830.236328	624.322937
3827.764648	621.034729
3825.291992	627.859497
3822.818359	652.869934
3820.343750	618.256653
3817.868164	651.328796
3815.390625	636.931946
3812.913086	683.085999
3810.434570	693.902039
3807.955078	694.627380
3805.473633	688.297607
3802.992188	713.200562
3800.509766	707.874878
3798.025391	740.801270
3795.541016	732.449951
3793.054688	733.156555
3790.568359	751.957581
3788.080078	733.562439
3785.591797	756.365417
3783.101563	780.153564
3780.610352	786.859985
3778.119141	785.534851
3775.625977	776.187866
3773.131836	819.976440
3770.636719	843.688782
3768.140625	801.276184
3765.643555	858.015381
3763.145508	879.680725
3760.646484	897.326538
3758.146484	889.958862
3755.645508	882.596924
3753.143555	901.218201
3750.639648	895.854614
3748.135742	903.473267
3745.630859	934.037109
3743.124023	945.623230
3740.617188	971.158691
3738.108398	943.849243
3735.599609	956.412476
3733.088867	981.911194
3730.577148	985.488892
3728.064453	1004.983887
3725.551758	999.596985
3723.037109	1031.994263
3720.521484	1028.587646
3718.004883	1032.137329
3715.487305	1044.620605
3712.967773	1075.952271
3710.448242	1079.477173
3707.927734	1081.015259
3705.406250	1098.413330
3702.882813	1123.724121
3700.359375	1093.544189
3697.833984	1133.687378
3695.308594	1132.229126
3692.781250	1189.140625
3690.252930	1180.737793
3687.723633	1189.145752
3685.193359	1209.403442
3682.662109	1186.186523
3680.129883	1204.453369
3677.596680	1245.402222
3675.062500	1224.171143
3672.527344	1254.230957
3669.990234	1247.797363
3667.453125	1275.851318
3664.915039	1237.899658
3662.375000	1291.527954
3659.833984	1301.815918
3657.292969	1330.782959
3654.750000	1332.196899
3652.206055	1345.402344
3649.661133	1374.314087
3647.115234	1376.688843
3644.568359	1435.008911
3642.019531	1415.770874
3639.470703	1422.047119
3636.920898	1426.357178
3634.369141	1427.723389
3631.817383	1473.165649
3629.263672	1495.071289
3626.708984	1529.681274
3624.153320	1540.783325
3621.596680	1560.676514
3619.039063	1573.710449
3616.480469	1629.723389
3613.920898	1643.693359
3611.360352	1661.556152
3608.797852	1665.742065
3606.235352	1683.579712
3603.670898	1685.801880
3601.105469	1751.371216
3598.540039	1757.458984
3595.972656	1750.881836
3593.404297	1772.537964
3590.834961	1809.743164
3588.264648	1814.821777
3585.692383	1822.812012
3583.120117	1900.761841
3580.545898	1893.166870
3577.971680	1947.718140
3575.395508	1948.843628
3572.818359	1980.041626
3570.240234	2031.577148
3567.661133	2015.216553
3565.081055	2043.439209
3562.500000	2091.976074
3559.917969	2137.567383
3557.333984	2140.541504
3554.750000	2129.970215
3552.164063	2153.248047
3549.577148	2206.466553
3546.989258	2216.166504
3544.400391	2274.141113
3541.810547	2282.837891
3539.219727	2336.875000
3536.626953	2332.034424
3534.034180	2351.298584
3531.439453	2409.091064
3528.844727	2439.864014
3526.248047	2478.312744
3523.650391	2510.954102
3521.051758	2555.111328
3518.451172	2554.034912
3515.850586	2613.514648
3513.249023	2646.041016
3510.645508	2623.796631
3508.041016	2672.609619
3505.436523	2715.623291
3502.830078	2755.722168
3500.222656	2784.281006
3497.613281	2807.064941
3495.003906	2884.432617
3492.393555	2877.468994
3489.781250	2933.682617
3487.167969	2998.458740
3484.553711	2984.758789
3481.938477	2980.628906
3479.322266	3099.766113
3476.705078	3065.980225
3474.086914	3163.974854
3471.466797	3135.914551
3468.845703	3176.559570
3466.224609	3207.633789
3463.601563	3263.461914
3460.977539	3248.741455
3458.351563	3310.216797
3455.725586	3421.137939
3453.098633	3472.019775
3450.469727	3404.921631
3447.839844	3546.081055
3445.208984	3514.166992
3442.577148	3576.317627
3439.944336	3598.536377
3437.310547	3688.119629
3434.674805	3683.707031
3432.039063	3753.262207
3429.401367	3773.468262
3426.762695	3861.873291
3424.123047	3927.472656
3421.481445	3923.908936
3418.839844	3933.594727
3416.197266	4136.225586
3413.552734	4023.847168
3410.907227	4172.396973
3408.260742	4199.904297
3405.613281	4291.595215
3402.963867	4290.710938
3400.314453	4310.581055
3397.663086	4445.484375
3395.011719	4429.449219
3392.358398	4635.793945
3389.704102	4674.314941
3387.047852	4677.969238
3384.391602	4736.198242
3381.733398	4826.357422
3379.075195	4837.459961
3376.415039	4902.121094
3373.753906	4908.481445
3371.090820	5067.895508
3368.427734	5048.833984
3365.762695	5175.210938
3363.097656	5235.831543
3360.430664	5275.775391
3357.762695	5295.069336
3355.092773	5393.957520
3352.422852	5432.841797
3349.750977	5486.664063
3347.079102	5667.654785
3344.405273	5688.601563
3341.729492	5801.121094
3339.053711	5899.529297
3336.376953	5900.734863
3333.698242	6015.813965
3331.018555	6058.018066
3328.337891	6174.792480
3325.656250	6310.109375
3322.973633	6410.831543
3320.289063	6408.078613
3317.604492	6571.977051
3314.917969	6557.986816
3312.230469	6664.002930
3309.541016	6721.576660
3306.851563	6953.827148
3304.160156	6933.186035
3301.467773	6994.278320
3298.774414	7086.875000
3296.080078	7095.886719
3293.384766	7235.653809
3290.687500	7230.685059
3287.990234	7323.938965
3285.291016	7508.805664
3282.589844	7521.309570
3279.888672	7564.339355
3277.186523	7741.457031
3274.482422	7824.108887
3271.777344	7960.291504
3269.071289	8129.612305
3266.364258	7981.127930
3263.655273	8211.208008
3260.945313	8292.545898
3258.234375	8474.333008
3255.522461	8430.112305
3252.809570	8501.107422
3250.095703	8629.141602
3247.379883	8794.808594
3244.663086	8802.969727
3241.945313	8987.730469
3239.226563	8994.876953
3236.505859	9098.513672
3233.784180	9162.556641
3231.061523	9388.153320
3228.337891	9548.383789
3225.613281	9552.506836
3222.886719	9732.698242
3220.160156	9792.647461
3217.431641	9808.562500
3214.702148	9911.467773
3211.970703	10082.024414
3209.239258	10119.746094
3206.505859	10334.878906
3203.771484	10496.792969
3201.035156	10424.611328
3198.298828	10642.976563
3195.560547	10757.970703
3192.821289	10916.670898
3190.081055	10980.351563
3187.339844	11217.233398
3184.596680	11319.004883
3181.853516	11405.196289
3179.108398	11569.629883
3176.361328	11655.629883
3173.614258	11749.741211
3170.865234	11955.638672
3168.115234	12068.622070
3165.364258	12088.813477
3162.612305	12218.892578
3159.858398	12414.226563
3157.104492	12473.254883
3154.347656	12621.128906
3151.590820	12802.419922
3148.833008	13017.990234
3146.073242	13111.970703
3143.312500	13194.093750
3140.550781	13424.587891
3137.787109	13471.208984
3135.023438	13713.130859
3132.257813	13768.616211
3129.491211	13897.241211
3126.722656	14046.522461
3123.954102	14424.078125
3121.183594	14455.677734
3118.412109	14387.122070
3115.638672	14693.696289
3112.865234	14893.653320
3110.089844	15042.984375
3107.313477	15052.612305
3104.536133	15247.637695
3101.756836	15348.922852
3098.976563	15531.948242
3096.195313	15692.336914
3093.413086	15813.946289
3090.628906	15943.527344
3087.844727	16163.656250
3085.058594	16280.399414
3082.270508	16739.648438
3079.482422	16951.056641
3076.692383	17054.742188
3073.901367	17219.238281
3071.109375	17329.867188
3068.315430	17470.822266
3065.520508	17668.896484
3062.724609	17738.931641
3059.927734	17956.367188
3057.128906	18293.316406
3054.329102	18295.996094
3051.528320	18419.166016
3048.726563	18791.138672
3045.922852	18959.453125
3043.118164	19108.001953
3040.312500	19345.515625
3037.505859	19420.722656
3034.697266	19451.347656
3031.887695	19899.269531
3029.077148	19902.070313
3026.264648	20154.687500
3023.452148	20298.660156
3020.637695	20292.382813
3017.821289	20557.792969
3015.004883	20765.277344
3012.186523	21006.283203
3009.367188	21230.222656
3006.545898	21291.763672
3003.724609	21577.380859
3000.901367	21514.728516
2998.077148	21888.496094
2995.250977	21984.119141
2992.423828	22151.281250
2989.595703	22411.992188
2986.766602	22643.306641
2983.935547	22678.343750
2981.104492	22876.660156
2978.270508	23076.558594
2975.436523	23267.453125
2972.600586	23288.019531
2969.763672	23286.529297
2966.925781	23632.966797
2964.085938	23783.630859
2961.245117	24052.960938
2958.403320	24221.765625
2955.560547	24295.449219
2952.715820	24584.388672
2949.870117	24825.626953
2947.023438	24953.365234
2944.174805	25197.722656
2941.325195	25363.771484
2938.474609	25364.800781
2935.622070	25518.341797
2932.768555	25554.332031
2929.914063	26108.744141
2927.058594	26224.962891
2924.201172	26150.318359
2921.342773	26576.011719
2918.483398	26761.781250
2915.622070	26912.423828
2912.759766	27184.333984
2909.896484	27316.304688
2907.032227	27470.839844
2904.166016	27811.025391
2901.298828	27890.205078
2898.429688	28015.494141
2895.559570	28183.347656
2892.688477	28597.460938
2889.816406	28549.042969
2886.942383	28784.267578
2884.067383	29183.621094
2881.191406	29247.107422
2878.314453	29523.380859
2875.435547	29690.849609
2872.554688	29751.394531
2869.673828	29958.503906
2866.791016	30373.560547
2863.907227	30511.708984
2861.021484	30528.419922
2858.134766	30925.316406
2855.247070	31020.587891
2852.358398	31378.818359
2849.467773	31618.224609
2846.576172	31771.818359
2843.682617	31932.177734
2840.789063	31977.503906
2837.893555	32231.718750
2834.996094	32653.117188
2832.097656	32772.214844
2829.198242	32924.824219
2826.297852	33039.363281
2823.395508	33098.660156
2820.492188	33384.351563
2817.587891	33660.312500
2814.681641	33586.734375
2811.774414	33479.675781
2808.866211	33745.734375
2805.956055	34162.753906
2803.044922	34464.316406
2800.131836	34582.765625
2797.218750	34540.656250
2794.303711	34537.164063
2791.386719	34645.960938
2788.468750	35052.824219
2785.549805	35025.097656
2782.629883	35172.875000
2779.708008	35388.960938
2776.785156	35583.460938
2773.860352	35752.128906
2770.935547	35725.804688
2768.007813	35661.054688
2765.080078	35985.664063
2762.150391	36098.335938
2759.219727	36137.535156
2756.287109	35983.152344
2753.353516	36247.332031
2750.418945	36219.937500
2747.482422	36269.187500
2744.544922	36192.425781
2741.606445	36406.652344
2738.666016	36577.308594
2735.724609	36569.320313
2732.782227	36451.734375
2729.837891	36663.714844
2726.892578	36861.066406
2723.945313	36863.097656
2720.997070	36642.941406
2718.047852	36880.683594
2715.097656	36826.750000
2712.145508	36978.640625
2709.191406	37128.691406
2706.237305	36787.015625
2703.281250	36998.730469
2700.323242	36749.539063
2697.364258	36898.531250
2694.404297	36989.945313
2691.443359	37006.976563
2688.480469	36875.476563
2685.515625	36828.421875
2682.550781	36923.027344
2679.583984	37067.253906
2676.615234	36927.492188
2673.646484	36845.937500
2670.674805	36973.136719
2667.703125	36447.500000
2664.729492	36674.789063
2661.754883	36532.101563
2658.778320	36635.648438
2655.800781	36387.296875
2652.821289	36437.082031
2649.840820	36043.906250
2646.859375	36176.785156
2643.876953	35927.371094
2640.892578	36043.406250
2637.906250	36052.148438
2634.918945	35993.078125
2631.930664	35587.718750
2628.941406	35595.785156
2625.950195	35538.644531
2622.957031	35318.636719
2619.963867	35389.406250
2616.967773	35176.324219
2613.971680	35258.753906
2610.973633	35051.734375
2607.974609	34784.882813
2604.973633	34755.707031
2601.971680	34434.246094
2598.967773	34525.929688
2595.962891	34338.796875
2592.957031	34189.246094
2589.949219	33940.906250
2586.940430	33442.695313
2583.929688	33440.718750
2580.917969	33499.332031
2577.905273	33331.367188
2574.890625	33187.597656
2571.875000	32824.273438
2568.857422	32824.191406
2565.838867	32494.470703
2562.819336	32418.357422
2559.797852	32166.882813
2556.775391	31865.177734
2553.750977	31556.298828
2550.725586	31349.328125
2547.698242	31309.375000
2544.669922	30984.632813
2541.640625	30812.009766
2538.609375	30436.632813
2535.577148	30366.626953
2532.542969	30251.353516
2529.507813	29940.142578
2526.471680	29696.716797
2523.433594	29463.380859
2520.393555	29282.068359
2517.353516	29086.935547
2514.310547	28931.416016
2511.267578	28404.759766
2508.222656	28481.207031
2505.175781	28248.191406
2502.127930	27784.066406
2499.079102	27554.845703
2496.028320	27090.628906
2492.976563	26843.080078
2489.922852	26748.857422
2486.868164	26441.933594
2483.812500	26148.373047
2480.754883	25994.070313
2477.695313	25720.580078
2474.634766	25456.322266
2471.573242	25264.148438
2468.509766	25004.406250
2465.445313	24788.130859
2462.378906	24646.244141
2459.311523	24480.843750
2456.242188	24288.707031
2453.171875	23981.931641
2450.100586	23505.332031
2447.027344	23337.478516
2443.953125	22928.275391
2440.876953	22629.164063
2437.799805	22439.177734
2434.720703	22461.289063
2431.640625	22125.451172
2428.558594	21984.611328
2425.475586	21736.050781
2422.390625	21424.496094
2419.304688	21239.597656
2416.217773	21032.193359
2413.128906	20705.994141
2410.038086	20435.103516
2406.946289	20245.318359
2403.853516	20013.671875
2400.758789	19772.541016
2397.663086	19485.597656
2394.565430	19202.951172
2391.466797	19044.798828
2388.366211	18669.066406
2385.264648	18509.681641
2382.161133	18378.636719
2379.056641	18099.541016
2375.950195	18079.064453
2372.842773	17732.775391
2369.734375	17663.423828
2366.624023	17316.835938
2363.511719	17196.312500
2360.398438	16892.810547
2357.284180	16735.664063
2354.167969	16678.138672
2351.049805	16408.962891
2347.930664	16364.455078
2344.810547	15826.482422
2341.688477	15782.276367
2338.564453	15718.095703
2335.439453	15412.364258
2332.313477	15361.200195
2329.185547	15229.351563
2326.056641	15024.920898
2322.925781	14708.083008
2319.792969	14538.396484
2316.660156	14386.414063
2313.524414	14224.203125
2310.387695	14073.295898
2307.250000	13923.322266
2304.110352	13632.540039
2300.969727	13504.392578
2297.827148	13436.822266
2294.682617	13246.852539
2291.537109	13050.698242
2288.390625	12832.477539
2285.242188	12735.949219
2282.092773	12559.343750
2278.941406	12469.370117
2275.788086	12270.843750
2272.633789	12157.304688
2269.478516	11989.997070
2266.321289	11900.442383
2263.162109	11658.214844
2260.001953	11477.916016
2256.840820	11293.037109
2253.676758	11022.180664
2250.512695	11014.636719
2247.346680	10814.431641
2244.178711	10781.728516
2241.009766	10626.779297
2237.838867	10356.851563
2234.666992	10292.873047
2231.493164	10130.482422
2228.318359	10007.610352
2225.141602	9832.120117
2221.963867	9700.057617
2218.784180	9660.895508
2215.602539	9452.797852
2212.419922	9387.859375
2209.236328	9128.259766
2206.050781	9065.097656
2202.863281	8874.916992
2199.674805	8805.655273
2196.485352	8879.870117
2193.292969	8679.852539
2190.100586	8457.315430
2186.905273	8400.107422
2183.709961	8286.632813
2180.511719	8178.734863
2177.312500	8146.737305
2174.112305	7981.981934
2170.910156	7879.836914
2167.706055	7773.103516
2164.500977	7529.970703
2161.294922	7491.324707
2158.085938	7338.942871
2154.876953	7249.791504
2151.665039	7156.829102
2148.452148	7105.971680
2145.238281	7015.494141
2142.022461	6949.976074
2138.804688	6868.977051
2135.585938	6774.072754
2132.365234	6596.191895
2129.143555	6564.352051
2125.919922	6543.397461
2122.695313	6392.229004
2119.468750	6386.867676
2116.240234	6218.874023
2113.010742	6164.054199
2109.780273	6054.350586
2106.546875	5937.788574
2103.312500	5844.524902
2100.077148	5817.792480
2096.839844	5692.235840
2093.600586	5632.406250
2090.360352	5562.602051
2087.119141	5502.886719
2083.875000	5384.647949
2080.629883	5360.509277
2077.383789	5256.307129
2074.135742	5179.141602
2070.885742	5176.670410
2067.634766	5031.176270
2064.381836	4954.991211
2061.127930	4886.559082
2057.871094	4845.064453
2054.614258	4733.000488
2051.355469	4749.148438
2048.094727	4655.635742
2044.832031	4487.872559
2041.568359	4442.062988
2038.303711	4347.294434
2035.037109	4373.528320
2031.768555	4339.307617
2028.498047	4256.187500
2025.226563	4160.918945
2021.954102	4077.197021
2018.678711	4086.693604
2015.403320	3993.927490
2012.125000	4013.366943
2008.845703	3895.564697
2005.564453	3820.544922
2002.282227	3751.688232
1998.998047	3735.422363
1995.712891	3636.234863
1992.424805	3575.927490
1989.136719	3555.964355
1985.845703	3506.387695
1982.553711	3446.225342
1979.260742	3314.769287
1975.964844	3250.202393
1972.667969	3268.353271
1969.370117	3219.027588
1966.070313	3143.990234
1962.768555	3086.439941
1959.465820	3058.461426
1956.161133	3016.892090
1952.854492	2964.775635
1949.546875	2949.740723
1946.237305	2930.942383
1942.925781	2839.677734
1939.613281	2802.081543
1936.298828	2751.697510
1932.982422	2706.638672
1929.665039	2681.215332
1926.346680	2606.856689
1923.025391	2596.561035
1919.703125	2596.056396
1916.378906	2557.193359
1913.053711	2483.786377
1909.726563	2475.068848
1906.397461	2396.513672
1903.067383	2354.065430
1899.735352	2376.932861
1896.401367	2304.536133
1893.066406	2245.700928
1889.729492	2224.382080
1886.390625	2199.338867
1883.050781	2171.325195
1879.708984	2154.559326
1876.365234	2105.656006
1873.020508	2082.957764
1869.673828	2083.438477
1866.326172	1979.385864
1862.975586	1964.988892
1859.624023	1955.826660
1856.271484	1932.506836
1852.916016	1873.439331
1849.559570	1876.994995
1846.202148	1855.978760
1842.841797	1801.497192
1839.480469	1825.161865
1836.118164	1764.056519
1832.752930	1752.792725
1829.386719	1711.090088
1826.018555	1685.758179
1822.649414	1671.579224
1819.278320	1653.705688
1815.905273	1586.929077
1812.531250	1549.110229
1809.154297	1520.953979
1805.777344	1495.045166
1802.397461	1439.570679
1799.016602	1465.483521
1795.633789	1478.806763
1792.249023	1415.294556
1788.863281	1416.815308
1785.475586	1375.532959
1782.085938	1354.942993
1778.694336	1320.365356
1775.301758	1272.557739
1771.907227	1287.398926
1768.510742	1286.766113
1765.113281	1277.304077
1761.713867	1209.753174
1758.312500	1220.918701
1754.910156	1180.644531
1751.505859	1154.361694
1748.099609	1175.812012
1744.691406	1148.822876
1741.282227	1125.526123
1737.871094	1094.922974
1734.458008	1098.777954
1731.042969	1061.627930
1727.626953	1055.981323
1724.208984	1024.008057
1720.790039	1038.123657
1717.368164	1005.459351
1713.945313	972.096497
1710.520508	960.665955
1707.093750	941.220337
1703.666016	947.317932
1700.236328	919.150513
1696.804688	897.567505
1693.371094	878.918213
1689.936523	906.867676
1686.500000	884.594177
1683.061523	855.798523
1679.622070	844.472778
1676.179688	789.575134
1672.736328	834.196289
1669.291016	790.242371
1665.844727	792.025635
1662.396484	772.058594
1658.945313	771.674683
1655.494141	721.319885
1652.040039	718.065491
1648.584961	712.643555
1645.126953	713.011780
1641.668945	709.042725
1638.208008	690.628967
1634.745117	662.124512
1631.281250	645.195251
1627.815430	654.250732
1624.347656	627.969055
1620.878906	605.316467
1617.408203	582.686218
1613.935547	601.832214
1610.460938	584.262512
1606.984375	599.792236
1603.506836	567.864258
1600.027344	563.987793
1596.545898	537.854004
1593.062500	530.407288
1589.577148	540.184814
1586.090820	522.705627
1582.602539	551.109863
1579.112305	504.990326
1575.620117	476.815308
1572.126953	499.474487
1568.630859	477.767059
1565.133789	470.378448
1561.634766	469.427551
1558.133789	431.341980
1554.631836	448.255829
1551.127930	438.042358
1547.621094	436.395752
1544.114258	414.794830
1540.604492	403.900665
1537.092773	413.664948
1533.580078	397.088959
1530.065430	410.402802
1526.548828	395.266602
1523.030273	366.645020
1519.509766	354.386597
1515.988281	348.528900
1512.463867	372.474976
1508.938477	358.813446
1505.411133	326.029053
1501.882813	345.699310
1498.351563	323.575043
1494.818359	317.042053
1491.284180	324.662048
1487.748047	299.753693
1484.209961	308.081024
1480.669922	303.687286
1477.128906	307.062653
1473.584961	285.740814
1470.040039	284.890564
1466.493164	283.336212
1462.944336	258.536194
1459.393555	266.149841
1455.840820	256.162079
1452.287109	268.692657
1448.730469	241.840912
1445.172852	245.231110
1441.613281	249.320038
1438.051758	255.510544
1434.488281	244.856354
1430.922852	240.524048
1427.356445	230.589020
1423.787109	231.872345
1420.216797	207.948395
1416.644531	219.039032
1413.070313	210.533707
1409.494141	208.328781
1405.916016	212.414612
1402.336914	201.131912
1398.754883	212.197205
1395.171875	194.647034
1391.585938	198.731110
1387.999023	176.327011
1384.410156	182.505875
1380.819336	181.716003
1377.226563	171.880524
1373.632813	166.923660
1370.036133	171.704010
1366.438477	168.141769
1362.837891	167.360886
1359.236328	161.028015
1355.632813	139.439560
1352.027344	155.315323
1348.419922	160.779465
1344.810547	146.150803
1341.199219	153.690781
1337.585938	127.317665
1333.970703	134.167847
1330.354492	141.702133
1326.735352	138.174591
1323.115234	131.198059
1319.493164	131.130264
1315.869141	122.095032
1312.242188	126.168549
1308.614258	120.590553
1304.984375	119.839394
1301.353516	114.958694
1297.719727	110.083000
1294.083984	114.839569
1290.446289	119.591156
1286.807617	109.224876
1283.166016	102.302261
1279.523438	111.856438
1275.877930	106.997169
1272.231445	95.287674
1268.582031	93.867790
1264.931641	104.775917
1261.279297	99.245758
1257.625000	97.825897
1253.968750	96.407455
1250.310547	90.206757
1246.650391	85.378525
1242.988281	81.237961
1239.324219	85.971779
1235.658203	84.562973
1231.990234	71.568344
1228.320313	84.474640
1224.648438	76.259789
1220.975586	74.858833
1217.299805	77.540382
1213.622070	77.499786
1209.943359	77.459198
1206.261719	65.194626
1202.578125	67.196716
1198.893555	65.126274
1195.206055	65.092102
1191.517578	52.181889
1187.826172	61.637115
1184.133789	61.604733
1180.438477	58.865871
1176.742188	62.892498
1173.042969	52.044884
1169.342773	64.852974
1165.639648	52.665291
1161.935547	54.662067
1158.228516	49.237377
1154.520508	50.559669
1150.809570	54.575634
1147.097656	49.159485
1143.382813	48.460461
1139.666992	52.471096
1135.948242	38.323994
1132.227539	49.727646
1128.505859	51.044617
1124.781250	41.619617
1121.055664	44.952221
1117.327148	47.610695
1113.596680	46.245022
1109.865234	41.531460
1106.130859	37.492382
1102.394531	41.487389
1098.657227	38.790173
1094.916992	38.101120
1091.174805	40.085121
1087.430664	38.060612
1083.684570	49.385731
1079.936523	38.020107
1076.186523	39.333183
1072.434570	40.644844
1068.680664	37.959358
1064.924805	27.955135
1061.166992	36.588379
1057.406250	29.919964
1053.644531	32.562111
1049.880859	35.201420
1046.114258	34.518776
1042.346680	25.875233
1038.576172	35.144958
1034.803711	30.486837
1031.030273	29.808102
1027.253906	32.440315
1023.475586	34.407993
1019.695313	29.760174
1015.913086	29.744198
1012.128906	29.728224
1008.342773	26.410889
1004.553711	23.757021
