4046.277344	249.464203
4043.892578	240.030670
4041.505859	233.649521
4039.119141	261.835632
4036.731445	250.216125
4034.342773	252.210419
4031.952148	254.203049
4029.561523	262.468170
4027.169922	278.043640
4024.777344	271.664551
4022.383789	268.423798
4019.989258	262.053406
4017.593750	273.429596
4015.197266	267.062103
4012.799805	286.769501
4010.401367	277.274445
4008.001953	272.996674
4005.601563	270.805359
4003.201172	285.273987
4000.798828	297.649628
3998.395508	300.652466
3995.991211	298.453278
3993.585938	312.887665
3991.180664	305.489807
3988.773438	293.943024
3986.365234	315.629517
3983.957031	305.125549
3981.546875	272.843872
3979.135742	301.771698
3976.724609	336.896057
3974.311523	323.291412
3971.898438	304.518585
3969.483398	319.927673
3967.068359	309.450592
3964.651367	330.017944
3962.234375	369.183044
3959.815430	335.956848
3957.396484	349.255615
3954.975586	340.852997
3952.554688	351.041534
3950.131836	361.221832
3947.708984	368.298950
3945.284180	361.964203
3942.859375	361.819366
3940.432617	381.252350
3938.005859	387.279663
3935.577148	380.946991
3933.148438	379.765167
3930.718750	409.447021
3928.287109	403.112732
3925.855469	398.839294
3923.421875	401.761810
3920.988281	392.356537
3918.552734	399.385864
3916.117188	421.803741
3913.680664	418.556610
3911.242188	421.464752
3908.803711	449.996643
3906.363281	453.914185
3903.922852	444.513519
3901.480469	443.310760
3899.038086	454.389648
3896.593750	463.413513
3894.149414	442.775269
3891.703125	466.106567
3889.256836	470.005646
3886.808594	472.880066
3884.360352	456.354431
3881.910156	500.052399
3879.459961	495.770081
3877.007813	511.884918
3874.555664	513.716675
3872.101563	510.452423
3869.646484	487.840027
3867.191406	523.274231
3864.734375	529.168335
3862.277344	542.178040
3859.818359	555.177063
3857.358398	571.214539
3854.897461	540.503601
3852.436523	568.720642
3849.973633	557.323303
3847.509766	574.348083
3845.044922	588.315796
3842.579102	586.049255
3840.113281	579.730286
3837.645508	635.215576
3835.176758	613.691040
3832.707031	594.208374
3830.236328	625.334778
3827.764648	659.470093
3825.291992	613.704834
3822.818359	631.646606
3820.343750	645.532715
3817.868164	666.475952
3815.390625	664.185791
3812.913086	676.023071
3810.434570	683.816284
3807.955078	657.325195
3805.473633	682.251099
3802.992188	673.914063
3800.509766	692.770874
3798.025391	686.449036
3795.541016	748.547729
3793.054688	723.099548
3790.568359	761.005188
3788.080078	744.616150
3785.591797	756.365417
3783.101563	767.100769
3780.610352	774.816223
3778.119141	807.606018
3775.625977	831.343384
3773.131836	808.949890
3770.636719	837.676758
3768.140625	841.339966
3765.643555	828.981018
3763.145508	862.667542
3760.646484	898.326904
3758.146484	837.961243
3755.645508	880.597839
3753.143555	845.266785
3750.639648	918.825256
3748.135742	920.444580
3745.630859	923.060181
3743.124023	912.705994
3740.617188	931.275391
3738.108398	971.756104
3735.599609	905.603088
3733.088867	976.931946
3730.577148	974.539001
3728.064453	1001.003784
3725.551758	998.602356
3723.037109	1005.150513
3720.521484	984.860291
3718.004883	1039.091064
3715.487305	1046.606567
3712.967773	1036.249268
3710.448242	1046.735596
3707.927734	1092.916260
3705.406250	1089.491089
3702.882813	1125.706055
3700.359375	1094.534668
3697.833984	1122.796021
3695.308594	1138.167358
3692.781250	1152.536499
3690.252930	1132.282104
3687.723633	1154.548828
3685.193359	1159.011597
3682.662109	1174.334595
3680.129883	1162.988647
3677.596680	1193.099365
3675.062500	1208.388184
3672.527344	1251.272827
3669.990234	1251.739868
3667.453125	1220.679321
3664.915039	1278.276611
3662.375000	1283.652832
3659.833984	1328.383545
3657.292969	1314.062134
3654.750000	1377.422729
3652.206055	1338.522949
3649.661133	1320.284546
3647.115234	1378.652710
3644.568359	1378.079712
3642.019531	1440.299072
3639.470703	1392.625488
3636.920898	1410.672119
3634.369141	1432.622925
3631.817383	1434.965210
3629.263672	1466.677734
3626.708984	1498.363403
3624.153320	1531.978882
3621.596680	1494.181519
3619.039063	1563.935791
3616.480469	1529.086914
3613.920898	1561.655151
3611.360352	1600.053223
3608.797852	1617.926392
3606.235352	1644.562866
3603.670898	1688.726929
3601.105469	1677.301025
3598.540039	1689.264893
3595.972656	1722.641846
3593.404297	1719.001709
3590.834961	1764.986084
3588.264648	1771.055908
3585.692383	1828.645020
3583.120117	1815.246948
3580.545898	1854.312744
3577.971680	1880.722900
3575.395508	1865.377197
3572.818359	1912.132324
3570.240234	1916.179688
3567.661133	1972.566528
3565.081055	1957.205811
3562.500000	2018.369507
3559.917969	2077.545166
3557.333984	2052.481201
3554.750000	2097.082275
3552.164063	2096.201904
3549.577148	2104.986572
3546.989258	2214.234375
3544.400391	2172.746094
3541.810547	2200.790771
3539.219727	2227.846436
3536.626953	2243.305420
3534.034180	2269.354980
3531.439453	2320.436523
3528.844727	2430.231689
3526.248047	2374.327637
3523.650391	2424.336182
3521.051758	2392.530762
3518.451172	2486.722168
3515.850586	2519.316650
3513.249023	2530.745117
3510.645508	2581.539307
3508.041016	2512.291504
3505.436523	2644.614014
3502.830078	2703.926514
3500.222656	2656.764160
3497.613281	2724.645020
3495.003906	2736.906006
3492.393555	2802.779297
3489.781250	2791.066406
3487.167969	2785.103271
3484.553711	2821.223389
3481.938477	2923.272461
3479.322266	3006.123535
3476.705078	2990.524658
3474.086914	2981.621582
3471.466797	3014.715088
3468.845703	3125.047607
3466.224609	3152.329834
3463.601563	3169.103760
3460.977539	3181.098877
3458.351563	3269.267578
3455.725586	3297.390625
3453.098633	3359.742920
3450.469727	3344.051514
3447.839844	3384.463379
3445.208984	3388.729004
3442.577148	3500.326904
3439.944336	3602.334229
3437.310547	3502.100342
3434.674805	3584.096191
3432.039063	3598.693848
3429.401367	3668.254639
3426.762695	3731.123047
3424.123047	3747.530762
3421.481445	3778.123291
3418.839844	3808.688721
3416.197266	3860.035889
3413.552734	3917.956299
3410.907227	4041.979980
3408.260742	4040.258545
3405.613281	4068.753418
3402.963867	4141.583496
3400.314453	4222.841309
3397.663086	4192.750000
3395.011719	4292.767090
3392.358398	4347.470215
3389.704102	4358.801270
3387.047852	4423.782715
3384.391602	4501.881836
3381.733398	4524.416504
3379.075195	4562.914063
3376.415039	4660.586426
3373.753906	4782.598633
3371.090820	4805.908691
3368.427734	4798.222656
3365.762695	4904.065918
3363.097656	4922.600586
3360.430664	5032.984863
3357.762695	5039.264160
3355.092773	5142.944824
3352.422852	5216.576660
3349.750977	5274.234863
3347.079102	5301.908691
3344.405273	5409.033691
3341.729492	5432.884766
3339.053711	5582.832520
3336.376953	5593.512207
3333.698242	5621.916016
3331.018555	5724.934570
3328.337891	5815.738770
3325.656250	5830.955078
3322.973633	5925.359863
3320.289063	6053.212891
3317.604492	6126.024902
3314.917969	6290.902344
3312.230469	6209.131836
3309.541016	6297.584473
3306.851563	6371.088867
3304.160156	6482.617188
3301.467773	6683.194336
3298.774414	6655.257813
3296.080078	6781.359375
3293.384766	6840.577148
3290.687500	6934.041504
3287.990234	6930.128906
3285.291016	6964.192871
3282.589844	7107.470703
3279.888672	7100.706543
3277.186523	7290.974121
3274.482422	7407.106445
3271.777344	7407.609375
3269.071289	7624.283203
3266.364258	7663.471191
3263.655273	7731.236816
3260.945313	7970.549805
3258.234375	8003.075195
3255.522461	8094.567383
3252.809570	8142.670898
3250.095703	8261.650391
3247.379883	8335.413086
3244.663086	8454.201172
3241.945313	8678.665039
3239.226563	8603.195313
3236.505859	8687.702148
3233.784180	8769.376953
3231.061523	8828.941406
3228.337891	8928.835938
3225.613281	9193.783203
3222.886719	9335.613281
3220.160156	9318.736328
3217.431641	9489.704102
3214.702148	9485.590820
3211.970703	9663.657227
3209.239258	9842.480469
3206.505859	9906.812500
3203.771484	10048.798828
3201.035156	10052.663086
3198.298828	10236.477539
3195.560547	10345.255859
3192.821289	10518.738281
3190.081055	10567.995117
3187.339844	10640.003906
3184.596680	10754.787109
3181.853516	10812.978516
3179.108398	11052.347656
3176.361328	11176.805664
3173.614258	11258.386719
3170.865234	11467.226563
3168.115234	11629.515625
3165.364258	11552.664063
3162.612305	11651.184570
3159.858398	11745.076172
3157.104492	11892.427734
3154.347656	12064.140625
3151.590820	12104.220703
3148.833008	12332.785156
3146.073242	12485.952148
3143.312500	12705.993164
3140.550781	12657.002930
3137.787109	12932.867188
3135.023438	12988.721680
3132.257813	13081.586914
3129.491211	13193.342773
3126.722656	13403.446289
3123.954102	13451.759766
3121.183594	13625.462891
3118.412109	13683.551758
3115.638672	13875.926758
3112.865234	14080.748047
3110.089844	14201.607422
3107.313477	14250.323242
3104.536133	14190.085938
3101.756836	14411.488281
3098.976563	14520.285156
3096.195313	14752.126953
3093.413086	14865.164063
3090.628906	14905.352539
3087.844727	15220.193359
3085.058594	15258.387695
3082.270508	15624.808594
3079.482422	15736.296875
3076.692383	15941.774414
3073.901367	16168.564453
3071.109375	16209.818359
3068.315430	16544.568359
3065.520508	16617.816406
3062.724609	16966.390625
3059.927734	16994.689453
3057.128906	17241.833984
3054.329102	17311.947266
3051.528320	17387.349609
3048.726563	17668.773438
3045.922852	17885.738281
3043.118164	17983.058594
3040.312500	18311.949219
3037.505859	18236.207031
3034.697266	18440.945313
3031.887695	18817.236328
3029.077148	18868.544922
3026.264648	19171.402344
3023.452148	19267.820313
3020.637695	19281.539063
3017.821289	19616.648438
3015.004883	19757.099609
3012.186523	19916.050781
3009.367188	20241.552734
3006.545898	20368.230469
3003.724609	20462.898438
3000.901367	20523.826172
2998.077148	20738.707031
2995.250977	21158.652344
2992.423828	21220.058594
2989.595703	21366.263672
2986.766602	21797.728516
2983.935547	21712.142578
2981.104492	22166.011719
2978.270508	22260.337891
2975.436523	22437.480469
2972.600586	22599.472656
2969.763672	22688.173828
2966.925781	22842.853516
2964.085938	23202.533203
2961.245117	23345.392578
2958.403320	23234.773438
2955.560547	23834.705078
2952.715820	23992.015625
2949.870117	24059.570313
2947.023438	24243.849609
2944.174805	24337.552734
2941.325195	24531.179688
2938.474609	24615.888672
2935.622070	24857.417969
2932.768555	24966.423828
2929.914063	25174.287109
2927.058594	25609.562500
2924.201172	25461.691406
2921.342773	25812.474609
2918.483398	26091.250000
2915.622070	26205.490234
2912.759766	26420.941406
2909.896484	26875.410156
2907.032227	26743.904297
2904.166016	27059.117188
2901.298828	27132.527344
2898.429688	27347.917969
2895.559570	27416.761719
2892.688477	27646.621094
2889.816406	27673.476563
2886.942383	28154.417969
2884.067383	28146.224609
2881.191406	28337.943359
2878.314453	28440.863281
2875.435547	28816.363281
2872.554688	28983.195313
2869.673828	29068.312500
2866.791016	29580.031250
2863.907227	29549.496094
2861.021484	29490.384766
2858.134766	29879.085938
2855.247070	30086.498047
2852.358398	30124.980469
2849.467773	30344.189453
2846.576172	30795.753906
2843.682617	30861.494141
2840.789063	30819.193359
2837.893555	31265.595703
2834.996094	31336.187500
2832.097656	31577.501953
2829.198242	31375.410156
2826.297852	31794.009766
2823.395508	31791.837891
2820.492188	31843.044922
2817.587891	32219.533203
2814.681641	32163.806641
2811.774414	32313.638672
2808.866211	32496.847656
2805.956055	32573.349609
2803.044922	32854.156250
2800.131836	32944.140625
2797.218750	33417.554688
2794.303711	33344.246094
2791.386719	33355.855469
2788.468750	33585.933594
2785.549805	33555.441406
2782.629883	33679.906250
2779.708008	33876.984375
2776.785156	33884.000000
2773.860352	34221.847656
2770.935547	34320.972656
2768.007813	34256.855469
2765.080078	34220.105469
2762.150391	34306.261719
2759.219727	34742.906250
2756.287109	34838.109375
2753.353516	34787.484375
2750.418945	34918.335938
2747.482422	35040.546875
2744.544922	35055.398438
2741.606445	35208.039063
2738.666016	35257.644531
2735.724609	35536.671875
2732.782227	35277.683594
2729.837891	35542.839844
2726.892578	35453.812500
2723.945313	35722.871094
2720.997070	35430.300781
2718.047852	35544.839844
2715.097656	35647.402344
2712.145508	35639.769531
2709.191406	35714.242188
2706.237305	35801.324219
2703.281250	35791.062500
2700.323242	35760.511719
2697.364258	35777.296875
2694.404297	35720.574219
2691.443359	35709.480469
2688.480469	35570.125000
2685.515625	35787.652344
2682.550781	35727.609375
2679.583984	35787.269531
2676.615234	35589.972656
2673.646484	35711.074219
2670.674805	35438.234375
2667.703125	35567.683594
2664.729492	35442.261719
2661.754883	35219.460938
2658.778320	35206.003906
2655.800781	35064.093750
2652.821289	35038.949219
2649.840820	34886.312500
2646.859375	34867.957031
2643.876953	34428.894531
2640.892578	34598.386719
2637.906250	34720.820313
2634.918945	34538.492188
2631.930664	34318.671875
2628.941406	34337.351563
2625.950195	33940.613281
2622.957031	33910.968750
2619.963867	34020.792969
2616.967773	33986.945313
2613.971680	33557.675781
2610.973633	33438.160156
2607.974609	33296.234375
2604.973633	33254.406250
2601.971680	32830.371094
2598.967773	32731.335938
2595.962891	32664.828125
2592.957031	32600.867188
2589.949219	32168.716797
2586.940430	31972.082031
2583.929688	31955.000000
2580.917969	31800.126953
2577.905273	31426.339844
2574.890625	31334.029297
2571.875000	31091.750000
2568.857422	31070.085938
2565.838867	30727.089844
2562.819336	30738.705078
2559.797852	30352.298828
2556.775391	30077.062500
2553.750977	29801.242188
2550.725586	29435.597656
2547.698242	29470.853516
2544.669922	29132.917969
2541.640625	28897.603516
2538.609375	28512.384766
2535.577148	28553.730469
2532.542969	28460.712891
2529.507813	28140.439453
2526.471680	27770.230469
2523.433594	27431.621094
2520.393555	27550.642578
2517.353516	27211.605469
2514.310547	27231.164063
2511.267578	26827.675781
2508.222656	26644.583984
2505.175781	26327.886719
2502.127930	26160.759766
2499.079102	25633.025391
2496.028320	25621.242188
2492.976563	25117.160156
2489.922852	25216.140625
2486.868164	24850.179688
2483.812500	24701.320313
2480.754883	24378.433594
2477.695313	24273.226563
2474.634766	23775.189453
2471.573242	23604.203125
2468.509766	23498.658203
2465.445313	23327.125000
2462.378906	23091.330078
2459.311523	22896.492188
2456.242188	22657.023438
2453.171875	22508.150391
2450.100586	22202.328125
2447.027344	21792.656250
2443.953125	21545.976563
2440.876953	21286.515625
2437.799805	21053.281250
2434.720703	20919.318359
2431.640625	20741.646484
2428.558594	20528.435547
2425.475586	20264.332031
2422.390625	20151.214844
2419.304688	19812.175781
2416.217773	19448.339844
2413.128906	19325.216797
2410.038086	19047.683594
2406.946289	19026.732422
2403.853516	18726.951172
2400.758789	18534.888672
2397.663086	18266.285156
2394.565430	17901.876953
2391.466797	17846.783203
2388.366211	17455.480469
2385.264648	17302.300781
2382.161133	17328.912109
2379.056641	17098.619141
2375.950195	16822.656250
2372.842773	16620.154297
2369.734375	16491.812500
2366.624023	16210.069336
2363.511719	15986.424805
2360.398438	15814.375000
2357.284180	15635.256836
2354.167969	15554.977539
2351.049805	15430.664063
2347.930664	15133.333984
2344.810547	14974.872070
2341.688477	14675.619141
2338.564453	14470.285156
2335.439453	14279.538086
2332.313477	14167.329102
2329.185547	14219.869141
2326.056641	13840.151367
2322.925781	13685.967773
2319.792969	13569.436523
2316.660156	13341.319336
2313.524414	13094.272461
2310.387695	12959.834961
2307.250000	12790.463867
2304.110352	12777.321289
2300.969727	12507.899414
2297.827148	12352.489258
2294.682617	12162.231445
2291.537109	12078.651367
2288.390625	11932.384766
2285.242188	11858.511719
2282.092773	11594.216797
2278.941406	11418.224609
2275.788086	11336.752930
2272.633789	11079.402344
2269.478516	10914.977539
2266.321289	10970.831055
2263.162109	10684.718750
2260.001953	10569.745117
2256.840820	10552.924805
2253.676758	10396.225586
2250.512695	10281.539063
2247.346680	10014.561523
2244.178711	9943.562500
2241.009766	9703.019531
2237.838867	9650.361328
2234.666992	9448.794922
2231.493164	9326.188477
2228.318359	9313.140625
2225.141602	9078.951172
2221.963867	8919.710938
2218.784180	8942.245117
2215.602539	8755.705078
2212.419922	8606.257813
2209.236328	8533.893555
2206.050781	8470.227539
2202.863281	8263.854492
2199.674805	8197.233398
2196.485352	8094.623047
2193.292969	8021.872559
2190.100586	7787.901855
2186.905273	7794.398438
2183.709961	7616.287109
2180.511719	7582.197754
2177.312500	7469.991699
2174.112305	7460.211914
2170.910156	7242.766602
2167.706055	7151.161621
2164.500977	7034.680664
2161.294922	6973.660156
2158.085938	6812.172363
2154.876953	6740.405273
2151.665039	6685.052734
2148.452148	6612.631348
2145.238281	6547.275879
2142.022461	6407.349609
2138.804688	6346.033691
2135.585938	6144.974121
2132.365234	6208.819824
2129.143555	6119.745117
2125.919922	5987.321289
2122.695313	5852.695313
2119.468750	5925.073242
2116.240234	5737.163086
2113.010742	5653.931152
2109.780273	5590.893066
2106.546875	5510.898926
2103.312500	5411.654297
2100.077148	5353.450684
2096.839844	5282.172363
2093.600586	5225.625488
2090.360352	5071.920410
2087.119141	5039.429199
2083.875000	5016.987305
2080.629883	4877.462402
2077.383789	4905.167969
2074.135742	4788.146484
2070.885742	4708.162109
2067.634766	4692.073730
2064.381836	4547.647461
2061.127930	4500.151367
2057.871094	4424.288574
2054.614258	4432.151367
2051.355469	4301.926270
2048.094727	4308.303223
2044.832031	4234.203613
2041.568359	4106.552734
2038.303711	4100.758789
2035.037109	4010.024170
2031.768555	3956.854980
2028.498047	3908.322510
2025.226563	3843.023193
2021.954102	3796.880127
2018.678711	3701.156494
2015.403320	3658.175049
2012.125000	3637.352295
2008.845703	3539.551270
2005.564453	3481.465820
2002.282227	3396.778320
1998.998047	3378.399170
1995.712891	3334.166260
1992.424805	3347.013184
1989.136719	3260.267334
1985.845703	3177.402588
1982.553711	3130.308838
1979.260742	3070.355225
1975.964844	3033.977539
1972.667969	2939.242920
1969.370117	2905.992920
1966.070313	2903.077148
1962.768555	2887.290283
1959.465820	2801.129883
1956.161133	2763.467041
1952.854492	2722.814941
1949.546875	2728.302490
1946.237305	2605.365967
1942.925781	2613.167969
1939.613281	2598.321289
1936.298828	2552.561523
1932.982422	2500.059570
1929.665039	2471.721680
1926.346680	2420.813965
1923.025391	2413.619629
1919.703125	2381.599609
1916.378906	2339.079834
1913.053711	2324.415039
1909.726563	2311.266602
1906.397461	2213.264160
1903.067383	2190.421875
1899.735352	2165.349854
1896.401367	2138.051514
1893.066406	2092.789307
1889.729492	2019.100586
1886.390625	2064.547852
1883.050781	1958.009766
1879.708984	1955.561890
1876.365234	1959.845337
1873.020508	1914.796509
1869.673828	1893.695313
1866.326172	1883.813843
1862.975586	1829.163574
1859.624023	1814.846069
1856.271484	1817.689697
1852.916016	1763.149292
1849.559570	1733.985840
1846.202148	1715.272827
1842.841797	1669.789307
1839.480469	1645.918091
1836.118164	1672.619995
1832.752930	1604.931030
1829.386719	1556.616699
1826.018555	1552.886841
1822.649414	1503.901978
1819.278320	1496.492432
1815.905273	1497.242798
1812.531250	1428.352295
1809.154297	1442.462769
1805.777344	1411.411377
1802.397461	1386.307983
1799.016602	1344.961914
1795.633789	1314.002197
1792.249023	1321.483276
1788.863281	1321.573364
1785.475586	1250.819946
1782.085938	1228.078369
1778.694336	1197.986450
1775.301758	1225.398682
1771.907227	1174.714722
1768.510742	1160.150635
1765.113281	1152.958252
1761.713867	1132.534912
1758.312500	1130.507568
1754.910156	1128.481689
1751.505859	1082.397705
1748.099609	1048.102173
1744.691406	1064.458496
1741.282227	1017.739563
1737.871094	1037.758301
1734.458008	991.830261
1731.042969	999.394531
1727.626953	989.387878
1724.208984	949.401794
1720.790039	953.319214
1717.368164	941.156738
1713.945313	904.904297
1710.520508	896.426880
1707.093750	892.335266
1703.666016	867.098572
1700.236328	847.717712
1696.804688	835.641174
1693.371094	829.401672
1689.936523	839.180115
1686.500000	794.388855
1683.061523	784.542542
1679.622070	755.810425
1676.179688	775.773926
1672.736328	755.060181
1669.291016	732.915344
1665.844727	731.100586
1662.396484	718.413208
1658.945313	698.492371
1655.494141	703.938660
1652.040039	668.843262
1648.584961	656.210876
1645.126953	644.313904
1641.668945	628.814636
1638.208008	630.668518
1634.745117	600.749817
1631.281250	599.728516
1627.815430	595.822571
1624.347656	592.641296
1620.878906	582.256775
1617.408203	550.994995
1613.935547	560.078308
1610.460938	543.249023
1606.984375	551.607483
1603.506836	526.891785
1600.027344	500.763702
1596.545898	511.284454
1593.062500	501.697815
1589.577148	470.599243
1586.090820	496.893005
1582.602539	473.710815
1579.112305	467.742828
1575.620117	456.769012
1572.126953	440.796967
1568.630859	424.840790
1565.133789	424.627350
1561.634766	398.691895
1558.133789	405.632874
1554.631836	410.425323
1551.127930	418.066498
1547.621094	382.915863
1544.114258	394.839050
1540.604492	373.982117
1537.092773	375.217621
1533.580078	352.256317
1530.065430	390.487244
1526.548828	347.635559
1523.030273	333.249054
1519.509766	319.587097
1515.988281	335.751862
1512.463867	319.264252
1508.938477	329.030487
1505.411133	314.688934
1501.882813	319.488495
1498.351563	289.589050
1494.818359	296.519257
1491.284180	306.271606
1487.748047	280.665619
1484.209961	286.176178
1480.669922	273.318573
1477.128906	264.709198
1473.584961	282.213165
1470.040039	250.337006
1466.493164	247.390564
1462.944336	258.536194
1459.393555	249.251434
1455.840820	247.013443
1452.287109	238.447159
1448.730469	232.701584
1445.172852	228.367065
1441.613281	233.869217
1438.051758	242.875397
1434.488281	223.106934
1430.922852	204.761002
1427.356445	206.759140
1423.787109	205.252563
1420.216797	208.648560
1416.644531	190.347015
1413.070313	214.030945
1409.494141	196.444260
1405.916016	190.753906
1402.336914	180.879044
1398.754883	174.504288
1395.171875	170.228943
1391.585938	163.168701
1387.999023	177.720901
1384.410156	164.394592
1380.819336	165.702713
1377.226563	146.133240
1373.632813	157.881958
1370.036133	144.592850
1366.438477	147.297745
1362.837891	149.305344
1359.236328	136.735001
1355.632813	140.827011
1352.027344	149.768356
1348.419922	148.998199
1344.810547	120.522469
1341.199219	132.229462
1337.585938	128.009613
1333.970703	130.018326
1330.354492	129.951218
1326.735352	118.139282
1323.115234	120.840317
1319.493164	106.284523
1315.869141	122.784836
1312.242188	116.516312
1308.614258	109.565132
1304.984375	109.508408
1301.353516	109.451691
1297.719727	109.394981
1294.083984	99.711006
1290.446289	103.095825
1286.807617	97.546745
1283.166016	95.436333
1279.523438	90.583122
1275.877930	89.164307
1272.231445	96.658714
1268.582031	85.645798
1264.931641	90.394913
1261.279297	87.610054
1257.625000	89.616730
1253.968750	79.997673
1250.310547	79.955986
1246.650391	73.084015
1242.988281	73.728569
1239.324219	73.007782
1235.658203	82.517097
1231.990234	69.523537
1228.320313	68.124710
1224.648438	64.684647
1220.975586	66.692421
1217.299805	69.378235
1213.622070	56.425285
1209.943359	62.510933
1206.261719	64.515511
1202.578125	67.875465
1198.893555	61.734283
1195.206055	58.311676
1191.517578	64.380249
1187.826172	62.991779
1184.133789	60.927757
1180.438477	64.278824
1176.742188	55.453598
1173.042969	59.479870
1169.342773	56.746353
1165.639648	57.391666
1161.935547	48.588505
1158.228516	53.958767
1154.520508	51.907928
1150.809570	48.511673
1147.097656	51.179737
1143.382813	47.114338
1139.666992	47.089447
1135.948242	51.771011
1132.227539	44.351685
1128.505859	39.626740
1124.781250	38.263195
1121.055664	40.255718
1117.327148	37.552097
1113.596680	42.223717
1109.865234	44.880772
1106.130859	44.187450
1102.394531	36.134178
1098.657227	42.802948
1094.916992	40.774883
1091.174805	30.731926
1087.430664	32.051041
1083.684570	31.366611
1079.936523	29.348854
1076.186523	29.333223
1072.434570	33.981754
1068.680664	40.623173
1064.924805	33.945522
1061.166992	31.931677
1057.406250	30.584850
1053.644531	31.897579
1049.880859	26.567110
1046.114258	28.544373
1042.346680	35.827248
1038.576172	31.829395
1034.803711	26.510294
1031.030273	29.808102
1027.253906	33.102360
1023.475586	30.437841
1019.695313	22.485464
1015.913086	24.456341
1012.128906	25.764460
1008.342773	27.071161
1004.553711	20.457436
