4046.277344	200.200256
4043.892578	201.248428
4041.505859	226.315231
4039.119141	200.042435
4036.731445	231.371399
4034.342773	222.907959
4031.952148	225.958267
4029.561523	212.275070
4027.169922	218.462860
4024.777344	224.645691
4022.383789	223.512421
4019.989258	232.820358
4017.593750	248.382599
4015.197266	238.895386
4012.799805	214.816437
4010.401367	230.367111
4008.001953	265.702881
4005.601563	248.932602
4003.201172	264.451080
4000.798828	260.183228
3998.395508	256.959015
3995.991211	267.256073
3993.585938	270.268402
3991.180664	271.200134
3988.773438	276.285675
3986.365234	292.787903
3983.957031	277.103821
3981.546875	271.806427
3979.135742	272.735260
3976.724609	286.102509
3974.311523	276.662842
3971.898438	272.409485
3969.483398	272.300903
3967.068359	297.031189
3964.651367	283.463684
3962.234375	313.340240
3959.815430	303.911743
3957.396484	297.590576
3954.975586	284.044159
3952.554688	306.645111
3950.131836	314.779022
3947.708984	314.653168
3945.284180	316.589783
3942.859375	336.048737
3940.432617	349.309570
3938.005859	327.539703
3935.577148	344.911469
3933.148438	330.364838
3930.718750	331.261169
3928.287109	338.326752
3925.855469	345.386597
3923.421875	359.633331
3920.988281	357.434753
3918.552734	377.825195
3916.117188	365.357971
3913.680664	357.004181
3911.242188	357.886108
3908.803711	358.767273
3906.363281	383.214233
3903.922852	366.672424
3901.480469	377.786774
3899.038086	392.985657
3896.593750	391.804382
3894.149414	399.827087
3891.703125	388.422150
3889.256836	390.309021
3886.808594	398.322296
3884.360352	431.852203
3881.910156	424.534271
3879.459961	415.181946
3877.007813	451.723145
3874.555664	432.174316
3872.101563	415.697784
3869.646484	452.194092
3867.191406	448.957092
3864.734375	443.687286
3862.277344	469.955444
3859.818359	454.513092
3857.358398	481.771698
3854.897461	498.848267
3852.436523	498.646118
3849.973633	471.034637
3847.509766	473.887878
3845.044922	480.796021
3842.579102	503.921234
3840.113281	533.108643
3837.645508	535.931458
3835.176758	541.789917
3832.707031	537.520691
3830.236328	555.515869
3827.764648	553.267090
3825.291992	537.876404
3822.818359	538.668213
3820.343750	549.561462
3817.868164	554.386841
3815.390625	579.396118
3812.913086	576.133118
3810.434570	598.087097
3807.955078	601.875977
3805.473633	604.653870
3802.992188	590.304382
3800.509766	622.285461
3798.025391	631.090210
3795.541016	634.857056
3793.054688	611.466614
3790.568359	654.444336
3788.080078	678.294067
3785.591797	654.914001
3783.101563	661.674622
3780.610352	660.400330
3778.119141	686.214355
3775.625977	672.896729
3773.131836	747.802490
3770.636719	715.432068
3768.140625	733.167664
3765.643555	755.894531
3763.145508	742.574585
3760.646484	756.275208
3758.146484	764.964600
3755.645508	746.658997
3753.143555	759.341309
3750.639648	768.018066
3748.135742	796.653748
3745.630859	795.328613
3743.124023	833.904053
3740.617188	818.605042
3738.108398	835.211914
3735.599609	863.760010
3733.088867	821.578857
3730.577148	876.985596
3728.064453	881.599731
3725.551758	882.231323
3723.037109	909.705933
3720.521484	915.293945
3718.004883	906.969604
3715.487305	893.686890
3712.967773	917.140137
3710.448242	986.213440
3707.927734	943.160950
3705.406250	957.641907
3702.882813	968.146851
3700.359375	1001.424988
3697.833984	1000.021179
3695.308594	975.854858
3692.781250	1043.713257
3690.252930	1050.203979
3687.723633	1018.138123
3685.193359	1077.001343
3682.662109	1018.283386
3680.129883	1054.390381
3677.596680	1066.782837
3675.062500	1069.300171
3672.527344	1038.290283
3669.990234	1103.896606
3667.453125	1120.187622
3664.915039	1106.920654
3662.375000	1139.930908
3659.833984	1164.057617
3657.292969	1152.755127
3654.750000	1177.838989
3652.206055	1201.918945
3649.661133	1195.525513
3647.115234	1191.100952
3644.568359	1218.088989
3642.019531	1227.393799
3639.470703	1241.594238
3636.920898	1278.329712
3634.369141	1212.144043
3631.817383	1264.532471
3629.263672	1326.667725
3626.708984	1343.731567
3624.153320	1296.214600
3621.596680	1319.143311
3619.039063	1361.601685
3616.480469	1375.689697
3613.920898	1397.578857
3611.360352	1396.995850
3608.797852	1435.446045
3606.235352	1400.707153
3603.670898	1466.423462
3601.105469	1518.439819
3598.540039	1489.553711
3595.972656	1523.987915
3593.404297	1508.750122
3590.834961	1562.606201
3588.264648	1548.336670
3585.692383	1558.382813
3583.120117	1618.951538
3580.545898	1614.388550
3577.971680	1610.799805
3575.395508	1656.711182
3572.818359	1697.732910
3570.240234	1700.900391
3567.661133	1743.807007
3565.081055	1799.272827
3562.500000	1783.022217
3559.917969	1762.912354
3557.333984	1819.266602
3554.750000	1814.633911
3552.164063	1886.388428
3549.577148	1873.032104
3546.989258	1865.482788
3544.400391	1944.849243
3541.810547	1967.198120
3539.219727	2015.578735
3536.626953	1986.762207
3534.034180	2021.596191
3531.439453	2028.454712
3528.844727	2117.181641
3526.248047	2093.182617
3523.650391	2149.084229
3521.051758	2181.849609
3518.451172	2218.433105
3515.850586	2173.282959
3513.249023	2253.073975
3510.645508	2294.381592
3508.041016	2348.133301
3505.436523	2344.264160
3502.830078	2358.621826
3500.222656	2429.534424
3497.613281	2403.591309
3495.003906	2451.432617
3492.393555	2494.444824
3489.781250	2614.949707
3487.167969	2544.958740
3484.553711	2579.267578
3481.938477	2580.089111
3479.322266	2605.752930
3476.705078	2739.324463
3474.086914	2704.749756
3471.466797	2714.102539
3468.845703	2788.313232
3466.224609	2823.366211
3463.601563	2883.169678
3460.977539	2873.373535
3458.351563	2900.725098
3455.725586	3028.954102
3453.098633	2972.482910
3450.469727	2986.439697
3447.839844	3119.220215
3445.208984	3068.481689
3442.577148	3189.714355
3439.944336	3239.632080
3437.310547	3243.001709
3434.674805	3241.624268
3432.039063	3282.919189
3429.401367	3320.386475
3426.762695	3405.194580
3424.123047	3374.387695
3421.481445	3430.698730
3418.839844	3486.960938
3416.197266	3596.142090
3413.552734	3592.720703
3410.907227	3560.004395
3408.260742	3635.004639
3405.613281	3723.159668
3402.963867	3769.709229
3400.314453	3764.329102
3397.663086	3923.983887
3395.011719	3941.163574
3392.358398	3926.291260
3389.704102	3929.325439
3387.047852	4054.741943
3384.391602	4011.605957
3381.733398	4084.202881
3379.075195	4127.589355
3376.415039	4220.748535
3373.753906	4282.826172
3371.090820	4329.825195
3368.427734	4318.587891
3365.762695	4492.188477
3363.097656	4449.940918
3360.430664	4493.970703
3357.762695	4526.717285
3355.092773	4629.680664
3352.422852	4671.700684
3349.750977	4729.592285
3347.079102	4886.586426
3344.405273	4911.608398
3341.729492	4913.242188
3339.053711	4995.214844
3336.376953	5061.241211
3333.698242	5139.344238
3331.018555	5105.417480
3328.337891	5212.341797
3325.656250	5280.020508
3322.973633	5319.685547
3320.289063	5424.513184
3317.604492	5518.077148
3314.917969	5644.130859
3312.230469	5651.007813
3309.541016	5654.157715
3306.851563	5712.138672
3304.160156	5800.725586
3301.467773	5901.306152
3298.774414	5975.808594
3296.080078	6129.109375
3293.384766	6115.342285
3290.687500	6140.520020
3287.990234	6231.463867
3285.291016	6267.680664
3282.589844	6420.517090
3279.888672	6436.258789
3277.186523	6491.760742
3274.482422	6714.568359
3271.777344	6595.221191
3269.071289	6760.511719
3266.364258	6910.882813
3263.655273	6964.205078
3260.945313	7141.110840
3258.234375	7156.472168
3255.522461	7148.772461
3252.809570	7443.306152
3250.095703	7360.881348
3247.379883	7506.842773
3244.663086	7636.111816
3241.945313	7605.215332
3239.226563	7713.178223
3236.505859	7686.865723
3233.784180	7989.448242
3231.061523	8162.293945
3228.337891	8151.417969
3225.613281	8347.892578
3222.886719	8381.876953
3220.160156	8481.828125
3217.431641	8586.271484
3214.702148	8739.163086
3211.970703	8717.980469
3209.239258	8899.959961
3206.505859	8965.614258
3203.771484	9175.666016
3201.035156	9197.272461
3198.298828	9447.229492
3195.560547	9354.558594
3192.821289	9658.073242
3190.081055	9587.281250
3187.339844	9654.244141
3184.596680	9786.773438
3181.853516	9982.051758
3179.108398	10086.997070
3176.361328	10159.988281
3173.614258	10340.282227
3170.865234	10495.859375
3168.115234	10603.114258
3165.364258	10572.146484
3162.612305	10769.193359
3159.858398	10899.787109
3157.104492	10826.066406
3154.347656	11014.572266
3151.590820	11262.755859
3148.833008	11360.265625
3146.073242	11415.106445
3143.312500	11562.263672
3140.550781	11704.763672
3137.787109	11766.610352
3135.023438	12014.703125
3132.257813	12042.002930
3129.491211	12173.187500
3126.722656	12315.996094
3123.954102	12252.837891
3121.183594	12393.674805
3118.412109	12537.091797
3115.638672	12648.823242
3112.865234	12906.451172
3110.089844	12836.848633
3107.313477	13027.529297
3104.536133	13071.332031
3101.756836	13309.416992
3098.976563	13310.786133
3096.195313	13526.977539
3093.413086	13689.966797
3090.628906	13780.962891
3087.844727	13952.666016
3085.058594	14018.335938
3082.270508	14284.847656
3079.482422	14459.678711
3076.692383	14652.274414
3073.901367	14711.235352
3071.109375	14754.918945
3068.315430	14989.180664
3065.520508	15173.138672
3062.724609	15225.491211
3059.927734	15510.167969
3057.128906	15676.667969
3054.329102	15813.548828
3051.528320	15790.533203
3048.726563	16099.425781
3045.922852	16235.926758
3043.118164	16367.845703
3040.312500	16621.710938
3037.505859	16690.992188
3034.697266	16697.890625
3031.887695	17060.710938
3029.077148	17143.923828
3026.264648	17275.066406
3023.452148	17494.064453
3020.637695	17516.558594
3017.821289	17642.021484
3015.004883	17918.240234
3012.186523	18124.128906
3009.367188	18242.935547
3006.545898	18506.986328
3003.724609	18770.796875
3000.901367	18727.093750
2998.077148	19037.478516
2995.250977	19137.896484
2992.423828	19247.066406
2989.595703	19388.839844
2986.766602	19805.271484
2983.935547	19777.091797
2981.104492	19859.277344
2978.270508	20102.865234
2975.436523	20374.457031
2972.600586	20625.523438
2969.763672	20534.445313
2966.925781	20758.783203
2964.085938	20940.652344
2961.245117	21276.367188
2958.403320	21377.785156
2955.560547	21467.675781
2952.715820	21897.613281
2949.870117	22011.779297
2947.023438	22133.742188
2944.174805	22300.353516
2941.325195	22486.988281
2938.474609	22546.294922
2935.622070	22741.408203
2932.768555	22859.238281
2929.914063	23210.789063
2927.058594	23343.175781
2924.201172	23384.435547
2921.342773	23790.367188
2918.483398	23800.781250
2915.622070	23870.597656
2912.759766	24196.267578
2909.896484	24305.121094
2907.032227	24582.296875
2904.166016	24644.636719
2901.298828	25027.769531
2898.429688	24821.416016
2895.559570	25035.990234
2892.688477	25259.072266
2889.816406	25710.849609
2886.942383	25835.982422
2884.067383	25927.953125
2881.191406	26203.230469
2878.314453	26434.816406
2875.435547	26535.925781
2872.554688	26720.267578
2869.673828	26915.714844
2866.791016	27182.962891
2863.907227	27347.673828
2861.021484	27373.593750
2858.134766	27726.863281
2855.247070	27648.689453
2852.358398	27901.994141
2849.467773	28275.287109
2846.576172	28286.861328
2843.682617	28629.386719
2840.789063	28421.376953
2837.893555	28924.972656
2834.996094	28946.556641
2832.097656	28936.195313
2829.198242	29409.542969
2826.297852	29289.513672
2823.395508	29427.156250
2820.492188	29511.281250
2817.587891	29563.476563
2814.681641	29807.460938
2811.774414	29992.746094
2808.866211	30000.792969
2805.956055	30135.974609
2803.044922	30479.705078
2800.131836	30393.074219
2797.218750	30728.638672
2794.303711	30875.222656
2791.386719	30700.210938
2788.468750	31143.119141
2785.549805	31014.373047
2782.629883	31314.617188
2779.708008	31319.376953
2776.785156	31494.322266
2773.860352	31849.488281
2770.935547	31677.939453
2768.007813	31628.675781
2765.080078	31902.166016
2762.150391	31817.839844
2759.219727	32340.904297
2756.287109	32116.609375
2753.353516	32192.486328
2750.418945	32381.580078
2747.482422	32486.199219
2744.544922	32544.755859
2741.606445	32806.562500
2738.666016	32838.542969
2735.724609	32689.455078
2732.782227	32688.306641
2729.837891	32927.460938
2726.892578	32819.242188
2723.945313	33125.968750
2720.997070	32828.636719
2718.047852	32995.207031
2715.097656	33186.183594
2712.145508	33192.367188
2709.191406	33486.332031
2706.237305	33065.082031
2703.281250	33385.035156
2700.323242	33197.496094
2697.364258	33402.167969
2694.404297	33394.660156
2691.443359	33240.265625
2688.480469	33324.789063
2685.515625	33295.367188
2682.550781	33452.273438
2679.583984	33393.308594
2676.615234	33267.843750
2673.646484	33451.457031
2670.674805	33257.058594
2667.703125	33280.675781
2664.729492	33342.093750
2661.754883	33297.558594
2658.778320	33248.015625
2655.800781	33337.882813
2652.821289	33033.222656
2649.840820	32899.113281
2646.859375	33045.156250
2643.876953	32770.347656
2640.892578	32934.726563
2637.906250	32742.251953
2634.918945	32991.843750
2631.930664	32485.789063
2628.941406	32425.863281
2625.950195	32379.355469
2622.957031	32333.714844
2619.963867	32307.312500
2616.967773	32078.101563
2613.971680	31955.042969
2610.973633	31998.863281
2607.974609	31815.085938
2604.973633	31753.103516
2601.971680	31534.609375
2598.967773	31509.414063
2595.962891	31125.644531
2592.957031	31122.259766
2589.949219	30909.398438
2586.940430	30558.800781
2583.929688	30472.603516
2580.917969	30408.056641
2577.905273	30280.501953
2574.890625	30173.785156
2571.875000	30038.972656
2568.857422	29828.044922
2565.838867	29606.533203
2562.819336	29533.394531
2559.797852	29189.740234
2556.775391	28963.832031
2553.750977	28648.013672
2550.725586	28461.378906
2547.698242	28402.925781
2544.669922	27909.449219
2541.640625	28080.681641
2538.609375	27615.005859
2535.577148	27494.353516
2532.542969	27390.285156
2529.507813	27171.812500
2526.471680	26701.605469
2523.433594	26650.683594
2520.393555	26488.755859
2517.353516	26359.855469
2514.310547	26300.091797
2511.267578	25927.423828
2508.222656	25832.593750
2505.175781	25553.199219
2502.127930	25201.867188
2499.079102	25100.917969
2496.028320	24637.826172
2492.976563	24520.830078
2489.922852	24151.753906
2486.868164	24109.544922
2483.812500	23929.941406
2480.754883	23583.699219
2477.695313	23306.416016
2474.634766	23378.187500
2471.573242	22986.113281
2468.509766	22878.404297
2465.445313	22678.605469
2462.378906	22407.232422
2459.311523	22246.126953
2456.242188	21858.697266
2453.171875	21688.207031
2450.100586	21324.166016
2447.027344	21332.218750
2443.953125	20836.125000
2440.876953	20722.472656
2437.799805	20559.363281
2434.720703	20411.011719
2431.640625	20211.660156
2428.558594	20089.554688
2425.475586	19785.109375
2422.390625	19528.759766
2419.304688	19599.115234
2416.217773	19280.724609
2413.128906	18893.826172
2410.038086	18680.402344
2406.946289	18627.277344
2403.853516	18166.033203
2400.758789	18052.591797
2397.663086	17798.746094
2394.565430	17667.812500
2391.466797	17445.832031
2388.366211	17137.769531
2385.264648	17084.681641
2382.161133	16938.992188
2379.056641	16744.310547
2375.950195	16312.367188
2372.842773	16275.023438
2369.734375	16097.791016
2366.624023	15884.549805
2363.511719	15807.271484
2360.398438	15612.821289
2357.284180	15441.020508
2354.167969	15130.583008
2351.049805	14990.428711
2347.930664	14814.332031
2344.810547	14783.400391
2341.688477	14521.071289
2338.564453	14259.782227
2335.439453	14121.933594
2332.313477	13988.208008
2329.185547	13825.028320
2326.056641	13624.448242
2322.925781	13622.084961
2319.792969	13393.841797
2316.660156	13169.795898
2313.524414	13000.975586
2310.387695	12823.541016
2307.250000	12734.697266
2304.110352	12551.970703
2300.969727	12322.450195
2297.827148	12237.929688
2294.682617	12082.713867
2291.537109	12007.914063
2288.390625	11888.691406
2285.242188	11589.324219
2282.092773	11482.306641
2278.941406	11359.518555
2275.788086	11157.546875
2272.633789	11069.891602
2269.478516	10828.626953
2266.321289	10741.992188
2263.162109	10543.046875
2260.001953	10474.814453
2256.840820	10317.291016
2253.676758	10256.333984
2250.512695	10135.392578
2247.346680	9899.279297
2244.178711	9801.500000
2241.009766	9717.219727
2237.838867	9518.683594
2234.666992	9450.371094
2231.493164	9218.266602
2228.318359	9238.339844
2225.141602	8982.149414
2221.963867	8899.257813
2218.784180	8855.754883
2215.602539	8626.031250
2212.419922	8541.058594
2209.236328	8452.237305
2206.050781	8278.739258
2202.863281	8223.064453
2199.674805	8017.686035
2196.485352	7991.177734
2193.292969	7901.242676
2190.100586	7755.801270
2186.905273	7731.010254
2183.709961	7541.195801
2180.511719	7493.850586
2177.312500	7461.395508
2174.112305	7281.341797
2170.910156	7196.704102
2167.706055	7034.888672
2164.500977	6947.322266
2161.294922	6926.103516
2158.085938	6692.947266
2154.876953	6681.989746
2151.665039	6664.033203
2148.452148	6526.257813
2145.238281	6416.610352
2142.022461	6328.054199
2138.804688	6304.851074
2135.585938	6201.670410
2132.365234	6093.928223
2129.143555	5966.111328
2125.919922	5933.807617
2122.695313	5852.695313
2119.468750	5787.154785
2116.240234	5604.731445
2113.010742	5636.901367
2109.780273	5590.893066
2106.546875	5461.404297
2103.312500	5382.280762
2100.077148	5277.734375
2096.839844	5301.478516
2093.600586	5207.872070
2090.360352	5085.036133
2087.119141	4960.000977
2083.875000	4931.430664
2080.629883	4872.839844
2077.383789	4808.913086
2074.135742	4741.966309
2070.885742	4659.695313
2067.634766	4632.865234
2064.381836	4527.664551
2061.127930	4460.972656
2057.871094	4415.842773
2054.614258	4340.822266
2051.355469	4281.981445
2048.094727	4193.292480
2044.832031	4162.164551
2041.568359	4069.784424
2038.303711	4068.602295
2035.037109	4016.146240
2031.768555	3946.146240
2028.498047	3885.386230
2025.226563	3770.426758
2021.954102	3703.695801
2018.678711	3659.167236
2015.403320	3626.125977
2012.125000	3587.776123
2008.845703	3497.622559
2005.564453	3538.614014
2002.282227	3397.539795
1998.998047	3359.367920
1995.712891	3293.839844
1992.424805	3274.004150
1989.136719	3232.902100
1985.845703	3181.201416
1982.553711	3147.775391
1979.260742	3089.331543
1975.964844	3024.873291
1972.667969	2955.167725
1969.370117	2924.183838
1966.070313	2884.137451
1962.768555	2862.302002
1959.465820	2798.102539
1956.161133	2720.346924
1952.854492	2706.180176
1949.546875	2670.108643
1946.237305	2664.286865
1942.925781	2590.516846
1939.613281	2535.683838
1936.298828	2478.639893
1932.982422	2487.242676
1929.665039	2459.664551
1926.346680	2397.464600
1923.025391	2294.670410
1919.703125	2348.490479
1916.378906	2332.310791
1913.053711	2283.820557
1909.726563	2230.868164
1906.397461	2238.799072
1903.067383	2158.143555
1899.735352	2129.335693
1896.401367	2110.304199
1893.066406	2086.792969
1889.729492	2056.560791
1886.390625	2049.571045
1883.050781	1961.003662
1879.708984	1951.073242
1876.365234	1896.286865
1873.020508	1927.502075
1869.673828	1886.972168
1866.326172	1859.920898
1862.975586	1837.372803
1859.624023	1758.901367
1856.271484	1738.659790
1852.916016	1744.519287
1849.559570	1703.447388
1846.202148	1691.449585
1842.841797	1622.166016
1839.480469	1656.330688
1836.118164	1616.865967
1832.752930	1555.148438
1829.386719	1567.756592
1826.018555	1504.637573
1822.649414	1503.901978
1819.278320	1474.245239
1815.905273	1430.533936
1812.531250	1419.462036
1809.154297	1403.957520
1805.777344	1394.388672
1802.397461	1354.498413
1799.016602	1318.343628
1795.633789	1307.350952
1792.249023	1300.061768
1788.863281	1283.181274
1785.475586	1239.750732
1782.085938	1235.454224
1778.694336	1187.665405
1775.301758	1191.503174
1771.907227	1154.092773
1768.510742	1133.649780
1765.113281	1123.527222
1761.713867	1128.122437
1758.312500	1124.627075
1754.910156	1074.849365
1751.505859	1089.006592
1748.099609	1085.534302
1744.691406	1052.720825
1741.282227	1027.271729
1737.871094	1008.443115
1734.458008	988.167664
1731.042969	975.233337
1727.626953	934.503174
1724.208984	953.058960
1720.790039	939.428833
1717.368164	903.890442
1713.945313	899.791809
1710.520508	882.557068
1707.093750	882.850098
1703.666016	871.474182
1700.236328	838.970825
1696.804688	861.868774
1693.371094	815.566162
1689.936523	813.706360
1686.500000	823.487366
1683.061523	746.006165
1679.622070	765.984741
1676.179688	764.878174
1672.736328	755.060181
1669.291016	730.738403
1665.844727	709.341614
1662.396484	698.839905
1658.945313	689.797485
1655.494141	658.312988
1652.040039	660.880859
1648.584961	647.528931
1645.126953	653.714661
1641.668945	662.062317
1638.208008	611.163269
1634.745117	607.248291
1631.281250	595.398315
1627.815430	567.690552
1624.347656	587.594482
1620.878906	572.888794
1617.408203	548.113953
1613.935547	567.997131
1610.460938	535.334106
1606.984375	540.819824
1603.506836	519.703613
1600.027344	505.792877
1596.545898	499.794891
1593.062500	490.214020
1589.577148	500.011688
1586.090820	480.401611
1582.602539	473.710815
1579.112305	472.756897
1575.620117	437.438660
1572.126953	435.072357
1568.630859	432.708191
1565.133789	419.623322
1561.634766	424.413940
1558.133789	402.776306
1554.631836	417.563171
1551.127930	390.956390
1547.621094	402.881683
1544.114258	367.043518
1540.604492	373.269745
1537.092773	363.113831
1533.580078	365.777283
1530.065430	350.656128
1526.548828	348.346466
1523.030273	360.250031
1519.509766	325.268646
1515.988281	313.037170
1512.463867	328.487457
1508.938477	316.266388
1505.411133	299.096222
1501.882813	307.445709
1498.351563	294.545349
1494.818359	299.349976
1491.284180	296.369049
1487.748047	281.372589
1484.209961	287.589417
1480.669922	269.787323
1477.128906	275.297546
1473.584961	254.697372
1470.040039	265.145660
1466.493164	268.535065
1462.944336	252.196060
1459.393555	254.180145
1455.840820	229.419891
1452.287109	237.040390
1448.730469	226.374344
1445.172852	232.583084
1441.613281	219.120712
1438.051758	233.750031
1434.488281	226.614914
1430.922852	217.383255
1427.356445	208.861786
1423.787109	204.552032
1420.216797	205.847900
1416.644531	193.846039
1413.070313	183.954697
1409.494141	207.629700
1405.916016	197.741226
1402.336914	184.370911
1398.754883	172.410233
1395.171875	171.624268
1391.585938	176.417450
1387.999023	162.388123
1384.410156	163.001419
1380.819336	160.829102
1377.226563	153.787842
1373.632813	173.183289
1370.036133	150.154114
1366.438477	144.518539
1362.837891	146.527573
1359.236328	149.922638
1355.632813	143.601929
1352.027344	131.740677
1348.419922	133.751877
1344.810547	125.371071
1341.199219	134.306366
1337.585938	125.241829
1333.970703	134.859436
1330.354492	124.421379
1326.735352	122.975395
1323.115234	118.078255
1319.493164	113.876274
1315.869141	114.507202
1312.242188	109.621857
1308.614258	119.901466
1304.984375	122.594322
1301.353516	110.140068
1297.719727	112.147057
1294.083984	99.711006
1290.446289	104.470436
1286.807617	94.798950
1283.166016	100.242477
1279.523438	86.465714
1275.877930	97.394859
1272.231445	96.658714
1268.582031	97.293625
1264.931641	85.601242
1261.279297	78.027702
1257.625000	85.512146
1253.968750	78.630196
1250.310547	71.755371
1246.650391	71.717964
1242.988281	83.285973
1239.324219	73.007782
1235.658203	72.287704
1231.990234	84.518806
1228.320313	73.574692
1224.648438	64.003754
1220.975586	68.053490
1217.299805	63.936806
1213.622070	56.425285
1209.943359	59.113602
1206.261719	63.836403
1202.578125	65.160446
1198.893555	57.663891
1195.206055	62.379932
1191.517578	50.148827
1187.826172	52.831814
1184.133789	63.635658
1180.438477	53.452919
1176.742188	60.863705
1173.042969	55.424423
1169.342773	56.070801
1165.639648	50.639706
1161.935547	54.662067
1158.228516	44.515984
1154.520508	49.211411
1150.809570	45.816582
1147.097656	44.445560
1143.382813	49.133526
1139.666992	42.380501
1135.948242	44.375153
1132.227539	43.007694
1128.505859	45.671497
1124.781250	40.948334
1121.055664	36.230148
1117.327148	39.563816
1113.596680	40.883282
1109.865234	49.569809
1106.130859	43.517944
1102.394531	36.803329
1098.657227	39.458969
1094.916992	40.106441
1091.174805	39.417034
1087.430664	33.386501
1083.684570	31.366611
1079.936523	32.016933
1076.186523	34.666534
1072.434570	31.316519
1068.680664	29.967915
1064.924805	29.951931
1061.166992	30.601189
1057.406250	27.925299
1053.644531	34.555710
1049.880859	32.544712
1046.114258	32.527309
1042.346680	27.202168
1038.576172	29.176947
1034.803711	26.510294
1031.030273	32.457710
1027.253906	27.143936
1023.475586	27.129379
1019.695313	28.437498
1015.913086	25.117323
1012.128906	21.140070
1008.342773	21.128712
1004.553711	20.457436
