4046.277344	208.585602
4043.892578	213.826447
4041.505859	209.551147
4039.119141	178.048233
4036.731445	221.949036
4034.342773	221.861450
4031.952148	223.866058
4029.561523	218.549210
4027.169922	211.145920
4024.777344	218.376511
4022.383789	239.179184
4019.989258	236.996506
4017.593750	240.033615
4015.197266	242.025024
4012.799805	230.458405
4010.401367	238.706192
4008.001953	240.695541
4005.601563	256.223511
4003.201172	252.998474
4000.798828	239.368576
3998.395508	245.515503
3995.991211	246.457932
3993.585938	245.320557
3991.180664	269.121948
3988.773438	275.247009
3986.365234	270.984558
3983.957031	272.952454
3981.546875	268.694153
3979.135742	262.365112
3976.724609	282.992706
3974.311523	281.843781
3971.898438	274.481049
3969.483398	277.477722
3967.068359	291.856415
3964.651367	291.739990
3962.234375	280.248199
3959.815430	290.473480
3957.396484	290.357483
3954.975586	303.669037
3952.554688	293.222931
3950.131836	307.554596
3947.708984	313.621521
3945.284180	337.214508
3942.859375	337.079559
3940.432617	322.518860
3938.005859	335.779694
3935.577148	332.556427
3933.148438	313.898041
3930.718750	346.692566
3928.287109	330.099976
3925.855469	338.191040
3923.421875	336.000275
3920.988281	335.865417
3918.552734	350.104309
3916.117188	379.725983
3913.680664	374.444031
3911.242188	390.700897
3908.803711	370.042816
3906.363281	366.820038
3903.922852	385.108490
3901.480469	381.882019
3899.038086	387.868652
3896.593750	384.643463
3894.149414	379.375580
3891.703125	407.843262
3889.256836	414.831055
3886.808594	412.621063
3884.360352	406.329010
3881.910156	398.000885
3879.459961	409.061340
3877.007813	428.270233
3874.555664	418.923706
3872.101563	423.848724
3869.646484	452.194092
3867.191406	455.065338
3864.734375	454.881256
3862.277344	470.972656
3859.818359	488.067749
3857.358398	493.968445
3854.897461	491.736389
3852.436523	496.614990
3849.973633	497.428833
3847.509766	500.271362
3845.044922	523.398193
3842.579102	501.893372
3840.113281	508.784271
3837.645508	518.708740
3835.176758	534.701111
3832.707031	527.397888
3830.236328	539.325989
3827.764648	557.312927
3825.291992	538.887451
3822.818359	566.966003
3820.343750	589.970398
3817.868164	572.563416
3815.390625	579.396118
3812.913086	588.240967
3810.434570	606.155701
3807.955078	598.851501
3805.473633	608.684875
3802.992188	625.561523
3800.509766	593.084351
3798.025391	647.194580
3795.541016	627.814270
3793.054688	642.643372
3790.568359	625.290894
3788.080078	642.118347
3785.591797	664.958679
3783.101563	668.703064
3780.610352	683.484253
3778.119141	696.246704
3775.625977	691.950439
3773.131836	701.691345
3770.636719	664.329773
3768.140625	722.150146
3765.643555	705.835266
3763.145508	747.578491
3760.646484	762.277405
3758.146484	752.965210
3755.645508	758.653503
3753.143555	787.317017
3750.639648	779.004028
3748.135742	787.668945
3745.630859	811.295044
3743.124023	808.966736
3740.617188	795.672119
3738.108398	806.308411
3735.599609	858.778748
3733.088867	847.471008
3730.577148	847.122253
3728.064453	859.708984
3725.551758	855.376526
3723.037109	899.763794
3720.521484	897.405518
3718.004883	934.784668
3715.487305	914.539551
3712.967773	916.147583
3710.448242	939.581665
3707.927734	943.160950
3705.406250	933.849548
3702.882813	964.183105
3700.359375	974.680664
3697.833984	1003.981628
3695.308594	1020.391846
3692.781250	1040.745361
3690.252930	984.937073
3687.723633	1033.953857
3685.193359	1016.728821
3682.662109	1045.937988
3680.129883	1024.772705
3677.596680	1082.572388
3675.062500	1082.123901
3672.527344	1088.577759
3669.990234	1122.623413
3667.453125	1112.305908
3664.915039	1129.571167
3662.375000	1142.884155
3659.833984	1156.185669
3657.292969	1179.311768
3654.750000	1216.182617
3652.206055	1185.211914
3649.661133	1199.454956
3647.115234	1247.071899
3644.568359	1258.332031
3642.019531	1227.393799
3639.470703	1245.517090
3636.920898	1281.270630
3634.369141	1319.933716
3631.817383	1311.548340
3629.263672	1317.855957
3626.708984	1349.603638
3624.153320	1374.476563
3621.596680	1366.080933
3619.039063	1372.353760
3616.480469	1405.978394
3613.920898	1450.317627
3611.360352	1453.617554
3608.797852	1481.310059
3606.235352	1500.200317
3603.670898	1522.974365
3601.105469	1528.185913
3598.540039	1568.463989
3595.972656	1597.996216
3593.404297	1542.818604
3590.834961	1624.876831
3588.264648	1616.416748
3585.692383	1643.933472
3583.120117	1631.584473
3580.545898	1733.864990
3577.971680	1651.579590
3575.395508	1726.589966
3572.818359	1748.179810
3570.240234	1751.326172
3567.661133	1794.211548
3565.081055	1852.563110
3562.500000	1881.810059
3559.917969	1844.232788
3557.333984	1837.652832
3554.750000	1920.068481
3552.164063	1957.937744
3549.577148	1936.819580
3546.989258	1985.275635
3544.400391	1958.368530
3541.810547	2031.870483
3539.219727	2031.016357
3536.626953	2058.131348
3534.034180	2055.337646
3531.439453	2144.091064
3528.844727	2187.497559
3526.248047	2225.089844
3523.650391	2210.678955
3521.051758	2226.102295
3518.451172	2268.436768
3515.850586	2273.248291
3513.249023	2270.368408
3510.645508	2321.272461
3508.041016	2377.893066
3505.436523	2418.152100
3502.830078	2436.315430
3500.222656	2449.668701
3497.613281	2467.802002
3495.003906	2474.423584
3492.393555	2508.808350
3489.781250	2550.820313
3487.167969	2624.368896
3484.553711	2619.434326
3481.938477	2705.317383
3479.322266	2691.751465
3476.705078	2713.535889
3474.086914	2734.346436
3471.466797	2810.489502
3468.845703	2873.212402
3466.224609	2889.158936
3463.601563	2892.700684
3460.977539	2973.408203
3458.351563	3028.333984
3455.725586	3033.713623
3453.098633	3073.341797
3450.469727	3073.940430
3447.839844	3198.127686
3445.208984	3156.858398
3442.577148	3215.361328
3439.944336	3289.954834
3437.310547	3309.437256
3434.674805	3380.130859
3432.039063	3402.401367
3429.401367	3430.339355
3426.762695	3486.676514
3424.123047	3516.447021
3421.481445	3550.924561
3418.839844	3596.726807
3416.197266	3729.507813
3413.552734	3732.647705
3410.907227	3756.574707
3408.260742	3815.432373
3405.613281	3914.841553
3402.963867	3989.624756
3400.314453	4003.962891
3397.663086	4020.173828
3395.011719	4107.067383
3392.358398	4176.925781
3389.704102	4218.468262
3387.047852	4340.937012
3384.391602	4376.725098
3381.733398	4399.312988
3379.075195	4473.592773
3376.415039	4474.500977
3373.753906	4618.199707
3371.090820	4613.409180
3368.427734	4750.353027
3365.762695	4803.676758
3363.097656	4891.652832
3360.430664	4874.561523
3357.762695	4923.074707
3355.092773	5011.818848
3352.422852	5105.166992
3349.750977	5194.690918
3347.079102	5254.203125
3344.405273	5327.687988
3341.729492	5285.216797
3339.053711	5469.792969
3336.376953	5435.698730
3333.698242	5591.113281
3331.018555	5566.323242
3328.337891	5663.723633
3325.656250	5834.683594
3322.973633	5857.337891
3320.289063	5827.812500
3317.604492	5967.753418
3314.917969	6031.263184
3312.230469	6086.344727
3309.541016	6249.234375
3306.851563	6247.477539
3304.160156	6399.006348
3301.467773	6525.331055
3298.774414	6504.887695
3296.080078	6535.489746
3293.384766	6607.797363
3290.687500	6697.653809
3287.990234	6795.770508
3285.291016	6871.571289
3282.589844	6911.198242
3279.888672	7026.673340
3277.186523	7087.470703
3274.482422	7087.188965
3271.777344	7216.295898
3269.071289	7296.327148
3266.364258	7494.484863
3263.655273	7527.248535
3260.945313	7600.577637
3258.234375	7690.440918
3255.522461	7852.126953
3252.809570	7880.063477
3250.095703	7982.577637
3247.379883	8004.905273
3244.663086	8259.111328
3241.945313	8274.856445
3239.226563	8385.289063
3236.505859	8468.970703
3233.784180	8540.634766
3231.061523	8729.770508
3228.337891	8775.555664
3225.613281	8885.519531
3222.886719	8977.044922
3220.160156	9016.239258
3217.431641	9233.151367
3214.702148	9337.221680
3211.970703	9483.310547
3209.239258	9524.951172
3206.505859	9720.218750
3203.771484	9880.572266
3201.035156	9854.351563
3198.298828	10118.638672
3195.560547	10252.121094
3192.821289	10377.271484
3190.081055	10389.185547
3187.339844	10620.853516
3184.596680	10747.495117
3181.853516	10822.089844
3179.108398	10981.312500
3176.361328	11101.250000
3173.614258	11229.269531
3170.865234	11399.011719
3168.115234	11652.243164
3165.364258	11561.750977
3162.612305	11802.875977
3159.858398	11911.228516
3157.104492	12033.096680
3154.347656	12085.912109
3151.590820	12330.909180
3148.833008	12450.611328
3146.073242	12609.163086
3143.312500	12849.072266
3140.550781	12927.649414
3137.787109	13074.916992
3135.023438	13327.864258
3132.257813	13374.478516
3129.491211	13416.530273
3126.722656	13670.791992
3123.954102	13838.159180
3121.183594	13898.892578
3118.412109	14044.357422
3115.638672	14281.656250
3112.865234	14469.175781
3110.089844	14409.700195
3107.313477	14529.458984
3104.536133	14717.511719
3101.756836	14802.835938
3098.976563	14949.230469
3096.195313	15179.086914
3093.413086	15318.890625
3090.628906	15352.593750
3087.844727	15640.307617
3085.058594	15670.243164
3082.270508	16271.469727
3079.482422	16317.230469
3076.692383	16425.673828
3073.901367	16707.785156
3071.109375	16792.673828
3068.315430	16840.791016
3065.520508	17024.830078
3062.724609	17055.804688
3059.927734	17370.958984
3057.128906	17539.322266
3054.329102	17628.949219
3051.528320	17803.289063
3048.726563	17940.890625
3045.922852	18173.785156
3043.118164	18387.751953
3040.312500	18392.138672
3037.505859	18521.203125
3034.697266	18788.130859
3031.887695	19014.777344
3029.077148	19132.707031
3026.264648	19249.638672
3023.452148	19473.099609
3020.637695	19452.972656
3017.821289	19710.763672
3015.004883	20095.230469
3012.186523	20152.902344
3009.367188	20198.992188
3006.545898	20519.789063
3003.724609	20829.667969
3000.901367	21029.460938
2998.077148	20984.773438
2995.250977	21264.822266
2992.423828	21240.398438
2989.595703	21758.744141
2986.766602	21947.935547
2983.935547	21997.410156
2981.104492	22259.587891
2978.270508	22434.169922
2975.436523	22554.789063
2972.600586	22853.380859
2969.763672	22825.646484
2966.925781	23085.083984
2964.085938	23240.392578
2961.245117	23778.382813
2958.403320	23558.492188
2955.560547	24182.021484
2952.715820	24365.544922
2949.870117	24352.992188
2947.023438	24715.396484
2944.174805	24765.880859
2941.325195	25015.468750
2938.474609	25252.550781
2935.622070	25616.515625
2932.768555	25490.371094
2929.914063	25921.328125
2927.058594	26060.388672
2924.201172	26215.068359
2921.342773	26400.214844
2918.483398	26740.798828
2915.622070	26840.769531
2912.759766	27313.605469
2909.896484	27332.021484
2907.032227	27414.990234
2904.166016	27645.292969
2901.298828	27697.515625
2898.429688	27973.660156
2895.559570	28196.414063
2892.688477	28573.951172
2889.816406	28775.333984
2886.942383	28874.742188
2884.067383	29130.578125
2881.191406	29436.587891
2878.314453	29581.589844
2875.435547	29580.562500
2872.554688	29911.978516
2869.673828	30210.119141
2866.791016	30383.099609
2863.907227	30481.369141
2861.021484	30755.435547
2858.134766	30910.593750
2855.247070	30936.615234
2852.358398	31229.119141
2849.467773	31409.777344
2846.576172	31661.158203
2843.682617	31856.132813
2840.789063	32243.544922
2837.893555	32211.861328
2834.996094	32066.281250
2832.097656	32353.849609
2829.198242	32767.898438
2826.297852	32709.281250
2823.395508	32951.351563
2820.492188	33133.781250
2817.587891	33140.460938
2814.681641	33160.027344
2811.774414	33188.164063
2808.866211	33566.093750
2805.956055	33592.285156
2803.044922	33868.343750
2800.131836	33835.128906
2797.218750	34181.160156
2794.303711	34169.253906
2791.386719	34478.804688
2788.468750	34253.402344
2785.549805	34686.800781
2782.629883	34607.875000
2779.708008	34736.082031
2776.785156	34745.277344
2773.860352	35199.859375
2770.935547	35101.148438
2768.007813	35310.859375
2765.080078	35374.378906
2762.150391	35213.390625
2759.219727	35582.246094
2756.287109	35611.417969
2753.353516	35660.156250
2750.418945	35841.726563
2747.482422	35893.699219
2744.544922	35820.507813
2741.606445	35991.519531
2738.666016	36486.328125
2735.724609	36198.757813
2732.782227	36309.015625
2729.837891	36532.949219
2726.892578	36614.925781
2723.945313	36551.742188
2720.997070	36356.316406
2718.047852	36752.691406
2715.097656	36688.652344
2712.145508	36838.910156
2709.191406	36920.460938
2706.237305	36926.621094
2703.281250	36920.925781
2700.323242	36924.523438
2697.364258	36891.769531
2694.404297	37063.421875
2691.443359	36959.703125
2688.480469	36989.386719
2685.515625	36783.718750
2682.550781	36847.156250
2679.583984	37061.355469
2676.615234	37036.144531
2673.646484	36988.214844
2670.674805	36719.003906
2667.703125	36736.843750
2664.729492	36816.875000
2661.754883	36516.976563
2658.778320	36626.410156
2655.800781	36431.796875
2652.821289	36249.097656
2649.840820	35912.207031
2646.859375	36146.601563
2643.876953	35986.035156
2640.892578	35860.789063
2637.906250	36182.769531
2634.918945	35726.933594
2631.930664	35475.621094
2628.941406	35717.031250
2625.950195	35733.382813
2622.957031	35363.750000
2619.963867	35300.894531
2616.967773	35229.742188
2613.971680	35030.996094
2610.973633	34882.457031
2607.974609	34763.210938
2604.973633	34449.113281
2601.971680	34271.027344
2598.967773	34129.718750
2595.962891	34084.207031
2592.957031	33694.437500
2589.949219	33722.292969
2586.940430	33072.964844
2583.929688	33262.996094
2580.917969	33075.152344
2577.905273	32924.808594
2574.890625	32758.830078
2571.875000	32510.927734
2568.857422	32525.072266
2565.838867	32025.708984
2562.819336	31958.087891
2559.797852	31527.269531
2556.775391	31593.900391
2553.750977	31181.810547
2550.725586	31058.468750
2547.698242	30675.060547
2544.669922	30601.576172
2541.640625	30475.337891
2538.609375	30108.365234
2535.577148	29756.558594
2532.542969	29715.726563
2529.507813	29591.734375
2526.471680	29383.869141
2523.433594	28926.845703
2520.393555	28793.484375
2517.353516	28680.791016
2514.310547	28517.242188
2511.267578	28247.052734
2508.222656	28031.287109
2505.175781	27750.882813
2502.127930	27460.060547
2499.079102	27235.089844
2496.028320	26903.779297
2492.976563	26708.740234
2489.922852	26382.052734
2486.868164	26237.337891
2483.812500	25958.595703
2480.754883	25695.634766
2477.695313	25628.230469
2474.634766	25351.761719
2471.573242	25055.941406
2468.509766	24944.830078
2465.445313	24576.851563
2462.378906	24413.046875
2459.311523	24343.111328
2456.242188	23951.455078
2453.171875	23648.091797
2450.100586	23360.462891
2447.027344	23226.843750
2443.953125	23020.158203
2440.876953	22626.726563
2437.799805	22357.128906
2434.720703	22319.191406
2431.640625	22135.189453
2428.558594	21735.560547
2425.475586	21558.472656
2422.390625	21330.478516
2419.304688	21069.474609
2416.217773	20850.000000
2413.128906	20661.480469
2410.038086	20422.968750
2406.946289	20111.087891
2403.853516	19853.640625
2400.758789	19713.566406
2397.663086	19346.708984
2394.565430	19289.312500
2391.466797	18989.132813
2388.366211	18727.125000
2385.264648	18585.445313
2382.161133	18364.941406
2379.056641	18191.339844
2375.950195	18000.990234
2372.842773	17744.039063
2369.734375	17480.886719
2366.624023	17308.798828
2363.511719	17038.849609
2360.398438	16881.568359
2357.284180	16763.755859
2354.167969	16617.968750
2351.049805	16486.746094
2347.930664	16094.345703
2344.810547	15847.311523
2341.688477	15739.835938
2338.564453	15550.814453
2335.439453	15315.562500
2332.313477	15326.015625
2329.185547	15115.055664
2326.056641	14850.760742
2322.925781	14657.775391
2319.792969	14501.681641
2316.660156	14416.730469
2313.524414	14141.272461
2310.387695	13907.512695
2307.250000	13787.092773
2304.110352	13638.114258
2300.969727	13462.208984
2297.827148	13282.485352
2294.682617	12999.552734
2291.537109	12978.371094
2288.390625	12969.120117
2285.242188	12692.275391
2282.092773	12425.209961
2278.941406	12253.587891
2275.788086	12159.831055
2272.633789	12055.854492
2269.478516	11879.880859
2266.321289	11584.500977
2263.162109	11558.491211
2260.001953	11393.269531
2256.840820	11259.036133
2253.676758	11084.618164
2250.512695	10931.688477
2247.346680	10719.678711
2244.178711	10681.496094
2241.009766	10525.015625
2237.838867	10483.798828
2234.666992	10201.451172
2231.493164	10105.274414
2228.318359	10015.484375
2225.141602	9769.946289
2221.963867	9677.245117
2218.784180	9506.786133
2215.602539	9401.713867
2212.419922	9372.934570
2209.236328	9070.157227
2206.050781	9024.289063
2202.863281	8937.670898
2199.674805	8804.087891
2196.485352	8676.896484
2193.292969	8647.736328
2190.100586	8487.850586
2186.905273	8375.848633
2183.709961	8225.621094
2180.511719	8134.952148
2177.312500	7996.696777
2174.112305	7932.772949
2170.910156	7788.492188
2167.706055	7681.801758
2164.500977	7577.549805
2161.294922	7446.106934
2158.085938	7363.099609
2154.876953	7323.005859
2151.665039	7225.337891
2148.452148	7117.644043
2145.238281	6975.827637
2142.022461	6893.225586
2138.804688	6724.449219
2135.585938	6748.442871
2132.365234	6683.913574
2129.143555	6610.907715
2125.919922	6477.475098
2122.695313	6330.988770
2119.468750	6249.724121
2116.240234	6212.678223
2113.010742	6068.841797
2109.780273	6036.555176
2106.546875	5922.321289
2103.312500	5812.059570
2100.077148	5745.166504
2096.839844	5658.256836
2093.600586	5566.024414
2090.360352	5513.996582
2087.119141	5437.339355
2083.875000	5367.690430
2080.629883	5254.962891
2077.383789	5297.889648
2074.135742	5121.416016
2070.885742	5082.814453
2067.634766	5011.184082
2064.381836	4902.728027
2061.127930	4888.095215
2057.871094	4725.281738
2054.614258	4722.255859
2051.355469	4684.711914
2048.094727	4561.327148
2044.832031	4504.732910
2041.568359	4402.996582
2038.303711	4417.733398
2035.037109	4379.650391
2031.768555	4258.992676
2028.498047	4245.483887
2025.226563	4112.775879
2021.954102	4072.614258
2018.678711	4056.156006
2015.403320	3973.324463
2012.125000	3866.927246
2008.845703	3846.774902
2005.564453	3802.257324
2002.282227	3762.350830
1998.998047	3661.581787
1995.712891	3654.495850
1992.424805	3543.985840
1989.136719	3505.034424
1985.845703	3421.292236
1982.553711	3320.162598
1979.260742	3289.720703
1975.964844	3279.791016
1972.667969	3272.903320
1969.370117	3147.021973
1966.070313	3162.929932
1962.768555	3080.382324
1959.465820	3044.081299
1956.161133	2943.512207
1952.854492	2955.702148
1949.546875	2918.754639
1946.237305	2905.258789
1942.925781	2766.439453
1939.613281	2775.668213
1936.298828	2741.137207
1932.982422	2650.093262
1929.665039	2648.811523
1926.346680	2589.532959
1923.025391	2558.918701
1919.703125	2541.125244
1916.378906	2500.784668
1913.053711	2539.416016
1909.726563	2435.996826
1906.397461	2416.040283
1903.067383	2370.579834
1899.735352	2337.917725
1896.401367	2294.037109
1893.066406	2246.450439
1889.729492	2233.372559
1886.390625	2188.854980
1883.050781	2100.219971
1879.708984	2152.315186
1876.365234	2068.268799
1873.020508	2044.093872
1869.673828	2045.340454
1866.326172	1980.132568
1862.975586	1988.870239
1859.624023	1946.129639
1856.271484	1895.974121
1852.916016	1856.299561
1849.559570	1803.255859
1846.202148	1806.843384
1842.841797	1780.662109
1839.480469	1783.511841
1836.118164	1694.178223
1832.752930	1706.725220
1829.386719	1676.185059
1826.018555	1661.262329
1822.649414	1636.708374
1819.278320	1602.537231
1815.905273	1583.964233
1812.531250	1554.296143
1809.154297	1539.466187
1805.777344	1516.508667
1802.397461	1458.804321
1799.016602	1457.350098
1795.633789	1462.547974
1792.249023	1418.987915
1788.863281	1413.862061
1785.475586	1374.795044
1782.085938	1329.127441
1778.694336	1311.518677
1775.301758	1280.663208
1771.907227	1263.094482
1768.510742	1239.653320
1765.113281	1239.779541
1761.713867	1195.780396
1758.312500	1190.781616
1754.910156	1160.807983
1751.505859	1185.937744
1748.099609	1161.132690
1744.691406	1137.818848
1741.282227	1115.260742
1737.871094	1097.854492
1734.458008	1083.395142
1731.042969	1077.003174
1727.626953	1033.295654
1724.208984	1025.470947
1720.790039	1013.267212
1717.368164	1005.459351
1713.945313	969.175110
1710.520508	967.235840
1707.093750	941.949951
1703.666016	928.356995
1700.236328	919.150513
1696.804688	914.324036
1693.371094	870.179993
1689.936523	866.109619
1686.500000	851.858398
1683.061523	813.626587
1679.622070	841.565796
1676.179688	799.744446
1672.736328	798.621338
1669.291016	806.932556
1665.844727	775.343750
1662.396484	732.911987
1658.945313	756.458557
1655.494141	710.456604
1652.040039	727.475647
1648.584961	709.749573
1645.126953	719.520020
1641.668945	680.854492
1638.208008	663.177185
1634.745117	653.459839
1631.281250	628.596313
1627.815430	635.496033
1624.347656	603.455933
1620.878906	622.611206
1617.408203	588.448242
1613.935547	589.593994
1610.460938	606.568115
1606.984375	560.956726
1603.506836	564.270203
1600.027344	567.580078
1596.545898	518.465393
1593.062500	520.358948
1589.577148	517.228760
1586.090820	516.969482
1582.602539	508.110382
1579.112305	492.813263
1575.620117	490.418152
1572.126953	460.117615
1568.630859	477.767059
1565.133789	456.796082
1561.634766	458.710022
1558.133789	434.198547
1554.631836	436.121521
1551.127930	418.066498
1547.621094	423.560577
1544.114258	409.093170
1540.604492	433.106903
1537.092773	391.593323
1533.580078	386.414520
1530.065430	394.043610
1526.548828	364.697449
1523.030273	350.302307
1519.509766	347.284668
1515.988281	347.819061
1512.463867	360.413879
1508.938477	340.376373
1505.411133	337.369202
1501.882813	327.280914
1498.351563	333.487640
1494.818359	318.457428
1491.284180	312.637512
1487.748047	311.065155
1484.209961	305.961212
1480.669922	307.924774
1477.128906	290.121277
1473.584961	282.213165
1470.040039	277.838806
1466.493164	282.631378
1462.944336	279.669922
1459.393555	261.221130
1455.840820	254.754608
1452.287109	256.031769
1448.730469	270.664978
1445.172852	232.583084
1441.613281	247.213104
1438.051758	249.894928
1434.488281	237.138824
1430.922852	223.694382
1427.356445	227.785507
1423.787109	220.664017
1420.216797	214.950012
1416.644531	219.738831
1413.070313	197.943649
1409.494141	216.717865
1405.916016	198.439972
1402.336914	199.735168
1398.754883	187.068588
1395.171875	179.298523
1391.585938	198.033813
1387.999023	184.690353
1384.410156	179.022934
1380.819336	169.880096
1377.226563	167.009415
1373.632813	155.099899
1370.036133	166.142746
1366.438477	154.940552
1362.837891	166.666443
1359.236328	165.192535
1355.632813	160.251434
1352.027344	137.287659
1348.419922	160.086441
1344.810547	157.233337
1341.199219	152.998474
1337.585938	133.545151
1333.970703	126.560394
1330.354492	125.803841
1326.735352	131.956741
1323.115234	126.364449
1319.493164	121.468025
1315.869141	128.303253
1312.242188	117.205757
1308.614258	119.212372
1304.984375	122.594322
1301.353516	112.893570
1297.719727	108.706963
1294.083984	119.653206
1290.446289	113.405403
1286.807617	114.720467
1283.166016	102.302261
1279.523438	102.249130
1275.877930	95.337219
1272.231445	95.287674
1268.582031	100.719452
1264.931641	99.297440
1261.279297	95.823494
1257.625000	81.407562
1253.968750	84.100121
1250.310547	82.689522
1246.650391	76.499161
1242.988281	88.064682
1239.324219	85.971779
1235.658203	94.110405
1231.990234	86.563614
1228.320313	78.343422
1224.648438	77.621574
1220.975586	78.261513
1217.299805	75.499847
1213.622070	70.701561
1209.943359	67.946671
1206.261719	65.194626
1202.578125	67.196716
1198.893555	64.447876
1195.206055	62.379932
1191.517578	67.090996
1187.826172	68.410423
1184.133789	63.635658
1180.438477	62.925587
1176.742188	60.187443
1173.042969	62.183498
1169.342773	50.666386
1165.639648	61.442841
1161.935547	60.060787
1158.228516	50.586346
1154.520508	56.626827
1150.809570	61.313366
1147.097656	56.567078
1143.382813	54.518021
1139.666992	54.489216
1135.948242	54.460415
1132.227539	51.071636
1128.505859	49.701336
1124.781250	48.332458
1121.055664	46.294075
1117.327148	40.234390
1113.596680	42.223717
1109.865234	44.880772
1106.130859	35.483864
1102.394531	48.848057
1098.657227	37.452579
1094.916992	39.438000
1091.174805	38.080864
1087.430664	40.063801
1083.684570	38.040359
1079.936523	36.686069
1076.186523	37.999855
1072.434570	28.651283
1068.680664	30.633869
1064.924805	33.279922
1061.166992	43.240810
1057.406250	28.590187
1053.644531	31.233047
1049.880859	28.559643
1046.114258	32.527309
1042.346680	31.182974
1038.576172	23.872047
1034.803711	28.498566
1031.030273	25.833689
1027.253906	32.440315
1023.475586	26.467688
1019.695313	35.712208
1015.913086	31.066162
1012.128906	24.443207
1008.342773	27.071161
1004.553711	27.716524
