4046.277344	337.510376
4043.892578	338.558563
4041.505859	346.807159
4039.119141	339.338989
4036.731445	343.392853
4034.342773	361.048096
4031.952148	348.352325
4029.561523	370.174255
4027.169922	379.435486
4024.777344	339.580719
4022.383789	347.802063
4019.989258	366.457153
4017.593750	378.835663
4015.197266	347.389374
4012.799805	396.263306
4010.401367	383.597717
4008.001953	408.453064
4005.601563	410.374237
4003.201172	385.223999
4000.798828	409.008057
3998.395508	407.805420
3995.991211	422.202209
3993.585938	390.849701
3991.180664	395.889832
3988.773438	411.312500
3986.365234	409.072479
3983.957031	427.590912
3981.546875	418.083923
3979.135742	427.250671
3976.724609	475.800903
3974.311523	444.525696
3971.898438	454.706329
3969.483398	477.303101
3967.068359	435.714722
3964.651367	485.198792
3962.234375	473.629791
3959.815430	488.946442
3957.396484	454.652283
3954.975586	493.720398
3952.554688	490.425690
3950.131836	511.902954
3947.708984	494.160217
3945.284180	493.962524
3942.859375	515.412170
3940.432617	529.631653
3938.005859	545.899536
3935.577148	541.562500
3933.148438	518.703674
3930.718750	548.329773
3928.287109	558.393433
3925.855469	553.029724
3923.421875	577.468384
3920.988281	583.399231
3918.552734	569.817871
3916.117188	557.273560
3913.680664	591.929321
3911.242188	609.124207
3908.803711	635.530579
3906.363281	618.880737
3903.922852	610.437927
3901.480469	663.430420
3899.038086	666.233521
3896.593750	634.252502
3894.149414	656.493591
3891.703125	664.406311
3889.256836	667.203674
3886.808594	647.529114
3884.360352	688.104919
3881.910156	690.888733
3879.459961	671.227783
3877.007813	690.330811
3874.555664	719.611023
3872.101563	699.961731
3869.646484	743.472290
3867.191406	743.171570
3864.734375	768.311707
3862.277344	775.121338
3859.818359	787.009216
3857.358398	769.411804
3854.897461	828.027161
3852.436523	794.177734
3849.973633	818.219666
3847.509766	814.843628
3845.044922	819.584778
3842.579102	793.904053
3840.113281	840.203491
3837.645508	849.993408
3835.176758	898.257324
3832.707031	872.585388
3830.236328	880.325684
3827.764648	900.196960
3825.291992	912.974426
3822.818359	936.858276
3820.343750	917.282776
3817.868164	927.007507
3815.390625	920.573608
3812.913086	992.845886
3810.434570	967.226868
3807.955078	952.718262
3805.473633	1017.833984
3802.992188	1023.462952
3800.509766	1028.080078
3798.025391	1071.947510
3795.541016	1064.467041
3793.054688	1109.288940
3790.568359	1107.830566
3788.080078	1105.368042
3785.591797	1130.027954
3783.101563	1152.659302
3780.610352	1166.238892
3778.119141	1182.816772
3775.625977	1169.296021
3773.131836	1191.872803
3770.636719	1236.474976
3768.140625	1233.965332
3765.643555	1232.458496
3763.145508	1214.940063
3760.646484	1290.469604
3758.146484	1282.940674
3755.645508	1329.392822
3753.143555	1350.828247
3750.639648	1353.269775
3748.135742	1342.730957
3745.630859	1393.072510
3743.124023	1370.555176
3740.617188	1391.927734
3738.108398	1420.258911
3735.599609	1396.760742
3733.088867	1469.879272
3730.577148	1499.137695
3728.064453	1537.326904
3725.551758	1528.736816
3723.037109	1550.974121
3720.521484	1560.273071
3718.004883	1592.412109
3715.487305	1591.755615
3712.967773	1617.898682
3710.448242	1618.223511
3707.927734	1614.580444
3705.406250	1664.472778
3702.882813	1692.522827
3700.359375	1706.681763
3697.833984	1720.828491
3695.308594	1697.354004
3692.781250	1747.106812
3690.252930	1785.940063
3687.723633	1807.936523
3685.193359	1751.856323
3682.662109	1807.428345
3680.129883	1825.437988
3677.596680	1852.313843
3675.062500	1898.895752
3672.527344	1909.941284
3669.990234	1953.502686
3667.453125	1962.545044
3664.915039	1969.609619
3662.375000	2033.762695
3659.833984	2033.902832
3657.292969	2022.239380
3654.750000	2073.507813
3652.206055	2122.767578
3649.661133	2140.550537
3647.115234	2131.805664
3644.568359	2220.239502
3642.019531	2151.618408
3639.470703	2281.159668
3636.920898	2189.041504
3634.369141	2222.427490
3631.817383	2303.780273
3629.263672	2305.758301
3626.708984	2358.625732
3624.153320	2395.795898
3621.596680	2419.244141
3619.039063	2404.551270
3616.480469	2403.548828
3613.920898	2478.724854
3611.360352	2488.429443
3608.797852	2561.553955
3606.235352	2521.468018
3603.670898	2613.041748
3601.105469	2654.833252
3598.540039	2647.878906
3595.972656	2679.881592
3593.404297	2731.324219
3590.834961	2751.587891
3588.264648	2730.985840
3585.692383	2843.586670
3583.120117	2881.267334
3580.545898	2851.892090
3577.971680	2934.199463
3575.395508	2964.998535
3572.818359	2955.025391
3570.240234	3023.607422
3567.661133	3039.788086
3565.081055	3088.897217
3562.500000	3143.775146
3559.917969	3158.914307
3557.333984	3204.038330
3554.750000	3276.207520
3552.164063	3311.573730
3549.577148	3266.691650
3546.989258	3383.180176
3544.400391	3434.870361
3541.810547	3477.828613
3539.219727	3540.047119
3536.626953	3510.589600
3534.034180	3587.200439
3531.439453	3651.218506
3528.844727	3633.307129
3526.248047	3630.814941
3523.650391	3757.288086
3521.051758	3814.388672
3518.451172	3852.207764
3515.850586	3905.373047
3513.249023	3927.747070
3510.645508	4035.576172
3508.041016	4079.953613
3505.436523	4149.241699
3502.830078	4142.695313
3500.222656	4165.875000
3497.613281	4247.494629
3495.003906	4259.112305
3492.393555	4309.979492
3489.781250	4440.246094
3487.167969	4530.217773
3484.553711	4562.731445
3481.938477	4651.616699
3479.322266	4690.737305
3476.705078	4689.708008
3474.086914	4821.385742
3471.466797	4841.294922
3468.845703	4879.310059
3466.224609	4950.664551
3463.601563	4977.160645
3460.977539	5052.221680
3458.351563	5143.406250
3455.725586	5204.051758
3453.098633	5320.782227
3450.469727	5342.303223
3447.839844	5450.316895
3445.208984	5460.357910
3442.577148	5535.930664
3439.944336	5672.204590
3437.310547	5653.661621
3434.674805	5808.740234
3432.039063	5839.461426
3429.401367	5954.515625
3426.762695	6091.261719
3424.123047	5991.124512
3421.481445	6103.122070
3418.839844	6237.732910
3416.197266	6479.109375
3413.552734	6495.260742
3410.907227	6547.308105
3408.260742	6615.368652
3405.613281	6676.759277
3402.963867	6746.590332
3400.314453	6875.796875
3397.663086	6966.226563
3395.011719	7103.708984
3392.358398	7041.318848
3389.704102	7218.204590
3387.047852	7323.389160
3384.391602	7340.965820
3381.733398	7480.807129
3379.075195	7562.232910
3376.415039	7590.017090
3373.753906	7703.262695
3371.090820	7899.981934
3368.427734	7919.131836
3365.762695	8128.721680
3363.097656	8053.971191
3360.430664	8278.317383
3357.762695	8419.076172
3355.092773	8444.507813
3352.422852	8518.598633
3349.750977	8703.048828
3347.079102	8655.356445
3344.405273	8802.185547
3341.729492	8967.578125
3339.053711	9096.391602
3336.376953	9156.924805
3333.698242	9307.010742
3331.018555	9205.985352
3328.337891	9530.313477
3325.656250	9653.935547
3322.973633	9655.382813
3320.289063	9830.999023
3317.604492	9933.842773
3314.917969	9945.395508
3312.230469	10221.114258
3309.541016	10317.141602
3306.851563	10381.482422
3304.160156	10564.677734
3301.467773	10722.640625
3298.774414	10773.720703
3296.080078	10950.007813
3293.384766	11050.091797
3290.687500	11025.867188
3287.990234	11234.240234
3285.291016	11466.511719
3282.589844	11422.688477
3279.888672	11508.456055
3277.186523	11660.749023
3274.482422	11937.729492
3271.777344	11929.808594
3269.071289	12074.322266
3266.364258	12406.161133
3263.655273	12401.730469
3260.945313	12640.873047
3258.234375	12614.204102
3255.522461	12789.434570
3252.809570	12993.996094
3250.095703	13135.747070
3247.379883	13319.720703
3244.663086	13308.441406
3241.945313	13531.727539
3239.226563	13600.349609
3236.505859	13832.498047
3233.784180	13984.520508
3231.061523	14111.613281
3228.337891	14216.564453
3225.613281	14487.479492
3222.886719	14626.099609
3220.160156	14848.011719
3217.431641	14967.105469
3214.702148	15088.839844
3211.970703	15220.534180
3209.239258	15409.759766
3206.505859	15590.583984
3203.771484	15667.019531
3201.035156	15869.500000
3198.298828	16238.966797
3195.560547	16254.744141
3192.821289	16459.429688
3190.081055	16597.335938
3187.339844	16725.998047
3184.596680	16961.189453
3181.853516	17212.570313
3179.108398	17226.035156
3176.361328	17498.009766
3173.614258	17637.804688
3170.865234	17917.541016
3168.115234	17847.015625
3165.364258	18061.884766
3162.612305	18028.589844
3159.858398	18345.779297
3157.104492	18602.792969
3154.347656	18790.630859
3151.590820	19060.816406
3148.833008	19203.869141
3146.073242	19228.113281
3143.312500	19514.037109
3140.550781	19881.171875
3137.787109	19947.593750
3135.023438	20066.408203
3132.257813	20232.119141
3129.491211	20422.980469
3126.722656	20815.984375
3123.954102	20932.382813
3121.183594	20908.798828
3118.412109	21118.851563
3115.638672	21426.089844
3112.865234	21421.230469
3110.089844	21487.533203
3107.313477	21717.650391
3104.536133	21786.453125
3101.756836	22070.205078
3098.976563	22146.875000
3096.195313	22334.929688
3093.413086	22584.806641
3090.628906	22516.539063
3087.844727	23158.392578
3085.058594	23038.775391
3082.270508	23539.009766
3079.482422	23694.544922
3076.692383	23896.531250
3073.901367	23820.664063
3071.109375	24106.564453
3068.315430	24333.144531
3065.520508	24460.222656
3062.724609	24692.691406
3059.927734	24694.361328
3057.128906	24994.404297
3054.329102	25272.746094
3051.528320	25216.119141
3048.726563	25361.167969
3045.922852	25252.814453
3043.118164	25694.539063
3040.312500	25998.654297
3037.505859	25950.703125
3034.697266	25987.355469
3031.887695	26582.781250
3029.077148	26384.296875
3026.264648	26642.060547
3023.452148	26685.423828
3020.637695	26896.623047
3017.821289	26935.378906
3015.004883	26895.109375
3012.186523	27217.685547
3009.367188	27312.974609
3006.545898	27534.914063
3003.724609	27509.478516
3000.901367	27867.488281
2998.077148	28000.351563
2995.250977	28229.527344
2992.423828	28063.183594
2989.595703	28218.742188
2986.766602	28563.240234
2983.935547	28432.273438
2981.104492	28679.248047
2978.270508	28723.042969
2975.436523	29037.570313
2972.600586	28924.222656
2969.763672	28855.029297
2966.925781	29148.794922
2964.085938	29257.396484
2961.245117	29528.705078
2958.403320	29410.949219
2955.560547	29652.916016
2952.715820	29648.568359
2949.870117	29755.787109
2947.023438	29838.314453
2944.174805	29940.068359
2941.325195	29960.132813
2938.474609	30110.833984
2935.622070	30224.578125
2932.768555	30249.718750
2929.914063	30390.431641
2927.058594	30625.552734
2924.201172	30588.330078
2921.342773	30870.365234
2918.483398	31177.492188
2915.622070	30990.621094
2912.759766	31175.121094
2909.896484	31265.156250
2907.032227	31280.925781
2904.166016	31356.859375
2901.298828	31655.921875
2898.429688	31671.468750
2895.559570	31951.812500
2892.688477	31800.884766
2889.816406	31851.130859
2886.942383	32110.982422
2884.067383	32264.505859
2881.191406	32302.281250
2878.314453	32456.431641
2875.435547	32533.148438
2872.554688	32736.515625
2869.673828	32768.769531
2866.791016	33094.980469
2863.907227	33263.121094
2861.021484	33153.832031
2858.134766	33294.925781
2855.247070	33458.394531
2852.358398	33482.390625
2849.467773	33715.667969
2846.576172	33609.828125
2843.682617	33663.941406
2840.789063	33896.792969
2837.893555	33900.632813
2834.996094	34125.386719
2832.097656	34138.585938
2829.198242	34347.488281
2826.297852	34353.664063
2823.395508	34407.203125
2820.492188	34454.656250
2817.587891	34419.429688
2814.681641	34243.136719
2811.774414	34550.261719
2808.866211	34541.652344
2805.956055	34808.824219
2803.044922	35011.339844
2800.131836	34701.218750
2797.218750	35006.539063
2794.303711	34950.527344
2791.386719	35153.429688
2788.468750	35079.386719
2785.549805	35125.300781
2782.629883	35125.789063
2779.708008	35430.890625
2776.785156	35456.878906
2773.860352	35192.167969
2770.935547	35403.648438
2768.007813	35533.789063
2765.080078	35516.953125
2762.150391	35405.398438
2759.219727	35436.382813
2756.287109	35721.402344
2753.353516	35413.011719
2750.418945	35762.503906
2747.482422	35412.628906
2744.544922	35377.953125
2741.606445	35569.578125
2738.666016	35524.640625
2735.724609	35523.074219
2732.782227	35429.750000
2729.837891	35660.871094
2726.892578	35432.593750
2723.945313	35814.496094
2720.997070	35433.691406
2718.047852	35550.773438
2715.097656	35507.609375
2712.145508	35202.792969
2709.191406	35340.101563
2706.237305	35193.835938
2703.281250	35122.957031
2700.323242	34931.250000
2697.364258	35114.863281
2694.404297	34964.695313
2691.443359	34904.980469
2688.480469	34620.015625
2685.515625	34835.437500
2682.550781	34661.179688
2679.583984	34833.394531
2676.615234	34520.292969
2673.646484	34433.093750
2670.674805	34376.257813
2667.703125	34249.648438
2664.729492	34330.804688
2661.754883	33933.710938
2658.778320	33967.878906
2655.800781	33811.414063
2652.821289	33514.093750
2649.840820	33238.839844
2646.859375	33227.101563
2643.876953	33072.890625
2640.892578	33057.867188
2637.906250	33129.089844
2634.918945	32557.474609
2631.930664	32585.337891
2628.941406	32671.697266
2625.950195	32209.691406
2622.957031	32336.222656
2619.963867	32134.460938
2616.967773	32101.472656
2613.971680	31917.501953
2610.973633	31630.285156
2607.974609	31201.623047
2604.973633	31130.755859
2601.971680	30816.777344
2598.967773	30816.048828
2595.962891	30649.744141
2592.957031	30397.093750
2589.949219	30426.453125
2586.940430	29973.878906
2583.929688	29839.781250
2580.917969	29714.927734
2577.905273	29678.957031
2574.890625	29380.939453
2571.875000	29195.093750
2568.857422	29069.894531
2565.838867	28640.023438
2562.819336	28580.572266
2559.797852	28110.753906
2556.775391	28022.632813
2553.750977	27735.351563
2550.725586	27631.765625
2547.698242	27446.498047
2544.669922	27092.152344
2541.640625	27010.431641
2538.609375	26557.617188
2535.577148	26534.730469
2532.542969	26449.230469
2529.507813	26134.820313
2526.471680	26047.917969
2523.433594	25617.111328
2520.393555	25505.009766
2517.353516	25267.214844
2514.310547	25216.171875
2511.267578	24788.966797
2508.222656	24635.546875
2505.175781	24490.464844
2502.127930	24213.445313
2499.079102	24036.701172
2496.028320	23636.382813
2492.976563	23296.220703
2489.922852	23229.832031
2486.868164	23017.822266
2483.812500	22627.675781
2480.754883	22584.554688
2477.695313	22421.332031
2474.634766	21951.103516
2471.573242	21983.451172
2468.509766	21677.068359
2465.445313	21439.484375
2462.378906	21343.171875
2459.311523	21067.642578
2456.242188	20781.769531
2453.171875	20659.001953
2450.100586	20196.142578
2447.027344	20072.931641
2443.953125	19841.683594
2440.876953	19612.267578
2437.799805	19407.427734
2434.720703	19276.662109
2431.640625	19079.457031
2428.558594	18984.644531
2425.475586	18709.902344
2422.390625	18375.431641
2419.304688	18086.630859
2416.217773	18015.099609
2413.128906	17731.576172
2410.038086	17519.501953
2406.946289	17293.869141
2403.853516	17194.527344
2400.758789	16899.765625
2397.663086	16710.246094
2394.565430	16554.796875
2391.466797	16222.808594
2388.366211	16226.572266
2385.264648	15866.017578
2382.161133	15806.288086
2379.056641	15323.854492
2375.950195	15460.005859
2372.842773	15205.039063
2369.734375	14905.272461
2366.624023	14799.484375
2363.511719	14719.497070
2360.398438	14434.813477
2357.284180	14305.296875
2354.167969	14049.139648
2351.049805	14031.375000
2347.930664	13844.503906
2344.810547	13640.176758
2341.688477	13456.854492
2338.564453	13277.701172
2335.439453	13249.913086
2332.313477	12923.079102
2329.185547	12839.524414
2326.056641	12628.219727
2322.925781	12483.384766
2319.792969	12384.175781
2316.660156	12314.573242
2313.524414	11989.062500
2310.387695	11918.903320
2307.250000	11879.079102
2304.110352	11472.993164
2300.969727	11502.651367
2297.827148	11211.671875
2294.682617	11041.032227
2291.537109	11050.968750
2288.390625	10935.372070
2285.242188	10659.478516
2282.092773	10523.530273
2278.941406	10415.470703
2275.788086	10232.178711
2272.633789	10297.130859
2269.478516	10072.865234
2266.321289	9968.372070
2263.162109	9684.312500
2260.001953	9682.933594
2256.840820	9560.574219
2253.676758	9443.067383
2250.512695	9372.276367
2247.346680	9067.035156
2244.178711	9108.551758
2241.009766	8899.957031
2237.838867	8839.002930
2234.666992	8748.942383
2231.493164	8588.065430
2228.318359	8421.038086
2225.141602	8320.273438
2221.963867	8250.280273
2218.784180	8067.912598
2215.602539	7936.011719
2212.419922	7889.854980
2209.236328	7700.055176
2206.050781	7748.222168
2202.863281	7593.960449
2199.674805	7469.635742
2196.485352	7452.006348
2193.292969	7278.511719
2190.100586	7162.333008
2186.905273	7120.605469
2183.709961	6965.496094
2180.511719	6860.567383
2177.312500	6812.782227
2174.112305	6722.080078
2170.910156	6558.853516
2167.706055	6445.721680
2164.500977	6409.913086
2161.294922	6316.444336
2158.085938	6242.542969
2154.876953	6174.161621
2151.665039	6129.197754
2148.452148	6021.245117
2145.238281	5870.615234
2142.022461	5782.317871
2138.804688	5785.792480
2135.585938	5783.047852
2132.365234	5622.715820
2129.143555	5533.919434
2125.919922	5556.885742
2122.695313	5395.332520
2119.468750	5321.485840
2116.240234	5102.109863
2113.010742	5091.943848
2109.780273	5043.873535
2106.546875	4978.833496
2103.312500	4930.085938
2100.077148	4812.620117
2096.839844	4790.250488
2093.600586	4758.638184
2090.360352	4625.214844
2087.119141	4602.189941
2083.875000	4601.538574
2080.629883	4466.833984
2077.383789	4426.972168
2074.135742	4373.291992
2070.885742	4290.427734
2067.634766	4236.092285
2064.381836	4160.286621
2061.127930	4141.398926
2057.871094	4018.101807
2054.614258	3934.062256
2051.355469	3913.003906
2048.094727	3921.100342
2044.832031	3846.419434
2041.568359	3785.596680
2038.303711	3711.814697
2035.037109	3616.674316
2031.768555	3554.514893
2028.498047	3561.221924
2025.226563	3467.814453
2021.954102	3418.032471
2018.678711	3355.318115
2015.403320	3348.367188
2012.125000	3278.116943
2008.845703	3243.762939
2005.564453	3212.488525
2002.282227	3157.632813
1998.998047	3111.963867
1995.712891	3004.706299
1992.424805	2996.417236
1989.136719	2916.681396
1985.845703	2867.412109
1982.553711	2867.551270
1979.260742	2778.880371
1975.964844	2760.092529
1972.667969	2711.747314
1969.370117	2701.345459
1966.070313	2678.073486
1962.768555	2620.748047
1959.465820	2519.578857
1956.161133	2523.658936
1952.854492	2484.634766
1949.546875	2408.614990
1946.237305	2391.588379
1942.925781	2376.087646
1939.613281	2323.622070
1936.298828	2288.555420
1932.982422	2245.228271
1929.665039	2223.042480
1926.346680	2182.046875
1923.025391	2171.203857
1919.703125	2172.410156
1916.378906	2096.898682
1913.053711	2068.819580
1909.726563	2097.121338
1906.397461	2002.226807
1903.067383	1963.722900
1899.735352	1980.027222
1896.401367	1947.569336
1893.066406	1859.674194
1889.729492	1890.237793
1886.390625	1869.100952
1883.050781	1843.493164
1879.708984	1756.564453
1876.365234	1766.178833
1873.020508	1753.361694
1869.673828	1717.398682
1866.326172	1675.496704
1862.975586	1679.158813
1859.624023	1594.796875
1856.271484	1593.274414
1852.916016	1592.497925
1849.559570	1571.610840
1846.202148	1565.633179
1842.841797	1513.525513
1839.480469	1487.499512
1836.118164	1458.524658
1832.752930	1434.035645
1829.386719	1445.960327
1826.018555	1362.116333
1822.649414	1364.418213
1819.278320	1337.054443
1815.905273	1333.435547
1812.531250	1266.106812
1809.154297	1246.234497
1805.777344	1263.387207
1802.397461	1260.548950
1799.016602	1265.107056
1795.633789	1196.495850
1792.249023	1186.306396
1788.863281	1150.285645
1785.475586	1132.010498
1782.085938	1143.993774
1778.694336	1102.884766
1775.301758	1075.816040
1771.907227	1049.510010
1768.510742	1083.592529
1765.113281	1038.177368
1761.713867	1006.044006
1758.312500	1020.985046
1754.910156	1009.462097
1751.505859	948.015930
1748.099609	946.080994
1744.691406	946.348389
1741.282227	923.151367
1737.871094	938.086670
1734.458008	920.775940
1731.042969	896.160400
1727.626953	886.936462
1724.208984	830.909424
1720.790039	845.120422
1717.368164	830.819275
1713.945313	823.105042
1710.520508	823.427979
1707.093750	802.591003
1703.666016	787.608459
1700.236328	797.423218
1696.804688	758.415405
1693.371094	739.835022
1689.936523	697.254639
1686.500000	716.550415
1683.061523	700.198792
1679.622070	683.136353
1676.179688	692.240173
1672.736328	670.115906
1669.291016	646.561951
1665.844727	630.284119
1662.396484	616.921936
1658.945313	631.831299
1655.494141	611.963135
1652.040039	608.039307
1648.584961	616.418579
1645.126953	566.938416
1641.668945	579.665894
1638.208008	571.430420
1634.745117	547.317749
1631.281250	541.992920
1627.815430	530.181091
1624.347656	528.474548
1620.878906	526.048828
1617.408203	489.773315
1613.935547	507.525970
1610.460938	458.343872
1606.984375	451.642090
1603.506836	453.572601
1600.027344	450.471802
1596.545898	463.171997
1593.062500	453.609467
1589.577148	441.904175
1586.090820	421.606201
1582.602539	417.811493
1579.112305	429.778992
1575.620117	408.801117
1572.126953	396.431061
1568.630859	418.403809
1565.133789	421.053040
1561.634766	372.255341
1558.133789	369.925751
1554.631836	381.160217
1551.127930	351.718048
1547.621094	366.515381
1544.114258	344.236938
1540.604492	366.858643
1537.092773	327.514435
1533.580078	329.484192
1530.065430	315.092621
1526.548828	331.995514
1523.030273	333.249054
1519.509766	306.803619
1515.988281	313.037170
1512.463867	289.466248
1508.938477	290.738159
1505.411133	283.503540
1501.882813	279.818085
1498.351563	293.837311
1494.818359	275.996429
1491.284180	258.173523
1487.748047	261.577515
1484.209961	263.564728
1480.669922	247.893570
1477.128906	241.414780
1473.584961	251.875244
1470.040039	243.285248
1466.493164	232.589417
1462.944336	221.904358
1459.393555	227.424332
1455.840820	222.382477
1452.287109	222.972717
1448.730469	201.768433
1445.172852	219.232391
1441.613281	201.562958
1438.051758	204.969986
1434.488281	188.027237
1430.922852	185.827621
1427.356445	189.938065
1423.787109	207.354126
1420.216797	172.240082
1416.644531	177.050720
1413.070313	187.451935
1409.494141	183.860641
1405.916016	162.105881
1402.336914	173.895294
1398.754883	172.410233
1395.171875	147.206177
1391.585938	154.801071
1387.999023	155.418671
1384.410156	151.159439
1380.819336	154.563034
1377.226563	160.050690
1373.632813	147.449234
1370.036133	154.325073
1366.438477	140.349747
1362.837891	130.555374
1359.236328	130.488220
1355.632813	137.358368
1352.027344	128.967194
1348.419922	119.891579
1344.810547	128.141708
1341.199219	121.844940
1337.585938	110.019066
1333.970703	109.270721
1330.354492	114.744164
1326.735352	100.867455
1323.115234	95.291222
1319.493164	114.566437
1315.869141	100.711159
1312.242188	107.553520
1308.614258	99.917885
1304.984375	90.912643
1301.353516	90.177185
1297.719727	103.202812
1294.083984	92.146721
1290.446289	95.535461
1286.807617	89.990303
1283.166016	85.824043
1279.523438	86.465714
1275.877930	84.363152
1272.231445	82.948257
1268.582031	79.479294
1264.931641	76.698715
1261.279297	76.658798
1257.625000	74.566589
1253.968750	87.518822
1250.310547	74.488907
1246.650391	75.133102
1242.988281	72.363228
1239.324219	76.419357
1235.658203	64.104187
1231.990234	62.707504
1228.320313	64.718475
1224.648438	70.131775
1220.975586	75.539368
1217.299805	61.896271
1213.622070	67.302452
1209.943359	56.395733
1206.261719	56.366184
1202.578125	58.372902
1198.893555	61.734283
1195.206055	53.565380
1191.517578	60.991817
1187.826172	62.991779
1184.133789	52.804054
1180.438477	50.069824
1176.742188	51.396019
1173.042969	47.313530
1169.342773	48.639732
1165.639648	50.639706
1161.935547	50.613026
1158.228516	42.492531
1154.520508	49.211411
1150.809570	37.731300
1147.097656	41.078472
1143.382813	47.787399
1139.666992	49.107563
1135.948242	43.030449
1132.227539	50.399643
1128.505859	41.641659
1124.781250	39.605766
1121.055664	37.572006
1117.327148	34.869804
1113.596680	37.532192
1109.865234	44.880772
1106.130859	34.144848
1102.394531	32.119270
1098.657227	34.108601
1094.916992	39.438000
1091.174805	40.085121
1087.430664	33.386501
1083.684570	31.366611
1079.936523	32.016933
1076.186523	29.333223
1072.434570	30.650209
1068.680664	26.638147
1064.924805	27.289537
1061.166992	34.592648
1057.406250	24.600859
1053.644531	30.568514
1049.880859	23.910398
1046.114258	26.552906
1042.346680	30.519506
1038.576172	28.513834
1034.803711	26.510294
1031.030273	31.132906
1027.253906	26.481890
1023.475586	20.512459
1019.695313	28.437498
1015.913086	20.490448
1012.128906	31.710106
1008.342773	23.769800
1004.553711	22.437187
