4046.277344	5.240844
4043.892578	8.385351
4041.505859	11.525313
4039.119141	8.378740
4036.731445	10.469294
4034.342773	3.139549
4031.952148	9.414928
4029.561523	8.365520
4027.169922	10.452768
4024.777344	13.583228
4022.383789	10.444506
4019.989258	11.484412
4017.593750	7.305371
4015.197266	7.302479
4012.799805	10.427982
4010.401367	12.508621
4008.001953	7.293805
4005.601563	7.290913
4003.201172	5.205730
4000.798828	6.244398
3998.395508	4.161280
3995.991211	13.518790
3993.585938	8.315951
3991.180664	7.273566
3988.773438	7.270676
3986.365234	13.497314
3983.957031	16.605473
3981.546875	7.262004
3979.135742	5.185081
3976.724609	14.512446
3974.311523	15.542856
3971.898438	15.536663
3969.483398	10.353646
3967.068359	11.384470
3964.651367	8.276312
3962.234375	9.307136
3959.815430	17.573128
3957.396484	10.333006
3954.975586	16.526205
3952.554688	17.552076
3950.131836	10.320624
3947.708984	11.348146
3945.284180	9.281134
3942.859375	11.339068
3940.432617	8.243294
3938.005859	15.449986
3935.577148	12.355038
3933.148438	13.379261
3930.718750	13.373898
3928.287109	10.283488
3925.855469	16.446981
3923.421875	9.247714
3920.988281	9.244002
3918.552734	17.453880
3916.117188	14.368011
3913.680664	17.439859
3911.242188	17.432848
3908.803711	5.125247
3906.363281	10.246370
3903.922852	14.339146
3901.480469	12.285748
3899.038086	9.210601
3896.593750	15.344819
3894.149414	17.383787
3891.703125	10.221635
3889.256836	14.304520
3886.808594	17.362768
3884.360352	12.251126
3881.910156	11.225666
3879.459961	19.381958
3877.007813	20.393822
3874.555664	15.289186
3872.101563	10.188671
3869.646484	16.295282
3867.191406	10.180433
3864.734375	13.229209
3862.277344	15.258294
3859.818359	13.218501
3857.358398	13.213148
3854.897461	11.175827
3852.436523	16.249161
3849.973633	12.181931
3847.509766	16.235987
3845.044922	12.172051
3842.579102	13.181039
3840.113281	13.175688
3837.645508	13.170339
3835.176758	18.228447
3832.707031	21.257881
3830.236328	17.201767
3827.764648	19.217688
3825.291992	14.154642
3822.818359	14.148884
3820.343750	11.112456
3817.868164	14.137369
3815.390625	15.141013
3812.913086	19.170805
3810.434570	13.111522
3807.955078	16.130680
3805.473633	18.139616
3802.992188	19.139563
3800.509766	23.159492
3798.025391	15.097852
3795.541016	17.103914
3793.054688	20.114035
3790.568359	16.084654
3788.080078	18.087841
3785.591797	15.067040
3783.101563	20.081173
3780.610352	15.054719
3778.119141	19.061508
3775.625977	15.042401
3773.131836	25.060404
3770.636719	20.040113
3768.140625	25.039881
3765.643555	19.022511
3763.145508	18.013939
3760.646484	12.004369
3758.146484	25.998798
3755.645508	21.989958
3753.143555	27.975733
3750.639648	18.975739
3748.135742	27.952765
3745.630859	19.958057
3743.124023	20.947350
3740.617188	28.915403
3738.108398	14.950094
3735.599609	23.910313
3733.088867	33.859009
3730.577148	21.899754
3728.064453	19.900671
3725.551758	18.897854
3723.037109	27.837997
3720.521484	26.832722
3718.004883	20.861294
3715.487305	23.831650
3712.967773	23.821821
3710.448242	23.811995
3707.927734	24.793926
3705.406250	25.775042
3702.882813	29.728153
3700.359375	27.734816
3697.833984	24.752998
3695.308594	21.773638
3692.781250	23.743240
3690.252930	32.633457
3687.723633	24.712091
3685.193359	25.689941
3682.662109	22.716312
3680.129883	31.592220
3677.596680	26.644897
3675.062500	32.552498
3672.527344	28.594889
3669.990234	28.583036
3667.453125	24.630333
3664.915039	32.498558
3662.375000	31.500681
3659.833984	29.519636
3657.292969	29.507383
3654.750000	31.461475
3652.206055	28.500122
3649.661133	31.435347
3647.115234	30.440338
3644.568359	33.372299
3642.019531	34.339558
3639.470703	30.402386
3636.920898	40.192883
3634.369141	43.115875
3631.817383	39.179935
3629.263672	29.372717
3626.708984	35.232582
3624.153320	35.217903
3621.596680	35.203228
3619.039063	41.053314
3616.480469	35.173885
3613.920898	38.089149
3611.360352	35.144550
3608.797852	35.129883
3606.235352	34.139797
3603.670898	35.100559
3601.105469	43.857376
3598.540039	35.071243
3595.972656	37.977974
3593.404297	35.041939
3590.834961	37.946228
3588.264648	39.875504
3585.692383	46.663990
3583.120117	42.757423
3580.545898	39.825470
3577.971680	37.866901
3575.395508	51.438599
3572.818359	42.685856
3570.240234	45.577148
3567.661133	44.588726
3565.081055	39.725464
3562.500000	48.425373
3559.917969	59.054173
3557.333984	39.675495
3554.750000	41.593422
3552.164063	52.211674
3549.577148	46.390888
3546.989258	46.371403
3544.400391	48.283249
3541.810547	54.054512
3539.219727	54.031788
3536.626953	53.044624
3534.034180	53.986355
3531.439453	59.745461
3528.844727	47.198318
3526.248047	52.955402
3523.650391	55.820366
3521.051758	58.682903
3518.451172	58.658180
3515.850586	59.594669
3513.249023	55.726353
3510.645508	52.821678
3508.041016	66.239250
3505.436523	49.898376
3502.830078	55.632397
3500.222656	63.279114
3497.613281	70.919357
3495.003906	59.393833
3492.393555	68.944351
3489.781250	58.386509
3487.167969	70.799599
3484.553711	58.337162
3481.938477	61.180325
3479.322266	63.065525
3476.705078	62.083714
3474.086914	65.876366
3471.466797	71.574432
3468.845703	67.728447
3466.224609	73.420868
3463.601563	60.046177
3460.977539	69.547836
3458.351563	66.661446
3455.725586	75.200310
3453.098633	74.216919
3450.469727	74.185448
3447.839844	82.710197
3445.208984	83.625389
3442.577148	82.640007
3439.944336	78.806999
3437.310547	78.773529
3434.674805	94.867554
3432.039063	84.396248
3429.401367	91.943336
3426.762695	75.797318
3424.123047	80.500404
3421.481445	83.306152
3418.839844	80.431938
3416.197266	92.693825
3413.552734	87.927109
3410.907227	93.559975
3408.260742	93.520134
3405.613281	80.260857
3402.963867	84.945877
3400.314453	87.739998
3397.663086	96.189941
3395.011719	92.378380
3392.358398	85.743340
3389.704102	103.601585
3387.047852	94.143066
3384.391602	96.925972
3381.733398	94.062714
3379.075195	90.261642
3376.415039	104.320442
3373.753906	105.215294
3371.090820	98.597183
3368.427734	107.941231
3365.762695	99.451118
3363.097656	115.351471
3360.430664	104.990555
3357.762695	117.126823
3355.092773	118.013306
3352.422852	118.898994
3349.750977	113.233215
3347.079102	126.280472
3344.405273	106.591156
3341.729492	125.237671
3339.053711	127.052406
3336.376953	119.527473
3333.698242	133.477325
3331.018555	124.090004
3328.337891	135.228058
3325.656250	123.051331
3322.973633	132.316574
3320.289063	133.191177
3317.604492	143.375046
3314.917969	143.313461
3312.230469	141.391464
3309.541016	142.260513
3306.851563	141.269943
3304.160156	133.777145
3301.467773	128.147949
3298.774414	144.800583
3296.080078	141.027039
3293.384766	152.095261
3290.687500	138.124619
3287.990234	172.349777
3285.291016	156.529938
3282.589844	155.536682
3279.888672	139.737610
3277.186523	154.477631
3274.482422	151.637177
3271.777344	162.662415
3269.071289	171.830444
3266.364258	172.679733
3263.655273	180.912415
3260.945313	179.911697
3258.234375	174.300674
3255.522461	171.459915
3252.809570	170.464432
3250.095703	167.627686
3247.379883	172.158401
3244.663086	190.488693
3241.945313	195.925354
3239.226563	190.323990
3236.505859	184.727402
3233.784180	194.752563
3231.061523	198.341263
3228.337891	189.076920
3225.613281	203.674271
3222.886719	199.917847
3220.160156	208.997818
3217.431641	214.404816
3214.702148	222.554657
3211.970703	208.726196
3209.239258	227.852142
3206.505859	225.923981
3203.771484	211.197571
3201.035156	223.900223
3198.298828	230.197418
3195.560547	220.966644
3192.821289	216.307251
3190.081055	219.862473
3187.339844	250.771423
3184.596680	247.016464
3181.853516	243.264679
3179.108398	240.426804
3176.361328	261.259430
3173.614258	271.154877
3170.865234	268.308350
3168.115234	252.736496
3165.364258	258.987579
3162.612305	262.508179
3159.858398	270.565308
3157.104492	282.245514
3154.347656	273.958221
3151.590820	261.144318
3148.833008	271.000427
3146.073242	289.907471
3143.312500	287.969910
3140.550781	291.464996
3137.787109	292.242615
3135.023438	296.636993
3132.257813	300.123474
3129.491211	283.727814
3126.722656	317.925415
3123.954102	292.508057
3121.183594	290.575470
3118.412109	297.664612
3115.638672	320.976624
3112.865234	319.935059
3110.089844	331.505981
3107.313477	334.962738
3104.536133	320.415497
3101.756836	333.770020
3098.976563	319.235840
3096.195313	328.983582
3093.413086	331.534943
3090.628906	317.918579
3087.844727	364.458771
3085.058594	358.018036
3082.270508	347.098389
3079.482422	371.151764
3076.692383	366.508484
3073.901367	367.243439
3071.109375	373.349579
3068.315430	369.606049
3065.520508	390.912720
3062.724609	350.504608
3059.927734	375.375732
3057.128906	400.224945
3054.329102	380.403839
3051.528320	402.551056
3048.726563	404.158478
3045.922852	392.387543
3043.118164	408.260162
3040.312500	416.099670
3037.505859	417.697845
3034.697266	415.733582
3031.887695	436.906525
3029.077148	413.588806
3026.264648	443.634277
3023.452148	439.884277
3020.637695	438.802216
3017.821289	429.730164
3015.004883	471.252350
3012.186523	482.576782
3009.367188	459.309814
3006.545898	466.197723
3003.724609	454.475128
3000.901367	458.702240
2998.077148	467.351135
2995.250977	484.839691
2992.423828	515.578003
2989.595703	500.322906
2986.766602	506.286896
2983.935547	488.399567
2981.104492	463.465546
2978.270508	500.321533
2975.436523	501.864319
2972.600586	503.405609
2969.763672	511.995239
2966.925781	493.271027
2964.085938	520.346680
2961.245117	520.116394
2958.403320	522.525085
2955.560547	512.621582
2952.715820	527.335632
2949.870117	528.859009
2947.023438	573.408447
2944.174805	533.656677
2941.325195	565.004089
2938.474609	534.060425
2935.622070	558.367126
2932.768555	557.243225
2929.914063	543.859192
2927.058594	563.751770
2924.201172	564.376465
2921.342773	566.749695
2918.483398	563.875244
2915.622070	593.335144
2912.759766	580.843201
2909.896484	577.965820
2907.032227	597.780273
2904.166016	581.813354
2901.298828	586.785889
2898.429688	597.854431
2895.559570	602.815063
2892.688477	613.866272
2889.816406	608.370911
2886.942383	636.808533
2884.067383	629.568298
2881.191406	609.296631
2878.314453	628.138550
2875.435547	620.042908
2872.554688	615.426331
2869.673828	635.975098
2866.791016	635.691406
2863.907227	609.401978
2861.021484	622.127136
2858.134766	650.430237
2855.247070	636.288635
2852.358398	623.890137
2849.467773	625.341309
2846.576172	659.643494
2843.682617	629.967468
2840.789063	655.598877
2837.893555	677.753662
2834.996094	676.587585
2832.097656	640.917969
2829.198242	676.844543
2826.297852	659.304932
2823.395508	668.485779
2820.492188	665.603271
2817.587891	673.051270
2814.681641	667.588013
2811.774414	675.028076
2808.866211	665.270813
2805.956055	690.746765
2803.044922	690.437073
2800.131836	703.002930
2797.218750	698.397644
2794.303711	676.644409
2791.386719	712.343628
2788.468750	688.032715
2785.549805	675.733582
2782.629883	683.990723
2779.708008	661.435913
2776.785156	678.244507
2773.860352	715.555542
2770.935547	703.270569
2768.007813	691.850586
2765.080078	693.246948
2762.150391	710.002502
2759.219727	715.653931
2756.287109	703.395447
2753.353516	690.295532
2750.418945	698.503052
2747.482422	725.434875
2744.544922	720.852722
2741.606445	710.319763
2738.666016	704.047485
2735.724609	733.477173
2732.782227	709.359558
2729.837891	737.061523
2726.892578	701.929626
2723.945313	721.125732
2720.997070	730.128235
2718.047852	712.846313
2715.097656	694.732483
2712.145508	707.968323
2709.191406	727.117310
2706.237305	690.406982
2703.281250	706.163330
2700.323242	729.513123
2697.364258	732.562988
2694.404297	713.651367
2691.443359	704.042603
2688.480469	718.068481
2685.515625	698.344971
2682.550781	726.691833
2679.583984	720.464233
2676.615234	752.144043
2673.646484	669.298523
2670.674805	681.617798
2667.703125	706.542480
2664.729492	698.655457
2661.754883	714.305481
2658.778320	697.181885
2655.800781	690.988403
2652.821289	691.514038
2649.840820	704.621460
2646.859375	717.716797
2643.876953	680.515625
2640.892578	701.148804
2637.906250	684.921326
2634.918945	672.892944
2631.930664	695.173950
2628.941406	683.987610
2625.950195	681.169189
2622.957031	677.517639
2619.963867	661.343811
2616.967773	671.058594
2613.971680	670.753052
2610.973633	663.776489
2607.974609	675.143311
2604.973633	657.339966
2601.971680	645.381897
2598.967773	645.920105
2595.962891	638.969666
2592.957031	642.836365
2589.949219	615.112427
2586.940430	649.727600
2583.929688	632.821594
2580.917969	577.746460
2577.905273	623.117065
2574.890625	633.613831
2571.875000	619.232056
2568.857422	634.692139
2565.838867	620.322632
2562.819336	625.833801
2559.797852	588.312622
2556.775391	608.720215
2553.750977	588.601196
2550.725586	596.594910
2547.698242	595.495911
2544.669922	573.758911
2541.640625	554.517151
2538.609375	584.780579
2535.577148	568.024292
2532.542969	583.420715
2529.507813	577.387634
2526.471680	569.713318
2523.433594	573.566528
2520.393555	560.142944
2517.353516	562.352356
2514.310547	562.094238
2511.267578	576.621338
2508.222656	584.566711
2505.175781	561.320190
2502.127930	530.712402
2499.079102	539.487305
2496.028320	522.849060
2492.976563	516.874695
2489.922852	524.824524
2486.868164	506.578674
2483.812500	521.069702
2480.754883	515.924072
2477.695313	509.965759
2474.634766	510.547791
2471.573242	504.597107
2468.509766	509.261353
2465.445313	487.817230
2462.378906	519.391846
2459.311523	513.447388
2456.242188	492.845062
2453.171875	474.704315
2450.100586	470.415924
2447.027344	457.996399
2443.953125	456.971802
2440.876953	442.944183
2437.799805	456.549774
2434.720703	441.722992
2431.640625	465.867310
2428.558594	442.125977
2425.475586	420.839020
2422.390625	421.454865
2419.304688	426.120544
2416.217773	428.352570
2413.128906	438.676025
2410.038086	420.675140
2406.946289	401.882141
2403.853516	425.943176
2400.758789	424.130066
2397.663086	402.131195
2394.565430	409.208832
2391.466797	408.212311
2388.366211	385.444611
2385.264648	389.295715
2382.161133	397.171265
2379.056641	405.844604
2375.950195	383.119690
2372.842773	385.355225
2369.734375	373.918427
2366.624023	374.548401
2363.511719	388.835114
2360.398438	379.821259
2357.284180	345.934082
2354.167969	358.609253
2351.049805	339.999023
2347.930664	358.275513
2344.810547	361.313263
2341.688477	349.133514
2338.564453	364.978699
2335.439453	352.808350
2332.313477	334.252045
2329.185547	347.683838
2326.056641	313.168976
2322.925781	317.814056
2319.792969	308.087891
2316.660156	314.326355
2313.524414	328.532990
2310.387695	317.221039
2307.250000	315.479523
2304.110352	309.758057
2300.969727	319.960266
2297.827148	315.832947
2294.682617	299.781708
2291.537109	292.488220
2288.390625	282.023743
2285.242188	277.127380
2282.092773	290.490387
2278.941406	295.907562
2275.788086	305.284332
2272.633789	303.556122
2269.478516	276.478943
2266.321289	274.765686
2263.162109	290.466034
2260.001953	278.463470
2256.840820	278.332794
2253.676758	280.573212
2250.512695	274.121704
2247.346680	253.463242
2244.178711	249.398010
2241.009766	262.691528
2237.838867	255.471619
2234.666992	241.953445
2231.493164	263.108948
2228.318359	234.639496
2225.141602	249.482285
2221.963867	247.004944
2218.784180	253.178818
2215.602539	237.341614
2212.419922	223.875824
2209.236328	240.258682
2206.050781	236.221497
2202.863281	229.050354
2199.674805	248.543564
2196.485352	244.507935
2193.292969	223.243210
2190.100586	208.261978
2186.905273	228.510483
2183.709961	220.580566
2180.511719	205.621567
2177.312500	216.464874
2174.112305	216.362549
2170.910156	202.207245
2167.706055	197.429489
2164.500977	210.595825
2161.294922	205.818481
2158.085938	192.473862
2154.876953	183.036194
2151.665039	194.627136
2148.452148	199.203766
2145.238281	191.331650
2142.022461	171.805893
2138.804688	188.819168
2135.585938	190.282944
2132.365234	201.060806
2129.143555	183.119034
2125.919922	182.256546
2122.695313	183.720383
2119.468750	175.884872
2116.240234	183.545853
2113.010742	186.554962
2109.780273	175.634186
2106.546875	176.324020
2103.312500	163.872406
2100.077148	160.703964
2096.839844	169.894424
2093.600586	172.129166
2090.360352	169.732651
2087.119141	161.940338
2083.875000	145.676849
2080.629883	167.949265
2077.383789	171.719391
2074.135742	160.092346
2070.885742	160.785263
2067.634766	153.788055
2064.381836	146.797470
2061.127930	162.091492
2057.871094	158.942688
2054.614258	157.331787
2051.355469	159.557892
2048.094727	154.881165
2044.832031	149.442474
2041.568359	132.518860
2038.303711	138.580536
2035.037109	137.748917
2031.768555	143.037292
2028.498047	133.029755
2025.226563	153.598663
2021.954102	138.248901
2018.678711	135.128860
2015.403320	122.091789
2012.125000	129.660278
2008.845703	125.023994
2005.564453	130.297806
2002.282227	124.903954
1998.998047	108.096588
1995.712891	124.023071
1992.424805	120.921410
1989.136719	107.940773
1985.845703	114.726875
1982.553711	107.836937
1979.260742	114.616478
1975.964844	108.491821
1972.667969	113.747795
1969.370117	110.661179
1966.070313	106.819908
1962.768555	124.184532
1959.465820	114.285500
1956.161133	111.204391
1952.854492	102.833328
1949.546875	111.097076
1946.237305	109.532639
1942.925781	91.358948
1939.613281	110.936165
1936.298828	101.830910
1932.982422	97.258049
1929.665039	106.253891
1926.346680	102.436440
1923.025391	96.364105
1919.703125	93.307533
1916.378906	84.989075
1913.053711	81.189148
1909.726563	92.420609
1906.397461	87.869667
1903.067383	90.829697
1899.735352	87.034164
1896.401367	90.741577
1893.066406	79.454041
1889.729492	97.396317
1886.390625	98.097847
1883.050781	74.098991
1879.708984	80.795975
1876.365234	80.008949
1873.020508	86.696487
1869.673828	82.919205
1866.326172	77.652252
1862.975586	73.136696
1859.624023	87.273735
1856.271484	70.828766
1852.916016	70.049042
1849.559570	80.442642
1846.202148	72.958649
1842.841797	74.411285
1839.480469	77.349968
1836.118164	80.285759
1832.752930	70.587242
1829.386719	65.354141
1826.018555	68.291389
1822.649414	74.193489
1819.278320	64.516769
1815.905273	57.814327
1812.531250	67.417038
1809.154297	68.865005
1805.777344	56.989346
1802.397461	65.098778
1799.016602	68.763855
1795.633789	67.252083
1792.249023	60.571060
1788.863281	67.186134
1785.475586	70.104950
1782.085938	69.332954
1778.694336	58.240574
1775.301758	62.633125
1771.907227	58.919857
1768.510742	55.210217
1765.113281	52.975742
1761.713867	52.949684
1758.312500	56.598881
1754.910156	55.836330
1751.505859	60.949123
1748.099609	52.845486
1744.691406	53.553047
1741.282227	60.125824
1737.871094	59.363297
1734.458008	52.008823
1731.042969	57.108261
1727.626953	51.225704
1724.208984	46.811798
1720.790039	60.679062
1717.368164	59.187653
1713.945313	48.933483
1710.520508	52.559231
1707.093750	44.507320
1703.666016	45.214558
1700.236328	52.481236
1696.804688	46.626884
1693.371094	42.962860
1689.936523	42.941570
1686.500000	41.465355
1683.061523	46.534496
1679.622070	49.418373
1676.179688	39.224522
1672.736328	47.191261
1669.291016	37.008598
1665.844727	39.166103
1662.396484	42.046383
1658.945313	36.953438
1655.494141	42.728786
1652.040039	41.983669
1648.584961	33.280815
1645.126953	39.049328
1641.668945	45.534851
1638.208008	36.120762
1634.745117	44.045357
1631.281250	41.136612
1627.815430	43.280090
1624.347656	39.653614
1620.878906	33.868896
1617.408203	34.572235
1613.935547	35.274853
1610.460938	36.696293
1606.984375	40.273819
1603.506836	33.784332
1600.027344	35.922791
1596.545898	33.032421
1593.062500	35.169086
1589.577148	35.868843
1586.090820	30.114727
1582.602539	31.532944
1579.112305	25.786739
1575.620117	34.365067
1572.126953	36.494556
1568.630859	30.039248
1565.133789	21.445826
1561.634766	25.722057
1558.133789	37.849545
1554.631836	25.696196
1551.127930	29.963810
1547.621094	22.818079
1544.114258	32.784470
1540.604492	23.507446
1537.092773	29.191504
1533.580078	24.195383
1530.065430	24.894451
1526.548828	22.038246
1523.030273	25.579885
1519.509766	29.117937
1515.988281	31.232733
1512.463867	25.541140
1508.938477	30.492050
1505.411133	31.894148
1501.882813	21.960407
1498.351563	25.489500
1494.818359	23.353544
1491.284180	21.927065
1487.748047	31.813482
1484.209961	23.318060
1480.669922	25.424982
1477.128906	21.882627
1473.584961	24.693651
1470.040039	25.386288
1466.493164	18.325228
1462.944336	19.020372
1459.393555	15.490203
1455.840820	19.704777
1452.287109	21.101519
1448.730469	18.981699
1445.172852	20.377369
1441.613281	17.557749
1438.051758	23.164417
1434.488281	14.733477
1430.922852	21.037088
1427.356445	16.120205
1423.787109	14.710935
1420.216797	14.003259
1416.644531	16.095520
1413.070313	15.387846
1409.494141	17.477247
1405.916016	19.564503
1402.336914	13.967494
1398.754883	19.544479
1395.171875	16.046171
1391.585938	17.432554
1387.999023	15.332784
1384.410156	13.235159
1380.819336	18.798208
1377.226563	18.788559
1373.632813	15.301335
1370.036133	14.598317
1366.438477	13.201214
1362.837891	14.583313
1359.236328	18.740330
1355.632813	13.180854
1352.027344	7.627092
1348.419922	18.018387
1344.810547	15.238473
1341.199219	14.538317
1337.585938	14.530820
1333.970703	18.672844
1330.354492	14.515828
1326.735352	15.890079
1323.115234	12.429290
1319.493164	8.972071
1315.869141	14.485851
1312.242188	12.410022
1308.614258	15.159955
1304.984375	14.463375
1301.353516	12.390758
1297.719727	10.320281
1294.083984	10.314932
1290.446289	13.058805
1286.807617	11.678131
1283.166016	15.105031
1279.523438	15.097188
1275.877930	12.345827
1272.231445	10.282842
1268.582031	10.277495
1264.931641	8.217719
1261.279297	9.582350
1257.625000	10.945555
1253.968750	4.786186
1250.310547	10.250768
1246.650391	6.830282
1242.988281	9.557407
1239.324219	5.458526
1235.658203	6.819595
1231.990234	9.542446
1228.320313	8.174966
1224.648438	11.575147
1220.975586	8.166418
1217.299805	14.283754
1213.622070	8.157872
1209.943359	8.833067
1206.261719	4.074664
1202.578125	6.108792
1198.893555	7.462386
1195.206055	11.526727
1191.517578	5.421495
1187.826172	10.159965
1184.133789	6.769751
1180.438477	10.825908
1176.742188	7.438898
1173.042969	7.434984
1169.342773	9.457726
1165.639648	7.427156
1161.935547	4.723882
1158.228516	8.093815
1154.520508	6.067160
1150.809570	6.737732
1147.097656	6.060759
1143.382813	7.403682
1139.666992	8.072476
1135.948242	8.068210
1132.227539	3.359976
1128.505859	8.731316
1124.781250	4.698989
1121.055664	1.341857
1117.327148	5.364585
1113.596680	5.361742
1109.865234	11.387658
1106.130859	2.678027
1102.394531	8.698969
1098.657227	6.687961
1094.916992	4.679085
1091.174805	2.672341
1087.430664	10.683681
1083.684570	1.334749
1079.936523	5.336155
1076.186523	3.333321
1072.434570	3.997854
1068.680664	3.329768
1064.924805	6.655984
1061.166992	0.665243
1057.406250	5.319105
1053.644531	5.980796
1049.880859	5.977600
1046.114258	5.310581
1042.346680	5.307740
1038.576172	7.294237
1034.803711	6.627573
1031.030273	4.636816
1027.253906	8.606614
1023.475586	5.293538
1019.695313	3.968023
1015.913086	1.321964
1012.128906	6.606272
1008.342773	6.602722
1004.553711	4.619421
