4046.277344	225.356308
4043.892578	242.127014
4041.505859	232.601776
4039.119141	220.989273
4036.731445	228.230606
4034.342773	233.373123
4031.952148	231.188782
4029.561523	242.600067
4027.169922	233.096741
4024.777344	248.677567
4022.383789	232.912476
4019.989258	259.965332
4017.593750	252.557098
4015.197266	278.537415
4012.799805	271.127533
4010.401367	257.469116
4008.001953	254.241180
4005.601563	285.387177
4003.201172	259.245361
4000.798828	275.794220
3998.395508	266.321899
3995.991211	292.213837
3993.585938	291.058289
3991.180664	298.216217
3988.773438	296.020355
3986.365234	279.290588
3983.957031	280.217346
3981.546875	287.367859
3979.135742	325.623077
3976.724609	305.797974
3974.311523	306.712372
3971.898438	314.876373
3969.483398	313.715485
3967.068359	309.450592
3964.651367	291.739990
3962.234375	327.817993
3959.815430	319.417450
3957.396484	312.056793
3954.975586	304.701935
3952.554688	346.911652
3950.131836	312.714905
3947.708984	328.064606
3945.284180	324.839661
3942.859375	329.863800
3940.432617	347.248749
3938.005859	331.659698
3935.577148	361.384857
3933.148438	359.181702
3930.718750	361.095245
3928.287109	367.120514
3925.855469	360.805634
3923.421875	370.936096
3920.988281	380.031189
3918.552734	394.252380
3916.117188	405.383148
3913.680664	408.297882
3911.242188	399.930054
3908.803711	389.518738
3906.363281	399.608429
3903.922852	408.665649
3901.480469	435.120270
3899.038086	420.617462
3896.593750	409.195160
3894.149414	437.662415
3891.703125	410.909729
3889.256836	441.396606
3886.808594	438.154541
3884.360352	440.019592
3881.910156	453.108704
3879.459961	448.845337
3877.007813	454.782196
3874.555664	449.502075
3872.101563	503.320343
3869.646484	502.098419
3867.191406	478.480347
3864.734375	484.392548
3862.277344	455.714386
3859.818359	482.983704
3857.358398	501.083221
3854.897461	503.928192
3852.436523	546.378052
3849.973633	548.186890
3847.509766	543.905579
3845.044922	527.455566
3842.579102	535.352966
3840.113281	530.068054
3837.645508	544.036316
3835.176758	563.056458
3832.707031	564.852234
3830.236328	572.717651
3827.764648	576.530640
3825.291992	604.605469
3822.818359	602.338196
3820.343750	607.144226
3817.868164	594.779297
3815.390625	617.753357
3812.913086	612.456726
3810.434570	630.361633
3807.955078	601.875977
3805.473633	659.072693
3802.992188	638.656982
3800.509766	675.653015
3798.025391	692.488159
3795.541016	694.217651
3793.054688	667.785950
3790.568359	664.497253
3788.080078	693.367249
3785.591797	718.195557
3783.101563	721.918152
3780.610352	740.692200
3778.119141	724.337341
3775.625977	746.103088
3773.131836	741.787964
3770.636719	733.468140
3768.140625	752.197998
3765.643555	778.921753
3763.145508	763.590881
3760.646484	786.286133
3758.146484	798.963074
3755.645508	825.622925
3753.143555	817.291016
3750.639648	802.973389
3748.135742	823.608215
3745.630859	845.223755
3743.124023	864.826294
3740.617188	860.482544
3738.108398	842.188599
3735.599609	869.737610
3733.088867	890.292725
3730.577148	857.076721
3728.064453	880.604675
3725.551758	891.182983
3723.037109	934.561340
3720.521484	904.362122
3718.004883	909.949768
3715.487305	948.301086
3712.967773	951.880310
3710.448242	966.370117
3707.927734	1001.674622
3705.406250	1000.269836
3702.882813	1013.729980
3700.359375	1041.046143
3697.833984	1024.774170
3695.308594	1024.350708
3692.781250	992.269592
3690.252930	1018.559387
3687.723633	1075.470215
3685.193359	1079.965576
3682.662109	1066.678955
3680.129883	1093.880615
3677.596680	1115.138306
3675.062500	1079.164673
3672.527344	1072.801270
3669.990234	1126.565918
3667.453125	1138.906616
3664.915039	1196.537842
3662.375000	1181.275513
3659.833984	1175.865479
3657.292969	1172.426758
3654.750000	1191.603394
3652.206055	1218.625854
3649.661133	1233.837402
3647.115234	1228.414917
3644.568359	1290.722778
3642.019531	1252.903198
3639.470703	1304.360474
3636.920898	1344.010742
3634.369141	1332.672485
3631.817383	1275.306885
3629.263672	1365.831421
3626.708984	1351.561035
3624.153320	1364.693848
3621.596680	1443.332397
3619.039063	1393.857788
3616.480469	1455.807983
3613.920898	1427.854858
3611.360352	1473.142334
3608.797852	1498.875000
3606.235352	1503.126587
3603.670898	1548.324707
3601.105469	1575.941772
3598.540039	1559.696167
3595.972656	1604.812744
3593.404297	1586.620972
3590.834961	1609.309204
3588.264648	1624.197388
3585.692383	1640.044800
3583.120117	1698.635864
3580.545898	1755.234741
3577.971680	1724.400513
3575.395508	1712.031860
3572.818359	1777.283813
3570.240234	1799.812500
3567.661133	1791.303589
3565.081055	1842.874023
3562.500000	1856.628784
3559.917969	1859.722412
3557.333984	1873.457520
3554.750000	1884.278809
3552.164063	1933.765625
3549.577148	1971.612671
3546.989258	2027.782715
3544.400391	1985.407227
3541.810547	2046.349365
3539.219727	2075.399658
3536.626953	2090.922607
3534.034180	2045.697266
3531.439453	2146.018311
3528.844727	2156.674072
3526.248047	2210.647461
3523.650391	2228.002441
3521.051758	2219.368164
3518.451172	2274.206543
3515.850586	2284.782715
3513.249023	2283.819580
3510.645508	2290.540039
3508.041016	2375.973145
3505.436523	2384.566650
3502.830078	2423.845947
3500.222656	2440.081055
3497.613281	2465.885254
3495.003906	2529.027588
3492.393555	2533.704834
3489.781250	2550.820313
3487.167969	2579.401611
3484.553711	2585.005859
3481.938477	2689.066406
3479.322266	2693.662354
3476.705078	2733.593750
3474.086914	2747.712646
3471.466797	2796.174561
3468.845703	2800.714355
3466.224609	2829.087402
3463.601563	2864.107422
3460.977539	2912.434814
3458.351563	2909.295898
3455.725586	2916.629639
3453.098633	2983.900879
3450.469727	3039.700928
3447.839844	3089.748779
3445.208984	3070.382324
3442.577148	3143.169922
3439.944336	3198.804443
3437.310547	3212.631348
3434.674805	3358.311279
3432.039063	3341.712158
3429.401367	3400.955566
3426.762695	3355.926270
3424.123047	3464.358643
3421.481445	3435.432129
3418.839844	3536.166260
3416.197266	3583.845947
3413.552734	3563.411621
3410.907227	3654.509277
3408.260742	3729.469482
3405.613281	3737.323242
3402.963867	3803.687744
3400.314453	3878.485352
3397.663086	3923.983887
3395.011719	3968.500000
3392.358398	4032.763672
3389.704102	4081.902344
3387.047852	4068.863281
3384.391602	4137.703613
3381.733398	4196.137695
3379.075195	4285.547363
3376.415039	4259.281738
3373.753906	4357.040527
3371.090820	4444.385254
3368.427734	4466.889648
3365.762695	4530.655273
3363.097656	4679.706055
3360.430664	4651.456543
3357.762695	4729.112305
3355.092773	4844.165039
3352.422852	4901.072754
3349.750977	4834.403320
3347.079102	5040.929199
3344.405273	5063.080078
3341.729492	5137.548340
3339.053711	5134.412109
3336.376953	5200.378906
3333.698242	5367.095703
3331.018555	5348.932129
3328.337891	5452.021973
3325.656250	5476.716309
3322.973633	5643.954102
3320.289063	5620.108398
3317.604492	5719.174805
3314.917969	5788.374512
3312.230469	5826.816895
3309.541016	5976.800781
3306.851563	5911.031738
3304.160156	6033.906250
3301.467773	6128.814941
3298.774414	6199.507324
3296.080078	6348.072266
3293.384766	6410.258789
3290.687500	6393.594238
3287.990234	6560.411133
3285.291016	6629.830078
3282.589844	6583.460449
3279.888672	6630.595703
3277.186523	6734.114746
3274.482422	6919.833496
3271.777344	6962.136230
3269.071289	7045.048340
3266.364258	7202.684082
3263.655273	7090.659180
3260.945313	7332.093750
3258.234375	7402.706055
3255.522461	7606.920410
3252.809570	7542.820313
3250.095703	7677.716309
3247.379883	7789.477539
3244.663086	7718.933105
3241.945313	7847.132324
3239.226563	7939.360352
3236.505859	8113.301270
3233.784180	8139.187500
3231.061523	8180.659180
3228.337891	8383.633789
3225.613281	8396.517578
3222.886719	8628.564453
3220.160156	8693.576172
3217.431641	8703.552734
3214.702148	8879.290039
3211.970703	8879.102539
3209.239258	8926.496094
3206.505859	9240.016602
3203.771484	9213.151367
3201.035156	9399.240234
3198.298828	9492.903320
3195.560547	9616.614258
3192.821289	9758.468750
3190.081055	9911.144531
3187.339844	9905.927734
3184.596680	10161.400391
3181.853516	10135.117188
3179.108398	10278.246094
3176.361328	10311.099609
3173.614258	10541.373047
3170.865234	10577.715820
3168.115234	10878.579102
3165.364258	10812.050781
3162.612305	10959.035156
3159.858398	11060.491211
3157.104492	11189.990234
3154.347656	11192.373047
3151.590820	11411.462891
3148.833008	11597.730469
3146.073242	11760.277344
3143.312500	11979.729492
3140.550781	11920.194336
3137.787109	11962.041992
3135.023438	12170.256836
3132.257813	12298.734375
3129.491211	12350.291992
3126.722656	12678.178711
3123.954102	12599.514648
3121.183594	12807.880859
3118.412109	13070.181641
3115.638672	13150.123047
3112.865234	13297.583008
3110.089844	13290.867188
3107.313477	13509.262695
3104.536133	13589.756836
3101.756836	13807.823242
3098.976563	13817.067383
3096.195313	14000.678711
3093.413086	14186.819336
3090.628906	14285.680664
3087.844727	14566.680664
3085.058594	14612.340820
3082.270508	15072.321289
3079.482422	15082.747070
3076.692383	15308.225586
3073.901367	15477.967773
3071.109375	15567.872070
3068.315430	15852.788086
3065.520508	15872.666016
3062.724609	15998.925781
3059.927734	16329.738281
3057.128906	16357.407227
3054.329102	16630.613281
3051.528320	16726.843750
3048.726563	16839.937500
3045.922852	17156.253906
3043.118164	17205.759766
3040.312500	17564.394531
3037.505859	17629.699219
3034.697266	17550.722656
3031.887695	17975.457031
3029.077148	18128.531250
3026.264648	18253.017578
3023.452148	18470.695313
3020.637695	18620.669922
3017.821289	18779.384766
3015.004883	19094.152344
3012.186523	19077.750000
3009.367188	19339.781250
3006.545898	19561.691406
3003.724609	19737.332031
3000.901367	19914.583984
2998.077148	20147.437500
2995.250977	20435.816406
2992.423828	20457.746094
2989.595703	20733.345703
2986.766602	20917.689453
2983.935547	21098.332031
2981.104492	21130.498047
2978.270508	21329.404297
2975.436523	21536.064453
2972.600586	21873.017578
2969.763672	21893.304688
2966.925781	21976.986328
2964.085938	21956.693359
2961.245117	22490.851563
2958.403320	22558.304688
2955.560547	22718.015625
2952.715820	23126.304688
2949.870117	23255.740234
2947.023438	23451.791016
2944.174805	23523.023438
2941.325195	23784.568359
2938.474609	24084.458984
2935.622070	24063.255859
2932.768555	24320.687500
2929.914063	24540.222656
2927.058594	24596.734375
2924.201172	24768.689453
2921.342773	25069.052734
2918.483398	25421.593750
2915.622070	25758.085938
2912.759766	25657.546875
2909.896484	26114.974609
2907.032227	26288.369141
2904.166016	26518.300781
2901.298828	26624.210938
2898.429688	26823.269531
2895.559570	26957.681641
2892.688477	27330.544922
2889.816406	27679.570313
2886.942383	27899.521484
2884.067383	28127.964844
2881.191406	28300.568359
2878.314453	28579.001953
2875.435547	28655.708984
2872.554688	28886.845703
2869.673828	29251.382813
2866.791016	29315.519531
2863.907227	29546.027344
2861.021484	30009.402344
2858.134766	30294.806641
2855.247070	30350.537109
2852.358398	30581.865234
2849.467773	31108.783203
2846.576172	31138.976563
2843.682617	31478.498047
2840.789063	31435.923828
2837.893555	31907.087891
2834.996094	32221.619141
2832.097656	32390.941406
2829.198242	32738.582031
2826.297852	32563.630859
2823.395508	32993.562500
2820.492188	32847.046875
2817.587891	33412.433594
2814.681641	33558.343750
2811.774414	33624.140625
2808.866211	33746.593750
2805.956055	33874.082031
2803.044922	34441.128906
2800.131836	34425.683594
2797.218750	34691.660156
2794.303711	34689.816406
2791.386719	34955.414063
2788.468750	35116.230469
2785.549805	35263.187500
2782.629883	35738.726563
2779.708008	35815.085938
2776.785156	36057.292969
2773.860352	36338.593750
2770.935547	36472.656250
2768.007813	36335.824219
2765.080078	36412.539063
2762.150391	36501.980469
2759.219727	36788.363281
2756.287109	36977.285156
2753.353516	36963.195313
2750.418945	37212.324219
2747.482422	37503.789063
2744.544922	37392.425781
2741.606445	37350.910156
2738.666016	37710.757813
2735.724609	37681.859375
2732.782227	37869.605469
2729.837891	37962.066406
2726.892578	37846.484375
2723.945313	38072.890625
2720.997070	38076.910156
2718.047852	38261.453125
2715.097656	38256.882813
2712.145508	38275.171875
2709.191406	38516.902344
2706.237305	38243.132813
2703.281250	38446.578125
2700.323242	38363.261719
2697.364258	38650.937500
2694.404297	38519.437500
2691.443359	38504.542969
2688.480469	38589.218750
2685.515625	38592.839844
2682.550781	38509.609375
2679.583984	38666.597656
2676.615234	38742.578125
2673.646484	38479.195313
2670.674805	38522.343750
2667.703125	38269.367188
2664.729492	38520.214844
2661.754883	38385.093750
2658.778320	38567.597656
2655.800781	38328.445313
2652.821289	38105.445313
2649.840820	38071.371094
2646.859375	38127.027344
2643.876953	37851.585938
2640.892578	37860.359375
2637.906250	38067.558594
2634.918945	38033.519531
2631.930664	37591.261719
2628.941406	37490.550781
2625.950195	37449.261719
2622.957031	37433.058594
2619.963867	37529.589844
2616.967773	37152.773438
2613.971680	36983.187500
2610.973633	37062.246094
2607.974609	36716.960938
2604.973633	37043.480469
2601.971680	36447.839844
2598.967773	36524.453125
2595.962891	36467.031250
2592.957031	36218.382813
2589.949219	35866.042969
2586.940430	35543.921875
2583.929688	35662.238281
2580.917969	35465.828125
2577.905273	35452.125000
2574.890625	35139.027344
2571.875000	35022.671875
2568.857422	34697.609375
2565.838867	34408.445313
2562.819336	34583.941406
2559.797852	33962.437500
2556.775391	33876.601563
2553.750977	33575.894531
2550.725586	33276.281250
2547.698242	33185.890625
2544.669922	32918.074219
2541.640625	32764.371094
2538.609375	32416.968750
2535.577148	32470.542969
2532.542969	32208.449219
2529.507813	31895.517578
2526.471680	31390.214844
2523.433594	31262.255859
2520.393555	31093.279297
2517.353516	30968.841797
2514.310547	30852.726563
2511.267578	30660.318359
2508.222656	30351.492188
2505.175781	30007.652344
2502.127930	29773.212891
2499.079102	29577.513672
2496.028320	29163.994141
2492.976563	28654.189453
2489.922852	28383.919922
2486.868164	28239.101563
2483.812500	28042.056641
2480.754883	27758.513672
2477.695313	27640.308594
2474.634766	27161.958984
2471.573242	27129.851563
2468.509766	26702.759766
2465.445313	26549.330078
2462.378906	26471.044922
2459.311523	26121.431641
2456.242188	25677.634766
2453.171875	25751.285156
2450.100586	25232.361328
2447.027344	24872.539063
2443.953125	24431.730469
2440.876953	24354.615234
2437.799805	24189.826172
2434.720703	24060.099609
2431.640625	23816.044922
2428.558594	23415.640625
2425.475586	23214.259766
2422.390625	22902.830078
2419.304688	22590.871094
2416.217773	22282.431641
2413.128906	22191.990234
2410.038086	21954.388672
2406.946289	21673.333984
2403.853516	21274.529297
2400.758789	21174.998047
2397.663086	20830.880859
2394.565430	20579.894531
2391.466797	20383.992188
2388.366211	20205.199219
2385.264648	19872.619141
2382.161133	19698.244141
2379.056641	19416.925781
2375.950195	19253.373047
2372.842773	19023.193359
2369.734375	18757.839844
2366.624023	18694.466797
2363.511719	18409.414063
2360.398438	18159.148438
2357.284180	18013.453125
2354.167969	17827.773438
2351.049805	17711.222656
2347.930664	17318.253906
2344.810547	17129.132813
2341.688477	16997.037109
2338.564453	16789.019531
2335.439453	16565.992188
2332.313477	16339.166992
2329.185547	16282.793945
2326.056641	16100.241211
2322.925781	15687.078125
2319.792969	15695.721680
2316.660156	15460.229492
2313.524414	15209.801758
2310.387695	14985.904297
2307.250000	14915.170898
2304.110352	14688.424805
2300.969727	14496.906250
2297.827148	14309.539063
2294.682617	14232.872070
2291.537109	14000.490234
2288.390625	13952.628906
2285.242188	13557.802734
2282.092773	13455.418945
2278.941406	13213.502930
2275.788086	13029.693359
2272.633789	12880.132813
2269.478516	12828.940430
2266.321289	12685.939453
2263.162109	12425.140625
2260.001953	12269.795898
2256.840820	12116.174805
2253.676758	12068.600586
2250.512695	11699.545898
2247.346680	11733.532227
2244.178711	11412.327148
2241.009766	11251.558594
2237.838867	11193.441406
2234.666992	11013.216797
2231.493164	10978.103516
2228.318359	10794.204102
2225.141602	10497.144531
2221.963867	10495.350586
2218.784180	10342.590820
2215.602539	10146.747070
2212.419922	10039.848633
2209.236328	9873.375000
2206.050781	9856.950195
2202.863281	9686.005859
2199.674805	9457.200195
2196.485352	9391.612305
2193.292969	9266.550781
2190.100586	9093.062500
2186.905273	9042.597656
2183.709961	8782.547852
2180.511719	8704.907227
2177.312500	8690.634766
2174.112305	8565.458008
2170.910156	8370.130859
2167.706055	8246.778320
2164.500977	8117.299316
2161.294922	8153.218262
2158.085938	7894.545410
2154.876953	7936.761230
2151.665039	7716.576660
2148.452148	7601.646973
2145.238281	7573.155762
2142.022461	7456.842285
2138.804688	7316.548828
2135.585938	7211.334961
2132.365234	7124.849609
2129.143555	7034.564453
2125.919922	6954.444336
2122.695313	6803.855469
2119.468750	6680.525879
2116.240234	6657.990234
2113.010742	6513.941895
2109.780273	6503.107422
2106.546875	6442.786621
2103.312500	6366.288086
2100.077148	6236.549805
2096.839844	6136.277832
2093.600586	6066.202637
2090.360352	6000.820801
2087.119141	5842.190430
2083.875000	5793.930176
2080.629883	5648.642578
2077.383789	5609.756836
2074.135742	5496.247559
2070.885742	5503.625977
2067.634766	5446.404297
2064.381836	5293.163574
2061.127930	5256.834473
2057.871094	5159.110840
2054.614258	5102.922363
2051.355469	5024.539551
2048.094727	4918.626953
2044.832031	4925.470703
2041.568359	4753.827148
2038.303711	4751.551758
2035.037109	4652.852539
2031.768555	4604.729492
2028.498047	4525.305176
2025.226563	4462.002930
2021.954102	4438.477539
2018.678711	4381.381348
2015.403320	4279.316895
2012.125000	4206.332031
2008.845703	4065.566895
2005.564453	4063.614990
2002.282227	3997.688232
1998.998047	3940.958008
1995.712891	3837.867432
1992.424805	3858.837891
1989.136719	3810.613281
1985.845703	3700.891357
1982.553711	3665.696289
1979.260742	3592.581299
1975.964844	3518.017822
1972.667969	3428.358643
1969.370117	3451.719238
1966.070313	3367.478516
1962.768555	3299.219482
1959.465820	3190.911621
1956.161133	3203.745605
1952.854492	3189.345459
1949.546875	3178.736816
1946.237305	3060.870605
1942.925781	3072.982666
1939.613281	2991.503174
1936.298828	2861.825684
1932.982422	2889.091797
1929.665039	2917.083740
1926.346680	2817.002197
1923.025391	2822.414307
1919.703125	2791.701172
1916.378906	2683.548828
1913.053711	2630.377930
1909.726563	2665.169922
1906.397461	2581.265381
1903.067383	2525.966309
1899.735352	2535.245117
1896.401367	2433.524170
1893.066406	2430.094238
1889.729492	2354.743408
1886.390625	2350.604248
1883.050781	2342.725830
1879.708984	2286.227051
1876.365234	2201.367676
1873.020508	2213.002441
1869.673828	2182.791992
1866.326172	2141.410156
1862.975586	2101.560547
1859.624023	2141.562988
1856.271484	2059.253174
1852.916016	2052.287842
1849.559570	2046.073486
1846.202148	1932.659790
1842.841797	1901.952515
1839.480469	1924.080566
1836.118164	1875.564575
1832.752930	1866.475342
1829.386719	1815.062622
1826.018555	1775.576172
1822.649414	1757.643677
1819.278320	1715.256226
1815.905273	1705.522583
1812.531250	1676.535889
1809.154297	1638.691040
1805.777344	1607.543579
1802.397461	1566.069336
1799.016602	1549.774658
1795.633789	1515.758423
1792.249023	1497.287109
1788.863281	1472.188477
1785.475586	1450.803467
1782.085938	1464.105469
1778.694336	1427.999878
1775.301758	1372.770752
1771.907227	1362.521729
1768.510742	1349.337646
1765.113281	1319.979004
1761.713867	1302.415161
1758.312500	1315.740234
1754.910156	1276.154053
1751.505859	1197.687012
1748.099609	1230.125488
1744.691406	1225.851318
1741.282227	1181.252441
1737.871094	1179.937134
1734.458008	1132.473877
1731.042969	1128.254272
1727.626953	1099.889038
1724.208984	1115.437378
1720.790039	1090.760986
1717.368164	1050.763550
1713.945313	1072.154541
1710.520508	1017.605103
1707.093750	1001.779480
1703.666016	1011.493469
1700.236328	958.511475
1696.804688	958.765259
1693.371094	965.572083
1689.936523	941.803223
1686.500000	907.145508
1683.061523	889.245178
1679.622070	933.861877
1676.179688	868.024170
1672.736328	839.278381
1669.291016	850.472046
1665.844727	842.796509
1662.396484	809.755371
1658.945313	790.513672
1655.494141	769.842407
1652.040039	757.877563
1648.584961	761.117798
1645.126953	776.647766
1641.668945	740.122070
1638.208008	723.860046
1634.745117	717.722717
1631.281250	692.827148
1627.815430	650.644043
1624.347656	664.017822
1620.878906	668.009949
1617.408203	639.586365
1613.935547	627.748413
1610.460938	632.471375
1606.984375	598.353882
1603.506836	579.365356
1600.027344	592.726074
1596.545898	572.322632
1593.062500	579.931091
1589.577148	549.510681
1586.090820	534.177917
1582.602539	550.393188
1579.112305	547.251953
1575.620117	528.362915
1572.126953	533.106750
1568.630859	509.951965
1565.133789	523.278137
1561.634766	483.717590
1558.133789	497.043091
1554.631836	488.227692
1551.127930	462.298767
1547.621094	461.353027
1544.114258	437.601410
1540.604492	438.805664
1537.092773	416.512909
1533.580078	421.995972
1530.065430	415.381714
1526.548828	400.242981
1523.030273	382.277161
1519.509766	385.635101
1515.988281	377.632141
1512.463867	372.474976
1508.938477	370.159302
1505.411133	360.758240
1501.882813	357.742126
1498.351563	335.611755
1494.818359	350.303162
1491.284180	360.028290
1487.748047	328.032349
1484.209961	337.051941
1480.669922	319.224792
1477.128906	324.004059
1473.584961	316.078735
1470.040039	308.866486
1466.493164	301.661438
1462.944336	288.827881
1459.393555	283.752350
1455.840820	277.274353
1452.287109	285.573883
1448.730469	276.289185
1445.172852	265.608459
1441.613281	274.603180
1438.051758	254.808594
1434.488281	248.364319
1430.922852	244.731461
1427.356445	231.289886
1423.787109	237.476517
1420.216797	227.552948
1416.644531	232.335327
1413.070313	230.118240
1409.494141	222.310577
1405.916016	205.427292
1402.336914	210.909149
1398.754883	214.291260
1395.171875	185.577469
1391.585938	195.244598
1387.999023	200.023132
1384.410156	189.471741
1380.819336	195.640610
1377.226563	197.627808
1373.632813	183.616028
1370.036133	179.350754
1366.438477	171.615768
1362.837891	158.333115
1359.236328	166.580704
1355.632813	157.476517
1352.027344	156.008698
1348.419922	172.560715
1344.810547	148.921432
1341.199219	161.306091
1337.585938	146.000137
1333.970703	141.083710
1330.354492	145.158279
1326.735352	144.392456
1323.115234	142.246323
1319.493164	137.341690
1315.869141	124.854240
1312.242188	126.857994
1308.614258	132.305069
1304.984375	132.236572
1301.353516	119.777328
1297.719727	121.779320
1294.083984	125.154503
1290.446289	116.841934
1286.807617	109.224876
1283.166016	112.601143
1279.523438	113.228905
1275.877930	100.824257
1272.231445	102.142899
1268.582031	99.349121
1264.931641	95.188583
1261.279297	101.299126
1257.625000	89.616730
1253.968750	95.723717
1250.310547	101.140907
1246.650391	88.793663
1242.988281	84.651321
1239.324219	81.877884
1235.658203	85.926895
1231.990234	82.473999
1228.320313	84.474640
1224.648438	87.154045
1220.975586	75.539368
1217.299805	68.698059
1213.622070	76.140144
1209.943359	67.267204
1206.261719	68.590179
1202.578125	73.984261
1198.893555	75.980652
1195.206055	70.516449
1191.517578	64.380249
1187.826172	62.314445
1184.133789	67.697510
1180.438477	64.278824
1176.742188	71.683922
1173.042969	63.535313
1169.342773	47.964180
1165.639648	51.314899
1161.935547	62.085308
1158.228516	59.354645
1154.520508	59.323345
1150.809570	49.859219
1147.097656	56.567078
1143.382813	51.825771
1139.666992	53.816509
1135.948242	46.392204
1132.227539	51.743633
1128.505859	55.746094
1124.781250	52.360165
1121.055664	47.635933
1117.327148	32.858086
1113.596680	48.255676
1109.865234	50.909531
1106.130859	46.195972
1102.394531	43.494843
1098.657227	42.134151
1094.916992	34.758915
1091.174805	43.425549
1087.430664	40.731533
1083.684570	42.044605
1079.936523	42.022224
1076.186523	35.333199
1072.434570	41.311153
1068.680664	28.636007
1064.924805	38.604710
1061.166992	39.914597
1057.406250	35.903957
1053.644531	29.903980
1049.880859	34.537243
1046.114258	35.182598
1042.346680	37.154182
1038.576172	37.134296
1034.803711	29.161324
1031.030273	33.120113
1027.253906	28.468031
1023.475586	28.452765
1019.695313	24.469475
1015.913086	26.439287
1012.128906	27.746342
1008.342773	25.090343
1004.553711	26.396690
