4046.277344	216.970963
4043.892578	227.452652
4041.505859	206.407883
4039.119141	231.462708
4036.731445	238.699905
4034.342773	227.094025
4031.952148	224.912170
4029.561523	209.138000
4027.169922	255.047546
4024.777344	230.914886
4022.383789	239.179184
4019.989258	256.833221
4017.593750	248.382599
4015.197266	239.938599
4012.799805	276.341522
4010.401367	255.384354
4008.001953	258.409088
4005.601563	255.181961
4003.201172	247.792740
4000.798828	285.160828
3998.395508	277.765411
3995.991211	279.734955
3993.585938	274.426392
3991.180664	270.161041
3988.773438	276.285675
3986.365234	313.553009
3983.957031	282.293030
3981.546875	296.704712
3979.135742	282.068420
3976.724609	284.029297
3974.311523	305.676178
3971.898438	293.125031
3969.483398	285.760651
3967.068359	306.345734
3964.651367	308.292633
3962.234375	325.749756
3959.815430	327.687134
3957.396484	335.822693
3954.975586	330.524109
3952.554688	328.327087
3950.131836	327.163788
3947.708984	357.982452
3945.284180	341.339447
3942.859375	354.603577
3940.432617	356.522461
3938.005859	368.739685
3935.577148	372.710327
3933.148438	397.261139
3930.718750	358.008942
3928.287109	400.027679
3925.855469	360.805634
3923.421875	375.046173
3920.988281	391.329407
3918.552734	351.131012
3916.117188	407.435730
3913.680664	413.427246
3911.242188	400.955505
3908.803711	422.320313
3906.363281	420.101166
3903.922852	423.004791
3901.480469	417.715454
3899.038086	424.711060
3896.593750	438.861816
3894.149414	427.436646
3891.703125	439.530304
3889.256836	423.005066
3886.808594	445.303925
3884.360352	438.998688
3881.910156	449.026642
3879.459961	481.488647
3877.007813	483.333557
3874.555664	482.118988
3872.101563	496.188293
3869.646484	485.803131
3867.191406	487.642731
3864.734375	501.692291
3862.277344	500.472046
3859.818359	498.235809
3857.358398	505.148804
3854.897461	519.167969
3852.436523	536.222290
3849.973633	530.929138
3847.509766	527.669617
3845.044922	555.856995
3842.579102	565.770752
3840.113281	572.635681
3837.645508	571.390076
3835.176758	605.589478
3832.707031	580.036438
3830.236328	564.622681
3827.764648	589.679565
3825.291992	566.185730
3822.818359	582.125549
3820.343750	604.113525
3817.868164	637.191406
3815.390625	606.649902
3812.913086	632.636536
3810.434570	646.498840
3807.955078	650.268005
3805.473633	647.987366
3802.992188	641.679016
3800.509766	633.361755
3798.025391	649.207642
3795.541016	702.266602
3793.054688	707.008301
3790.568359	670.528992
3788.080078	685.328247
3785.591797	699.110657
3783.101563	735.974976
3780.610352	730.655701
3778.119141	757.444153
3775.625977	772.176575
3773.131836	775.870117
3770.636719	739.480164
3768.140625	766.220337
3765.643555	728.862549
3763.145508	824.638123
3760.646484	810.294861
3758.146484	775.964111
3755.645508	807.631165
3753.143555	811.296204
3750.639648	856.904419
3748.135742	827.601440
3745.630859	836.242615
3743.124023	870.811279
3740.617188	867.462097
3738.108398	875.078796
3735.599609	898.629211
3733.088867	899.255371
3730.577148	904.857971
3728.064453	936.326599
3725.551758	956.828125
3723.037109	940.526611
3720.521484	953.058533
3718.004883	945.711975
3715.487305	1003.908264
3712.967773	980.664978
3710.448242	968.354492
3707.927734	1012.583984
3705.406250	1026.044922
3702.882813	1051.385620
3700.359375	1060.856689
3697.833984	1085.171509
3695.308594	1097.589233
3692.781250	1098.124878
3690.252930	1104.593018
3687.723633	1117.974976
3685.193359	1132.333618
3682.662109	1133.840332
3680.129883	1132.383667
3677.596680	1174.349243
3675.062500	1200.496704
3672.527344	1177.320557
3669.990234	1192.602539
3667.453125	1212.797607
3664.915039	1217.218750
3662.375000	1246.245728
3659.833984	1227.032837
3657.292969	1258.981689
3654.750000	1260.425415
3652.206055	1314.936646
3649.661133	1298.672729
3647.115234	1312.862305
3644.568359	1325.076660
3642.019531	1358.865234
3639.470703	1328.878540
3636.920898	1355.774536
3634.369141	1356.190308
3631.817383	1367.379761
3629.263672	1427.514038
3626.708984	1443.557129
3624.153320	1418.498901
3621.596680	1488.314331
3619.039063	1465.212402
3616.480469	1519.316406
3613.920898	1549.935425
3611.360352	1545.383911
3608.797852	1590.603149
3606.235352	1565.553589
3603.670898	1606.825684
3601.105469	1607.129150
3598.540039	1618.148193
3595.972656	1697.323242
3593.404297	1690.773438
3590.834961	1659.904175
3588.264648	1684.496948
3585.692383	1706.152100
3583.120117	1767.630737
3580.545898	1754.263306
3577.971680	1797.221436
3575.395508	1764.441040
3572.818359	1859.745117
3570.240234	1874.481445
3567.661133	1870.787842
3565.081055	1927.169556
3562.500000	1919.581787
3559.917969	1931.361938
3557.333984	1977.968628
3554.750000	1993.582397
3552.164063	2020.785034
3549.577148	2023.802490
3546.989258	2035.511353
3544.400391	2087.767578
3541.810547	2116.813232
3539.219727	2116.888428
3536.626953	2160.362793
3534.034180	2183.555176
3531.439453	2188.418457
3528.844727	2212.541504
3526.248047	2238.569336
3523.650391	2322.319824
3521.051758	2291.519287
3518.451172	2404.985352
3515.850586	2339.571289
3513.249023	2415.449219
3510.645508	2456.688232
3508.041016	2446.052246
3505.436523	2454.616211
3502.830078	2478.519287
3500.222656	2528.288330
3497.613281	2548.305176
3495.003906	2551.060791
3492.393555	2631.375977
3489.781250	2698.222412
3487.167969	2720.044189
3484.553711	2755.235596
3481.938477	2719.656738
3479.322266	2778.705322
3476.705078	2829.107178
3474.086914	2822.181641
3471.466797	2952.684082
3468.845703	2929.493652
3466.224609	2939.695313
3463.601563	3051.870850
3460.977539	3049.625000
3458.351563	3136.896973
3455.725586	3218.382813
3453.098633	3210.357666
3450.469727	3237.528809
3447.839844	3273.232422
3445.208984	3331.711670
3442.577148	3378.741455
3439.944336	3393.448242
3437.310547	3481.220459
3434.674805	3500.612549
3432.039063	3466.884033
3429.401367	3517.543457
3426.762695	3659.115479
3424.123047	3690.706787
3421.481445	3777.176514
3418.839844	3763.268311
3416.197266	3806.122070
3413.552734	3913.229004
3410.907227	3885.101563
3408.260742	3924.066895
3405.613281	4028.150879
3402.963867	4100.054199
3400.314453	4185.103516
3397.663086	4227.642578
3395.011719	4168.338867
3392.358398	4281.513672
3389.704102	4401.183594
3387.047852	4393.656738
3384.391602	4502.823242
3381.733398	4555.457031
3379.075195	4624.028809
3376.415039	4707.577637
3373.753906	4644.503906
3371.090820	4789.006348
3368.427734	4914.611328
3365.762695	4934.088867
3363.097656	4943.232422
3360.430664	4968.303223
3357.762695	5072.997070
3355.092773	5141.071777
3352.422852	5227.811035
3349.750977	5276.106445
3347.079102	5342.131348
3344.405273	5396.878418
3341.729492	5469.334473
3339.053711	5515.569336
3336.376953	5568.299316
3333.698242	5636.850586
3331.018555	5669.886719
3328.337891	5779.367188
3325.656250	5816.039551
3322.973633	5985.927246
3320.289063	6000.122559
3317.604492	6054.337402
3314.917969	6107.572754
3312.230469	6238.898438
3309.541016	6267.830566
3306.851563	6310.677246
3304.160156	6393.432617
3301.467773	6484.472168
3298.774414	6529.949219
3296.080078	6721.051758
3293.384766	6724.650879
3290.687500	6748.639160
3287.990234	6821.715332
3285.291016	6878.054688
3282.589844	7051.921875
3279.888672	7020.195313
3277.186523	7167.021973
3274.482422	7218.484863
3271.777344	7354.928711
3269.071289	7452.452637
3266.364258	7545.273438
3263.655273	7603.859375
3260.945313	7655.012207
3258.234375	7786.352051
3255.522461	7924.029297
3252.809570	7946.406250
3250.095703	8116.126953
3247.379883	8144.841797
3244.663086	8068.622559
3241.945313	8302.452148
3239.226563	8457.004883
3236.505859	8498.379883
3233.784180	8621.475586
3231.061523	8753.644531
3228.337891	8866.422852
3225.613281	8940.566406
3222.886719	9115.520508
3220.160156	9179.404297
3217.431641	9358.678711
3214.702148	9509.403320
3211.970703	9482.394531
3209.239258	9631.099609
3206.505859	9868.395508
3203.771484	9962.856445
3201.035156	10212.591797
3198.298828	10043.732422
3195.560547	10199.163086
3192.821289	10420.167969
3190.081055	10504.134766
3187.339844	10627.237305
3184.596680	10830.441406
3181.853516	11064.443359
3179.108398	11054.168945
3176.361328	11180.447266
3173.614258	11297.512695
3170.865234	11465.407227
3168.115234	11613.151367
3165.364258	11601.735352
3162.612305	11673.892578
3159.858398	11931.203125
3157.104492	12023.114258
3154.347656	12169.369141
3151.590820	12256.555664
3148.833008	12365.414063
3146.073242	12597.384766
3143.312500	12831.867188
3140.550781	12886.011719
3137.787109	13072.202148
3135.023438	13313.394531
3132.257813	13225.320313
3129.491211	13402.072266
3126.722656	13599.439453
3123.954102	13783.991211
3121.183594	13767.140625
3118.412109	14071.417969
3115.638672	14141.002930
3112.865234	14254.684570
3110.089844	14351.145508
3107.313477	14397.094727
3104.536133	14566.304688
3101.756836	14833.423828
3098.976563	14942.935547
3096.195313	14971.449219
3093.413086	15111.343750
3090.628906	15324.753906
3087.844727	15686.089844
3085.058594	15669.345703
3082.270508	15849.929688
3079.482422	15983.731445
3076.692383	16233.009766
3073.901367	16390.701172
3071.109375	16651.212891
3068.315430	16757.562500
3065.520508	16753.785156
3062.724609	16986.955078
3059.927734	17225.277344
3057.128906	17304.369141
3054.329102	17409.279297
3051.528320	17561.400391
3048.726563	17700.892578
3045.922852	17934.787109
3043.118164	18094.482422
3040.312500	18294.128906
3037.505859	18459.750000
3034.697266	18592.283203
3031.887695	18894.650391
3029.077148	18906.789063
3026.264648	18984.703125
3023.452148	19182.507813
3020.637695	19211.365234
3017.821289	19472.812500
3015.004883	19831.648438
3012.186523	19715.568359
3009.367188	19977.318359
3006.545898	20307.076172
3003.724609	20438.978516
3000.901367	20711.556641
2998.077148	21051.160156
2995.250977	20824.218750
2992.423828	21266.044922
2989.595703	21239.857422
2986.766602	21737.644531
2983.935547	21815.474609
2981.104492	22015.054688
2978.270508	22148.271484
2975.436523	22299.886719
2972.600586	22638.265625
2969.763672	22800.089844
2966.925781	22742.437500
2964.085938	23124.171875
2961.245117	23296.988281
2958.403320	23551.455078
2955.560547	23941.976563
2952.715820	24032.443359
2949.870117	24311.701172
2947.023438	24496.746094
2944.174805	24449.023438
2941.325195	24752.269531
2938.474609	25090.316406
2935.622070	25236.966797
2932.768555	25334.414063
2929.914063	25560.505859
2927.058594	25705.855469
2924.201172	26248.318359
2921.342773	26194.679688
2918.483398	26370.128906
2915.622070	26709.693359
2912.759766	26759.837891
2909.896484	27239.476563
2907.032227	27043.230469
2904.166016	27717.691406
2901.298828	27714.082031
2898.429688	27822.017578
2895.559570	28086.652344
2892.688477	28325.792969
2889.816406	28753.574219
2886.942383	28928.679688
2884.067383	29229.708984
2881.191406	29373.138672
2878.314453	29487.761719
2875.435547	29618.771484
2872.554688	29781.775391
2869.673828	30178.882813
2866.791016	30546.142578
2863.907227	30681.613281
2861.021484	30882.806641
2858.134766	31100.265625
2855.247070	31356.478516
2852.358398	31486.982422
2849.467773	31699.527344
2846.576172	32125.416016
2843.682617	32227.718750
2840.789063	32081.156250
2837.893555	32722.982422
2834.996094	32725.607422
2832.097656	32847.261719
2829.198242	33117.097656
2826.297852	33137.613281
2823.395508	33372.601563
2820.492188	33325.800781
2817.587891	33696.460938
2814.681641	33707.175781
2811.774414	33533.847656
2808.866211	34018.203125
2805.956055	34166.191406
2803.044922	34551.910156
2800.131836	34626.542969
2797.218750	34579.265625
2794.303711	34779.863281
2791.386719	34893.695313
2788.468750	34866.894531
2785.549805	35180.968750
2782.629883	35270.464844
2779.708008	35671.332031
2776.785156	35554.382813
2773.860352	35611.925781
2770.935547	35760.839844
2768.007813	36098.371094
2765.080078	35899.433594
2762.150391	35997.636719
2759.219727	36268.042969
2756.287109	36306.289063
2753.353516	36433.968750
2750.418945	36591.335938
2747.482422	36814.968750
2744.544922	36852.851563
2741.606445	36968.953125
2738.666016	36826.445313
2735.724609	36899.085938
2732.782227	37057.453125
2729.837891	37231.796875
2726.892578	37166.621094
2723.945313	37300.015625
2720.997070	37144.109375
2718.047852	37184.128906
2715.097656	37308.828125
2712.145508	37557.042969
2709.191406	37257.355469
2706.237305	37443.582031
2703.281250	37552.667969
2700.323242	37547.523438
2697.364258	37688.550781
2694.404297	37804.941406
2691.443359	37635.042969
2688.480469	37586.792969
2685.515625	37612.792969
2682.550781	37653.089844
2679.583984	38084.328125
2676.615234	37709.117188
2673.646484	37672.667969
2670.674805	37804.542969
2667.703125	37551.890625
2664.729492	37783.726563
2661.754883	37464.902344
2658.778320	37420.187500
2655.800781	37098.437500
2652.821289	36816.406250
2649.840820	36855.898438
2646.859375	37019.429688
2643.876953	36787.234375
2640.892578	37030.207031
2637.906250	36897.832031
2634.918945	36775.609375
2631.930664	36507.925781
2628.941406	36504.703125
2625.950195	36164.652344
2622.957031	36350.367188
2619.963867	36257.839844
2616.967773	36226.312500
2613.971680	36004.589844
2610.973633	35956.507813
2607.974609	35413.351563
2604.973633	35441.371094
2601.971680	35118.769531
2598.967773	34927.964844
2595.962891	34803.046875
2592.957031	34551.828125
2589.949219	34611.710938
2586.940430	33974.441406
2583.929688	34179.011719
2580.917969	33951.734375
2577.905273	33770.289063
2574.890625	33566.605469
2571.875000	33289.320313
2568.857422	33366.082031
2565.838867	33002.160156
2562.819336	32913.394531
2559.797852	32378.708984
2556.775391	32022.320313
2553.750977	31998.576172
2550.725586	31681.503906
2547.698242	31422.527344
2544.669922	31205.054688
2541.640625	31151.156250
2538.609375	30827.587891
2535.577148	30468.855469
2532.542969	30448.298828
2529.507813	30076.871094
2526.471680	29863.843750
2523.433594	29450.214844
2520.393555	29412.027344
2517.353516	29269.453125
2514.310547	29103.990234
2511.267578	28616.681641
2508.222656	28530.468750
2505.175781	28369.646484
2502.127930	27986.671875
2499.079102	27586.822266
2496.028320	27356.150391
2492.976563	27072.437500
2489.922852	27050.160156
2486.868164	26441.115234
2483.812500	26478.029297
2480.754883	26062.750000
2477.695313	26000.082031
2474.634766	25579.669922
2471.573242	25523.794922
2468.509766	25281.888672
2465.445313	24844.416016
2462.378906	24925.916016
2459.311523	24468.619141
2456.242188	24345.730469
2453.171875	24078.011719
2450.100586	23694.962891
2447.027344	23385.474609
2443.953125	22965.679688
2440.876953	22771.394531
2437.799805	22712.132813
2434.720703	22523.812500
2431.640625	22432.240234
2428.558594	22116.033203
2425.475586	21903.900391
2422.390625	21618.203125
2419.304688	21374.078125
2416.217773	21019.236328
2413.128906	20893.767578
2410.038086	20636.542969
2406.946289	20416.744141
2403.853516	20208.458984
2400.758789	20023.787109
2397.663086	19651.134766
2394.565430	19546.783203
2391.466797	19202.113281
2388.366211	18865.820313
2385.264648	18769.212891
2382.161133	18673.494141
2379.056641	18385.404297
2375.950195	18159.550781
2372.842773	17982.171875
2369.734375	17789.671875
2366.624023	17459.099609
2363.511719	17213.183594
2360.398438	17127.289063
2357.284180	16677.875000
2354.167969	16736.703125
2351.049805	16656.744141
2347.930664	16416.552734
2344.810547	16135.721680
2341.688477	15951.237305
2338.564453	15670.873047
2335.439453	15493.166016
2332.313477	15279.636719
2329.185547	15326.863281
2326.056641	14962.606445
2322.925781	14831.056641
2319.792969	14719.578125
2316.660156	14423.112305
2313.524414	14393.253906
2310.387695	14067.716797
2307.250000	13912.965820
2304.110352	13750.391602
2300.969727	13506.780273
2297.827148	13336.583008
2294.682617	13158.587891
2291.537109	13049.108398
2288.390625	12900.798828
2285.242188	12772.475586
2282.092773	12579.185547
2278.941406	12498.723633
2275.788086	12332.693359
2272.633789	12204.066406
2269.478516	11898.893555
2266.321289	11808.589844
2263.162109	11572.737305
2260.001953	11506.394531
2256.840820	11362.621094
2253.676758	11182.621094
2250.512695	11114.963867
2247.346680	10797.849609
2244.178711	10729.639648
2241.009766	10554.203125
2237.838867	10442.796875
2234.666992	10164.409180
2231.493164	10052.495117
2228.318359	10017.846680
2225.141602	9817.954102
2221.963867	9753.548828
2218.784180	9585.413086
2215.602539	9419.790039
2212.419922	9311.663086
2209.236328	9325.333984
2206.050781	9202.435547
2202.863281	9013.758789
2199.674805	8967.169922
2196.485352	8875.951172
2193.292969	8584.289063
2190.100586	8515.252930
2186.905273	8427.498047
2183.709961	8253.780273
2180.511719	8340.573242
2177.312500	8051.398926
2174.112305	8088.210449
2170.910156	7876.713867
2167.706055	7797.294434
2164.500977	7661.788086
2161.294922	7549.795898
2158.085938	7426.997559
2154.876953	7308.207031
2151.665039	7233.901367
2148.452148	7199.348633
2145.238281	7118.159668
2142.022461	6917.325195
2138.804688	6870.531250
2135.585938	6854.845703
2132.365234	6676.926758
2129.143555	6628.753906
2125.919922	6531.764160
2122.695313	6383.701660
2119.468750	6324.881836
2116.240234	6246.754395
2113.010742	6092.064453
2109.780273	6079.109375
2106.546875	5926.961426
2103.312500	5903.271484
2100.077148	5820.882813
2096.839844	5746.292969
2093.600586	5683.350098
2090.360352	5607.349609
2087.119141	5465.872070
2083.875000	5477.141113
2080.629883	5334.315430
2077.383789	5271.708008
2074.135742	5259.957520
2070.885742	5143.589844
2067.634766	5005.032227
2064.381836	5038.765625
2061.127930	4927.273926
2057.871094	4819.726074
2054.614258	4779.048828
2051.355469	4687.013184
2048.094727	4621.132324
2044.832031	4581.370117
2041.568359	4553.133789
2038.303711	4444.530762
2035.037109	4353.631348
2031.768555	4239.104980
2028.498047	4161.384766
2025.226563	4107.426758
2021.954102	4014.564941
2018.678711	4021.801270
2015.403320	3995.453613
2012.125000	3920.316650
2008.845703	3819.330566
2005.564453	3789.303955
2002.282227	3710.561523
1998.998047	3634.938232
1995.712891	3592.864746
1992.424805	3582.771973
1989.136719	3463.226563
1985.845703	3403.057373
1982.553711	3343.704346
1979.260742	3339.058838
1975.964844	3275.239014
1972.667969	3207.687744
1969.370117	3261.472900
1966.070313	3162.172363
1962.768555	3076.596191
1959.465820	3069.814453
1956.161133	2984.362793
1952.854492	3008.631104
1949.546875	2919.510254
1946.237305	2932.453125
1942.925781	2829.107178
1939.613281	2763.593506
1936.298828	2756.977539
1932.982422	2696.083496
1929.665039	2663.883057
1926.346680	2578.234863
1923.025391	2621.404785
1919.703125	2557.679932
1916.378906	2573.739990
1913.053711	2491.303955
1909.726563	2431.488525
1906.397461	2419.044434
1903.067383	2391.598389
1899.735352	2364.928223
1896.401367	2301.536377
1893.066406	2297.421143
1889.729492	2251.353271
1886.390625	2271.227295
1883.050781	2167.582764
1879.708984	2126.131104
1876.365234	2093.692139
1873.020508	2058.294189
1869.673828	2078.956299
1866.326172	2027.918457
1862.975586	2029.170044
1859.624023	1956.572632
1856.271484	1937.725830
1852.916016	1902.502197
1849.559570	1887.422729
1846.202148	1870.123779
1842.841797	1803.729614
1839.480469	1773.843140
1836.118164	1733.577637
1832.752930	1720.099731
1829.386719	1644.993408
1826.018555	1653.839355
1822.649414	1653.030884
1819.278320	1608.469849
1815.905273	1569.140137
1812.531250	1574.299072
1809.154297	1517.251587
1805.777344	1507.627197
1802.397461	1457.324829
1799.016602	1470.659302
1795.633789	1425.596313
1792.249023	1392.395752
1788.863281	1406.478882
1785.475586	1382.174438
1782.085938	1376.332886
1778.694336	1334.372559
1775.301758	1310.137573
1771.907227	1281.506958
1768.510742	1263.209717
1765.113281	1254.494995
1761.713867	1220.048950
1758.312500	1228.269287
1754.910156	1177.705811
1751.505859	1143.346802
1748.099609	1171.408203
1744.691406	1148.822876
1741.282227	1096.196411
1737.871094	1105.183350
1734.458008	1080.464966
1731.042969	1069.681641
1727.626953	1049.395142
1724.208984	1010.842285
1720.790039	1016.191528
1717.368164	995.960083
1713.945313	985.242859
1710.520508	970.155823
1707.093750	951.435120
1703.666016	929.815552
1700.236328	938.102051
1696.804688	913.595459
1693.371094	900.763733
1689.936523	874.843506
1686.500000	873.682251
1683.061523	863.069519
1679.622070	835.751892
1676.179688	833.157898
1672.736328	830.566162
1669.291016	763.393005
1665.844727	807.982178
1662.396484	769.883789
1658.945313	787.615417
1655.494141	714.801941
1652.040039	731.094910
1648.584961	707.579102
1645.126953	696.379700
1641.668945	688.082214
1638.208008	671.846191
1634.745117	639.740784
1631.281250	666.846130
1627.815430	656.414734
1624.347656	629.411011
1620.878906	611.081360
1617.408203	597.811584
1613.935547	580.955261
1610.460938	592.177429
1606.984375	576.059448
1603.506836	577.208862
1600.027344	563.987793
1596.545898	543.598755
1593.062500	510.310638
1589.577148	519.380859
1586.090820	516.252502
1582.602539	491.627258
1579.112305	492.813263
1575.620117	471.803741
1572.126953	465.842255
1568.630859	460.601776
1565.133789	488.964844
1561.634766	454.423004
1558.133789	463.478394
1554.631836	451.110962
1551.127930	433.048401
1547.621094	424.986694
1544.114258	412.656708
1540.604492	435.956268
1537.092773	401.561157
1533.580078	401.358734
1530.065430	375.550568
1526.548828	373.228363
1523.030273	384.408813
1519.509766	362.198730
1515.988281	362.015778
1512.463867	337.001160
1508.938477	353.849609
1505.411133	338.786713
1501.882813	329.406097
1498.351563	338.443939
1494.818359	325.534271
1491.284180	317.588806
1487.748047	313.186066
1484.209961	293.242279
1480.669922	300.156036
1477.128906	281.650574
1473.584961	282.918701
1470.040039	276.428467
1466.493164	285.450653
1462.944336	272.625336
1459.393555	266.853943
1455.840820	267.421967
1452.287109	246.887772
1448.730469	260.119598
1445.172852	252.257782
1441.613281	240.190002
1438.051758	248.491013
1434.488281	234.332443
1430.922852	242.627762
1427.356445	224.281113
1423.787109	230.471298
1420.216797	216.350342
1416.644531	226.736893
1413.070313	224.522659
1409.494141	204.833328
1405.916016	204.728561
1402.336914	195.544907
1398.754883	206.613068
1395.171875	189.065765
1391.585938	172.233627
1387.999023	175.630066
1384.410156	184.595627
1380.819336	171.968781
1377.226563	174.664017
1373.632813	168.314682
1370.036133	167.533066
1366.438477	163.278168
1362.837891	163.194214
1359.236328	165.886627
1355.632813	152.620407
1352.027344	144.221375
1348.419922	151.770264
1344.810547	153.770050
1341.199219	137.075562
1337.585938	137.696823
1333.970703	136.934189
1330.354492	131.333679
1326.735352	142.319839
1323.115234	129.817032
1319.493164	129.749939
1315.869141	121.405228
1312.242188	132.373566
1308.614258	123.346909
1304.984375	108.819679
1301.353516	112.205193
1297.719727	109.394981
1294.083984	112.776588
1290.446289	105.157738
1286.807617	109.224876
1283.166016	102.988853
1279.523438	98.817955
1275.877930	96.708977
1272.231445	91.860054
1268.582031	91.812294
1264.931641	97.243011
1261.279297	98.561310
1257.625000	91.669022
1253.968750	92.305008
1250.310547	85.423065
1246.650391	79.231270
1242.988281	83.968651
1239.324219	81.877884
1235.658203	76.379463
1231.990234	79.065979
1228.320313	73.574692
1224.648438	70.131775
1220.975586	69.414558
1217.299805	78.220558
1213.622070	74.100677
1209.943359	66.587738
1206.261719	71.306618
1202.578125	66.517960
1198.893555	64.447876
1195.206055	61.701893
1191.517578	69.124062
1187.826172	64.346443
1184.133789	67.697510
1180.438477	62.248970
1176.742188	63.568760
1173.042969	59.479870
1169.342773	47.288628
1165.639648	66.169212
1161.935547	53.312386
1158.228516	51.935314
1154.520508	51.907928
1150.809570	51.206768
1147.097656	51.179737
1143.382813	45.768215
1139.666992	49.107563
1135.948242	41.013397
1132.227539	45.023678
1128.505859	39.626740
1124.781250	32.221638
1121.055664	42.939434
1117.327148	44.928402
1113.596680	45.574802
1109.865234	42.871185
1106.130859	44.856960
1102.394531	37.472481
1098.657227	44.140541
1094.916992	41.443321
1091.174805	39.417034
1087.430664	37.392879
1083.684570	36.038235
1079.936523	38.020107
1076.186523	42.666508
1072.434570	37.313297
1068.680664	37.293404
1064.924805	30.617529
1061.166992	29.270702
1057.406250	33.244404
1053.644531	27.910381
1049.880859	35.201420
1046.114258	29.208195
1042.346680	37.154182
1038.576172	33.155621
1034.803711	32.475109
1031.030273	27.820896
1027.253906	32.440315
1023.475586	26.467688
1019.695313	25.792150
1015.913086	23.795359
1012.128906	23.782579
1008.342773	29.051977
1004.553711	21.777269
