4046.277344	244.223358
4043.892578	237.934341
4041.505859	242.031570
4039.119141	246.125504
4036.731445	262.779266
4034.342773	251.163895
4031.952148	255.249161
4029.561523	272.925079
4027.169922	276.998352
4024.777344	265.395386
4022.383789	285.135010
4019.989258	261.009369
4017.593750	281.778595
4015.197266	284.796692
4012.799805	282.598328
4010.401367	287.698303
4008.001953	304.255859
4005.601563	298.927429
4003.201172	273.821381
4000.798828	295.568146
3998.395508	298.571808
3995.991211	311.972076
3993.585938	295.216278
3991.180664	318.997833
3988.773438	308.484375
3986.365234	324.973816
3983.957031	310.314758
3981.546875	316.415894
3979.135742	332.882202
3976.724609	340.005890
3974.311523	325.363800
3971.898438	331.448822
3969.483398	346.847168
3967.068359	347.743805
3964.651367	348.639648
3962.234375	359.875916
3959.815430	345.260284
3957.396484	361.655212
3954.975586	373.905396
3952.554688	382.015808
3950.131836	368.446289
3947.708984	350.760895
3945.284180	408.369873
3942.859375	398.929016
3940.432617	396.708527
3938.005859	383.159668
3935.577148	390.213287
3933.148438	421.961304
3930.718750	422.820923
3928.287109	403.112732
3925.855469	422.481812
3923.421875	436.697601
3920.988281	426.251190
3918.552734	413.759644
3916.117188	442.329468
3913.680664	460.617462
3911.242188	454.279510
3908.803711	455.121887
3906.363281	447.766357
3903.922852	485.482483
3901.480469	471.977509
3899.038086	505.559662
3896.593750	493.080170
3894.149414	474.475128
3891.703125	485.527679
3889.256836	501.679932
3886.808594	519.861694
3884.360352	489.024109
3881.910156	505.154968
3879.459961	520.252563
3877.007813	533.298401
3874.555664	530.025085
3872.101563	534.905212
3869.646484	546.910461
3867.191406	561.959900
3864.734375	562.750183
3862.277344	543.195251
3859.818359	580.597229
3857.358398	587.476868
3854.897461	581.143005
3852.436523	593.094360
3849.973633	612.142029
3847.509766	586.525024
3845.044922	606.573914
3842.579102	592.132813
3840.113281	630.406006
3837.645508	656.490723
3835.176758	657.236755
3832.707031	645.834656
3830.236328	662.773926
3827.764648	662.504517
3825.291992	671.334473
3822.818359	672.072021
3820.343750	682.910950
3817.868164	692.731079
3815.390625	689.420776
3812.913086	741.607422
3810.434570	720.125122
3807.955078	741.003113
3805.473633	736.669922
3802.992188	751.479675
3800.509766	761.242432
3798.025391	765.964355
3795.541016	757.602783
3793.054688	784.447327
3790.568359	792.169189
3788.080078	799.884521
3785.591797	819.646973
3783.101563	825.336182
3780.610352	827.005920
3778.119141	818.641663
3775.625977	865.439453
3773.131836	855.060974
3770.636719	864.730896
3768.140625	889.416565
3765.643555	846.001160
3763.145508	882.683044
3760.646484	930.338562
3758.146484	916.957581
3755.645508	948.566772
3753.143555	931.192200
3750.639648	956.776733
3748.135742	955.385559
3745.630859	973.953247
3743.124023	993.502869
3740.617188	981.129517
3738.108398	1040.526489
3735.599609	1043.087402
3733.088867	1036.683105
3730.577148	993.452454
3728.064453	1057.720703
3725.551758	1104.032471
3723.037109	1089.658691
3720.521484	1078.277954
3718.004883	1126.509888
3715.487305	1142.926147
3712.967773	1134.514282
3710.448242	1155.873901
3707.927734	1177.215698
3705.406250	1162.850830
3702.882813	1163.361694
3700.359375	1213.398193
3697.833984	1224.778442
3695.308594	1218.333984
3692.781250	1246.520142
3690.252930	1237.104736
3687.723633	1259.328125
3685.193359	1294.377808
3682.662109	1303.718750
3680.129883	1289.357544
3677.596680	1330.271240
3675.062500	1356.354126
3672.527344	1404.107544
3669.990234	1373.957031
3667.453125	1385.209961
3664.915039	1384.635498
3662.375000	1426.390259
3659.833984	1432.686279
3657.292969	1473.401978
3654.750000	1462.958618
3652.206055	1548.834229
3649.661133	1531.490723
3647.115234	1492.558472
3644.568359	1534.144287
3642.019531	1521.732910
3639.470703	1577.981934
3636.920898	1614.577393
3634.369141	1571.769653
3631.817383	1635.762329
3629.263672	1659.558594
3626.708984	1649.080566
3624.153320	1656.219849
3621.596680	1730.825439
3619.039063	1730.104004
3616.480469	1735.244995
3613.920898	1769.680542
3611.360352	1801.158203
3608.797852	1790.648315
3606.235352	1813.311035
3603.670898	1821.329102
3601.105469	1891.714844
3598.540039	1921.124878
3595.972656	1947.588257
3593.404297	1932.173462
3590.834961	1957.636108
3588.264648	1996.692871
3585.692383	2080.436035
3583.120117	2034.864624
3580.545898	2025.270752
3577.971680	2145.791260
3575.395508	2129.364014
3572.818359	2180.859131
3570.240234	2144.065430
3567.661133	2177.093018
3565.081055	2207.185547
3562.500000	2272.118408
3559.917969	2286.655029
3557.333984	2254.729492
3554.750000	2360.184814
3552.164063	2398.836182
3549.577148	2361.102783
3546.989258	2440.294922
3544.400391	2481.759033
3541.810547	2502.916992
3539.219727	2506.689209
3536.626953	2564.466309
3534.034180	2552.783447
3531.439453	2636.509277
3528.844727	2660.443848
3526.248047	2667.026611
3523.650391	2678.415283
3521.051758	2730.197998
3518.451172	2802.130127
3515.850586	2789.415039
3513.249023	2870.867920
3510.645508	2892.707031
3508.041016	2904.927002
3505.436523	2925.772217
3502.830078	2956.190430
3500.222656	3015.345703
3497.613281	3020.781250
3495.003906	3111.470459
3492.393555	3075.684082
3489.781250	3169.143066
3487.167969	3164.933594
3484.553711	3198.024170
3481.938477	3325.724121
3479.322266	3265.074219
3476.705078	3364.937256
3474.086914	3355.875488
3471.466797	3468.974365
3468.845703	3455.104736
3466.224609	3466.990723
3463.601563	3544.630615
3460.977539	3658.406738
3458.351563	3608.288574
3455.725586	3677.199951
3453.098633	3743.197021
3450.469727	3800.577393
3447.839844	3841.746094
3445.208984	3902.834961
3442.577148	3939.173828
3439.944336	3995.419678
3437.310547	3960.505371
3434.674805	4061.279785
3432.039063	4156.277832
3429.401367	4159.250977
3426.762695	4224.752930
3424.123047	4282.621582
3421.481445	4282.693359
3418.839844	4480.531738
3416.197266	4454.979004
3413.552734	4548.573242
3410.907227	4479.538086
3408.260742	4609.881348
3405.613281	4645.687500
3402.963867	4714.496094
3400.314453	4756.828613
3397.663086	4831.187012
3395.011719	4896.054199
3392.358398	4987.247559
3389.704102	5047.280762
3387.047852	5171.278809
3384.391602	5131.430176
3381.733398	5264.689941
3379.075195	5318.854980
3376.415039	5402.107422
3373.753906	5462.740723
3371.090820	5569.332520
3368.427734	5642.979980
3365.762695	5710.933594
3363.097656	5715.055664
3360.430664	5813.852051
3357.762695	5927.554199
3355.092773	5954.988770
3352.422852	6032.954102
3349.750977	6173.549805
3347.079102	6139.101563
3344.405273	6320.668457
3341.729492	6285.248535
3339.053711	6486.212402
3336.376953	6493.703613
3333.698242	6643.997559
3331.018555	6673.803223
3328.337891	6741.817871
3325.656250	6792.060547
3322.973633	6904.688965
3320.289063	7069.377441
3317.604492	7111.029785
3314.917969	7230.815430
3312.230469	7307.706543
3309.541016	7411.493652
3306.851563	7369.272461
3304.160156	7578.846680
3301.467773	7608.088379
3298.774414	7749.615723
3296.080078	7886.380371
3293.384766	7912.663574
3290.687500	7950.045410
3287.990234	8169.935547
3285.291016	8194.203125
3282.589844	8317.508789
3279.888672	8436.080078
3277.186523	8527.720703
3274.482422	8622.052734
3271.777344	8680.257813
3269.071289	8844.648438
3266.364258	8852.836914
3263.655273	8933.935547
3260.945313	9072.163086
3258.234375	9177.068359
3255.522461	9323.363281
3252.809570	9498.093750
3250.095703	9553.856445
3247.379883	9665.727539
3244.663086	9743.450195
3241.945313	9851.458008
3239.226563	9959.369141
3236.505859	10000.093750
3233.784180	10169.390625
3231.061523	10201.719727
3228.337891	10382.708984
3225.613281	10538.767578
3222.886719	10654.337891
3220.160156	10793.637695
3217.431641	10930.064453
3214.702148	11021.493164
3211.970703	11009.391602
3209.239258	11224.234375
3206.505859	11326.382813
3203.771484	11419.296875
3201.035156	11566.045898
3198.298828	11710.836914
3195.560547	11801.626953
3192.821289	11978.127930
3190.081055	12159.033203
3187.339844	12354.368164
3184.596680	12405.512695
3181.853516	12503.076172
3179.108398	12568.675781
3176.361328	12804.443359
3173.614258	12798.874023
3170.865234	13155.294922
3168.115234	13030.475586
3165.364258	13262.890625
3162.612305	13436.966797
3159.858398	13392.982422
3157.104492	13540.523438
3154.347656	13835.797852
3151.590820	13900.495117
3148.833008	14061.206055
3146.073242	14329.582031
3143.312500	14421.134766
3140.550781	14505.362305
3137.787109	14488.176758
3135.023438	14892.443359
3132.257813	14889.559570
3129.491211	15108.957031
3126.722656	15348.932617
3123.954102	15465.913086
3121.183594	15618.882813
3118.412109	15667.080078
3115.638672	15934.325195
3112.865234	16074.258789
3110.089844	16019.485352
3107.313477	16327.631836
3104.536133	16510.398438
3101.756836	16617.429688
3098.976563	16665.009766
3096.195313	16863.554688
3093.413086	17183.212891
3090.628906	17181.074219
3087.844727	17571.220703
3085.058594	17750.158203
3082.270508	18002.476563
3079.482422	18163.126953
3076.692383	18196.384766
3073.901367	18383.669922
3071.109375	18485.728516
3068.315430	18653.917969
3065.520508	19053.640625
3062.724609	19035.439453
3059.927734	19386.369141
3057.128906	19493.097656
3054.329102	19672.058594
3051.528320	19825.863281
3048.726563	19924.210938
3045.922852	20304.271484
3043.118164	20280.189453
3040.312500	20489.566406
3037.505859	20617.707031
3034.697266	20900.628906
3031.887695	21050.708984
3029.077148	21415.005859
3026.264648	21417.134766
3023.452148	21477.015625
3020.637695	21835.296875
3017.821289	22007.689453
3015.004883	22306.832031
3012.186523	22320.949219
3009.367188	22678.201172
3006.545898	22790.509766
3003.724609	22953.208984
3000.901367	23063.513672
2998.077148	23202.037109
2995.250977	23581.082031
2992.423828	23638.763672
2989.595703	23874.066406
2986.766602	24022.562500
2983.935547	24250.406250
2981.104492	24396.826172
2978.270508	24478.693359
2975.436523	24691.900391
2972.600586	24881.109375
2969.763672	25062.210938
2966.925781	25265.166016
2964.085938	25521.640625
2961.245117	25471.621094
2958.403320	25599.330078
2955.560547	26104.132813
2952.715820	26211.218750
2949.870117	26428.015625
2947.023438	26506.750000
2944.174805	26645.089844
2941.325195	26828.044922
2938.474609	26971.367188
2935.622070	27182.923828
2932.768555	27325.945313
2929.914063	27590.564453
2927.058594	27813.796875
2924.201172	27664.947266
2921.342773	28194.921875
2918.483398	28303.039063
2915.622070	28450.376953
2912.759766	28769.642578
2909.896484	28805.746094
2907.032227	28997.144531
2904.166016	29210.169922
2901.298828	29313.138672
2898.429688	29582.464844
2895.559570	29321.029297
2892.688477	29871.341797
2889.816406	30230.548828
2886.942383	30304.082031
2884.067383	30472.324219
2881.191406	30720.371094
2878.314453	30863.931641
2875.435547	31073.355469
2872.554688	31386.744141
2869.673828	31573.169922
2866.791016	31758.552734
2863.907227	31825.867188
2861.021484	32198.111328
2858.134766	32448.761719
2855.247070	32443.796875
2852.358398	32689.765625
2849.467773	32984.808594
2846.576172	33295.136719
2843.682617	33123.843750
2840.789063	33526.238281
2837.893555	33732.273438
2834.996094	33734.449219
2832.097656	34054.914063
2829.198242	34357.835938
2826.297852	34444.156250
2823.395508	34263.339844
2820.492188	34477.902344
2817.587891	35093.343750
2814.681641	35047.511719
2811.774414	34901.960938
2808.866211	35344.445313
2805.956055	35376.714844
2803.044922	35638.230469
2800.131836	35464.308594
2797.218750	36074.726563
2794.303711	35971.066406
2791.386719	35997.785156
2788.468750	36361.199219
2785.549805	36316.613281
2782.629883	36478.363281
2779.708008	36616.851563
2776.785156	36640.597656
2773.860352	36676.281250
2770.935547	37210.960938
2768.007813	37027.671875
2765.080078	37212.507813
2762.150391	37105.308594
2759.219727	37613.199219
2756.287109	37528.917969
2753.353516	37742.972656
2750.418945	37837.570313
2747.482422	37686.000000
2744.544922	37602.640625
2741.606445	37762.640625
2738.666016	38006.660156
2735.724609	37986.976563
2732.782227	38079.441406
2729.837891	38303.421875
2726.892578	38164.769531
2723.945313	38275.656250
2720.997070	38137.964844
2718.047852	38207.203125
2715.097656	38173.007813
2712.145508	38234.523438
2709.191406	38142.761719
2706.237305	38451.269531
2703.281250	38397.527344
2700.323242	38280.417969
2697.364258	38323.097656
2694.404297	38322.656250
2691.443359	38301.097656
2688.480469	38005.316406
2685.515625	37883.531250
2682.550781	38179.140625
2679.583984	38122.250000
2676.615234	38125.195313
2673.646484	37897.453125
2670.674805	37984.625000
2667.703125	37804.230469
2664.729492	37836.691406
2661.754883	37621.207031
2658.778320	37431.109375
2655.800781	37314.210938
2652.821289	37265.386719
2649.840820	37079.867188
2646.859375	37128.429688
2643.876953	36897.019531
2640.892578	36748.742188
2637.906250	36877.738281
2634.918945	36788.164063
2631.930664	36261.144531
2628.941406	36242.984375
2625.950195	36005.015625
2622.957031	35854.968750
2619.963867	36167.656250
2616.967773	35894.121094
2613.971680	35817.714844
2610.973633	35384.457031
2607.974609	35133.292969
2604.973633	34990.648438
2601.971680	34914.746094
2598.967773	34798.945313
2595.962891	34726.503906
2592.957031	34347.253906
2589.949219	34274.230469
2586.940430	33869.753906
2583.929688	33729.722656
2580.917969	33619.695313
2577.905273	33279.097656
2574.890625	33103.835938
2571.875000	32903.855469
2568.857422	32980.792969
2565.838867	32624.498047
2562.819336	32498.656250
2559.797852	32095.722656
2556.775391	31745.253906
2553.750977	31655.501953
2550.725586	31386.511719
2547.698242	31244.126953
2544.669922	30774.941406
2541.640625	30576.009766
2538.609375	30363.226563
2535.577148	30253.681641
2532.542969	30180.486328
2529.507813	29824.830078
2526.471680	29858.082031
2523.433594	29125.166016
2520.393555	29045.179688
2517.353516	28625.707031
2514.310547	28662.697266
2511.267578	28492.650391
2508.222656	28234.080078
2505.175781	28016.769531
2502.127930	27586.382813
2499.079102	27396.607422
2496.028320	27093.906250
2492.976563	26711.199219
2489.922852	26631.775391
2486.868164	26243.884766
2483.812500	25891.519531
2480.754883	25929.476563
2477.695313	25711.591797
2474.634766	25497.982422
2471.573242	25318.037109
2468.509766	24986.451172
2465.445313	24590.718750
2462.378906	24364.125000
2459.311523	24189.890625
2456.242188	23961.230469
2453.171875	23577.251953
2450.100586	23272.566406
2447.027344	23130.851563
2443.953125	22781.916016
2440.876953	22562.519531
2437.799805	22363.626953
2434.720703	22229.060547
2431.640625	21981.794922
2428.558594	21754.220703
2425.475586	21478.197266
2422.390625	21178.916016
2419.304688	20869.375000
2416.217773	20779.552734
2413.128906	20577.304688
2410.038086	20302.429688
2406.946289	19993.029297
2403.853516	19871.421875
2400.758789	19599.656250
2397.663086	19404.041016
2394.565430	18951.937500
2391.466797	18726.941406
2388.366211	18719.060547
2385.264648	18335.587891
2382.161133	18174.009766
2379.056641	17874.876953
2375.950195	17775.626953
2372.842773	17683.701172
2369.734375	17418.968750
2366.624023	17181.001953
2363.511719	16955.298828
2360.398438	16701.695313
2357.284180	16598.414063
2354.167969	16339.585938
2351.049805	16279.057617
2347.930664	15999.767578
2344.810547	15725.539063
2341.688477	15633.333984
2338.564453	15439.559570
2335.439453	15401.963867
2332.313477	14952.581055
2329.185547	14988.770508
2326.056641	14773.267578
2322.925781	14423.008789
2319.792969	14263.033203
2316.660156	14056.131836
2313.524414	14031.229492
2310.387695	13901.933594
2307.250000	13493.919922
2304.110352	13370.559570
2300.969727	13275.166992
2297.827148	13124.170898
2294.682617	13036.130859
2291.537109	12698.599609
2288.390625	12675.974609
2285.242188	12408.795898
2282.092773	12272.821289
2278.941406	12286.114258
2275.788086	12118.597656
2272.633789	11888.621094
2269.478516	11807.790039
2266.321289	11604.296875
2263.162109	11346.378906
2260.001953	11223.184570
2256.840820	11017.077148
2253.676758	10937.613281
2250.512695	10806.083008
2247.346680	10676.250977
2244.178711	10588.366211
2241.009766	10341.999023
2237.838867	10305.598633
2234.666992	10157.316406
2231.493164	10036.740234
2228.318359	9858.007813
2225.141602	9614.905273
2221.963867	9512.050781
2218.784180	9484.770508
2215.602539	9188.735352
2212.419922	9196.190430
2209.236328	9169.873047
2206.050781	8832.015625
2202.863281	8765.098633
2199.674805	8592.394531
2196.485352	8597.745117
2193.292969	8499.691406
2190.100586	8380.586914
2186.905273	8238.116211
2183.709961	8112.984375
2180.511719	8005.167969
2177.312500	7955.279297
2174.112305	7845.290527
2170.910156	7681.533203
2167.706055	7550.702637
2164.500977	7484.731934
2161.294922	7290.184082
2158.085938	7273.485840
2154.876953	7176.576660
2151.665039	7125.688965
2148.452148	7095.855957
2145.238281	6873.939941
2142.022461	6821.704590
2138.804688	6586.914063
2135.585938	6624.953125
2132.365234	6532.535645
2129.143555	6362.610840
2125.919922	6320.036621
2122.695313	6259.670898
2119.468750	6235.002441
2116.240234	6009.770996
2113.010742	5880.738770
2109.780273	5946.029785
2106.546875	5841.119629
2103.312500	5683.744141
2100.077148	5717.352539
2096.839844	5568.676270
2093.600586	5559.849609
2090.360352	5419.872070
2087.119141	5345.573242
2083.875000	5292.925293
2080.629883	5298.105957
2077.383789	5112.309570
2074.135742	5046.757324
2070.885742	4946.647461
2067.634766	4931.982910
2064.381836	4805.119629
2061.127930	4777.473633
2057.871094	4630.837402
2054.614258	4631.694336
2051.355469	4598.795898
2048.094727	4525.290039
2044.832031	4473.311523
2041.568359	4373.888672
2038.303711	4374.857422
2035.037109	4283.226074
2031.768555	4219.982422
2028.498047	4143.800293
2025.226563	4040.179688
2021.954102	3996.233643
2018.678711	3967.596924
2015.403320	3848.943604
2012.125000	3821.164795
2008.845703	3725.562744
2005.564453	3632.336914
2002.282227	3635.923584
1998.998047	3584.696045
1995.712891	3536.559814
1992.424805	3483.145020
1989.136719	3392.532959
1985.845703	3359.750000
1982.553711	3251.055908
1979.260742	3255.563477
1975.964844	3175.092773
1972.667969	3148.539063
1969.370117	3145.506104
1966.070313	3047.018799
1962.768555	3034.948730
1959.465820	2947.203369
1956.161133	2910.983154
1952.854492	2899.748779
1949.546875	2869.629883
1946.237305	2804.035400
1942.925781	2742.278564
1939.613281	2753.028076
1936.298828	2695.879150
1932.982422	2610.134521
1929.665039	2626.204346
1926.346680	2568.443115
1923.025391	2495.679688
1919.703125	2470.392090
1916.378906	2442.119629
1913.053711	2409.363037
1909.726563	2404.438477
1906.397461	2354.456543
1903.067383	2243.718506
1899.735352	2288.398193
1896.401367	2251.291016
1893.066406	2205.973877
1889.729492	2151.709473
1886.390625	2137.185303
1883.050781	2104.710938
1879.708984	2049.075684
1876.365234	2055.556885
1873.020508	1992.524414
1869.673828	1963.168213
1866.326172	1975.652588
1862.975586	1906.778076
1859.624023	1882.725586
1856.271484	1884.045044
1852.916016	1833.198364
1849.559570	1847.201416
1846.202148	1781.531128
1842.841797	1763.547485
1839.480469	1757.480591
1836.118164	1767.773438
1832.752930	1653.970581
1829.386719	1653.905273
1826.018555	1649.385620
1822.649414	1572.901978
1819.278320	1536.537354
1815.905273	1552.833496
1812.531250	1494.287598
1809.154297	1503.182373
1805.777344	1461.739624
1802.397461	1433.652588
1799.016602	1425.556152
1795.633789	1409.337646
1792.249023	1348.814087
1788.863281	1342.245972
1785.475586	1351.180664
1782.085938	1339.453735
1778.694336	1283.504272
1775.301758	1243.820190
1771.907227	1183.552612
1768.510742	1216.833130
1765.113281	1209.612793
1761.713867	1181.072144
1758.312500	1190.046631
1754.910156	1121.134766
1751.505859	1138.206543
1748.099609	1117.094849
1744.691406	1114.343506
1741.282227	1063.933838
1737.871094	1054.614624
1734.458008	1024.061035
1731.042969	1057.234985
1727.626953	987.192444
1724.208984	985.242065
1720.790039	1003.763245
1717.368164	980.615173
1713.945313	931.196899
1710.520508	940.956238
1707.093750	936.842590
1703.666016	900.644836
1700.236328	876.873962
1696.804688	892.467651
1693.371094	836.683533
1689.936523	850.825317
1686.500000	854.768250
1683.061523	834.712585
1679.622070	812.496155
1676.179688	784.490479
1672.736328	790.635132
1669.291016	760.490356
1665.844727	728.199402
1662.396484	757.559875
1658.945313	745.589905
1655.494141	711.905029
1652.040039	714.446228
1648.584961	694.556152
1645.126953	675.408752
1641.668945	666.398926
1638.208008	637.892639
1634.745117	625.299683
1631.281250	627.874573
1627.815430	624.675964
1624.347656	588.315430
1620.878906	582.977417
1617.408203	577.644409
1613.935547	570.876709
1610.460938	556.920166
1606.984375	543.696533
1603.506836	559.238464
1600.027344	547.463318
1596.545898	519.183472
1593.062500	566.294067
1589.577148	517.228760
1586.090820	494.741943
1582.602539	491.627258
1579.112305	464.161316
1575.620117	472.519684
1572.126953	477.291534
1568.630859	465.608337
1565.133789	450.362335
1561.634766	440.132996
1558.133789	446.338989
1554.631836	431.838837
1551.127930	417.353058
1547.621094	415.716858
1544.114258	410.518585
1540.604492	408.887085
1537.092773	376.641602
1533.580078	372.893555
1530.065430	385.508362
1526.548828	381.048401
1523.030273	368.776672
1519.509766	347.284668
1515.988281	347.819061
1512.463867	332.034821
1508.938477	347.467560
1505.411133	346.583069
1501.882813	313.112915
1498.351563	331.363525
1494.818359	311.380585
1491.284180	301.320313
1487.748047	299.753693
1484.209961	284.762970
1480.669922	286.737305
1477.128906	276.709351
1473.584961	294.912750
1470.040039	275.723297
1466.493164	276.992859
1462.944336	256.422791
1459.393555	242.210434
1455.840820	267.421967
1452.287109	239.150543
1448.730469	243.949997
1445.172852	246.636444
1441.613281	235.273834
1438.051758	231.644165
1434.488281	225.913315
1430.922852	221.590668
1427.356445	225.682861
1423.787109	212.257767
1420.216797	218.450836
1416.644531	209.241760
1413.070313	204.938126
1409.494141	192.948807
1405.916016	193.548843
1402.336914	204.623779
1398.754883	182.182480
1395.171875	178.600861
1391.585938	185.482376
1387.999023	174.236176
1384.410156	187.381973
1380.819336	183.108459
1377.226563	168.401154
1373.632813	167.619171
1370.036133	148.068649
1366.438477	151.466553
1362.837891	148.610901
1359.236328	146.452209
1355.632813	137.358368
1352.027344	145.608124
1348.419922	138.602982
1344.810547	141.994858
1341.199219	144.690872
1337.585938	127.317665
1333.970703	119.644524
1330.354492	123.038925
1326.735352	130.574997
1323.115234	122.911865
1319.493164	118.707390
1315.869141	125.544044
1312.242188	113.758530
1308.614258	118.523285
1304.984375	115.707001
1301.353516	112.893570
1297.719727	107.330925
1294.083984	104.524643
1290.446289	100.346603
1286.807617	109.224876
1283.166016	98.869293
1279.523438	96.759247
1275.877930	86.420792
1272.231445	95.287674
1268.582031	91.812294
1264.931641	86.286049
1261.279297	97.876854
1257.625000	89.616730
1253.968750	87.518822
1250.310547	79.272598
1246.650391	78.548241
1242.988281	83.968651
1239.324219	81.877884
1235.658203	77.061424
1231.990234	79.065979
1228.320313	64.718475
1224.648438	71.493553
1220.975586	81.664185
1217.299805	56.454838
1213.622070	70.701561
1209.943359	64.549332
1206.261719	63.157291
1202.578125	62.445431
1198.893555	67.161469
1195.206055	63.057976
1191.517578	63.702564
1187.826172	60.282455
1184.133789	62.958683
1180.438477	58.865871
1176.742188	56.806126
1173.042969	58.128052
1169.342773	53.368595
1165.639648	56.041271
1161.935547	53.987225
1158.228516	51.260830
1154.520508	53.930313
1150.809570	47.164127
1147.097656	52.526573
1143.382813	45.768215
1139.666992	46.416740
1135.948242	49.753960
1132.227539	47.039665
1128.505859	41.641659
1124.781250	46.989891
1121.055664	42.268505
1117.327148	45.598976
1113.596680	38.872627
1109.865234	48.230083
1106.130859	44.856960
1102.394531	34.126724
1098.657227	40.796558
1094.916992	38.769562
1091.174805	38.748951
1087.430664	35.389690
1083.684570	36.038235
1079.936523	39.354145
1076.186523	36.666527
1072.434570	37.313297
1068.680664	38.625313
1064.924805	31.283127
1061.166992	37.253624
1057.406250	37.233730
1053.644531	27.910381
1049.880859	28.559643
1046.114258	28.544373
1042.346680	35.827248
1038.576172	27.187609
1034.803711	30.486837
1031.030273	31.132906
1027.253906	28.468031
1023.475586	25.144302
1019.695313	29.098835
1015.913086	19.829466
1012.128906	22.461325
1008.342773	25.090343
1004.553711	28.376442
