4046.277344	173.996033
4043.892578	166.658859
4041.505859	181.261734
4039.119141	168.622147
4036.731445	182.165710
4034.342773	185.233383
4031.952148	189.344666
4029.561523	181.950058
4027.169922	186.059280
4024.777344	185.985748
4022.383789	180.689957
4019.989258	183.750595
4017.593750	190.983261
4015.197266	167.957016
4012.799805	169.976105
4010.401367	193.883636
4008.001953	182.345108
4005.601563	190.605301
4003.201172	210.311493
4000.798828	195.657791
3998.395508	205.983337
3995.991211	204.861664
3993.585938	218.293716
3991.180664	252.496658
3988.773438	207.733597
3986.365234	208.689255
3983.957031	210.681931
3981.546875	224.084686
3979.135742	226.069534
3976.724609	201.101044
3974.311523	238.323792
3971.898438	246.515045
3969.483398	242.275330
3967.068359	231.829208
3964.651367	246.220276
3962.234375	239.917282
3959.815430	249.124924
3957.396484	245.925552
3954.975586	249.958862
3952.554688	229.209473
3950.131836	236.342285
3947.708984	249.659225
3945.284180	263.996674
3942.859375	250.490326
3940.432617	260.694153
3938.005859	260.589783
3935.577148	284.165863
3933.148438	268.614380
3930.718750	279.823090
3928.287109	283.824280
3925.855469	293.989777
3923.421875	291.816772
3920.988281	293.753845
3918.552734	301.849457
3916.117188	255.545334
3913.680664	299.555237
3911.242188	296.358429
3908.803711	316.740234
3906.363281	314.563568
3903.922852	304.194733
3901.480469	324.548523
3899.038086	324.417847
3896.593750	300.758453
3894.149414	329.269379
3891.703125	299.493927
3889.256836	333.090942
3886.808594	338.063293
3884.360352	336.905975
3881.910156	330.646881
3879.459961	327.453094
3877.007813	356.891876
3874.555664	390.383881
3872.101563	366.792145
3869.646484	344.237854
3867.191406	359.369293
3864.734375	368.382568
3862.277344	374.336823
3859.818359	395.538239
3857.358398	387.246887
3854.897461	390.137970
3852.436523	379.824127
3849.973633	405.049194
3847.509766	395.752197
3845.044922	405.735046
3842.579102	400.500793
3840.113281	400.338226
3837.645508	436.647369
3835.176758	427.355804
3832.707031	447.427765
3830.236328	446.234070
3827.764648	420.766205
3825.291992	414.528809
3822.818359	445.689850
3820.343750	446.518707
3817.868164	471.582245
3815.390625	474.418396
3812.913086	482.297089
3810.434570	508.323608
3807.955078	484.928558
3805.473633	495.816162
3802.992188	507.702087
3800.509766	477.286926
3798.025391	506.281311
3795.541016	527.203003
3793.054688	539.056091
3790.568359	501.640137
3788.080078	524.547424
3785.591797	546.431335
3783.101563	554.240356
3780.610352	555.017334
3778.119141	546.764343
3775.625977	550.551880
3773.131836	568.369995
3770.636719	582.165283
3768.140625	571.910889
3765.643555	569.674133
3763.145508	589.456116
3760.646484	604.219910
3758.146484	571.973572
3755.645508	620.716492
3753.143555	639.445313
3750.639648	608.222351
3748.135742	624.943909
3745.630859	627.680908
3743.124023	632.410461
3740.617188	655.083435
3738.108398	636.874023
3735.599609	644.582153
3733.088867	674.192566
3730.577148	667.942505
3728.064453	700.503601
3725.551758	676.344238
3723.037109	703.903625
3720.521484	666.842834
3718.004883	686.435913
3715.487305	737.788147
3712.967773	731.528442
3710.448242	724.281494
3707.927734	730.924988
3705.406250	752.432922
3702.882813	761.040710
3700.359375	771.622192
3697.833984	737.639343
3695.308594	798.696594
3692.781250	786.494873
3690.252930	792.103027
3687.723633	803.637207
3685.193359	821.090027
3682.662109	826.676208
3680.129883	828.308533
3677.596680	835.860352
3675.062500	862.147949
3672.527344	874.609131
3669.990234	873.261047
3667.453125	887.677246
3664.915039	858.749817
3662.375000	898.753845
3659.833984	907.236816
3657.292969	925.548279
3654.750000	903.534241
3652.206055	962.124817
3649.661133	941.095703
3647.115234	908.300415
3644.568359	969.759766
3642.019531	961.507568
3639.470703	1008.182373
3636.920898	987.176392
3634.369141	1012.243164
3631.817383	1020.637329
3629.263672	1039.794189
3626.708984	1057.956177
3624.153320	1050.667480
3621.596680	1054.141113
3619.039063	1114.304321
3616.480469	1091.367554
3613.920898	1093.842285
3611.360352	1106.077026
3608.797852	1133.914551
3606.235352	1146.121826
3603.670898	1166.118652
3601.105469	1162.707764
3598.540039	1189.499756
3595.972656	1215.295166
3593.404297	1220.627441
3590.834961	1258.063354
3588.264648	1229.332642
3585.692383	1212.291504
3583.120117	1275.920410
3580.545898	1283.157227
3577.971680	1359.324707
3575.395508	1348.079590
3572.818359	1340.723877
3570.240234	1329.495117
3567.661133	1362.864136
3565.081055	1361.323853
3562.500000	1423.705933
3559.917969	1431.821655
3557.333984	1440.897827
3554.750000	1462.540771
3552.164063	1488.032715
3549.577148	1509.636719
3546.989258	1506.104492
3544.400391	1505.471680
3541.810547	1541.518921
3539.219727	1541.835693
3536.626953	1581.694214
3534.034180	1621.518677
3531.439453	1638.182007
3528.844727	1706.845215
3526.248047	1672.427856
3523.650391	1678.460693
3521.051758	1706.614258
3518.451172	1728.973877
3515.850586	1788.801270
3513.249023	1781.321655
3510.645508	1825.709229
3508.041016	1822.059326
3505.436523	1840.482422
3502.830078	1861.766968
3500.222656	1866.733887
3497.613281	1903.322266
3495.003906	1864.199951
3492.393555	1964.913940
3489.781250	1911.440186
3487.167969	1929.767456
3484.553711	2049.451416
3481.938477	1971.153564
3479.322266	2010.452515
3476.705078	2052.583008
3474.086914	2108.998291
3471.466797	2131.009521
3468.845703	2134.876953
3466.224609	2191.183838
3463.601563	2202.646240
3460.977539	2203.618408
3458.351563	2211.255371
3455.725586	2224.596436
3453.098633	2315.948486
3450.469727	2337.792480
3447.839844	2408.102783
3445.208984	2408.981445
3442.577148	2388.961182
3439.944336	2434.471436
3437.310547	2451.470215
3434.674805	2495.965332
3432.039063	2545.163086
3429.401367	2582.944092
3426.762695	2638.694092
3424.123047	2662.195801
3421.481445	2711.236572
3418.839844	2667.501465
3416.197266	2743.926514
3413.552734	2787.194824
3410.907227	2795.458740
3408.260742	2835.832764
3405.613281	2891.279541
3402.963867	2929.688965
3400.314453	2933.157715
3397.663086	2964.913574
3395.011719	3018.322266
3392.358398	3100.893799
3389.704102	3153.255371
3387.047852	3097.306885
3384.391602	3189.146729
3381.733398	3218.825928
3379.075195	3217.451416
3376.415039	3357.990479
3373.753906	3318.979004
3371.090820	3416.157715
3368.427734	3471.014648
3365.762695	3486.418457
3363.097656	3497.119141
3360.430664	3578.115723
3357.762695	3634.679443
3355.092773	3646.236572
3352.422852	3741.105469
3349.750977	3761.027100
3347.079102	3774.382813
3344.405273	3860.656982
3341.729492	3873.021729
3339.053711	3896.585205
3336.376953	3986.427979
3333.698242	4121.929199
3331.018555	4077.242920
3328.337891	4135.180664
3325.656250	4248.067383
3322.973633	4201.517090
3320.289063	4378.543457
3317.604492	4360.835938
3314.917969	4461.329590
3312.230469	4420.343750
3309.541016	4553.266113
3306.851563	4610.791016
3304.160156	4650.613770
3301.467773	4734.974121
3298.774414	4808.122070
3296.080078	4797.702637
3293.384766	4927.330078
3290.687500	4959.508301
3287.990234	4997.216797
3285.291016	5029.334473
3282.589844	5081.791016
3279.888672	5135.125977
3277.186523	5149.562988
3274.482422	5244.427246
3271.777344	5381.722656
3269.071289	5330.438965
3266.364258	5406.629883
3263.655273	5520.597656
3260.945313	5623.394043
3258.234375	5593.299316
3255.522461	5673.848145
3252.809570	5851.997559
3250.095703	5840.258789
3247.379883	5950.052246
3244.663086	5976.927734
3241.945313	6144.513672
3239.226563	6165.761719
3236.505859	6215.479980
3233.784180	6304.654785
3231.061523	6395.587402
3228.337891	6488.275391
3225.613281	6451.520508
3222.886719	6627.551758
3220.160156	6727.346680
3217.431641	6754.667969
3214.702148	6847.906250
3211.970703	6789.094238
3209.239258	6922.495605
3206.505859	7087.792969
3203.771484	7061.861328
3201.035156	7253.453613
3198.298828	7191.842285
3195.560547	7417.904785
3192.821289	7484.960938
3190.081055	7625.852051
3187.339844	7617.067871
3184.596680	7740.456543
3181.853516	7772.625488
3179.108398	7835.728516
3176.361328	7993.446289
3173.614258	8062.762695
3170.865234	8168.397461
3168.115234	8291.211914
3165.364258	8293.963867
3162.612305	8290.353516
3159.858398	8422.933594
3157.104492	8453.751953
3154.347656	8625.148438
3151.590820	8712.065430
3148.833008	8934.856445
3146.073242	8977.166016
3143.312500	9029.396484
3140.550781	9145.845703
3137.787109	9233.238281
3135.023438	9363.961914
3132.257813	9450.273438
3129.491211	9435.304688
3126.722656	9609.114258
3123.954102	9820.687500
3121.183594	9857.005859
3118.412109	10041.218750
3115.638672	10074.698242
3112.865234	10176.638672
3110.089844	10126.246094
3107.313477	10385.645508
3104.536133	10466.606445
3101.756836	10596.074219
3098.976563	10626.506836
3096.195313	10806.122070
3093.413086	10797.795898
3090.628906	11001.419922
3087.844727	11248.849609
3085.058594	11212.514648
3082.270508	11438.999023
3079.482422	11655.420898
3076.692383	11712.141602
3073.901367	11956.909180
3071.109375	12008.069336
3068.315430	12139.723633
3065.520508	12187.173828
3062.724609	12385.688477
3059.927734	12323.049805
3057.128906	12645.500000
3054.329102	12694.416016
3051.528320	12893.237305
3048.726563	13104.370117
3045.922852	13217.217773
3043.118164	13403.948242
3040.312500	13480.025391
3037.505859	13659.342773
3034.697266	13661.343750
3031.887695	13874.229492
3029.077148	14111.828125
3026.264648	14061.162109
3023.452148	14411.319336
3020.637695	14294.826172
3017.821289	14513.159180
3015.004883	14703.783203
3012.186523	14804.639648
3009.367188	14932.002930
3006.545898	15158.516602
3003.724609	15283.831055
3000.901367	15369.181641
2998.077148	15632.364258
2995.250977	15769.676758
2992.423828	15706.115234
2989.595703	15982.046875
2986.766602	16192.345703
2983.935547	16249.663086
2981.104492	16476.421875
2978.270508	16532.669922
2975.436523	16696.470703
2972.600586	16825.738281
2969.763672	16879.099609
2966.925781	16928.003906
2964.085938	17117.734375
2961.245117	17365.375000
2958.403320	17286.431641
2955.560547	17635.763672
2952.715820	17819.550781
2949.870117	17964.515625
2947.023438	18010.996094
2944.174805	18181.191406
2941.325195	18451.244141
2938.474609	18555.310547
2935.622070	18731.156250
2932.768555	18843.757813
2929.914063	19069.228516
2927.058594	19158.806641
2924.201172	19242.175781
2921.342773	19516.128906
2918.483398	19477.736328
2915.622070	19811.626953
2912.759766	20027.298828
2909.896484	19933.708984
2907.032227	20082.798828
2904.166016	20273.621094
2901.298828	20503.501953
2898.429688	20547.541016
2895.559570	20827.609375
2892.688477	20867.099609
2889.816406	21145.892578
2886.942383	21079.927734
2884.067383	21313.148438
2881.191406	21336.681641
2878.314453	21586.941406
2875.435547	21846.525391
2872.554688	22008.652344
2869.673828	22165.423828
2866.791016	22562.275391
2863.907227	22502.796875
2861.021484	22729.302734
2858.134766	23095.037109
2855.247070	23020.664063
2852.358398	23173.927734
2849.467773	23519.060547
2846.576172	23572.527344
2843.682617	23873.953125
2840.789063	23755.310547
2837.893555	24272.214844
2834.996094	24243.236328
2832.097656	24398.875000
2829.198242	24627.658203
2826.297852	24692.476563
2823.395508	24916.599609
2820.492188	25006.189453
2817.587891	25076.755859
2814.681641	25117.140625
2811.774414	25429.210938
2808.866211	25618.943359
2805.956055	25653.853516
2803.044922	25735.955078
2800.131836	25888.361328
2797.218750	26215.652344
2794.303711	26221.041016
2791.386719	26258.992188
2788.468750	26374.015625
2785.549805	26454.669922
2782.629883	26696.181641
2779.708008	26669.644531
2776.785156	26716.675781
2773.860352	27146.656250
2770.935547	27212.212891
2768.007813	27200.832031
2765.080078	27292.757813
2762.150391	27451.154297
2759.219727	27498.511719
2756.287109	27562.869141
2753.353516	27573.470703
2750.418945	27961.417969
2747.482422	28010.980469
2744.544922	27942.191406
2741.606445	28281.785156
2738.666016	28200.164063
2735.724609	28143.255859
2732.782227	28147.556641
2729.837891	28429.515625
2726.892578	28389.531250
2723.945313	28674.503906
2720.997070	28425.818359
2718.047852	28412.984375
2715.097656	28514.531250
2712.145508	28711.671875
2709.191406	28719.863281
2706.237305	28513.978516
2703.281250	28638.939453
2700.323242	28650.507813
2697.364258	28672.195313
2694.404297	28622.910156
2691.443359	28879.251953
2688.480469	28736.240234
2685.515625	28911.314453
2682.550781	28770.927734
2679.583984	28840.478516
2676.615234	28880.478516
2673.646484	28675.443359
2670.674805	28853.470703
2667.703125	28489.642578
2664.729492	28525.490234
2661.754883	28178.089844
2658.778320	28522.298828
2655.800781	28233.970703
2652.821289	27986.175781
2649.840820	28279.648438
2646.859375	28315.437500
2643.876953	28071.269531
2640.892578	27952.968750
2637.906250	27972.085938
2634.918945	28120.062500
2631.930664	27736.687500
2628.941406	27800.167969
2625.950195	27640.423828
2622.957031	27433.199219
2619.963867	27628.638672
2616.967773	27584.347656
2613.971680	27193.029297
2610.973633	27370.773438
2607.974609	26944.052734
2604.973633	26827.636719
2601.971680	26746.291016
2598.967773	26828.158203
2595.962891	26647.033203
2592.957031	26318.035156
2589.949219	26483.914063
2586.940430	26015.691406
2583.929688	25952.330078
2580.917969	25941.312500
2577.905273	25654.832031
2574.890625	25589.207031
2571.875000	25477.214844
2568.857422	25589.859375
2565.838867	25252.679688
2562.819336	25397.593750
2559.797852	24787.738281
2556.775391	24600.236328
2553.750977	24603.861328
2550.725586	24195.972656
2547.698242	24237.757813
2544.669922	23893.962891
2541.640625	24001.845703
2538.609375	23414.318359
2535.577148	23583.312500
2532.542969	23456.314453
2529.507813	23155.632813
2526.471680	22846.162109
2523.433594	22778.080078
2520.393555	22766.806641
2517.353516	22469.429688
2514.310547	22413.095703
2511.267578	22104.638672
2508.222656	22133.896484
2505.175781	21806.960938
2502.127930	21661.597656
2499.079102	21446.669922
2496.028320	21151.621094
2492.976563	20799.496094
2489.922852	20798.935547
2486.868164	20641.240234
2483.812500	20357.708984
2480.754883	20278.023438
2477.695313	20244.986328
2474.634766	19834.578125
2471.573242	19702.150391
2468.509766	19425.382813
2465.445313	19243.492188
2462.378906	19270.498047
2459.311523	19092.908203
2456.242188	18568.447266
2453.171875	18449.142578
2450.100586	18475.625000
2447.027344	17987.136719
2443.953125	17809.703125
2440.876953	17807.167969
2437.799805	17581.228516
2434.720703	17370.107422
2431.640625	17254.134766
2428.558594	16963.035156
2425.475586	16760.582031
2422.390625	16627.205078
2419.304688	16556.322266
2416.217773	16276.587891
2413.128906	16071.568359
2410.038086	15793.115234
2406.946289	15800.355469
2403.853516	15445.492188
2400.758789	15243.638672
2397.663086	15188.931641
2394.565430	14935.718750
2391.466797	14875.546875
2388.366211	14628.348633
2385.264648	14348.328125
2382.161133	14287.692383
2379.056641	14178.792969
2375.950195	13999.161133
2372.842773	13745.676758
2369.734375	13455.434570
2366.624023	13491.780273
2363.511719	13381.069336
2360.398438	13241.547852
2357.284180	12979.349609
2354.167969	12947.639648
2351.049805	12713.077148
2347.930664	12531.627930
2344.810547	12443.276367
2341.688477	12318.166992
2338.564453	12187.567383
2335.439453	11953.882813
2332.313477	11974.699219
2329.185547	11752.513672
2326.056641	11619.208008
2322.925781	11371.833984
2319.792969	11164.594727
2316.660156	11154.596680
2313.524414	11010.639648
2310.387695	10750.445313
2307.250000	10751.000977
2304.110352	10600.255859
2300.969727	10378.014648
2297.827148	10278.492188
2294.682617	10072.505859
2291.537109	10078.921875
2288.390625	9966.163086
2285.242188	9783.628906
2282.092773	9757.619141
2278.941406	9502.361328
2275.788086	9436.060547
2272.633789	9349.211914
2269.478516	9281.454102
2266.321289	9072.018555
2263.162109	8869.899414
2260.001953	8779.509766
2256.840820	8757.204102
2253.676758	8589.492188
2250.512695	8442.474609
2247.346680	8351.653320
2244.178711	8302.744141
2241.009766	8165.525391
2237.838867	8030.009277
2234.666992	7964.760742
2231.493164	7797.163086
2228.318359	7721.056641
2225.141602	7584.418945
2221.963867	7441.614258
2218.784180	7371.277832
2215.602539	7208.269043
2212.419922	7215.085449
2209.236328	7124.533203
2206.050781	7081.936035
2202.863281	6927.988770
2199.674805	6813.386719
2196.485352	6785.095215
2193.292969	6653.430664
2190.100586	6648.724609
2186.905273	6489.071777
2183.709961	6375.716797
2180.511719	6306.249512
2177.312500	6247.004395
2174.112305	6146.415039
2170.910156	6013.127930
2167.706055	5975.948730
2164.500977	5924.762695
2161.294922	5834.642090
2158.085938	5713.434570
2154.876953	5685.805176
2151.665039	5490.042480
2148.452148	5496.000977
2145.238281	5443.619141
2142.022461	5416.161621
2138.804688	5275.281250
2135.585938	5277.438965
2132.365234	5181.779785
2129.143555	5133.540527
2125.919922	4941.866699
2122.695313	4937.194336
2119.468750	4839.545898
2116.240234	4777.613281
2113.010742	4694.837402
2109.780273	4626.838867
2106.546875	4579.010742
2103.312500	4576.832520
2100.077148	4440.219238
2096.839844	4421.888672
2093.600586	4284.704102
2090.360352	4300.408203
2087.119141	4188.085449
2083.875000	4233.106934
2080.629883	4156.359375
2077.383789	4031.170410
2074.135742	4029.247314
2070.885742	3919.621826
2067.634766	3841.625732
2064.381836	3799.825684
2061.127930	3711.971924
2057.871094	3658.753174
2054.614258	3600.979248
2051.355469	3615.366943
2048.094727	3478.692383
2044.832031	3491.589355
2041.568359	3488.386719
2038.303711	3410.918945
2035.037109	3363.369385
2031.768555	3319.688965
2028.498047	3291.339600
2025.226563	3218.694336
2021.954102	3104.871826
2018.678711	3092.694824
2015.403320	3050.005371
2012.125000	3018.796387
2008.845703	2952.548340
2005.564453	2922.175781
2002.282227	2877.360596
1998.998047	2818.123779
1995.712891	2779.486572
1992.424805	2718.830322
1989.136719	2687.877197
1985.845703	2625.801758
1982.553711	2622.260254
1979.260742	2565.587402
1975.964844	2539.315430
1972.667969	2481.218506
1969.370117	2435.303955
1966.070313	2465.948975
1962.768555	2403.425049
1959.465820	2300.090332
1956.161133	2304.276123
1952.854492	2254.015869
1949.546875	2296.761963
1946.237305	2212.559326
1942.925781	2182.799316
1939.613281	2110.051270
1936.298828	2117.328613
1932.982422	2092.932861
1929.665039	2076.849121
1926.346680	1993.744507
1923.025391	2012.353516
1919.703125	1992.567383
1916.378906	1952.492310
1913.053711	1905.689697
1909.726563	1902.511963
1906.397461	1867.042725
1903.067383	1832.357666
1899.735352	1808.959961
1896.401367	1779.584839
1893.066406	1751.736694
1889.729492	1742.644897
1886.390625	1693.872803
1883.050781	1696.792114
1879.708984	1642.103394
1876.365234	1621.115845
1873.020508	1576.979126
1869.673828	1597.875488
1866.326172	1520.938843
1862.975586	1515.720703
1859.624023	1491.112671
1856.271484	1455.344727
1852.916016	1468.049072
1849.559570	1403.277222
1846.202148	1432.371948
1842.841797	1366.191162
1839.480469	1365.524536
1836.118164	1319.511353
1832.752930	1319.609985
1829.386719	1321.193359
1826.018555	1327.228394
1822.649414	1242.740967
1819.278320	1234.717529
1815.905273	1232.631104
1812.531250	1205.357422
1809.154297	1192.919678
1805.777344	1126.464722
1802.397461	1145.146606
1799.016602	1134.233887
1795.633789	1101.160522
1792.249023	1040.049438
1788.863281	1035.109375
1785.475586	1045.670654
1782.085938	1031.143311
1778.694336	1004.096985
1775.301758	1022.762085
1771.907227	947.136719
1768.510742	976.852722
1765.113281	963.128479
1761.713867	927.354919
1758.312500	941.599548
1754.910156	910.279175
1751.505859	895.878723
1748.099609	860.207092
1744.691406	835.574280
1741.282227	855.693115
1737.871094	860.401367
1734.458008	823.350952
1731.042969	792.194092
1727.626953	787.412231
1724.208984	779.709045
1720.790039	786.634583
1717.368164	762.132324
1713.945313	752.261047
1710.520508	754.078979
1707.093750	743.491089
1703.666016	724.162231
1700.236328	687.358398
1696.804688	699.403259
1693.371094	670.657532
1689.936523	664.502563
1686.500000	669.265381
1683.061523	638.395142
1679.622070	640.985352
1676.179688	630.497864
1672.736328	622.924622
1669.291016	589.234924
1665.844727	611.426392
1662.396484	571.975830
1658.945313	568.793091
1655.494141	556.922668
1652.040039	538.549133
1648.584961	538.281006
1645.126953	549.583130
1641.668945	519.675537
1638.208008	534.587280
1634.745117	505.438538
1631.281250	516.733582
1627.815430	509.262421
1624.347656	490.983856
1620.878906	477.047028
1617.408203	466.725159
1613.935547	438.416046
1610.460938	461.222015
1606.984375	417.840851
1603.506836	434.883392
1600.027344	437.539581
1596.545898	433.730072
1593.062500	404.803375
1589.577148	422.534973
1586.090820	388.623383
1582.602539	390.578522
1579.112305	403.275970
1575.620117	374.436035
1572.126953	376.394836
1568.630859	389.079773
1565.133789	368.153351
1561.634766	361.537811
1558.133789	352.786346
1554.631836	334.764313
1551.127930	331.028748
1547.621094	337.279724
1544.114258	329.270111
1540.604492	312.007935
1537.092773	318.258575
1533.580078	302.442291
1530.065430	296.599609
1526.548828	302.848175
1523.030273	287.773712
1519.509766	264.902191
1515.988281	260.509369
1512.463867	270.310394
1508.938477	256.700531
1505.411133	267.910828
1501.882813	279.109680
1498.351563	266.931732
1494.818359	227.873978
1491.284180	239.783081
1487.748047	238.954605
1484.209961	228.940948
1480.669922	240.124832
1477.128906	230.826416
1473.584961	221.537323
1470.040039	213.667923
1466.493164	207.920853
1462.944336	207.815186
1459.393555	203.484940
1455.840820	214.641312
1452.287109	207.498260
1448.730469	190.520020
1445.172852	194.639008
1441.613281	185.409836
1438.051758	183.209473
1434.488281	181.011292
1430.922852	176.010315
1427.356445	182.228394
1423.787109	166.723923
1420.216797	165.938614
1416.644531	160.255386
1413.070313	166.468506
1409.494141	174.073380
1405.916016	148.131241
1402.336914	152.944061
1398.754883	146.583603
1395.171875	156.275757
1391.585938	148.525360
1387.999023	142.176712
1384.410156	136.531113
1380.819336	132.979919
1377.226563	134.303406
1373.632813	139.103043
1370.036133	127.909065
1366.438477	124.369324
1362.837891	128.472046
1359.236328	126.323708
1355.632813	123.483788
1352.027344	119.259987
1348.419922	99.794151
1344.810547	114.288544
1341.199219	107.998924
1337.585938	101.023796
1333.970703	111.345482
1330.354492	107.831863
1326.735352	106.394440
1323.115234	89.767097
1319.493164	100.763252
1315.869141	88.984512
1312.242188	87.559593
1308.614258	102.674240
1304.984375	85.402786
1301.353516	90.177185
1297.719727	88.066399
1294.083984	83.207115
1290.446289	92.098938
1286.807617	73.503532
1283.166016	87.883820
1279.523438	76.858406
1275.877930	72.017326
1272.231445	70.608849
1268.582031	70.572136
1264.931641	64.372131
1261.279297	70.498711
1257.625000	61.568745
1253.968750	65.639114
1250.310547	70.388603
1246.650391	65.570709
1242.988281	60.075130
1239.324219	53.902939
1235.658203	70.923782
1231.990234	54.528263
1228.320313	51.093533
1224.648438	61.961079
1220.975586	59.887070
1217.299805	50.333229
1213.622070	57.105110
1209.943359	52.318935
1206.261719	50.933300
1202.578125	48.870335
1198.893555	52.236702
1195.206055	48.141037
1191.517578	50.826511
1187.826172	48.090496
1184.133789	50.773132
1180.438477	47.363346
1176.742188	43.957123
1173.042969	42.582180
1169.342773	46.613075
1165.639648	51.314899
1161.935547	43.189781
1158.228516	43.167015
1154.520508	35.728832
1150.809570	40.426395
1147.097656	42.425308
1143.382813	44.422089
1139.666992	39.016968
1135.948242	38.996346
1132.227539	35.615746
1128.505859	39.626740
1124.781250	41.619617
1121.055664	34.217361
1117.327148	28.164074
1113.596680	32.170448
1109.865234	25.454765
1106.130859	36.153370
1102.394531	33.457573
1098.657227	35.446190
1094.916992	28.742950
1091.174805	33.404266
1087.430664	30.047852
1083.684570	26.027615
1079.936523	30.682894
1076.186523	27.999895
1072.434570	21.321884
1068.680664	23.974333
1064.924805	27.289537
1061.166992	29.935946
1057.406250	31.249739
1053.644531	24.587717
1049.880859	23.910398
1046.114258	27.880550
1042.346680	25.875233
1038.576172	21.882710
1034.803711	21.870993
1031.030273	27.158493
1027.253906	19.199369
1023.475586	21.835842
1019.695313	24.469475
1015.913086	24.456341
1012.128906	18.497561
1008.342773	17.167078
1004.553711	22.437187
