4046.277344	212.778290
4043.892578	215.922791
4041.505859	217.933197
4039.119141	225.178650
4036.731445	221.949036
4034.342773	229.187057
4031.952148	230.142685
4029.561523	248.874207
4027.169922	226.825073
4024.777344	250.767288
4022.383789	231.868027
4019.989258	249.524963
4017.593750	259.862457
4015.197266	262.889252
4012.799805	255.485565
4010.401367	249.130051
4008.001953	250.073303
4005.601563	276.013153
4003.201172	243.628159
4000.798828	271.631287
3998.395508	270.483185
3995.991211	278.695038
3993.585938	274.426392
3991.180664	267.043793
3988.773438	288.749695
3986.365234	296.940918
3983.957031	286.444397
3981.546875	278.031006
3979.135742	273.772278
3976.724609	296.468536
3974.311523	287.024750
3971.898438	313.840607
3969.483398	297.149658
3967.068359	299.101074
3964.651367	310.361694
3962.234375	312.306122
3959.815430	296.675751
3957.396484	320.323181
3954.975586	328.458344
3952.554688	331.424530
3950.131836	350.901215
3947.708984	321.874695
3945.284180	340.308228
3942.859375	344.295349
3940.432617	334.883820
3938.005859	338.869690
3935.577148	355.207336
3933.148438	343.744080
3930.718750	355.951416
3928.287109	357.865387
3925.855469	363.889435
3923.421875	364.770935
3920.988281	360.516083
3918.552734	354.211121
3916.117188	366.384277
3913.680664	402.142639
3911.242188	399.930054
3908.803711	390.543793
3906.363281	409.854797
3903.922852	391.253815
3901.480469	415.667847
3899.038086	418.570648
3896.593750	410.218140
3894.149414	432.549530
3891.703125	429.308685
3889.256836	421.983307
3886.808594	449.389282
3884.360352	432.873108
3881.910156	428.616333
3879.459961	437.624207
3877.007813	460.900360
3874.555664	444.405670
3872.101563	456.452454
3869.646484	493.950775
3867.191406	472.372070
3864.734375	495.586487
3862.277344	466.903778
3859.818359	496.202209
3857.358398	504.132416
3854.897461	505.960175
3852.436523	513.879700
3849.973633	501.489471
3847.509766	531.728577
3845.044922	503.111450
3842.579102	504.935150
3840.113281	539.189697
3837.645508	545.049377
3835.176758	542.802612
3832.707031	552.704895
3830.236328	565.634583
3827.764648	558.324402
3825.291992	573.263000
3822.818359	595.263794
3820.343750	605.123779
3817.868164	579.632141
3815.390625	612.706299
3812.913086	602.366821
3810.434570	605.147156
3807.955078	627.080200
3805.473633	646.979614
3802.992188	636.642273
3800.509766	616.243835
3798.025391	655.246765
3795.541016	651.960938
3793.054688	683.877136
3790.568359	674.550171
3788.080078	689.347717
3785.591797	711.164307
3783.101563	726.938416
3780.610352	695.528015
3778.119141	716.311462
3775.625977	702.981567
3773.131836	721.739624
3770.636719	740.482178
3768.140625	767.221924
3765.643555	748.886230
3763.145508	768.594727
3760.646484	778.283264
3758.146484	788.963501
3755.645508	823.623840
3753.143555	841.270203
3750.639648	804.970825
3748.135742	838.582886
3745.630859	824.267822
3743.124023	869.813782
3740.617188	887.403748
3738.108398	893.018921
3735.599609	903.610535
3733.088867	905.230530
3730.577148	870.017456
3728.064453	938.316650
3725.551758	990.645325
3723.037109	941.520813
3720.521484	926.225830
3718.004883	932.797852
3715.487305	994.971375
3712.967773	978.679871
3710.448242	1023.915771
3707.927734	981.839478
3705.406250	969.538086
3702.882813	1061.295044
3700.359375	1048.970337
3697.833984	1047.546875
3695.308594	1102.537842
3692.781250	1081.306763
3690.252930	1083.826294
3687.723633	1101.170776
3685.193359	1125.416992
3682.662109	1109.148682
3680.129883	1122.511108
3677.596680	1134.875244
3675.062500	1153.147583
3672.527344	1156.613892
3669.990234	1149.235229
3667.453125	1200.975098
3664.915039	1212.294678
3662.375000	1187.181885
3659.833984	1231.952759
3657.292969	1234.392212
3654.750000	1243.711426
3652.206055	1217.643066
3649.661133	1273.131470
3647.115234	1267.692749
3644.568359	1300.538208
3642.019531	1305.884277
3639.470703	1320.052002
3636.920898	1347.932007
3634.369141	1340.511719
3631.817383	1363.461792
3629.263672	1397.162231
3626.708984	1365.262573
3624.153320	1434.151367
3621.596680	1451.155396
3619.039063	1414.384521
3616.480469	1459.716309
3613.920898	1489.383423
3611.360352	1551.241333
3608.797852	1466.672607
3606.235352	1552.873169
3603.670898	1560.024902
3601.105469	1537.932007
3598.540039	1597.690063
3595.972656	1601.891357
3593.404297	1680.066162
3590.834961	1626.822876
3588.264648	1677.688843
3585.692383	1703.235596
3583.120117	1689.890015
3580.545898	1747.463867
3577.971680	1712.749146
3575.395508	1707.179199
3572.818359	1813.178711
3570.240234	1749.386719
3567.661133	1838.800293
3565.081055	1862.252319
3562.500000	1825.636597
3559.917969	1886.829224
3557.333984	1870.554443
3554.750000	1920.068481
3552.164063	1985.010376
3549.577148	1991.908691
3546.989258	2030.680908
3544.400391	1998.926514
3541.810547	2006.773804
3539.219727	2093.731934
3536.626953	2107.318115
3534.034180	2104.503662
3531.439453	2126.745605
3528.844727	2170.159424
3526.248047	2246.271973
3523.650391	2269.386719
3521.051758	2246.304443
3518.451172	2263.628906
3515.850586	2256.907715
3513.249023	2319.369141
3510.645508	2372.173584
3508.041016	2339.493408
3505.436523	2405.677490
3502.830078	2451.662354
3500.222656	2488.978516
3497.613281	2476.427246
3495.003906	2572.135986
3492.393555	2589.243408
3489.781250	2609.206787
3487.167969	2662.639160
3484.553711	2682.553223
3481.938477	2739.731445
3479.322266	2793.993896
3476.705078	2788.036377
3474.086914	2843.185547
3471.466797	2832.438965
3468.845703	2907.553467
3466.224609	2918.718018
3463.601563	2939.403320
3460.977539	3031.523438
3458.351563	3036.904785
3455.725586	3127.952148
3453.098633	3176.103760
3450.469727	3142.419434
3447.839844	3263.725342
3445.208984	3262.340576
3442.577148	3360.693848
3439.944336	3368.761719
3437.310547	3370.178223
3434.674805	3448.435547
3432.039063	3467.832275
3429.401367	3503.325439
3426.762695	3605.109863
3424.123047	3657.559570
3421.481445	3680.617188
3418.839844	3707.438965
3416.197266	3790.988281
3413.552734	3862.174561
3410.907227	3911.562988
3408.260742	3886.281006
3405.613281	3904.454834
3402.963867	4090.615967
3400.314453	4074.720947
3397.663086	4176.718262
3395.011719	4146.658203
3392.358398	4281.513672
3389.704102	4357.859375
3387.047852	4353.175293
3384.391602	4404.015137
3381.733398	4448.225586
3379.075195	4556.332520
3376.415039	4603.256836
3373.753906	4627.594238
3371.090820	4664.116211
3368.427734	4740.027832
3365.762695	4813.997070
3363.097656	4898.217285
3360.430664	4959.866211
3357.762695	5048.634277
3355.092773	5053.966797
3352.422852	5150.105469
3349.750977	5210.599609
3347.079102	5214.915527
3344.405273	5252.887207
3341.729492	5360.919922
3339.053711	5455.779785
3336.376953	5444.102539
3333.698242	5483.771484
3331.018555	5693.211914
3328.337891	5751.389160
3325.656250	5730.276367
3322.973633	5772.543457
3320.289063	5893.942383
3317.604492	5965.891602
3314.917969	6092.683105
3312.230469	6111.459961
3309.541016	6157.183594
3306.851563	6217.736328
3304.160156	6212.275879
3301.467773	6477.043457
3298.774414	6464.974609
3296.080078	6488.171875
3293.384766	6568.846191
3290.687500	6681.894531
3287.990234	6768.898438
3285.291016	6899.357910
3282.589844	6815.839844
3279.888672	6869.353027
3277.186523	7102.270996
3274.482422	7131.570801
3271.777344	7228.311035
3269.071289	7186.392578
3266.364258	7399.372559
3263.655273	7449.714844
3260.945313	7603.345215
3258.234375	7665.540527
3255.522461	7691.728516
3252.809570	7851.499023
3250.095703	8048.891602
3247.379883	7997.540527
3244.663086	8125.677246
3241.945313	8332.806641
3239.226563	8314.492188
3236.505859	8377.985352
3233.784180	8629.743164
3231.061523	8703.141602
3228.337891	8759.952148
3225.613281	8806.619141
3222.886719	9021.980469
3220.160156	9184.904297
3217.431641	9301.871094
3214.702148	9426.060547
3211.970703	9541.900391
3209.239258	9457.236328
3206.505859	9728.451172
3203.771484	9925.371094
3201.035156	9967.672852
3198.298828	10185.322266
3195.560547	10193.684570
3192.821289	10316.122070
3190.081055	10442.098633
3187.339844	10682.862305
3184.596680	10787.600586
3181.853516	10857.623047
3179.108398	11075.115234
3176.361328	11143.124023
3173.614258	11174.674805
3170.865234	11470.864258
3168.115234	11654.970703
3165.364258	11746.223633
3162.612305	11858.284180
3159.858398	11913.953125
3157.104492	11950.510742
3154.347656	12178.441406
3151.590820	12300.986328
3148.833008	12452.424805
3146.073242	12632.717773
3143.312500	12834.583984
3140.550781	12991.011719
3137.787109	13157.250977
3135.023438	13242.852539
3132.257813	13438.661133
3129.491211	13636.102539
3126.722656	13800.852539
3123.954102	13897.744141
3121.183594	13998.157227
3118.412109	14250.917969
3115.638672	14359.195313
3112.865234	14489.002930
3110.089844	14593.469727
3107.313477	14624.905273
3104.536133	14778.714844
3101.756836	15018.751953
3098.976563	14960.920898
3096.195313	15182.681641
3093.413086	15380.884766
3090.628906	15527.718750
3087.844727	15712.122070
3085.058594	15881.106445
3082.270508	16274.161133
3079.482422	16384.468750
3076.692383	16446.283203
3073.901367	16588.654297
3071.109375	16750.593750
3068.315430	17025.146484
3065.520508	17122.333984
3062.724609	17302.587891
3059.927734	17527.365234
3057.128906	17693.873047
3054.329102	17911.126953
3051.528320	17966.630859
3048.726563	18204.976563
3045.922852	18435.972656
3043.118164	18437.669922
3040.312500	18720.029297
3037.505859	18923.759766
3034.697266	18933.238281
3031.887695	19158.929688
3029.077148	19266.123047
3026.264648	19465.675781
3023.452148	19685.488281
3020.637695	19956.619141
3017.821289	20060.583984
3015.004883	20302.013672
3012.186523	20364.031250
3009.367188	20737.218750
3006.545898	20756.433594
3003.724609	21067.978516
3000.901367	21310.171875
2998.077148	21301.652344
2995.250977	21643.492188
2992.423828	21924.003906
2989.595703	21884.265625
2986.766602	22185.615234
2983.935547	22313.589844
2981.104492	22600.345703
2978.270508	22729.775391
2975.436523	22921.705078
2972.600586	23048.218750
2969.763672	23321.779297
2966.925781	23372.238281
2964.085938	23863.751953
2961.245117	24019.519531
2958.403320	24215.607422
2955.560547	24422.945313
2952.715820	24648.546875
2949.870117	24785.214844
2947.023438	25109.669922
2944.174805	25310.949219
2941.325195	25549.767578
2938.474609	25737.501953
2935.622070	25860.199219
2932.768555	25860.990234
2929.914063	26247.994141
2927.058594	26439.433594
2924.201172	26530.943359
2921.342773	27021.189453
2918.483398	27242.605469
2915.622070	27369.441406
2912.759766	27623.679688
2909.896484	27974.593750
2907.032227	28150.652344
2904.166016	28355.332031
2901.298828	28586.849609
2898.429688	28521.839844
2895.559570	28950.804688
2892.688477	28844.748047
2889.816406	29472.478516
2886.942383	29525.470703
2884.067383	29841.015625
2881.191406	30006.771484
2878.314453	30216.679688
2875.435547	30426.390625
2872.554688	30778.261719
2869.673828	30813.123047
2866.791016	31252.080078
2863.907227	31346.494141
2861.021484	31465.941406
2858.134766	31956.824219
2855.247070	32010.080078
2852.358398	32601.503906
2849.467773	32466.716797
2846.576172	32802.347656
2843.682617	32891.386719
2840.789063	33184.187500
2837.893555	33085.601563
2834.996094	33455.703125
2832.097656	33853.925781
2829.198242	33931.035156
2826.297852	34110.625000
2823.395508	34080.714844
2820.492188	34262.636719
2817.587891	34639.765625
2814.681641	34682.746094
2811.774414	34563.160156
2808.866211	34729.027344
2805.956055	35089.761719
2803.044922	35410.660156
2800.131836	35437.699219
2797.218750	35378.902344
2794.303711	35639.175781
2791.386719	35738.906250
2788.468750	35850.531250
2785.549805	36015.144531
2782.629883	36344.816406
2779.708008	36312.234375
2776.785156	36352.367188
2773.860352	36679.703125
2770.935547	36930.679688
2768.007813	36729.578125
2765.080078	36779.652344
2762.150391	36606.941406
2759.219727	37179.882813
2756.287109	37025.882813
2753.353516	37119.152344
2750.418945	37380.136719
2747.482422	37366.707031
2744.544922	37293.703125
2741.606445	37430.023438
2738.666016	37533.042969
2735.724609	37380.136719
2732.782227	37657.222656
2729.837891	37858.468750
2726.892578	37549.414063
2723.945313	37796.320313
2720.997070	37523.164063
2718.047852	37820.691406
2715.097656	37825.640625
2712.145508	37562.125000
2709.191406	37660.273438
2706.237305	37867.468750
2703.281250	37683.750000
2700.323242	37565.277344
2697.364258	37484.917969
2694.404297	37801.566406
2691.443359	37498.289063
2688.480469	37543.757813
2685.515625	37670.988281
2682.550781	37750.882813
2679.583984	37930.125000
2676.615234	37652.683594
2673.646484	37577.535156
2670.674805	37502.441406
2667.703125	37319.742188
2664.729492	37693.765625
2661.754883	37262.375000
2658.778320	37226.152344
2655.800781	37077.445313
2652.821289	36853.332031
2649.840820	36685.613281
2646.859375	36698.304688
2643.876953	36598.667969
2640.892578	36462.250000
2637.906250	36702.738281
2634.918945	36327.015625
2631.930664	36181.671875
2628.941406	36361.718750
2625.950195	36031.761719
2622.957031	36058.808594
2619.963867	36091.667969
2616.967773	35850.718750
2613.971680	35742.628906
2610.973633	35739.695313
2607.974609	35268.320313
2604.973633	35025.640625
2601.971680	34953.882813
2598.967773	34611.664063
2595.962891	34725.671875
2592.957031	34234.152344
2589.949219	34245.968750
2586.940430	33576.460938
2583.929688	33904.953125
2580.917969	33698.554688
2577.905273	33473.250000
2574.890625	33369.222656
2571.875000	32922.089844
2568.857422	32900.417969
2565.838867	32603.792969
2562.819336	32691.539063
2559.797852	32137.095703
2556.775391	32079.388672
2553.750977	31557.953125
2550.725586	31451.791016
2547.698242	31337.457031
2544.669922	30923.541016
2541.640625	30789.728516
2538.609375	30505.916016
2535.577148	30208.339844
2532.542969	30257.945313
2529.507813	29834.714844
2526.471680	29340.234375
2523.433594	29236.257813
2520.393555	29112.626953
2517.353516	28990.742188
2514.310547	28730.082031
2511.267578	28416.259766
2508.222656	28401.568359
2505.175781	27863.310547
2502.127930	27679.072266
2499.079102	27523.691406
2496.028320	27070.958984
2492.976563	26657.955078
2489.922852	26567.912109
2486.868164	26319.177734
2483.812500	25997.859375
2480.754883	26078.285156
2477.695313	25843.986328
2474.634766	25288.044922
2471.573242	25156.371094
2468.509766	24820.779297
2465.445313	24728.580078
2462.378906	24672.335938
2459.311523	24144.251953
2456.242188	23969.376953
2453.171875	23600.865234
2450.100586	23327.908203
2447.027344	23106.447266
2443.953125	22896.564453
2440.876953	22489.373047
2437.799805	22132.103516
2434.720703	22090.208984
2431.640625	22053.216797
2428.558594	21678.775391
2425.475586	21351.701172
2422.390625	21099.488281
2419.304688	20905.021484
2416.217773	20842.712891
2413.128906	20536.027344
2410.038086	20215.867188
2406.946289	19948.554688
2403.853516	19613.593750
2400.758789	19606.119141
2397.663086	19376.585938
2394.565430	18898.667969
2391.466797	18705.964844
2388.366211	18547.304688
2385.264648	18314.630859
2382.161133	18079.751953
2379.056641	17892.593750
2375.950195	17877.845703
2372.842773	17580.726563
2369.734375	17380.371094
2366.624023	17154.478516
2363.511719	16992.253906
2360.398438	16761.921875
2357.284180	16643.361328
2354.167969	16483.189453
2351.049805	16214.906250
2347.930664	16013.393555
2344.810547	15785.624023
2341.688477	15515.621094
2338.564453	15508.393555
2335.439453	15262.760742
2332.313477	15030.146484
2329.185547	15033.529297
2326.056641	14647.839844
2322.925781	14630.625977
2319.792969	14364.398438
2316.660156	14103.201172
2313.524414	14071.897461
2310.387695	13823.823242
2307.250000	13693.085938
2304.110352	13427.892578
2300.969727	13267.208008
2297.827148	13317.489258
2294.682617	13054.419922
2291.537109	12902.864258
2288.390625	12741.118164
2285.242188	12538.227539
2282.092773	12392.668945
2278.941406	12201.229492
2275.788086	12051.990234
2272.633789	11770.527344
2269.478516	11661.232422
2266.321289	11538.575195
2263.162109	11351.127930
2260.001953	11302.293945
2256.840820	11107.218750
2253.676758	10921.806641
2250.512695	10833.731445
2247.346680	10725.996094
2244.178711	10548.115234
2241.009766	10378.287109
2237.838867	10283.521484
2234.666992	10104.511719
2231.493164	9990.262695
2228.318359	9796.592773
2225.141602	9698.329102
2221.963867	9641.845703
2218.784180	9404.571289
2215.602539	9329.411133
2212.419922	9194.619141
2209.236328	8963.375977
2206.050781	8886.951172
2202.863281	8785.493164
2199.674805	8717.057617
2196.485352	8606.365234
2193.292969	8427.626953
2190.100586	8319.518555
2186.905273	8253.767578
2183.709961	8055.101563
2180.511719	7988.749512
2177.312500	7898.232422
2174.112305	7866.379883
2170.910156	7668.260742
2167.706055	7603.766602
2164.500977	7376.313965
2161.294922	7410.244629
2158.085938	7219.718262
2154.876953	7098.688965
2151.665039	7040.831543
2148.452148	6942.562500
2145.238281	6857.606445
2142.022461	6756.402832
2138.804688	6771.848145
2135.585938	6656.019531
2132.365234	6412.209473
2129.143555	6394.423828
2125.919922	6369.672363
2122.695313	6283.702148
2119.468750	6229.578613
2116.240234	6033.004883
2113.010742	5940.343262
2109.780273	5832.292969
2106.546875	5835.706055
2103.312500	5771.864258
2100.077148	5650.907715
2096.839844	5539.330566
2093.600586	5606.162109
2090.360352	5560.287109
2087.119141	5246.866699
2083.875000	5215.076660
2080.629883	5189.478516
2077.383789	5176.223145
2074.135742	5042.139160
2070.885742	5012.807617
2067.634766	4975.043945
2064.381836	4862.762207
2061.127930	4774.400879
2057.871094	4729.888672
2054.614258	4610.972656
2051.355469	4562.742188
2048.094727	4526.057129
2044.832031	4471.012207
2041.568359	4298.053711
2038.303711	4383.279785
2035.037109	4298.531738
2031.768555	4167.204102
2028.498047	4132.332520
2025.226563	4101.313477
2021.954102	3993.178467
2018.678711	4005.769043
2015.403320	3837.497559
2012.125000	3851.673096
2008.845703	3793.411133
2005.564453	3721.488037
2002.282227	3684.666748
1998.998047	3546.633789
1995.712891	3553.299072
1992.424805	3493.791992
1989.136719	3482.990234
1985.845703	3389.381348
1982.553711	3323.200195
1979.260742	3251.768066
1975.964844	3165.229736
1972.667969	3192.521484
1969.370117	3141.716309
1966.070313	3104.595703
1962.768555	2999.359375
1959.465820	2953.258301
1956.161133	2901.905273
1952.854492	2864.210693
1949.546875	2843.178223
1946.237305	2823.675781
1942.925781	2729.442871
1939.613281	2722.841553
1936.298828	2690.598877
1932.982422	2643.307861
1929.665039	2588.525635
1926.346680	2583.507324
1923.025391	2526.546387
1919.703125	2491.461670
1916.378906	2449.640869
1913.053711	2443.943604
1909.726563	2378.891357
1906.397461	2311.648193
1903.067383	2321.036377
1899.735352	2289.898682
1896.401367	2246.041504
1893.066406	2178.239990
1889.729492	2185.423584
1886.390625	2150.664307
1883.050781	2142.134521
1879.708984	2062.541748
1876.365234	2063.034424
1873.020508	2025.409302
1869.673828	1972.879517
1866.326172	1949.519653
1862.975586	1935.883545
1859.624023	1879.741943
1856.271484	1881.062866
1852.916016	1859.280396
1849.559570	1826.345947
1846.202148	1809.821289
1842.841797	1757.594604
1839.480469	1726.243164
1836.118164	1674.850098
1832.752930	1672.546143
1829.386719	1619.742920
1826.018555	1627.858887
1822.649414	1555.837402
1819.278320	1532.829468
1815.905273	1527.632324
1812.531250	1454.281860
1809.154297	1462.455811
1805.777344	1480.242676
1802.397461	1438.091064
1799.016602	1426.295532
1795.633789	1407.859497
1792.249023	1390.918457
1788.863281	1352.582397
1785.475586	1302.476196
1782.085938	1312.900635
1778.694336	1263.599243
1775.301758	1253.399414
1771.907227	1218.168091
1768.510742	1210.207886
1765.113281	1200.047729
1761.713867	1175.924194
1758.312500	1150.353882
1754.910156	1138.767334
1751.505859	1154.361694
1748.099609	1137.645874
1744.691406	1115.810791
1741.282227	1068.333252
1737.871094	1088.327026
1734.458008	1053.361816
1731.042969	1018.430664
1727.626953	992.315002
1724.208984	996.213623
1720.790039	997.914673
1717.368164	950.656006
1713.945313	993.276672
1710.520508	935.846313
1707.093750	929.546326
1703.666016	901.374146
1700.236328	882.705200
1696.804688	861.140259
1693.371094	881.830933
1689.936523	880.666077
1686.500000	833.671814
1683.061523	820.897644
1679.622070	813.222900
1676.179688	785.943237
1672.736328	774.662659
1669.291016	765.570007
1665.844727	786.948547
1662.396484	700.289795
1658.945313	736.894958
1655.494141	698.869141
1652.040039	699.969055
1648.584961	688.768188
1645.126953	689.871460
1641.668945	656.280090
1638.208008	647.284058
1634.745117	621.689392
1631.281250	611.997314
1627.815430	616.741333
1624.347656	610.665649
1620.878906	602.434021
1617.408203	594.210266
1613.935547	585.994507
1610.460938	567.713196
1606.984375	556.641663
1603.506836	548.456238
1600.027344	565.424744
1596.545898	536.417786
1593.062500	517.487976
1589.577148	494.990051
1586.090820	499.761078
1582.602539	503.093781
1579.112305	474.189514
1575.620117	472.519684
1572.126953	472.282471
1568.630859	453.449585
1565.133789	461.800110
1561.634766	433.702454
1558.133789	442.054138
1554.631836	443.259369
1551.127930	415.926208
1547.621094	395.751038
1544.114258	394.126343
1540.604492	402.475983
1537.092773	378.065552
1533.580078	377.163330
1530.065430	374.128052
1526.548828	362.564697
1523.030273	347.460114
1519.509766	353.676392
1515.988281	356.337097
1512.463867	337.710632
1508.938477	343.921967
1505.411133	327.446594
1501.882813	329.406097
1498.351563	308.706177
1494.818359	317.042053
1491.284180	300.613007
1487.748047	308.237305
1484.209961	309.494232
1480.669922	280.381042
1477.128906	288.003601
1473.584961	282.213165
1470.040039	287.006073
1466.493164	276.288055
1462.944336	269.103058
1459.393555	261.221130
1455.840820	244.902222
1452.287109	241.964081
1448.730469	231.998550
1445.172852	246.636444
1441.613281	231.059982
1438.051758	222.518799
1434.488281	230.122879
1430.922852	218.785721
1427.356445	215.169693
1423.787109	212.958282
1420.216797	214.950012
1416.644531	190.347015
1413.070313	205.637573
1409.494141	184.559723
1405.916016	204.728561
1402.336914	192.053040
1398.754883	182.182480
1395.171875	185.577469
1391.585938	189.666183
1387.999023	177.023956
1384.410156	167.877533
1380.819336	173.361252
1377.226563	165.617676
1373.632813	158.577469
1370.036133	159.886337
1366.438477	157.024963
1362.837891	162.499771
1359.236328	165.192535
1355.632813	138.745834
1352.027344	150.461731
1348.419922	157.314392
1344.810547	144.765488
1341.199219	137.767868
1337.585938	122.474052
1333.970703	134.859436
1330.354492	123.038925
1326.735352	122.975395
1323.115234	120.149803
1319.493164	122.848351
1315.869141	122.784836
1312.242188	115.826866
1308.614258	118.523285
1304.984375	119.839394
1301.353516	109.451691
1297.719727	109.394981
1294.083984	112.088921
1290.446289	104.470436
1286.807617	94.798950
1283.166016	108.481590
1279.523438	101.562897
1275.877930	87.792549
1272.231445	97.344238
1268.582031	95.238121
1264.931641	91.764534
1261.279297	82.818878
1257.625000	85.512146
1253.968750	88.202568
1250.310547	99.774139
1246.650391	77.865211
1242.988281	85.333992
1239.324219	85.971779
1235.658203	79.107300
1231.990234	71.568344
1228.320313	74.255936
1224.648438	70.131775
1220.975586	68.053490
1217.299805	77.540382
1213.622070	67.982269
1209.943359	61.152000
1206.261719	71.985733
1202.578125	60.409164
1198.893555	69.196671
1195.206055	60.345806
1191.517578	62.347191
1187.826172	52.154484
1184.133789	56.865906
1180.438477	58.865871
1176.742188	48.014702
1173.042969	48.665348
1169.342773	60.124111
1165.639648	54.015686
1161.935547	56.011745
1158.228516	44.515984
1154.520508	49.885540
1150.809570	47.837902
1147.097656	56.567078
1143.382813	48.460461
1139.666992	51.125683
1135.948242	52.443359
1132.227539	40.319714
1128.505859	48.358055
1124.781250	50.346310
1121.055664	45.623150
1117.327148	48.281269
1113.596680	50.266327
1109.865234	39.521873
1106.130859	40.839916
1102.394531	32.119270
1098.657227	35.446190
1094.916992	41.443321
1091.174805	34.072353
1087.430664	41.399261
1083.684570	35.370861
1079.936523	32.016933
1076.186523	30.666552
1072.434570	33.981754
1068.680664	31.965776
1064.924805	32.614323
1061.166992	31.931677
1057.406250	35.903957
1053.644531	30.568514
1049.880859	37.193954
1046.114258	33.191132
1042.346680	34.500309
1038.576172	26.524496
1034.803711	23.196507
1031.030273	25.833689
1027.253906	29.792126
1023.475586	27.791073
1019.695313	19.178778
1015.913086	24.456341
1012.128906	20.479443
1008.342773	29.051977
1004.553711	27.716524
