4046.277344	186.574066
4043.892578	194.959412
4041.505859	202.216858
4039.119141	194.805710
4036.731445	197.869659
4034.342773	198.838089
4031.952148	206.082306
4029.561523	198.681091
4027.169922	216.372299
4024.777344	226.735428
4022.383789	209.934570
4019.989258	218.203827
4017.593750	202.463135
4015.197266	222.204010
4012.799805	237.757996
4010.401367	226.197571
4008.001953	239.653580
4005.601563	227.059860
4003.201172	238.422424
4000.798828	228.961243
3998.395508	240.313904
3995.991211	259.976715
3993.585938	241.162582
3991.180664	250.418503
3988.773438	263.821655
3986.365234	254.372467
3983.957031	254.271301
3981.546875	253.132706
3979.135742	277.920349
3976.724609	258.114227
3974.311523	271.481873
3971.898438	281.731476
3969.483398	278.513092
3967.068359	282.541840
3964.651367	286.567291
3962.234375	291.623596
3959.815430	280.136322
3957.396484	288.290863
3954.975586	295.405945
3952.554688	305.612640
3950.131836	295.169861
3947.708984	273.387177
3945.284180	308.339874
3942.859375	294.815765
3940.432617	289.545685
3938.005859	320.329712
3935.577148	309.905548
3933.148438	303.606293
3930.718750	320.973541
3928.287109	314.674744
3925.855469	318.660248
3923.421875	331.890198
3920.988281	316.350281
3918.552734	331.623749
3916.117188	332.516815
3913.680664	343.667816
3911.242188	360.962494
3908.803711	328.015778
3906.363281	347.351929
3903.922852	350.284851
3901.480469	349.120026
3899.038086	386.845245
3896.593750	363.160706
3894.149414	363.014374
3891.703125	377.178345
3889.256836	376.004517
3886.808594	385.044891
3884.360352	389.994171
3881.910156	376.570068
3879.459961	394.779877
3877.007813	377.285675
3874.555664	428.097198
3872.101563	417.735504
3869.646484	421.640442
3867.191406	428.596222
3864.734375	426.387573
3862.277344	418.077240
3859.818359	446.378601
3857.358398	447.214233
3854.897461	458.208893
3852.436523	436.696198
3849.973633	472.049805
3847.509766	472.873138
3845.044922	457.466278
3842.579102	469.447754
3840.113281	466.216675
3837.645508	469.066681
3835.176758	491.155365
3832.707031	469.697937
3830.236328	493.791901
3827.764648	512.808838
3825.291992	497.434570
3822.818359	512.391724
3820.343750	513.193420
3817.868164	520.053223
3815.390625	516.813232
3812.913086	526.692627
3810.434570	547.658142
3807.955078	548.443115
3805.473633	537.134155
3802.992188	579.223633
3800.509766	547.772339
3798.025391	597.874939
3795.541016	575.496399
3793.054688	611.466614
3790.568359	616.243286
3788.080078	615.991516
3785.591797	615.739685
3783.101563	628.540710
3780.610352	653.374817
3778.119141	612.978027
3775.625977	640.806274
3773.131836	696.679260
3770.636719	673.347839
3768.140625	690.099121
3765.643555	706.836487
3763.145508	689.533569
3760.646484	707.257385
3758.146484	700.967590
3755.645508	728.667236
3753.143555	765.336121
3750.639648	734.061462
3748.135742	724.775208
3745.630859	766.389404
3743.124023	738.144714
3740.617188	754.791748
3738.108398	745.511353
3735.599609	799.002930
3733.088867	796.682495
3730.577148	815.268066
3728.064453	796.026855
3725.551758	808.629211
3723.037109	820.226685
3720.521484	811.938293
3718.004883	840.412109
3715.487305	813.255066
3712.967773	860.563293
3710.448242	852.270996
3707.927734	868.779175
3705.406250	909.065857
3702.882813	903.735840
3700.359375	906.334167
3697.833984	911.900452
3695.308594	943.194397
3692.781250	942.804504
3690.252930	940.436890
3687.723633	967.725464
3685.193359	938.670959
3682.662109	966.924744
3680.129883	1007.002014
3677.596680	982.900696
3675.062500	1017.018921
3672.527344	1010.681396
3669.990234	1011.248108
3667.453125	1006.888062
3664.915039	1053.741089
3662.375000	1068.069946
3659.833984	1057.786987
3657.292969	1033.741943
3654.750000	1064.774292
3652.206055	1099.711548
3649.661133	1107.113647
3647.115234	1142.003662
3644.568359	1132.695190
3642.019531	1110.639404
3639.470703	1124.888306
3636.920898	1192.062012
3634.369141	1148.450195
3631.817383	1217.516479
3629.263672	1221.905029
3626.708984	1238.033813
3624.153320	1257.083496
3621.596680	1264.382690
3619.039063	1286.337280
3616.480469	1313.158447
3613.920898	1275.498291
3611.360352	1330.611694
3608.797852	1342.742188
3606.235352	1357.788574
3603.670898	1403.047363
3601.105469	1394.664551
3598.540039	1448.637207
3595.972656	1442.189087
3593.404297	1433.799194
3590.834961	1453.632324
3588.264648	1523.049683
3585.692383	1550.605469
3583.120117	1514.973267
3580.545898	1561.935425
3577.971680	1601.090332
3575.395508	1559.657227
3572.818359	1583.257202
3570.240234	1639.807617
3567.661133	1649.782837
3565.081055	1643.277710
3562.500000	1670.675415
3559.917969	1695.145264
3557.333984	1728.303345
3554.750000	1791.419067
3552.164063	1792.600708
3549.577148	1803.445679
3546.989258	1839.398926
3544.400391	1899.463013
3541.810547	1920.865723
3539.219727	1880.499268
3536.626953	1928.895386
3534.034180	1947.364990
3531.439453	1977.382080
3528.844727	1983.292480
3526.248047	1982.457764
3523.650391	1989.322388
3521.051758	2070.255859
3518.451172	2066.498779
3515.850586	2082.929688
3513.249023	2136.817383
3510.645508	2193.540039
3508.041016	2237.734619
3505.436523	2184.013672
3502.830078	2312.581299
3500.222656	2332.698242
3497.613281	2347.047363
3495.003906	2330.729004
3492.393555	2379.537598
3489.781250	2371.832275
3487.167969	2471.288818
3484.553711	2460.680664
3481.938477	2506.481445
3479.322266	2523.576660
3476.705078	2614.201904
3474.086914	2590.182129
3471.466797	2581.451172
3468.845703	2644.271240
3466.224609	2696.548340
3463.601563	2764.983398
3460.977539	2838.123291
3458.351563	2859.775879
3455.725586	2832.862305
3453.098633	2851.642578
3450.469727	2917.009766
3447.839844	2930.032471
3445.208984	2981.055176
3442.577148	3003.536865
3439.944336	3037.392578
3437.310547	3077.862061
3434.674805	3040.505127
3432.039063	3144.471436
3429.401367	3172.519043
3426.762695	3252.652344
3424.123047	3236.116211
3421.481445	3273.552979
3418.839844	3375.302490
3416.197266	3372.920410
3413.552734	3446.175293
3410.907227	3530.707764
3408.260742	3555.654297
3405.613281	3618.348389
3402.963867	3622.469727
3400.314453	3708.666016
3397.663086	3671.249512
3395.011719	3726.242432
3392.358398	3824.530029
3389.704102	3874.699219
3387.047852	3918.234375
3384.391602	3998.431641
3381.733398	3962.862061
3379.075195	4019.463623
3376.415039	4085.414063
3373.753906	4153.186035
3371.090820	4227.471680
3368.427734	4328.912598
3365.762695	4393.675293
3363.097656	4509.961426
3360.430664	4487.408691
3357.762695	4543.583496
3355.092773	4564.117676
3352.422852	4572.462402
3349.750977	4743.629395
3347.079102	4708.858398
3344.405273	4817.172363
3341.729492	4902.026855
3339.053711	4976.530762
3336.376953	4994.007324
3333.698242	5131.876953
3331.018555	5127.809570
3328.337891	5219.802734
3325.656250	5295.868164
3322.973633	5397.025391
3320.289063	5460.837891
3317.604492	5625.143066
3314.917969	5587.363770
3312.230469	5684.495117
3309.541016	5763.875000
3306.851563	5889.655762
3304.160156	5981.881836
3301.467773	5969.094727
3298.774414	6108.542480
3296.080078	6164.366211
3293.384766	6335.138672
3290.687500	6358.367676
3287.990234	6315.785645
3285.291016	6489.971680
3282.589844	6566.795898
3279.888672	6703.703613
3277.186523	6701.739258
3274.482422	6803.331543
3271.777344	6878.956543
3269.071289	6964.675781
3266.364258	7188.832520
3263.655273	7134.964355
3260.945313	7342.242676
3258.234375	7353.828125
3255.522461	7429.007813
3252.809570	7540.977539
3250.095703	7617.849121
3247.379883	7748.048828
3244.663086	7818.318359
3241.945313	7982.348633
3239.226563	7984.413086
3236.505859	8144.548828
3233.784180	8170.421387
3231.061523	8275.238281
3228.337891	8379.961914
3225.613281	8608.449219
3222.886719	8577.208984
3220.160156	8668.826172
3217.431641	8769.523438
3214.702148	8941.568359
3211.970703	8976.141602
3209.239258	9092.124023
3206.505859	9224.466797
3203.771484	9226.865234
3201.035156	9534.494141
3198.298828	9636.320313
3195.560547	9757.229492
3192.821289	9785.849609
3190.081055	9906.583008
3187.339844	10008.971680
3184.596680	10045.639648
3181.853516	10232.605469
3179.108398	10298.281250
3176.361328	10433.991211
3173.614258	10516.805664
3170.865234	10652.295898
3168.115234	10822.212891
3165.364258	10912.918945
3162.612305	11034.426758
3159.858398	11203.038086
3157.104492	11238.998047
3154.347656	11401.923828
3151.590820	11499.417969
3148.833008	11688.366211
3146.073242	11945.999023
3143.312500	11988.785156
3140.550781	12084.935547
3137.787109	12085.997070
3135.023438	12280.590820
3132.257813	12490.379883
3129.491211	12717.150391
3126.722656	12879.591797
3123.954102	12936.259766
3121.183594	12919.779297
3118.412109	13255.997070
3115.638672	13342.167969
3112.865234	13532.802734
3110.089844	13462.025391
3107.313477	13805.506836
3104.536133	13829.168945
3101.756836	14057.026367
3098.976563	14318.851563
3096.195313	14486.063477
3093.413086	14646.835938
3090.628906	14696.101563
3087.844727	14949.991211
3085.058594	15049.319336
3082.270508	15511.799805
3079.482422	15601.822266
3076.692383	15810.046875
3073.901367	15886.414063
3071.109375	16079.101563
3068.315430	16323.521484
3065.520508	16253.739258
3062.724609	16593.531250
3059.927734	16818.621094
3057.128906	16947.025391
3054.329102	17088.705078
3051.528320	17194.552734
3048.726563	17354.726563
3045.922852	17782.291016
3043.118164	17888.570313
3040.312500	18120.382813
3037.505859	18139.128906
3034.697266	18462.310547
3031.887695	18728.251953
3029.077148	18688.876953
3026.264648	18910.912109
3023.452148	19194.949219
3020.637695	19323.287109
3017.821289	19598.003906
3015.004883	19689.650391
3012.186523	19874.357422
3009.367188	20116.529297
3006.545898	20303.531250
3003.724609	20485.931641
3000.901367	20701.816406
2998.077148	20918.388672
2995.250977	21056.906250
2992.423828	21398.697266
2989.595703	21403.390625
2986.766602	21608.642578
2983.935547	21803.109375
2981.104492	22083.912109
2978.270508	22106.798828
2975.436523	22309.589844
2972.600586	22645.318359
2969.763672	22723.423828
2966.925781	22908.035156
2964.085938	23163.792969
2961.245117	23450.119141
2958.403320	23444.134766
2955.560547	23660.607422
2952.715820	23906.761719
2949.870117	24031.458984
2947.023438	24391.373047
2944.174805	24442.878906
2941.325195	24782.097656
2938.474609	24796.539063
2935.622070	24957.343750
2932.768555	25183.712891
2929.914063	25660.345703
2927.058594	25464.248047
2924.201172	25720.691406
2921.342773	26125.585938
2918.483398	26415.587891
2915.622070	26743.773438
2912.759766	26682.101563
2909.896484	27002.003906
2907.032227	26988.251953
2904.166016	27005.035156
2901.298828	27663.511719
2898.429688	27821.146484
2895.559570	27853.193359
2892.688477	27857.337891
2889.816406	28239.201172
2886.942383	28410.185547
2884.067383	28617.531250
2881.191406	28949.845703
2878.314453	29177.601563
2875.435547	29375.617188
2872.554688	29689.763672
2869.673828	29804.933594
2866.791016	30272.093750
2863.907227	30201.373047
2861.021484	30557.878906
2858.134766	30825.716797
2855.247070	30906.314453
2852.358398	31334.687500
2849.467773	31512.703125
2846.576172	31598.046875
2843.682617	32070.443359
2840.789063	32179.626953
2837.893555	32284.384766
2834.996094	32451.175781
2832.097656	32506.531250
2829.198242	32959.312500
2826.297852	32949.734375
2823.395508	33214.957031
2820.492188	33186.308594
2817.587891	33704.207031
2814.681641	33653.835938
2811.774414	33992.179688
2808.866211	33842.859375
2805.956055	34138.699219
2803.044922	34547.617188
2800.131836	34661.734375
2797.218750	35001.390625
2794.303711	35197.515625
2791.386719	35131.144531
2788.468750	35246.468750
2785.549805	35388.226563
2782.629883	35576.078125
2779.708008	35737.218750
2776.785156	35976.894531
2773.860352	36130.851563
2770.935547	36146.226563
2768.007813	36242.722656
2765.080078	36131.656250
2762.150391	36179.406250
2759.219727	36661.269531
2756.287109	36896.289063
2753.353516	36735.652344
2750.418945	37002.773438
2747.482422	36760.472656
2744.544922	37140.511719
2741.606445	37128.878906
2738.666016	37277.105469
2735.724609	37171.910156
2732.782227	37016.675781
2729.837891	37148.582031
2726.892578	37484.910156
2723.945313	37609.675781
2720.997070	37451.933594
2718.047852	37570.644531
2715.097656	37237.660156
2712.145508	37196.285156
2709.191406	37474.898438
2706.237305	37449.503906
2703.281250	37573.808594
2700.323242	37339.574219
2697.364258	37289.738281
2694.404297	37734.843750
2691.443359	37442.570313
2688.480469	37440.816406
2685.515625	37261.933594
2682.550781	37659.835938
2679.583984	37602.335938
2676.615234	37250.921875
2673.646484	37415.894531
2670.674805	37382.949219
2667.703125	37390.398438
2664.729492	37141.398438
2661.754883	37086.738281
2658.778320	36932.160156
2655.800781	36879.300781
2652.821289	36896.132813
2649.840820	36638.640625
2646.859375	36690.757813
2643.876953	36638.054688
2640.892578	36365.078125
2637.906250	36495.921875
2634.918945	36126.988281
2631.930664	36087.140625
2628.941406	36150.167969
2625.950195	35765.144531
2622.957031	35756.390625
2619.963867	35604.843750
2616.967773	35749.726563
2613.971680	35544.906250
2610.973633	35354.437500
2607.974609	35062.441406
2604.973633	34900.671875
2601.971680	34962.210938
2598.967773	34942.113281
2595.962891	34547.625000
2592.957031	34404.632813
2589.949219	34176.976563
2586.940430	33913.789063
2583.929688	33694.843750
2580.917969	33424.625000
2577.905273	33589.410156
2574.890625	33495.281250
2571.875000	33144.253906
2568.857422	32916.992188
2565.838867	32598.824219
2562.819336	32591.371094
2559.797852	32189.224609
2556.775391	32138.937500
2553.750977	31768.757813
2550.725586	31573.257813
2547.698242	31410.138672
2544.669922	30942.529297
2541.640625	31071.113281
2538.609375	30486.945313
2535.577148	30586.746094
2532.542969	30315.628906
2529.507813	30183.123047
2526.471680	29877.839844
2523.433594	29513.578125
2520.393555	29448.218750
2517.353516	29474.990234
2514.310547	29242.046875
2511.267578	28734.140625
2508.222656	28642.126953
2505.175781	28256.398438
2502.127930	28080.181641
2499.079102	27921.337891
2496.028320	27253.710938
2492.976563	27167.457031
2489.922852	26904.421875
2486.868164	26690.722656
2483.812500	26452.669922
2480.754883	26283.509766
2477.695313	26085.892578
2474.634766	25699.750000
2471.573242	25505.832031
2468.509766	25335.751953
2465.445313	25189.478516
2462.378906	25000.929688
2459.311523	24651.994141
2456.242188	24304.185547
2453.171875	24125.238281
2450.100586	23839.832031
2447.027344	23427.775391
2443.953125	23102.283203
2440.876953	22994.898438
2437.799805	22622.773438
2434.720703	22544.923828
2431.640625	22312.121094
2428.558594	21982.177734
2425.475586	21734.429688
2422.390625	21751.933594
2419.304688	21329.521484
2416.217773	21142.316406
2413.128906	20863.011719
2410.038086	20769.216797
2406.946289	20312.433594
2403.853516	20159.156250
2400.758789	19947.847656
2397.663086	19572.806641
2394.565430	19506.427734
2391.466797	19308.603516
2388.366211	19065.798828
2385.264648	18837.722656
2382.161133	18554.261719
2379.056641	18320.984375
2375.950195	18248.892578
2372.842773	18109.281250
2369.734375	17803.341797
2366.624023	17403.640625
2363.511719	17393.140625
2360.398438	17091.955078
2357.284180	16974.044922
2354.167969	16840.195313
2351.049805	16579.763672
2347.930664	16361.249023
2344.810547	16140.528320
2341.688477	16094.574219
2338.564453	15845.358398
2335.439453	15576.368164
2332.313477	15456.358398
2329.185547	15198.979492
2326.056641	15020.126953
2322.925781	15049.852539
2319.792969	14724.366211
2316.660156	14494.115234
2313.524414	14306.335938
2310.387695	14228.718750
2307.250000	14088.232422
2304.110352	13815.687500
2300.969727	13519.515625
2297.827148	13580.020508
2294.682617	13217.430664
2291.537109	13177.072266
2288.390625	12981.831055
2285.242188	12769.299805
2282.092773	12742.685547
2278.941406	12429.705078
2275.788086	12407.230469
2272.633789	12181.082031
2269.478516	12108.827148
2266.321289	11849.764648
2263.162109	11726.280273
2260.001953	11511.932617
2256.840820	11395.040039
2253.676758	11230.041992
2250.512695	11113.383789
2247.346680	11008.674805
2244.178711	10781.728516
2241.009766	10603.113281
2237.838867	10579.994141
2234.666992	10368.533203
2231.493164	10283.306641
2228.318359	10100.521484
2225.141602	9905.312500
2221.963867	9790.521484
2218.784180	9859.035156
2215.602539	9546.319336
2212.419922	9429.492188
2209.236328	9251.529297
2206.050781	9199.296875
2202.863281	9075.728516
2199.674805	8906.797852
2196.485352	8848.522461
2193.292969	8540.423828
2190.100586	8569.276367
2186.905273	8458.800781
2183.709961	8298.366211
2180.511719	8237.372070
2177.312500	8093.598145
2174.112305	8021.817383
2170.910156	7893.889648
2167.706055	7784.028320
2164.500977	7675.828125
2161.294922	7570.065918
2158.085938	7448.816406
2154.876953	7316.774902
2151.665039	7271.270020
2148.452148	7194.679688
2145.238281	7083.937988
2142.022461	7079.024902
2138.804688	6949.788574
2135.585938	6834.652344
2132.365234	6644.322266
2129.143555	6610.131836
2125.919922	6563.562012
2122.695313	6489.902832
2119.468750	6290.789551
2116.240234	6222.746582
2113.010742	6145.476074
2109.780273	6077.562012
2106.546875	5930.055176
2103.312500	5948.877441
2100.077148	5920.550293
2096.839844	5796.489258
2093.600586	5714.997070
2090.360352	5637.438477
2087.119141	5519.081055
2083.875000	5456.330078
2080.629883	5371.294922
2077.383789	5329.461426
2074.135742	5188.377441
2070.885742	5100.508789
2067.634766	5131.138672
2064.381836	5025.699707
2061.127930	4894.241211
2057.871094	4855.814453
2054.614258	4812.817871
2051.355469	4768.326172
2048.094727	4634.166992
2044.832031	4594.397949
2041.568359	4479.597168
2038.303711	4459.843262
2035.037109	4390.364258
2031.768555	4265.111816
2028.498047	4222.547852
2025.226563	4154.041504
2021.954102	4158.924316
2018.678711	4073.715088
2015.403320	4056.499512
2012.125000	3943.197998
2008.845703	3867.358154
2005.564453	3819.782959
2002.282227	3738.740967
1998.998047	3732.377441
1995.712891	3646.887207
1992.424805	3610.910889
1989.136719	3548.362793
1985.845703	3428.130127
1982.553711	3327.756592
1979.260742	3361.071289
1975.964844	3348.831299
1972.667969	3201.621338
1969.370117	3243.281982
1966.070313	3140.202148
1962.768555	3099.312744
1959.465820	3051.649902
1956.161133	3022.943848
1952.854492	3018.460693
1949.546875	2910.441162
1946.237305	2866.733398
1942.925781	2896.305176
1939.613281	2851.135010
1936.298828	2720.770996
1932.982422	2731.518555
1929.665039	2713.618896
1926.346680	2658.828125
1923.025391	2590.538330
1919.703125	2573.481934
1916.378906	2559.449707
1913.053711	2483.034668
1909.726563	2451.024658
1906.397461	2431.811768
1903.067383	2341.304199
1899.735352	2353.673828
1896.401367	2375.779541
1893.066406	2325.155029
1889.729492	2243.861328
1886.390625	2197.092285
1883.050781	2156.355713
1879.708984	2117.902100
1876.365234	2092.944336
1873.020508	2100.895020
1869.673828	2022.182739
1866.326172	2012.238770
1862.975586	1976.183350
1859.624023	1945.383667
1856.271484	1899.702026
1852.916016	1889.088501
1849.559570	1865.077515
1846.202148	1879.057495
1842.841797	1839.447021
1839.480469	1755.993164
1836.118164	1774.463989
1832.752930	1721.585693
1829.386719	1702.178223
1826.018555	1673.139160
1822.649414	1655.256714
1819.278320	1615.885498
1815.905273	1572.104980
1812.531250	1553.555298
1809.154297	1478.005981
1805.777344	1485.423584
1802.397461	1459.544067
1799.016602	1493.580566
1795.633789	1457.374756
1792.249023	1417.510620
1788.863281	1399.095825
1785.475586	1373.319092
1782.085938	1353.467773
1778.694336	1314.467651
1775.301758	1272.557739
1771.907227	1295.500366
1768.510742	1280.140869
1765.113281	1300.113037
1761.713867	1236.963501
1758.312500	1228.269287
1754.910156	1159.338623
1751.505859	1166.110962
1748.099609	1139.847778
1744.691406	1164.228638
1741.282227	1123.326416
1737.871094	1122.772461
1734.458008	1084.860107
1731.042969	1056.502808
1727.626953	1021.586853
1724.208984	1021.082397
1720.790039	1008.880798
1717.368164	968.923767
1713.945313	983.051758
1710.520508	987.675537
1707.093750	965.298096
1703.666016	952.422791
1700.236328	952.680176
1696.804688	912.866943
1693.371094	897.851013
1689.936523	881.393860
1686.500000	880.229431
1683.061523	870.340515
1679.622070	826.304260
1676.179688	831.705139
1672.736328	787.005005
1669.291016	772.826599
1665.844727	778.970276
1662.396484	761.909485
1658.945313	742.691589
1655.494141	751.012756
1652.040039	713.722351
1648.584961	699.620605
1645.126953	705.780457
1641.668945	696.755493
1638.208008	643.671997
1634.745117	670.067078
1631.281250	635.091553
1627.815430	643.430664
1624.347656	627.969055
1620.878906	632.699829
1617.408203	579.805176
1613.935547	575.196106
1610.460938	597.933716
1606.984375	571.744385
1603.506836	564.270203
1600.027344	556.084778
1596.545898	545.753052
1593.062500	536.149170
1589.577148	537.315308
1586.090820	532.743896
1582.602539	529.610107
1579.112305	477.770996
1575.620117	496.145660
1572.126953	473.713654
1568.630859	460.601776
1565.133789	466.804138
1561.634766	458.710022
1558.133789	425.628845
1554.631836	426.842346
1551.127930	449.457153
1547.621094	419.995239
1544.114258	416.932953
1540.604492	408.174744
1537.092773	414.376953
1533.580078	407.763397
1530.065430	397.599945
1526.548828	391.001160
1523.030273	369.487213
1519.509766	371.431244
1515.988281	375.502625
1512.463867	370.346527
1508.938477	323.357574
1505.411133	339.495483
1501.882813	337.198517
1498.351563	326.407227
1494.818359	335.441833
1491.284180	311.930206
1487.748047	310.358185
1484.209961	286.882782
1480.669922	290.268555
1477.128906	290.827179
1473.584961	283.624237
1470.040039	275.018097
1466.493164	274.173584
1462.944336	266.285217
1459.393555	276.007233
1455.840820	263.903259
1452.287109	257.438538
1448.730469	242.543945
1445.172852	252.960449
1441.613281	242.296936
1438.051758	232.346115
1434.488281	216.090988
1430.922852	236.316635
1427.356445	229.888138
1423.787109	213.658813
1420.216797	220.551315
1416.644531	213.440598
1413.070313	215.429840
1409.494141	201.337891
1405.916016	205.427292
1402.336914	201.131912
1398.754883	187.766617
1395.171875	184.879807
1391.585938	189.666183
1387.999023	191.659790
1384.410156	190.168335
1380.819336	173.361252
1377.226563	171.184647
1373.632813	163.446075
1370.036133	164.057281
1366.438477	159.804169
1362.837891	158.333115
1359.236328	155.475327
1355.632813	150.539215
1352.027344	163.635788
1348.419922	144.840118
1344.810547	146.150803
1341.199219	140.537064
1337.585938	132.853210
1333.970703	142.466888
1330.354492	136.863525
1326.735352	139.556351
1323.115234	145.698898
1319.493164	127.679459
1315.869141	128.993057
1312.242188	121.342430
1308.614258	115.766930
1304.984375	123.283051
1301.353516	117.023827
1297.719727	107.330925
1294.083984	99.711006
1290.446289	100.346603
1286.807617	116.094360
1283.166016	102.988853
1279.523438	104.307838
1275.877930	102.196014
1272.231445	102.142899
1268.582031	96.608459
1264.931641	93.818962
1261.279297	82.818878
1257.625000	87.564438
1253.968750	90.253784
1250.310547	92.940292
1246.650391	84.695496
1242.988281	86.016663
1239.324219	79.830933
1235.658203	79.789261
1231.990234	70.886742
1228.320313	85.155891
1224.648438	70.812660
1220.975586	76.900444
1217.299805	82.301636
1213.622070	75.460320
1209.943359	72.702934
1206.261719	64.515511
1202.578125	57.694149
1198.893555	69.875069
1195.206055	63.736019
1191.517578	69.801743
1187.826172	65.023773
1184.133789	59.573807
1180.438477	56.159397
1176.742188	60.187443
1173.042969	60.831684
1169.342773	57.421906
1165.639648	49.964508
1161.935547	50.613026
1158.228516	54.633255
1154.520508	51.907928
1150.809570	59.292046
1147.097656	52.526573
1143.382813	43.075966
1139.666992	43.053207
1135.948242	58.494518
1132.227539	45.023678
1128.505859	47.686417
1124.781250	43.633469
1121.055664	48.977791
1117.327148	40.234390
1113.596680	40.883282
1109.865234	38.852013
1106.130859	38.161892
1102.394531	44.833145
1098.657227	34.777393
1094.916992	46.122406
1091.174805	39.417034
1087.430664	37.392879
1083.684570	30.699238
1079.936523	42.689243
1076.186523	32.666542
1072.434570	33.981754
1068.680664	35.961498
1064.924805	31.948725
1061.166992	36.588379
1057.406250	34.574181
1053.644531	32.562111
1049.880859	29.223822
1046.114258	29.872019
1042.346680	35.163776
1038.576172	33.155621
1034.803711	37.777168
1031.030273	24.508884
1027.253906	30.454172
1023.475586	27.129379
1019.695313	28.437498
1015.913086	23.134377
1012.128906	29.728224
1008.342773	23.769800
1004.553711	28.376442
