4046.277344	220.115463
4043.892578	193.911240
4041.505859	189.643784
4039.119141	203.184464
4036.731445	210.432816
4034.342773	211.396286
4031.952148	230.142685
4029.561523	201.818161
4027.169922	232.051453
4024.777344	213.152191
4022.383789	212.023468
4019.989258	225.512100
4017.593750	227.510117
4015.197266	222.204010
4012.799805	217.944824
4010.401367	233.494263
4008.001953	233.401749
4005.601563	209.353363
4003.201172	241.545868
4000.798828	237.287109
3998.395508	236.152618
3995.991211	246.457932
3993.585938	239.083603
3991.180664	248.340347
3988.773438	242.009628
3986.365234	246.066437
3983.957031	269.838928
3981.546875	242.758408
3979.135742	264.439117
3976.724609	264.333832
3974.311523	266.300934
3971.898438	258.944397
3969.483398	274.371643
3967.068359	261.842804
3964.651367	282.429138
3962.234375	277.145813
3959.815430	271.866638
3957.396484	282.091064
3954.975586	289.208618
3952.554688	304.580170
3950.131836	292.073669
3947.708984	302.273376
3945.284180	283.590179
3942.859375	296.877411
3940.432617	295.728149
3938.005859	294.579742
3935.577148	327.408508
3933.148438	301.547943
3930.718750	323.031067
3928.287109	323.929871
3925.855469	321.744049
3923.421875	325.725037
3920.988281	339.973846
3918.552734	340.864014
3916.117188	340.727112
3913.680664	349.823059
3911.242188	351.733368
3908.803711	345.441620
3906.363281	366.820038
3903.922852	388.181152
3901.480469	381.882019
3899.038086	388.892059
3896.593750	372.367615
3894.149414	381.420746
3891.703125	396.599457
3889.256836	385.200256
3886.808594	405.471680
3884.360352	414.496429
3881.910156	402.082947
3879.459961	401.920593
3877.007813	416.033936
3874.555664	424.020081
3872.101563	423.848724
3869.646484	427.751190
3867.191406	421.469910
3864.734375	413.158356
3862.277344	418.077240
3859.818359	429.092896
3857.358398	426.886322
3854.897461	459.224884
3852.436523	487.474823
3849.973633	487.277222
3847.509766	474.902649
3845.044922	470.652649
3842.579102	494.795898
3840.113281	478.378845
3837.645508	512.630127
3835.176758	486.091919
3832.707031	514.238281
3830.236328	499.863098
3827.764648	522.923401
3825.291992	505.522949
3822.818359	510.370453
3820.343750	527.336548
3817.868164	526.112061
3815.390625	527.916626
3812.913086	550.908386
3810.434570	520.426514
3807.955078	557.516602
3805.473633	546.203979
3802.992188	567.135437
3800.509766	600.132935
3798.025391	574.724915
3795.541016	607.692017
3793.054688	588.335510
3790.568359	590.105713
3788.080078	590.869507
3785.591797	595.650330
3783.101563	620.508240
3780.610352	647.352905
3778.119141	659.126892
3775.625977	666.879761
3773.131836	664.601929
3770.636719	665.331787
3768.140625	656.044861
3765.643555	690.817505
3763.145508	682.528137
3760.646484	685.249390
3758.146484	745.965515
3755.645508	704.678162
3753.143555	716.378540
3750.639648	735.060242
3748.135742	701.814026
3745.630859	734.456543
3743.124023	739.142212
3740.617188	769.747986
3738.108398	745.511353
3735.599609	790.036560
3733.088867	745.893982
3730.577148	821.240723
3728.064453	785.081482
3725.551758	843.441040
3723.037109	795.371338
3720.521484	811.938293
3718.004883	826.504578
3715.487305	817.226990
3712.967773	847.659851
3710.448242	857.231812
3707.927734	841.010010
3705.406250	873.377319
3702.882813	873.016724
3700.359375	845.911926
3697.833984	899.028931
3695.308594	878.863159
3692.781250	908.178955
3690.252930	916.703491
3687.723633	931.151550
3685.193359	940.647095
3682.662109	946.183777
3680.129883	976.397095
3677.596680	958.229492
3675.062500	963.751221
3672.527344	1001.807129
3669.990234	1003.363159
3667.453125	1046.296631
3664.915039	1044.877930
3662.375000	1032.631714
3659.833984	1051.883057
3657.292969	1032.758423
3654.750000	1078.538696
3652.206055	1140.004883
3649.661133	1086.484131
3647.115234	1117.454956
3644.568359	1142.510498
3642.019531	1117.507324
3639.470703	1127.830444
3636.920898	1183.239258
3634.369141	1160.208984
3631.817383	1194.988037
3629.263672	1212.114136
3626.708984	1243.905884
3624.153320	1240.452881
3621.596680	1243.847412
3619.039063	1296.111816
3616.480469	1281.892700
3613.920898	1256.942017
3611.360352	1292.538452
3608.797852	1308.588135
3606.235352	1330.476685
3603.670898	1378.671997
3601.105469	1407.334473
3598.540039	1456.430786
3595.972656	1443.162964
3593.404297	1425.038818
3590.834961	1503.254395
3588.264648	1462.750244
3585.692383	1503.941406
3583.120117	1509.142700
3580.545898	1531.823486
3577.971680	1543.804565
3575.395508	1570.333130
3572.818359	1620.122192
3570.240234	1640.777344
3567.661133	1630.396484
3565.081055	1653.935791
3562.500000	1653.242188
3559.917969	1701.921875
3557.333984	1725.400269
3554.750000	1727.578003
3552.164063	1762.627319
3549.577148	1742.557739
3546.989258	1808.484619
3544.400391	1803.862183
3541.810547	1841.714478
3539.219727	1872.780396
3536.626953	1881.637451
3534.034180	1836.500122
3531.439453	1934.018433
3528.844727	1923.572266
3526.248047	1913.134277
3523.650391	1945.051025
3521.051758	2018.307007
3518.451172	2024.187988
3515.850586	2080.046143
3513.249023	2091.659912
3510.645508	2111.906738
3508.041016	2102.376221
3505.436523	2179.215576
3502.830078	2186.928711
3500.222656	2219.562988
3497.613281	2226.292969
3495.003906	2231.100586
3492.393555	2240.691406
3489.781250	2296.216797
3487.167969	2320.122070
3484.553711	2387.998291
3481.938477	2398.459961
3479.322266	2426.111816
3476.705078	2457.559814
3474.086914	2408.783447
3471.466797	2448.800049
3468.845703	2586.082031
3466.224609	2547.799561
3463.601563	2602.954102
3460.977539	2601.851318
3458.351563	2664.552979
3455.725586	2635.818359
3453.098633	2682.275635
3450.469727	2719.181885
3447.839844	2799.787842
3445.208984	2799.550049
3442.577148	2836.357178
3439.944336	2951.939209
3437.310547	2934.551270
3434.674805	3013.942139
3432.039063	2989.903076
3429.401367	2947.873779
3426.762695	3110.532471
3424.123047	3121.521729
3421.481445	3111.674072
3418.839844	3246.611328
3416.197266	3233.879639
3413.552734	3268.430176
3410.907227	3317.126465
3408.260742	3303.433350
3405.613281	3374.733154
3402.963867	3512.040283
3400.314453	3449.219727
3397.663086	3488.300049
3395.011719	3599.928955
3392.358398	3640.794189
3389.704102	3685.390869
3387.047852	3687.583984
3384.391602	3741.530762
3381.733398	3804.836670
3379.075195	3888.772217
3376.415039	3912.486572
3373.753906	3949.331299
3371.090820	4056.569824
3368.427734	4071.730957
3365.762695	4192.896484
3363.097656	4157.342285
3360.430664	4258.679199
3357.762695	4330.881348
3355.092773	4474.202637
3352.422852	4461.989258
3349.750977	4483.473633
3347.079102	4494.649414
3344.405273	4603.055176
3341.729492	4679.589844
3339.053711	4753.254883
3336.376953	4834.325684
3333.698242	4867.722168
3331.018555	4999.054688
3328.337891	5021.157227
3325.656250	5003.155273
3322.973633	5114.687988
3320.289063	5165.582031
3317.604492	5246.223145
3314.917969	5266.304199
3312.230469	5328.225586
3309.541016	5449.600098
3306.851563	5493.728027
3304.160156	5561.970215
3301.467773	5647.795898
3298.774414	5737.259277
3296.080078	5802.520508
3293.384766	5800.022949
3290.687500	5906.913574
3287.990234	6130.462891
3285.291016	6062.061523
3282.589844	6111.295410
3279.888672	6129.946777
3277.186523	6251.256348
3274.482422	6353.967773
3271.777344	6325.349609
3269.071289	6490.756348
3266.364258	6641.244141
3263.655273	6650.377441
3260.945313	6731.465332
3258.234375	6678.759277
3255.522461	6986.530762
3252.809570	7065.520020
3250.095703	7099.308594
3247.379883	7137.668945
3244.663086	7328.753418
3241.945313	7230.841309
3239.226563	7366.549805
3236.505859	7416.667480
3233.784180	7554.011230
3231.061523	7600.327148
3228.337891	7674.136230
3225.613281	7752.466797
3222.886719	7839.897461
3220.160156	7998.750000
3217.431641	8076.831055
3214.702148	8203.382813
3211.970703	8252.008789
3209.239258	8395.756836
3206.505859	8521.999023
3203.771484	8645.385742
3201.035156	8584.060547
3198.298828	8805.051758
3195.560547	8755.575195
3192.821289	9012.801758
3190.081055	9047.204102
3187.339844	9238.418945
3184.596680	9264.484375
3181.853516	9358.857422
3179.108398	9592.483398
3176.361328	9644.751953
3173.614258	9752.476563
3170.865234	9909.218750
3168.115234	9935.817383
3165.364258	9952.393555
3162.612305	10188.768555
3159.858398	10280.573242
3157.104492	10250.684570
3154.347656	10504.755859
3151.590820	10646.165039
3148.833008	10733.973633
3146.073242	10868.811523
3143.312500	10998.096680
3140.550781	11059.376953
3137.787109	11318.747070
3135.023438	11315.616211
3132.257813	11398.364258
3129.491211	11624.708008
3126.722656	11718.080078
3123.954102	11948.593750
3121.183594	11785.452148
3118.412109	12241.231445
3115.638672	12344.075195
3112.865234	12335.074219
3110.089844	12467.506836
3107.313477	12602.522461
3104.536133	12659.112305
3101.756836	12791.218750
3098.976563	13183.991211
3096.195313	13150.354492
3093.413086	13267.686523
3090.628906	13465.738281
3087.844727	13657.329102
3085.058594	13638.782227
3082.270508	14114.437500
3079.482422	14231.070313
3076.692383	14341.324219
3073.901367	14602.853516
3071.109375	14682.398438
3068.315430	14819.144531
3065.520508	14949.503906
3062.724609	15115.510742
3059.927734	15381.467773
3057.128906	15354.165039
3054.329102	15760.863281
3051.528320	15894.072266
3048.726563	15787.162109
3045.922852	16048.650391
3043.118164	16318.818359
3040.312500	16576.269531
3037.505859	16560.962891
3034.697266	16750.414063
3031.887695	17173.718750
3029.077148	17229.308594
3026.264648	17347.966797
3023.452148	17625.585938
3020.637695	17533.435547
3017.821289	17699.732422
3015.004883	18038.048828
3012.186523	18103.726563
3009.367188	18312.097656
3006.545898	18500.781250
3003.724609	18752.193359
3000.901367	18761.628906
2998.077148	19126.876953
2995.250977	19263.531250
2992.423828	19300.126953
2989.595703	19414.474609
2986.766602	19777.880859
2983.935547	20132.130859
2981.104492	20231.816406
2978.270508	20417.000000
2975.436523	20608.189453
2972.600586	20823.007813
2969.763672	20838.470703
2966.925781	20926.142578
2964.085938	21151.082031
2961.245117	21302.769531
2958.403320	21517.654297
2955.560547	21876.542969
2952.715820	21838.728516
2949.870117	21988.060547
2947.023438	22277.751953
2944.174805	22376.714844
2941.325195	22685.265625
2938.474609	22905.841797
2935.622070	23118.326172
2932.768555	23239.494141
2929.914063	23485.785156
2927.058594	23561.148438
2924.201172	23819.312500
2921.342773	24008.146484
2918.483398	24199.427734
2915.622070	24249.843750
2912.759766	24633.865234
2909.896484	24739.031250
2907.032227	24889.476563
2904.166016	25103.457031
2901.298828	25356.474609
2898.429688	25463.718750
2895.559570	25652.744141
2892.688477	25870.328125
2889.816406	26147.763672
2886.942383	26114.369141
2884.067383	26307.085938
2881.191406	26445.732422
2878.314453	26758.007813
2875.435547	27107.337891
2872.554688	27259.308594
2869.673828	27621.101563
2866.791016	27829.927734
2863.907227	27924.134766
2861.021484	28202.806641
2858.134766	28410.205078
2855.247070	28587.107422
2852.358398	28640.970703
2849.467773	28961.173828
2846.576172	29208.458984
2843.682617	29592.916016
2840.789063	29578.824219
2837.893555	29771.947266
2834.996094	29941.587891
2832.097656	30456.111328
2829.198242	30545.951172
2826.297852	30511.597656
2823.395508	30763.265625
2820.492188	30860.570313
2817.587891	31160.898438
2814.681641	31266.519531
2811.774414	31354.839844
2808.866211	31569.421875
2805.956055	31544.101563
2803.044922	32141.390625
2800.131836	32191.353516
2797.218750	32146.027344
2794.303711	32382.878906
2791.386719	32492.642578
2788.468750	32839.636719
2785.549805	32949.078125
2782.629883	33141.445313
2779.708008	33438.023438
2776.785156	33682.152344
2773.860352	33644.789063
2770.935547	33839.023438
2768.007813	33950.218750
2765.080078	33946.902344
2762.150391	34045.132813
2759.219727	34182.496094
2756.287109	34363.210938
2753.353516	34618.746094
2750.418945	34631.269531
2747.482422	34756.164063
2744.544922	34577.101563
2741.606445	35067.675781
2738.666016	35039.968750
2735.724609	35093.015625
2732.782227	35213.968750
2729.837891	35378.953125
2726.892578	35386.757813
2723.945313	35453.933594
2720.997070	35180.140625
2718.047852	35609.257813
2715.097656	35428.816406
2712.145508	35471.246094
2709.191406	35548.332031
2706.237305	35758.175781
2703.281250	35717.488281
2700.323242	35626.105469
2697.364258	35552.539063
2694.404297	35742.531250
2691.443359	35933.183594
2688.480469	35746.480469
2685.515625	35604.628906
2682.550781	35830.460938
2679.583984	35896.816406
2676.615234	35931.933594
2673.646484	36010.789063
2670.674805	35642.718750
2667.703125	35661.050781
2664.729492	35454.875000
2661.754883	35661.492188
2658.778320	35315.203125
2655.800781	35205.144531
2652.821289	35206.792969
2649.840820	35258.753906
2646.859375	35038.164063
2643.876953	34888.996094
2640.892578	34762.574219
2637.906250	34892.468750
2634.918945	34895.859375
2631.930664	34557.925781
2628.941406	34453.578125
2625.950195	34437.070313
2622.957031	34066.355469
2619.963867	34095.945313
2616.967773	34318.304688
2613.971680	34180.042969
2610.973633	33961.007813
2607.974609	33708.820313
2604.973633	33611.816406
2601.971680	33346.675781
2598.967773	33274.875000
2595.962891	33086.648438
2592.957031	32920.207031
2589.949219	32733.125000
2586.940430	32297.777344
2583.929688	32342.832031
2580.917969	32266.640625
2577.905273	32179.722656
2574.890625	32024.037109
2571.875000	31667.048828
2568.857422	31632.691406
2565.838867	31196.679688
2562.819336	31364.539063
2559.797852	31021.701172
2556.775391	30719.693359
2553.750977	30398.937500
2550.725586	30289.173828
2547.698242	30068.828125
2544.669922	29884.171875
2541.640625	29688.947266
2538.609375	29394.916016
2535.577148	29386.394531
2532.542969	29096.048828
2529.507813	28845.494141
2526.471680	28713.714844
2523.433594	28090.771484
2520.393555	28165.072266
2517.353516	27937.566406
2514.310547	27794.902344
2511.267578	27631.824219
2508.222656	27414.701172
2505.175781	27044.308594
2502.127930	26913.763672
2499.079102	26680.843750
2496.028320	26370.277344
2492.976563	26095.208984
2489.922852	25924.367188
2486.868164	25555.626953
2483.812500	25183.943359
2480.754883	25133.923828
2477.695313	24948.277344
2474.634766	24861.634766
2471.573242	24493.373047
2468.509766	24303.355469
2465.445313	24145.320313
2462.378906	23734.658203
2459.311523	23449.875000
2456.242188	23295.685547
2453.171875	23142.445313
2450.100586	22893.302734
2447.027344	22683.429688
2443.953125	22311.121094
2440.876953	21872.501953
2437.799805	21792.535156
2434.720703	21628.998047
2431.640625	21398.242188
2428.558594	21331.564453
2425.475586	21105.199219
2422.390625	20602.658203
2419.304688	20497.533203
2416.217773	20156.052734
2413.128906	19962.998047
2410.038086	19719.146484
2406.946289	19601.660156
2403.853516	19258.775391
2400.758789	19317.710938
2397.663086	18821.839844
2394.565430	18571.785156
2391.466797	18530.902344
2388.366211	18180.406250
2385.264648	17845.541016
2382.161133	17937.962891
2379.056641	17681.619141
2375.950195	17380.433594
2372.842773	17207.437500
2369.734375	17083.648438
2366.624023	16570.953125
2363.511719	16451.580078
2360.398438	16471.232422
2357.284180	16249.269531
2354.167969	15989.800781
2351.049805	15732.973633
2347.930664	15697.597656
2344.810547	15419.503906
2341.688477	15302.618164
2338.564453	15130.608398
2335.439453	14953.153320
2332.313477	14602.335938
2329.185547	14581.140625
2326.056641	14403.375977
2322.925781	14139.531250
2319.792969	14021.990234
2316.660156	13862.271484
2313.524414	13706.683594
2310.387695	13469.938477
2307.250000	13324.230469
2304.110352	13197.763672
2300.969727	12930.533203
2297.827148	12778.107422
2294.682617	12777.698242
2291.537109	12674.754883
2288.390625	12428.906250
2285.242188	12189.634766
2282.092773	12017.253906
2278.941406	11895.801758
2275.788086	11824.415039
2272.633789	11596.161133
2269.478516	11521.012695
2266.321289	11384.167969
2263.162109	11158.803711
2260.001953	11034.905273
2256.840820	10921.399414
2253.676758	10736.865234
2250.512695	10502.732422
2247.346680	10398.309570
2244.178711	10372.905273
2241.009766	10155.039063
2237.838867	10106.110352
2234.666992	9909.057617
2231.493164	9823.259766
2228.318359	9690.295898
2225.141602	9484.261719
2221.963867	9246.166016
2218.784180	9209.576172
2215.602539	9035.485352
2212.419922	9028.872070
2209.236328	8995.567383
2206.050781	8756.675781
2202.863281	8708.620117
2199.674805	8420.687500
2196.485352	8420.633789
2193.292969	8268.615234
2190.100586	8246.705078
2186.905273	8206.813477
2183.709961	7931.513672
2180.511719	7950.439941
2177.312500	7820.086426
2174.112305	7750.778320
2170.910156	7565.986328
2167.706055	7507.783203
2164.500977	7294.415527
2161.294922	7258.999512
2158.085938	7168.287598
2154.876953	7143.863770
2151.665039	6987.114258
2148.452148	6927.777832
2145.238281	6785.273926
2142.022461	6700.430176
2138.804688	6583.805664
2135.585938	6540.296387
2132.365234	6431.617188
2129.143555	6385.112793
2125.919922	6368.896973
2122.695313	6121.687012
2119.468750	6039.747070
2116.240234	5950.912598
2113.010742	5777.010742
2109.780273	5800.570801
2106.546875	5676.395996
2103.312500	5672.922363
2100.077148	5576.736328
2096.839844	5524.658203
2093.600586	5480.345703
2090.360352	5399.041504
2087.119141	5271.543457
2083.875000	5204.286133
2080.629883	5079.309570
2077.383789	5064.566895
2074.135742	4969.020508
2070.885742	4875.871094
2067.634766	4766.661133
2064.381836	4746.708008
2061.127930	4775.937500
2057.871094	4638.516113
2054.614258	4676.975098
2051.355469	4430.799805
2048.094727	4450.916504
2044.832031	4408.936035
2041.568359	4243.667480
2038.303711	4212.541992
2035.037109	4181.444824
2031.768555	4132.783203
2028.498047	4016.122559
2025.226563	4008.084473
2021.954102	3906.868408
2018.678711	3911.102295
2015.403320	3758.900879
2012.125000	3757.859863
2008.845703	3651.615479
2005.564453	3679.579346
2002.282227	3561.285889
1998.998047	3469.748291
1995.712891	3487.863770
1992.424805	3442.077148
1989.136719	3341.603027
1985.845703	3303.526123
1982.553711	3297.380127
1979.260742	3251.009033
1975.964844	3175.851318
1972.667969	3164.463623
1969.370117	3093.965332
1966.070313	3040.958252
1962.768555	2994.815918
1959.465820	2891.952881
1956.161133	2832.307861
1952.854492	2855.893311
1949.546875	2799.343994
1946.237305	2715.654053
1942.925781	2696.976563
1939.613281	2690.390625
1936.298828	2627.237549
1932.982422	2613.150391
1929.665039	2565.164795
1926.346680	2536.055176
1923.025391	2549.131836
1919.703125	2467.382324
1916.378906	2424.821045
1913.053711	2419.887695
1909.726563	2319.531738
1906.397461	2295.876709
1903.067383	2322.537842
1899.735352	2247.882324
1896.401367	2213.044678
1893.066406	2210.471436
1889.729492	2140.471436
1886.390625	2084.017578
1883.050781	2106.207764
1879.708984	2059.549316
1876.365234	1994.241699
1873.020508	1970.850220
1869.673828	1942.998657
1866.326172	1919.653320
1862.975586	1869.463379
1859.624023	1843.191406
1856.271484	1828.873169
1852.916016	1830.962769
1849.559570	1820.387207
1846.202148	1760.685791
1842.841797	1759.826904
1839.480469	1709.880615
1836.118164	1687.487671
1832.752930	1593.042603
1829.386719	1630.882813
1826.018555	1615.239868
1822.649414	1562.514893
1819.278320	1516.514893
1815.905273	1480.936157
1812.531250	1515.772095
1809.154297	1419.507690
1805.777344	1473.581665
1802.397461	1427.734497
1799.016602	1363.446777
1795.633789	1356.866211
1792.249023	1369.496948
1788.863281	1340.769409
1785.475586	1280.337769
1782.085938	1297.411377
1778.694336	1262.124756
1775.301758	1221.714355
1771.907227	1214.485596
1768.510742	1213.888550
1765.113281	1172.088379
1761.713867	1174.453369
1758.312500	1181.225952
1754.910156	1102.767578
1751.505859	1131.597656
1748.099609	1095.075928
1744.691406	1093.069092
1741.282227	1052.201904
1737.871094	1061.210571
1734.458008	1058.489502
1731.042969	1038.931030
1727.626953	993.778625
1724.208984	1000.602234
1720.790039	954.050293
1717.368164	924.350342
1713.945313	945.803894
1710.520508	908.836731
1707.093750	909.846313
1703.666016	874.391235
1700.236328	903.114563
1696.804688	878.625305
1693.371094	853.431763
1689.936523	844.274902
1686.500000	867.135132
1683.061523	794.721985
1679.622070	795.781128
1676.179688	772.868347
1672.736328	821.853943
1669.291016	747.428528
1665.844727	746.331848
1662.396484	740.886292
1658.945313	717.331421
1655.494141	693.075439
1652.040039	684.044250
1648.584961	668.510315
1645.126953	676.855042
1641.668945	668.567261
1638.208008	642.227112
1634.745117	608.692444
1631.281250	618.492554
1627.815430	621.790649
1624.347656	605.618835
1620.878906	593.065979
1617.408203	584.846985
1613.935547	555.039063
1610.460938	562.676453
1606.984375	537.223938
1603.506836	542.705750
1600.027344	525.191223
1596.545898	546.471130
1593.062500	528.254028
1589.577148	484.229401
1586.090820	499.044067
1582.602539	476.577454
1579.112305	488.515472
1575.620117	461.780579
1572.126953	462.264374
1568.630859	457.740906
1565.133789	443.213745
1561.634766	437.989471
1558.133789	422.058136
1554.631836	402.573730
1551.127930	404.511444
1547.621094	398.603302
1544.114258	410.518585
1540.604492	401.763641
1537.092773	375.929596
1533.580078	376.451721
1530.065430	376.973114
1526.548828	359.010132
1523.030273	344.617889
1519.509766	333.790985
1515.988281	354.207581
1512.463867	329.196930
1508.938477	339.667267
1505.411133	321.776520
1501.882813	332.239716
1498.351563	307.998138
1494.818359	294.396210
1491.284180	301.320313
1487.748047	300.460663
1484.209961	297.481903
1480.669922	283.206055
1477.128906	278.827026
1473.584961	258.930573
1470.040039	270.081879
1466.493164	265.010986
1462.944336	255.013885
1459.393555	261.925232
1455.840820	240.679764
1452.287109	234.226852
1448.730469	246.762100
1445.172852	236.799088
1441.613281	228.250732
1438.051758	238.663696
1434.488281	222.405350
1430.922852	213.877060
1427.356445	214.468811
1423.787109	208.054642
1420.216797	201.646927
1416.644531	201.543900
1413.070313	211.932602
1409.494141	189.453354
1405.916016	208.920944
1402.336914	196.243286
1398.754883	186.370575
1395.171875	189.065765
1391.585938	191.758087
1387.999023	170.751450
1384.410156	179.022934
1380.819336	180.323547
1377.226563	163.530045
1373.632813	162.750565
1370.036133	160.581482
1366.438477	154.245758
1362.837891	154.166458
1359.236328	149.228546
1355.632813	130.421082
1352.027344	130.353943
1348.419922	144.147095
1344.810547	149.614090
1341.199219	131.537155
1337.585938	137.696823
1333.970703	127.943565
1330.354492	131.333679
1326.735352	129.884125
1323.115234	121.530838
1319.493164	118.017235
1315.869141	124.854240
1312.242188	127.547440
1308.614258	106.808777
1304.984375	120.528122
1301.353516	108.074944
1297.719727	100.450737
1294.083984	107.275291
1290.446289	103.783127
1286.807617	97.546745
1283.166016	106.421814
1279.523438	93.328072
1275.877930	96.708977
1272.231445	93.916626
1268.582031	89.756790
1264.931641	88.340485
1261.279297	91.032318
1257.625000	80.723465
1253.968750	78.630196
1250.310547	89.523369
1246.650391	88.110641
1242.988281	80.555290
1239.324219	77.783989
1235.658203	77.061424
1231.990234	68.841934
1228.320313	71.530945
1224.648438	74.217117
1220.975586	63.970280
1217.299805	70.058418
1213.622070	61.184044
1209.943359	65.228798
1206.261719	65.194626
1202.578125	69.911728
1198.893555	62.412682
1195.206055	58.311676
1191.517578	56.248009
1187.826172	54.863808
1184.133789	54.834980
1180.438477	58.189255
1176.742188	56.129864
1173.042969	52.720791
1169.342773	56.070801
1165.639648	49.964508
1161.935547	49.938183
1158.228516	45.190468
1154.520508	47.863152
1150.809570	45.816582
1147.097656	51.179737
1143.382813	45.768215
1139.666992	51.798389
1135.948242	43.702801
1132.227539	51.743633
1128.505859	51.044617
1124.781250	44.976040
1121.055664	41.597576
1117.327148	40.234390
1113.596680	38.202408
1109.865234	36.172562
1106.130859	34.144848
1102.394531	33.457573
1098.657227	37.452579
1094.916992	40.106441
1091.174805	38.080864
1087.430664	38.728340
1083.684570	33.368736
1079.936523	32.683952
1076.186523	39.333183
1072.434570	40.644844
1068.680664	38.625313
1064.924805	28.620733
1061.166992	26.609730
1057.406250	27.260410
1053.644531	27.910381
1049.880859	25.902933
1046.114258	31.199663
1042.346680	25.211765
1038.576172	34.481846
1034.803711	31.149595
1031.030273	30.470505
1027.253906	24.495747
1023.475586	21.174150
1019.695313	25.792150
1015.913086	24.456341
1012.128906	23.121952
1008.342773	25.090343
1004.553711	27.056608
