4046.277344	246.319687
4043.892578	264.138550
4041.505859	260.891174
4039.119141	274.403748
4036.731445	272.201660
4034.342773	261.629059
4031.952148	265.710175
4029.561523	271.879395
4027.169922	267.590881
4024.777344	295.696442
4022.383789	280.957214
4019.989258	295.462616
4017.593750	299.520203
4015.197266	283.753479
4012.799805	286.769501
4010.401367	278.316833
4008.001953	304.255859
4005.601563	304.135223
4003.201172	291.520874
4000.798828	318.464294
3998.395508	317.297577
3995.991211	317.171600
3993.585938	345.111969
3991.180664	331.466827
3988.773438	336.528412
3986.365234	318.744293
3983.957031	332.109467
3981.546875	349.613617
3979.135742	357.770599
3976.724609	359.701355
3974.311523	341.942841
3971.898438	339.735016
3969.483398	378.943481
3967.068359	371.547699
3964.651367	367.261353
3962.234375	383.660828
3959.815430	384.541382
3957.396484	398.854034
3954.975586	394.563171
3952.554688	402.665314
3950.131836	404.568451
3947.708984	403.375031
3945.284180	386.713898
3942.859375	397.898193
3940.432617	387.434814
3938.005859	413.029633
3935.577148	401.538727
3933.148438	442.544769
3930.718750	446.482422
3928.287109	443.218353
3925.855469	420.425934
3923.421875	439.780182
3920.988281	438.576538
3918.552734	448.667419
3916.117188	475.170624
3913.680664	491.393677
3911.242188	484.017914
3908.803711	469.472595
3906.363281	474.406921
3903.922852	478.312927
3901.480469	493.477570
3899.038086	489.185272
3896.593750	505.356018
3894.149414	521.513611
3891.703125	524.369873
3889.256836	532.332458
3886.808594	527.011047
3884.360352	528.840271
3881.910156	536.790955
3879.459961	550.855652
3877.007813	573.066345
3874.555664	565.699890
3872.101563	575.659912
3869.646484	565.242615
3867.191406	589.447083
3864.734375	613.631775
3862.277344	602.193970
3859.818359	588.731689
3857.358398	592.558899
3854.897461	613.654480
3852.436523	632.701721
3849.973633	654.778748
3847.509766	655.528015
3845.044922	626.860657
3842.579102	666.149414
3840.113281	680.068237
3837.645508	671.687256
3835.176758	691.668274
3832.707031	674.178528
3830.236328	689.082520
3827.764648	724.203369
3825.291992	721.886780
3822.818359	721.593079
3820.343750	730.391479
3817.868164	733.123535
3815.390625	720.712219
3812.913086	745.643372
3810.434570	768.536865
3807.955078	762.174622
3805.473633	766.902649
3802.992188	823.001221
3800.509766	792.457397
3798.025391	783.075256
3795.541016	806.902283
3793.054688	846.800842
3790.568359	811.269714
3788.080078	835.055359
3785.591797	870.874939
3783.101563	875.539124
3780.610352	885.217468
3778.119141	856.764648
3775.625977	898.532776
3773.131836	904.179382
3770.636719	911.825134
3768.140625	913.454834
3765.643555	928.098267
3763.145508	927.717896
3760.646484	955.347656
3758.146484	978.954712
3755.645508	937.571777
3753.143555	973.155823
3750.639648	986.738464
3748.135742	1024.269165
3745.630859	1021.852600
3743.124023	1006.470276
3740.617188	1061.893311
3738.108398	1021.589722
3735.599609	1077.956543
3733.088867	1114.359619
3730.577148	1107.928467
3728.064453	1168.169434
3725.551758	1130.887329
3723.037109	1160.247925
3720.521484	1147.844238
3718.004883	1205.981445
3715.487305	1183.638550
3712.967773	1185.135620
3710.448242	1191.591919
3707.927734	1245.646851
3705.406250	1263.968384
3702.882813	1294.165527
3700.359375	1273.820557
3697.833984	1297.057129
3695.308594	1279.696045
3692.781250	1294.006592
3690.252930	1345.882813
3687.723633	1352.245605
3685.193359	1357.614624
3682.662109	1368.904785
3680.129883	1410.790161
3677.596680	1419.087524
3675.062500	1431.323486
3672.527344	1442.562744
3669.990234	1496.174194
3667.453125	1497.524292
3664.915039	1490.009644
3662.375000	1519.907837
3659.833984	1481.885742
3657.292969	1527.498901
3654.750000	1543.578613
3652.206055	1621.558594
3649.661133	1590.432007
3647.115234	1628.067139
3644.568359	1637.205811
3642.019531	1613.959106
3639.470703	1653.497559
3636.920898	1674.376587
3634.369141	1701.117310
3631.817383	1658.290771
3629.263672	1696.764038
3626.708984	1727.375244
3624.153320	1749.156006
3621.596680	1781.674561
3619.039063	1787.774170
3616.480469	1802.661621
3613.920898	1847.812134
3611.360352	1874.375977
3608.797852	1873.593872
3606.235352	1892.320313
3603.670898	1957.831299
3601.105469	1936.546875
3598.540039	1979.576904
3595.972656	1945.640747
3593.404297	1982.789551
3590.834961	2022.825806
3588.264648	2064.772949
3585.692383	2097.935059
3583.120117	2077.622070
3580.545898	2173.887695
3577.971680	2210.844482
3575.395508	2192.448975
3572.818359	2171.157715
3570.240234	2254.614258
3567.661133	2263.362549
3565.081055	2284.698730
3562.500000	2319.575439
3559.917969	2396.050537
3557.333984	2427.946777
3554.750000	2401.778320
3552.164063	2453.948486
3549.577148	2437.454590
3546.989258	2425.803955
3544.400391	2516.522949
3541.810547	2499.055908
3539.219727	2584.842285
3536.626953	2572.181885
3534.034180	2600.985352
3531.439453	2646.145752
3528.844727	2742.318604
3526.248047	2768.123291
3523.650391	2752.521484
3521.051758	2825.437500
3518.451172	2802.130127
3515.850586	2855.738037
3513.249023	2870.867920
3510.645508	2988.746582
3508.041016	3045.085449
3505.436523	3033.245605
3502.830078	3039.639160
3500.222656	3116.017090
3497.613281	3149.202881
3495.003906	3151.704834
3492.393555	3226.020996
3489.781250	3250.501221
3487.167969	3314.186768
3484.553711	3381.642822
3481.938477	3404.111572
3479.322266	3395.983154
3476.705078	3448.989014
3474.086914	3571.644531
3471.466797	3578.721680
3468.845703	3625.856689
3466.224609	3653.880127
3463.601563	3703.800781
3460.977539	3748.914063
3458.351563	3782.560791
3455.725586	3876.147461
3453.098633	3973.459717
3450.469727	3942.290527
3447.839844	4060.405273
3445.208984	4013.068359
3442.577148	4102.554199
3439.944336	4191.013184
3437.310547	4215.807617
3434.674805	4306.986816
3432.039063	4302.312012
3429.401367	4354.512207
3426.762695	4423.721191
3424.123047	4524.122559
3421.481445	4518.412109
3418.839844	4582.727539
3416.197266	4670.633789
3413.552734	4809.518555
3410.907227	4798.020020
3408.260742	4810.146484
3405.613281	4894.023926
3402.963867	5002.368652
3400.314453	5025.709473
3397.663086	5024.510254
3395.011719	5110.975586
3392.358398	5203.961426
3389.704102	5229.054199
3387.047852	5265.421875
3384.391602	5335.633789
3381.733398	5465.043457
3379.075195	5488.095703
3376.415039	5606.048828
3373.753906	5661.897949
3371.090820	5738.355957
3368.427734	5737.780273
3365.762695	5800.064453
3363.097656	5921.375488
3360.430664	5981.649414
3357.762695	5969.719727
3355.092773	6088.924805
3352.422852	6240.792969
3349.750977	6192.266113
3347.079102	6260.705078
3344.405273	6312.253418
3341.729492	6437.590332
3339.053711	6511.436035
3336.376953	6685.134277
3333.698242	6731.737793
3331.018555	6760.572754
3328.337891	6825.752441
3325.656250	6955.196777
3322.973633	6993.210449
3320.289063	7020.944336
3317.604492	7241.371094
3314.917969	7268.970215
3312.230469	7350.496094
3309.541016	7450.545410
3306.851563	7468.718750
3304.160156	7684.753418
3301.467773	7727.878906
3298.774414	7771.893066
3296.080078	7803.805664
3293.384766	7981.291504
3290.687500	8116.907227
3287.990234	8130.091309
3285.291016	8198.833984
3282.589844	8326.767578
3279.888672	8337.060547
3277.186523	8523.095703
3274.482422	8695.097656
3271.777344	8672.864258
3269.071289	8864.972656
3266.364258	8916.553711
3263.655273	9093.618164
3260.945313	9305.586914
3258.234375	9354.135742
3255.522461	9432.138672
3252.809570	9421.615234
3250.095703	9746.352539
3247.379883	9774.362305
3244.663086	9896.209961
3241.945313	9856.976563
3239.226563	10135.901367
3236.505859	10158.168945
3233.784180	10388.947266
3231.061523	10474.439453
3228.337891	10548.839844
3225.613281	10642.439453
3222.886719	10727.702148
3220.160156	11007.218750
3217.431641	11051.926758
3214.702148	11299.915039
3211.970703	11204.385742
3209.239258	11418.229492
3206.505859	11660.238281
3203.771484	11634.151367
3201.035156	11677.539063
3198.298828	11989.449219
3195.560547	12013.462891
3192.821289	12209.951172
3190.081055	12393.492188
3187.339844	12549.513672
3184.596680	12545.883789
3181.853516	12741.785156
3179.108398	12779.048828
3176.361328	13001.070313
3173.614258	13060.929688
3170.865234	13360.846680
3168.115234	13358.668945
3165.364258	13508.247070
3162.612305	13583.208008
3159.858398	13636.309570
3157.104492	13770.131836
3154.347656	13970.961914
3151.590820	14154.385742
3148.833008	14336.738281
3146.073242	14368.539063
3143.312500	14605.870117
3140.550781	14740.706055
3137.787109	14815.706055
3135.023438	15004.586914
3132.257813	15100.188477
3129.491211	15352.926758
3126.722656	15562.086914
3123.954102	15519.177734
3121.183594	15649.564453
3118.412109	15839.365234
3115.638672	15988.421875
3112.865234	16076.061523
3110.089844	16221.271484
3107.313477	16407.771484
3104.536133	16442.894531
3101.756836	16459.091797
3098.976563	16738.750000
3096.195313	16978.609375
3093.413086	17045.746094
3090.628906	17073.306641
3087.844727	17441.955078
3085.058594	17485.457031
3082.270508	17867.943359
3079.482422	18065.408203
3076.692383	18123.798828
3073.901367	18432.933594
3071.109375	18593.167969
3068.315430	18925.976563
3065.520508	18996.390625
3062.724609	19213.375000
3059.927734	19545.457031
3057.128906	19588.687500
3054.329102	19584.546875
3051.528320	19756.242188
3048.726563	20089.263672
3045.922852	20257.007813
3043.118164	20616.246094
3040.312500	20590.250000
3037.505859	20671.144531
3034.697266	21010.125000
3031.887695	21480.496094
3029.077148	21552.869141
3026.264648	21571.828125
3023.452148	21835.144531
3020.637695	21892.144531
3017.821289	22151.523438
3015.004883	22473.679688
3012.186523	22467.320313
3009.367188	22821.845703
3006.545898	23082.105469
3003.724609	23280.998047
3000.901367	23466.427734
2998.077148	23527.765625
2995.250977	23988.949219
2992.423828	23952.708984
2989.595703	24093.289063
2986.766602	24526.199219
2983.935547	24523.310547
2981.104492	24680.203125
2978.270508	24993.132813
2975.436523	25229.927734
2972.600586	25362.474609
2969.763672	25457.882813
2966.925781	25532.941406
2964.085938	25840.365234
2961.245117	26058.621094
2958.403320	26068.195313
2955.560547	26556.083984
2952.715820	26628.693359
2949.870117	26895.380859
2947.023438	27162.701172
2944.174805	27155.048828
2941.325195	27568.515625
2938.474609	27660.646484
2935.622070	27736.031250
2932.768555	28036.517578
2929.914063	28232.509766
2927.058594	28525.490234
2924.201172	28371.949219
2921.342773	28654.093750
2918.483398	29048.753906
2915.622070	29167.796875
2912.759766	29343.498047
2909.896484	29361.011719
2907.032227	29841.890625
2904.166016	30048.433594
2901.298828	30057.736328
2898.429688	30188.162109
2895.559570	30240.933594
2892.688477	30466.923828
2889.816406	30932.046875
2886.942383	30984.388672
2884.067383	31113.197266
2881.191406	31023.714844
2878.314453	31438.205078
2875.435547	31851.447266
2872.554688	32035.154297
2869.673828	32400.892578
2866.791016	32628.400391
2863.907227	32638.115234
2861.021484	32869.628906
2858.134766	33076.671875
2855.247070	33448.007813
2852.358398	33554.214844
2849.467773	33729.507813
2846.576172	34063.710938
2843.682617	33962.937500
2840.789063	34080.777344
2837.893555	34389.304688
2834.996094	34552.566406
2832.097656	34832.984375
2829.198242	35207.988281
2826.297852	35139.660156
2823.395508	35533.117188
2820.492188	35285.582031
2817.587891	35737.128906
2814.681641	35718.542969
2811.774414	35951.910156
2808.866211	36080.199219
2805.956055	36113.855469
2803.044922	36423.132813
2800.131836	36572.460938
2797.218750	36795.433594
2794.303711	36893.843750
2791.386719	36909.859375
2788.468750	36938.703125
2785.549805	36909.269531
2782.629883	37311.308594
2779.708008	37297.113281
2776.785156	37575.429688
2773.860352	37690.199219
2770.935547	37977.464844
2768.007813	37640.089844
2765.080078	37789.644531
2762.150391	37796.539063
2759.219727	38283.644531
2756.287109	38096.750000
2753.353516	38054.031250
2750.418945	38293.300781
2747.482422	38228.371094
2744.544922	38068.171875
2741.606445	38518.894531
2738.666016	38276.207031
2735.724609	38565.769531
2732.782227	38402.261719
2729.837891	38408.718750
2726.892578	38470.328125
2723.945313	38872.917969
2720.997070	38394.062500
2718.047852	38873.433594
2715.097656	38472.929688
2712.145508	38718.078125
2709.191406	38345.066406
2706.237305	38496.113281
2703.281250	38610.644531
2700.323242	38364.949219
2697.364258	38254.660156
2694.404297	38298.164063
2691.443359	38257.203125
2688.480469	38095.601563
2685.515625	38157.636719
2682.550781	38234.781250
2679.583984	38607.613281
2676.615234	37969.375000
2673.646484	37991.742188
2670.674805	37822.214844
2667.703125	37696.566406
2664.729492	37771.957031
2661.754883	37506.078125
2658.778320	37643.621094
2655.800781	37122.785156
2652.821289	36947.324219
2649.840820	36982.562500
2646.859375	36883.601563
2643.876953	36894.507813
2640.892578	37025.179688
2637.906250	36891.132813
2634.918945	36551.312500
2631.930664	36323.886719
2628.941406	36264.722656
2625.950195	36188.886719
2622.957031	36132.324219
2619.963867	36065.781250
2616.967773	35829.019531
2613.971680	35606.644531
2610.973633	35576.253906
2607.974609	35304.996094
2604.973633	35499.691406
2601.971680	34837.300781
2598.967773	34858.875000
2595.962891	34605.867188
2592.957031	34393.824219
2589.949219	34565.160156
2586.940430	33731.832031
2583.929688	33840.175781
2580.917969	33647.917969
2577.905273	33449.187500
2574.890625	33346.000000
2571.875000	32931.210938
2568.857422	32962.562500
2565.838867	32800.078125
2562.819336	32653.458984
2559.797852	31946.783203
2556.775391	31880.892578
2553.750977	31784.464844
2550.725586	31438.570313
2547.698242	30967.439453
2544.669922	30811.265625
2541.640625	30736.093750
2538.609375	30180.947266
2535.577148	30071.486328
2532.542969	29908.552734
2529.507813	29646.095703
2526.471680	29299.070313
2523.433594	29084.019531
2520.393555	28906.171875
2517.353516	28626.529297
2514.310547	28679.132813
2511.267578	28293.050781
2508.222656	27983.667969
2505.175781	27660.611328
2502.127930	27348.503906
2499.079102	26998.140625
2496.028320	26852.150391
2492.976563	26351.597656
2489.922852	26319.828125
2486.868164	26030.287109
2483.812500	25744.277344
2480.754883	25526.384766
2477.695313	25329.117188
2474.634766	24971.097656
2471.573242	24640.341797
2468.509766	24582.470703
2465.445313	24326.416016
2462.378906	24105.652344
2459.311523	23878.562500
2456.242188	23333.972656
2453.171875	23249.925781
2450.100586	22982.828125
2447.027344	22857.517578
2443.953125	22393.246094
2440.876953	22236.609375
2437.799805	21975.316406
2434.720703	21771.908203
2431.640625	21700.164063
2428.558594	21370.503906
2425.475586	21098.710938
2422.390625	20819.869141
2419.304688	20600.417969
2416.217773	20358.488281
2413.128906	20081.164063
2410.038086	19815.416016
2406.946289	19893.570313
2403.853516	19415.574219
2400.758789	19338.716797
2397.663086	18908.240234
2394.565430	18799.392578
2391.466797	18524.449219
2388.366211	18278.783203
2385.264648	17939.843750
2382.161133	17847.732422
2379.056641	17841.056641
2375.950195	17483.457031
2372.842773	17299.150391
2369.734375	17195.421875
2366.624023	16911.744141
2363.511719	16678.132813
2360.398438	16508.974609
2357.284180	16329.533203
2354.167969	16123.778320
2351.049805	16008.822266
2347.930664	15730.459961
2344.810547	15563.708984
2341.688477	15458.767578
2338.564453	15112.199219
2335.439453	15026.755859
2332.313477	14805.446289
2329.185547	14796.945313
2326.056641	14402.577148
2322.925781	14301.632813
2319.792969	14033.164063
2316.660156	13762.547852
2313.524414	13752.933594
2310.387695	13552.033203
2307.250000	13342.553711
2304.110352	13310.837891
2300.969727	12938.493164
2297.827148	12789.245117
2294.682617	12653.650391
2291.537109	12526.126953
2288.390625	12365.351563
2285.242188	12218.220703
2282.092773	12078.367188
2278.941406	11908.495117
2275.788086	11718.953125
2272.633789	11627.864258
2269.478516	11330.883789
2266.321289	11206.796875
2263.162109	11218.954102
2260.001953	11002.470703
2256.840820	10782.233398
2253.676758	10629.377930
2250.512695	10554.870117
2247.346680	10421.208008
2244.178711	10308.977539
2241.009766	10129.005859
2237.838867	9989.413086
2234.666992	9863.346680
2231.493164	9734.244141
2228.318359	9636.753906
2225.141602	9501.576172
2221.963867	9335.842773
2218.784180	9189.919922
2215.602539	9103.858398
2212.419922	8946.391602
2209.236328	8858.165039
2206.050781	8769.232422
2202.863281	8583.897461
2199.674805	8433.232422
2196.485352	8350.102539
2193.292969	8252.165039
2190.100586	8184.069336
2186.905273	8011.953125
2183.709961	7994.872070
2180.511719	7836.292480
2177.312500	7726.311035
2174.112305	7696.102051
2170.910156	7476.203125
2167.706055	7415.701172
2164.500977	7289.735352
2161.294922	7188.833984
2158.085938	7013.217773
2154.876953	7019.243652
2151.665039	6986.335938
2148.452148	6823.507324
2145.238281	6765.829590
2142.022461	6640.570313
2138.804688	6547.285156
2135.585938	6462.629883
2132.365234	6455.682129
2129.143555	6274.154785
2125.919922	6213.784668
2122.695313	6021.687500
2119.468750	6080.812500
2116.240234	5936.972656
2113.010742	5901.638672
2109.780273	5838.482910
2106.546875	5698.049805
2103.312500	5655.916992
2100.077148	5604.550781
2096.839844	5533.152832
2093.600586	5421.683105
2090.360352	5285.628906
2087.119141	5278.483887
2083.875000	5150.331543
2080.629883	5098.569824
2077.383789	5039.925293
2074.135742	4929.767090
2070.885742	4870.485840
2067.634766	4797.418457
2064.381836	4742.096191
2061.127930	4666.852051
2057.871094	4637.748047
2054.614258	4515.038574
2051.355469	4521.318359
2048.094727	4401.845215
2044.832031	4434.992676
2041.568359	4247.497559
2038.303711	4250.824219
2035.037109	4207.464355
2031.768555	4055.527832
2028.498047	4032.177734
2025.226563	3953.828125
2021.954102	3883.954102
2018.678711	3852.317627
2015.403320	3820.709717
2012.125000	3699.131592
2008.845703	3695.831299
2005.564453	3639.194580
2002.282227	3588.703857
1998.998047	3526.080322
1995.712891	3451.341553
1992.424805	3407.093750
1989.136719	3391.012451
1985.845703	3346.833740
1982.553711	3227.513916
1979.260742	3185.730713
1975.964844	3177.368652
1972.667969	3129.581055
1969.370117	3091.691406
1966.070313	2990.957520
1962.768555	3027.376709
1959.465820	2941.148682
1956.161133	2845.924805
1952.854492	2816.574707
1949.546875	2828.818848
1946.237305	2736.049805
1942.925781	2712.832275
1939.613281	2668.505371
1936.298828	2605.362793
1932.982422	2610.134521
1929.665039	2541.050537
1926.346680	2510.446045
1923.025391	2500.196777
1919.703125	2447.065430
1916.378906	2418.052002
1913.053711	2366.513184
1909.726563	2331.553955
1906.397461	2268.839844
1903.067383	2267.739746
1899.735352	2196.862305
1896.401367	2221.293945
1893.066406	2159.500732
1889.729492	2135.227051
1886.390625	2121.459717
1883.050781	2049.323730
1879.708984	2034.113525
1876.365234	2008.448853
1873.020508	1984.303223
1869.673828	2005.001343
1866.326172	1955.492798
1862.975586	1917.226196
1859.624023	1877.504150
1856.271484	1840.802246
1852.916016	1820.529907
1849.559570	1804.745605
1846.202148	1785.998047
1842.841797	1718.900757
1839.480469	1651.124390
1836.118164	1658.495605
1832.752930	1648.769409
1829.386719	1639.052124
1826.018555	1585.547974
1822.649414	1584.772949
1819.278320	1538.020508
1815.905273	1526.891235
1812.531250	1456.504395
1809.154297	1496.518066
1805.777344	1458.779175
1802.397461	1459.544067
1799.016602	1438.125854
1795.633789	1356.127197
1792.249023	1352.507446
1788.863281	1326.003174
1785.475586	1285.503418
1782.085938	1291.510620
1778.694336	1270.234253
1775.301758	1248.978271
1771.907227	1225.533081
1768.510742	1196.221313
1765.113281	1191.954224
1761.713867	1154.597290
1758.312500	1160.644653
1754.910156	1098.359375
1751.505859	1127.926025
1748.099609	1092.140015
1744.691406	1099.671509
1741.282227	1046.336060
1737.871094	1083.929810
1734.458008	1029.188721
1731.042969	1004.519653
1727.626953	1034.759155
1724.208984	1030.591064
1720.790039	970.133911
1717.368164	947.002441
1713.945313	956.759155
1710.520508	930.736389
1707.093750	908.387085
1703.666016	896.998535
1700.236328	888.536438
1696.804688	887.367859
1693.371094	856.344482
1689.936523	827.534973
1686.500000	846.038696
1683.061523	793.267761
1679.622070	797.961365
1676.179688	797.565308
1672.736328	764.498413
1669.291016	743.800232
1665.844727	737.628235
1662.396484	735.811707
1658.945313	710.085632
1655.494141	691.627014
1652.040039	665.947815
1648.584961	670.680786
1645.126953	689.871460
1641.668945	668.567261
1638.208008	654.508179
1634.745117	626.021729
1631.281250	622.101013
1627.815430	628.282654
1624.347656	602.013977
1620.878906	572.888794
1617.408203	575.483643
1613.935547	572.316528
1610.460938	556.200684
1606.984375	537.943115
1603.506836	554.925598
1600.027344	534.531128
1596.545898	529.954956
1593.062500	506.721954
1589.577148	498.576935
1586.090820	499.761078
1582.602539	480.877380
1579.112305	465.593933
1575.620117	480.395020
1572.126953	475.860382
1568.630859	458.456116
1565.133789	447.502899
1561.634766	438.703979
1558.133789	406.347015
1554.631836	428.269897
1551.127930	418.779907
1547.621094	391.472656
1544.114258	401.966125
1540.604492	408.174744
1537.092773	400.137177
1533.580078	380.009857
1530.065430	372.705505
1526.548828	375.361115
1523.030273	349.591766
1519.509766	357.937561
1515.988281	349.238739
1512.463867	351.190674
1508.938477	324.775787
1505.411133	328.864105
1501.882813	330.114502
1498.351563	305.874023
1494.818359	307.842194
1491.284180	306.271606
1487.748047	295.511902
1484.209961	295.362091
1480.669922	283.912292
1477.128906	276.709351
1473.584961	268.808044
1470.040039	263.735321
1466.493164	246.685745
1462.944336	250.787140
1459.393555	260.517029
1455.840820	247.013443
1452.287109	255.328369
1448.730469	241.840912
1445.172852	246.636444
1441.613281	234.571518
1438.051758	240.769547
1434.488281	232.929260
1430.922852	228.603027
1427.356445	194.844208
1423.787109	205.252563
1420.216797	214.950012
1416.644531	198.744675
1413.070313	210.533707
1409.494141	197.842438
1405.916016	207.523483
1402.336914	179.482300
1398.754883	186.370575
1395.171875	179.298523
1391.585938	184.087769
1387.999023	167.963669
1384.410156	176.933167
1380.819336	155.259262
1377.226563	165.617676
1373.632813	161.359543
1370.036133	155.020218
1366.438477	154.940552
1362.837891	164.583099
1359.236328	154.087158
1355.632813	149.845490
1352.027344	125.500336
1348.419922	144.147095
1344.810547	145.458145
1341.199219	134.998657
1337.585938	132.853210
1333.970703	134.167847
1330.354492	118.891541
1326.735352	123.666267
1323.115234	122.221352
1319.493164	124.918823
1315.869141	122.095032
1312.242188	105.485184
1308.614258	116.456017
1304.984375	108.130943
1301.353516	108.074944
1297.719727	105.954887
1294.083984	105.899963
1290.446289	109.281570
1286.807617	104.416229
1283.166016	100.242477
1279.523438	101.562897
1275.877930	100.138374
1272.231445	94.602150
1268.582031	91.812294
1264.931641	93.818962
1261.279297	87.610054
1257.625000	86.196243
1253.968750	82.732635
1250.310547	85.423065
1246.650391	82.646416
1242.988281	78.507271
1239.324219	77.783989
1235.658203	74.333580
1231.990234	67.478729
1228.320313	79.705910
1224.648438	75.578896
1220.975586	74.178299
1217.299805	74.819664
1213.622070	67.302452
1209.943359	80.177071
1206.261719	76.060394
1202.578125	61.766674
1198.893555	64.447876
1195.206055	68.482323
1191.517578	64.380249
1187.826172	60.282455
1184.133789	58.896832
1180.438477	64.278824
1176.742188	62.216232
1173.042969	59.479870
1169.342773	61.475216
1165.639648	48.614117
1161.935547	53.312386
1158.228516	50.586346
1154.520508	51.907928
1150.809570	51.880539
1147.097656	52.526573
1143.382813	50.479649
1139.666992	55.161922
1135.948242	47.736904
1132.227539	51.743633
1128.505859	44.328220
1124.781250	42.290901
1121.055664	40.926647
1117.327148	44.257828
1113.596680	40.213062
1109.865234	40.191734
1106.130859	44.187450
1102.394531	40.149086
1098.657227	41.465355
1094.916992	35.427357
1091.174805	34.072353
1087.430664	38.060612
1083.684570	35.370861
1079.936523	34.017990
1076.186523	38.666519
1072.434570	34.648064
1068.680664	37.293404
1064.924805	35.276718
1061.166992	27.274973
1057.406250	25.265747
1053.644531	35.884777
1049.880859	30.552177
1046.114258	36.510246
1042.346680	33.173374
1038.576172	30.503172
1034.803711	30.486837
1031.030273	27.158493
1027.253906	25.819841
1023.475586	31.099533
1019.695313	31.744184
1015.913086	20.490448
1012.128906	22.461325
1008.342773	29.712250
1004.553711	18.477684
