4046.277344	221.163635
4043.892578	221.163635
4041.505859	227.362991
4039.119141	229.368027
4036.731445	225.089828
4034.342773	227.094025
4031.952148	228.050476
4029.561523	242.600067
4027.169922	229.960907
4024.777344	245.542969
4022.383789	250.668137
4019.989258	245.348816
4017.593750	233.771866
4015.197266	255.586761
4012.799805	247.143173
4010.401367	249.130051
4008.001953	246.947388
4005.601563	266.639099
4003.201172	270.697968
4000.798828	282.038635
3998.395508	266.321899
3995.991211	289.094116
3993.585938	258.833984
3991.180664	304.450714
3988.773438	283.556366
3986.365234	305.246979
3983.957031	302.012024
3981.546875	291.517578
3979.135742	285.179443
3976.724609	326.530029
3974.311523	321.219025
3971.898438	324.198364
3969.483398	319.927673
3967.068359	318.765167
3964.651367	309.327148
3962.234375	338.159271
3959.815430	327.687134
3957.396484	320.323181
3954.975586	346.017426
3952.554688	328.327087
3950.131836	336.452332
3947.708984	342.507690
3945.284180	368.151611
3942.859375	353.572754
3940.432617	371.978638
3938.005859	371.829681
3935.577148	362.414459
3933.148438	356.094177
3930.718750	383.727997
3928.287109	365.063843
3925.855469	361.833588
3923.421875	402.789337
3920.988281	393.383636
3918.552734	366.531494
3916.117188	393.067719
3913.680664	416.504852
3911.242188	384.548126
3908.803711	389.518738
3906.363281	371.943237
3903.922852	426.077454
3901.480469	420.786896
3899.038086	396.055847
3896.593750	431.700897
3894.149414	424.368927
3891.703125	419.087036
3889.256836	464.896881
3886.808594	449.389282
3884.360352	468.605560
3881.910156	456.170258
3879.459961	454.965973
3877.007813	452.742828
3874.555664	476.003326
3872.101563	469.697723
3869.646484	511.264496
3867.191406	486.624695
3864.734375	521.027283
3862.277344	491.317047
3859.818359	523.656006
3857.358398	506.165222
3854.897461	504.944183
3852.436523	516.926453
3849.973633	542.095886
3847.509766	538.831848
3845.044922	569.043396
3842.579102	568.812500
3840.113281	571.622192
3837.645508	572.403198
3835.176758	557.992981
3832.707031	583.073303
3830.236328	574.741394
3827.764648	592.713928
3825.291992	574.274048
3822.818359	614.465820
3820.343750	602.093079
3817.868164	613.965759
3815.390625	661.157593
3812.913086	656.852295
3810.434570	653.558899
3807.955078	656.317017
3805.473633	680.235596
3802.992188	676.936096
3800.509766	689.750061
3798.025391	707.585999
3795.541016	693.211548
3793.054688	700.974060
3790.568359	734.867615
3788.080078	706.430725
3785.591797	736.276001
3783.101563	756.056152
3780.610352	764.779724
3778.119141	789.547791
3775.625977	771.173767
3773.131836	789.903931
3770.636719	807.616577
3768.140625	799.272949
3765.643555	808.957275
3763.145508	818.633484
3760.646484	827.301086
3758.146484	861.960144
3755.645508	837.617432
3753.143555	875.240784
3750.639648	888.863586
3748.135742	892.491821
3745.630859	913.081177
3743.124023	908.716003
3740.617188	929.281250
3738.108398	942.852600
3735.599609	962.390076
3733.088867	997.844849
3730.577148	973.543579
3728.064453	968.167664
3725.551758	977.715210
3723.037109	1002.167847
3720.521484	1013.680603
3718.004883	1056.972168
3715.487305	1031.711792
3712.967773	1063.048828
3710.448242	1056.657227
3707.927734	1083.990479
3705.406250	1118.240234
3702.882813	1090.032227
3700.359375	1122.269531
3697.833984	1117.845459
3695.308594	1156.971924
3692.781250	1125.825317
3690.252930	1150.082153
3687.723633	1170.364624
3685.193359	1196.558472
3682.662109	1229.643921
3680.129883	1190.631836
3677.596680	1287.836792
3675.062500	1247.845703
3672.527344	1251.272827
3669.990234	1281.308594
3667.453125	1324.126709
3664.915039	1342.288940
3662.375000	1322.044189
3659.833984	1342.159424
3657.292969	1320.947144
3654.750000	1366.607788
3652.206055	1376.850708
3649.661133	1374.314087
3647.115234	1384.544434
3644.568359	1461.510498
3642.019531	1379.468994
3639.470703	1452.449463
3636.920898	1446.943726
3634.369141	1473.779053
3631.817383	1489.817017
3629.263672	1501.924927
3626.708984	1508.150269
3624.153320	1566.218506
3621.596680	1573.388794
3619.039063	1579.575195
3616.480469	1622.884033
3613.920898	1602.674316
3611.360352	1638.126465
3608.797852	1630.612183
3606.235352	1650.415405
3603.670898	1702.377197
3601.105469	1711.412354
3598.540039	1757.458984
3595.972656	1725.563232
3593.404297	1782.271851
3590.834961	1738.715576
3588.264648	1821.629761
3585.692383	1854.893555
3583.120117	1851.202148
3580.545898	1883.453247
3577.971680	1892.374268
3575.395508	1877.023682
3572.818359	1995.563721
3570.240234	1984.060547
3567.661133	1973.535767
3565.081055	2062.817383
3562.500000	2021.275024
3559.917969	2109.492432
3557.333984	2101.833496
3554.750000	2155.119629
3552.164063	2153.248047
3549.577148	2190.036377
3546.989258	2222.928955
3544.400391	2274.141113
3541.810547	2254.845459
3539.219727	2287.667480
3536.626953	2352.287842
3534.034180	2412.997314
3531.439453	2444.745605
3528.844727	2431.194824
3526.248047	2463.870361
3523.650391	2484.006348
3521.051758	2539.718994
3518.451172	2529.994629
3515.850586	2584.678467
3513.249023	2587.432129
3510.645508	2598.826416
3508.041016	2629.410156
3505.436523	2736.734131
3502.830078	2756.681152
3500.222656	2820.714600
3497.613281	2799.397949
3495.003906	2902.634033
3492.393555	2910.983643
3489.781250	2993.983398
3487.167969	2983.150635
3484.553711	3000.060303
3481.938477	3050.412842
3479.322266	3156.143066
3476.705078	3186.327148
3474.086914	3169.703369
3471.466797	3225.621094
3468.845703	3273.859619
3466.224609	3350.661621
3463.601563	3375.929443
3460.977539	3422.134521
3458.351563	3559.720947
3455.725586	3543.933594
3453.098633	3619.502197
3450.469727	3594.189697
3447.839844	3702.945068
3445.208984	3704.224609
3442.577148	3778.643311
3439.944336	3690.635986
3437.310547	3863.699219
3434.674805	3974.950439
3432.039063	3951.451172
3429.401367	4000.009033
3426.762695	4000.203369
3424.123047	4122.567871
3421.481445	4110.401367
3418.839844	4135.147461
3416.197266	4210.948242
3413.552734	4295.191895
3410.907227	4358.571777
3408.260742	4426.619629
3405.613281	4486.109863
3402.963867	4493.637207
3400.314453	4576.631348
3397.663086	4611.458984
3395.011719	4681.133301
3392.358398	4804.454102
3389.704102	4718.581055
3387.047852	4857.782227
3384.391602	4916.875977
3381.733398	4914.776367
3379.075195	4937.123535
3376.415039	5074.108887
3373.753906	5195.005371
3371.090820	5313.918945
3368.427734	5375.473633
3365.762695	5335.646484
3363.097656	5342.742676
3360.430664	5432.323730
3357.762695	5511.519531
3355.092773	5620.617676
3352.422852	5716.514160
3349.750977	5705.644043
3347.079102	5735.003906
3344.405273	5826.983398
3341.729492	6009.539063
3339.053711	6020.041992
3336.376953	6107.106934
3333.698242	6175.426758
3331.018555	6268.877930
3328.337891	6337.066406
3325.656250	6449.008301
3322.973633	6451.831055
3320.289063	6498.425293
3317.604492	6652.043457
3314.917969	6735.732422
3312.230469	6803.534180
3309.541016	6813.627441
3306.851563	6948.250977
3304.160156	6979.636230
3301.467773	7247.788086
3298.774414	7175.982910
3296.080078	7290.727051
3293.384766	7375.692871
3290.687500	7406.816895
3287.990234	7637.133789
3285.291016	7729.244141
3282.589844	7768.501953
3279.888672	7802.170898
3277.186523	7889.459473
3274.482422	7969.273438
3271.777344	8084.136719
3269.071289	8293.128906
3266.364258	8368.964844
3263.655273	8419.811523
3260.945313	8543.499023
3258.234375	8669.844727
3255.522461	8768.422852
3252.809570	8862.307617
3250.095703	9026.105469
3247.379883	9065.474609
3244.663086	9095.604492
3241.945313	9241.605469
3239.226563	9518.958008
3236.505859	9513.001953
3233.784180	9705.475586
3231.061523	9827.075195
3228.337891	9788.860352
3225.613281	9955.268555
3222.886719	10129.782227
3220.160156	10360.975586
3217.431641	10336.328125
3214.702148	10557.150391
3211.970703	10582.784180
3209.239258	10770.360352
3206.505859	10920.268555
3203.771484	11031.644531
3201.035156	11115.503906
3198.298828	11289.721680
3195.560547	11465.612305
3192.821289	11556.465820
3190.081055	11622.605469
3187.339844	11769.842773
3184.596680	12035.444336
3181.853516	12060.279297
3179.108398	12279.070313
3176.361328	12375.686523
3173.614258	12537.728516
3170.865234	12682.344727
3168.115234	12681.372070
3165.364258	12857.597656
3162.612305	12882.883789
3159.858398	13022.543945
3157.104492	13229.237305
3154.347656	13353.195313
3151.590820	13512.405273
3148.833008	13741.262695
3146.073242	13679.102539
3143.312500	13985.557617
3140.550781	14072.690430
3137.787109	14316.269531
3135.023438	14410.408203
3132.257813	14452.934570
3129.491211	14580.356445
3126.722656	14812.433594
3123.954102	14938.675781
3121.183594	14983.586914
3118.412109	15120.459961
3115.638672	15212.127930
3112.865234	15602.016602
3110.089844	15397.912109
3107.313477	15713.534180
3104.536133	15739.960938
3101.756836	15788.851563
3098.976563	15982.475586
3096.195313	16025.814453
3093.413086	16385.373047
3090.628906	16466.207031
3087.844727	16766.898438
3085.058594	16650.082031
3082.270508	17191.683594
3079.482422	17264.832031
3076.692383	17196.326172
3073.901367	17598.126953
3071.109375	17617.265625
3068.315430	17807.314453
3065.520508	18096.486328
3062.724609	18184.214844
3059.927734	18302.248047
3057.128906	18604.205078
3054.329102	18570.136719
3051.528320	18580.720703
3048.726563	18908.908203
3045.922852	19196.667969
3043.118164	19296.085938
3040.312500	19652.021484
3037.505859	19534.720703
3034.697266	19720.193359
3031.887695	20052.320313
3029.077148	20081.738281
3026.264648	20234.701172
3023.452148	20408.853516
3020.637695	20637.029297
3017.821289	20871.212891
3015.004883	20930.349609
3012.186523	21276.845703
3009.367188	21320.666016
3006.545898	21534.611328
3003.724609	21621.677734
3000.901367	21993.798828
2998.077148	22280.611328
2995.250977	22515.849609
2992.423828	22410.398438
2989.595703	22821.265625
2986.766602	23017.056641
2983.935547	23113.751953
2981.104492	23240.369141
2978.270508	23420.695313
2975.436523	23709.339844
2972.600586	23705.908203
2969.763672	23812.625000
2966.925781	24180.849609
2964.085938	24218.574219
2961.245117	24500.912109
2958.403320	24645.765625
2955.560547	24989.203125
2952.715820	25044.048828
2949.870117	25255.214844
2947.023438	25496.917969
2944.174805	25606.742188
2941.325195	25865.607422
2938.474609	25940.078125
2935.622070	26322.144531
2932.768555	26299.076172
2929.914063	26501.093750
2927.058594	26758.076172
2924.201172	26894.945313
2921.342773	27149.757813
2918.483398	27229.492188
2915.622070	27456.824219
2912.759766	27646.388672
2909.896484	27901.255859
2907.032227	27993.570313
2904.166016	28315.207031
2901.298828	28521.457031
2898.429688	28340.566406
2895.559570	28557.929688
2892.688477	28672.343750
2889.816406	29166.119141
2886.942383	29306.242188
2884.067383	29427.101563
2881.191406	29467.009766
2878.314453	29769.250000
2875.435547	29841.083984
2872.554688	29901.560547
2869.673828	30254.367188
2866.791016	30581.699219
2863.907227	30405.953125
2861.021484	30809.156250
2858.134766	31328.912109
2855.247070	31055.214844
2852.358398	31253.347656
2849.467773	31479.835938
2846.576172	31445.023438
2843.682617	31714.412109
2840.789063	31709.736328
2837.893555	32245.533203
2834.996094	32237.154297
2832.097656	32175.289063
2829.198242	32475.605469
2826.297852	32732.550781
2823.395508	32735.126953
2820.492188	32917.656250
2817.587891	32801.351563
2814.681641	32635.248047
2811.774414	33045.421875
2808.866211	33328.007813
2805.956055	33286.433594
2803.044922	33601.269531
2800.131836	33625.687500
2797.218750	33737.582031
2794.303711	33892.250000
2791.386719	33845.324219
2788.468750	34131.734375
2785.549805	34097.566406
2782.629883	34237.203125
2779.708008	34329.636719
2776.785156	34566.523438
2773.860352	34557.828125
2770.935547	34658.507813
2768.007813	34492.597656
2765.080078	34717.843750
2762.150391	34779.027344
2759.219727	34974.066406
2756.287109	35056.375000
2753.353516	35080.648438
2750.418945	35163.664063
2747.482422	35254.261719
2744.544922	35332.847656
2741.606445	35441.976563
2738.666016	35475.320313
2735.724609	35468.679688
2732.782227	35580.964844
2729.837891	35666.816406
2726.892578	35604.890625
2723.945313	35957.871094
2720.997070	35420.972656
2718.047852	35549.078125
2715.097656	35809.222656
2712.145508	35865.031250
2709.191406	35712.546875
2706.237305	35700.640625
2703.281250	35726.789063
2700.323242	36091.878906
2697.364258	35978.390625
2694.404297	35900.464844
2691.443359	35840.324219
2688.480469	36040.960938
2685.515625	35805.363281
2682.550781	35790.839844
2679.583984	35950.746094
2676.615234	35862.867188
2673.646484	35461.035156
2670.674805	35683.953125
2667.703125	35465.910156
2664.729492	35667.582031
2661.754883	35596.781250
2658.778320	35390.800781
2655.800781	35161.484375
2652.821289	35163.992188
2649.840820	35132.929688
2646.859375	35028.941406
2643.876953	34916.652344
2640.892578	34951.054688
2637.906250	34843.070313
2634.918945	34694.996094
2631.930664	34427.421875
2628.941406	34423.476563
2625.950195	34142.039063
2622.957031	34149.898438
2619.963867	34044.175781
2616.967773	33987.781250
2613.971680	33804.621094
2610.973633	33731.687500
2607.974609	33442.097656
2604.973633	33322.722656
2601.971680	33295.042969
2598.967773	33113.394531
2595.962891	32824.570313
2592.957031	32694.839844
2589.949219	32555.240234
2586.940430	32177.302734
2583.929688	32128.568359
2580.917969	31900.568359
2577.905273	31717.570313
2574.890625	31635.908203
2571.875000	31491.308594
2568.857422	31014.572266
2565.838867	30870.369141
2562.819336	30939.037109
2559.797852	30582.328125
2556.775391	30142.400391
2553.750977	30400.591797
2550.725586	29789.257813
2547.698242	29556.750000
2544.669922	29283.994141
2541.640625	29157.535156
2538.609375	28788.691406
2535.577148	28747.468750
2532.542969	28609.041016
2529.507813	28420.484375
2526.471680	28043.560547
2523.433594	27550.943359
2520.393555	27525.966797
2517.353516	27457.427734
2514.310547	27168.708984
2511.267578	26889.281250
2508.222656	26982.843750
2505.175781	26464.113281
2502.127930	26232.123047
2499.079102	26006.894531
2496.028320	25671.232422
2492.976563	25348.156250
2489.922852	25221.871094
2486.868164	24887.826172
2483.812500	24914.820313
2480.754883	24636.804688
2477.695313	24358.220703
2474.634766	23897.720703
2471.573242	23883.447266
2468.509766	23635.765625
2465.445313	23402.990234
2462.378906	23200.589844
2459.311523	23038.302734
2456.242188	22759.666016
2453.171875	22399.041016
2450.100586	22263.369141
2447.027344	22064.363281
2443.953125	21740.312500
2440.876953	21418.179688
2437.799805	21386.351563
2434.720703	21165.351563
2431.640625	21041.943359
2428.558594	20646.876953
2425.475586	20407.042969
2422.390625	20447.855469
2419.304688	20163.765625
2416.217773	19798.148438
2413.128906	19513.798828
2410.038086	19285.527344
2406.946289	19139.130859
2403.853516	18913.656250
2400.758789	18761.091797
2397.663086	18366.414063
2394.565430	18326.421875
2391.466797	17991.191406
2388.366211	17747.384766
2385.264648	17635.982422
2382.161133	17494.064453
2379.056641	17201.691406
2375.950195	16996.509766
2372.842773	16881.615234
2369.734375	16757.173828
2366.624023	16407.792969
2363.511719	16164.774414
2360.398438	16059.291992
2357.284180	16008.480469
2354.167969	15798.864258
2351.049805	15626.323242
2347.930664	15381.000977
2344.810547	15042.167969
2341.688477	14969.500000
2338.564453	14818.455078
2335.439453	14502.743164
2332.313477	14310.464844
2329.185547	14369.333984
2326.056641	14114.973633
2322.925781	14041.312500
2319.792969	13772.166992
2316.660156	13618.149414
2313.524414	13531.252930
2310.387695	13193.366211
2307.250000	13103.553711
2304.110352	12866.505859
2300.969727	12628.083984
2297.827148	12558.536133
2294.682617	12422.253906
2291.537109	12302.786133
2288.390625	12129.404297
2285.242188	11964.916016
2282.092773	11787.083984
2278.941406	11721.271484
2275.788086	11538.161133
2272.633789	11382.958984
2269.478516	11200.962891
2266.321289	11066.642578
2263.162109	10851.716797
2260.001953	10727.962891
2256.840820	10552.924805
2253.676758	10559.037109
2250.512695	10387.395508
2247.346680	10207.225586
2244.178711	10053.265625
2241.009766	9919.168945
2237.838867	9751.289063
2234.666992	9560.708008
2231.493164	9468.771484
2228.318359	9438.333984
2225.141602	9203.298828
2221.963867	9170.648438
2218.784180	8992.565430
2215.602539	8890.093750
2212.419922	8750.009766
2209.236328	8684.644531
2206.050781	8497.695313
2202.863281	8395.636719
2199.674805	8258.389648
2196.485352	8211.391602
2193.292969	8184.800781
2190.100586	7978.939453
2186.905273	7965.781250
2183.709961	7822.787598
2180.511719	7680.708496
2177.312500	7605.965820
2174.112305	7503.953125
2170.910156	7366.901855
2167.706055	7285.382324
2164.500977	7172.737793
2161.294922	7064.875000
2158.085938	6976.593262
2154.876953	6880.603516
2151.665039	6686.609863
2148.452148	6723.905273
2145.238281	6663.163574
2142.022461	6533.288574
2138.804688	6474.244141
2135.585938	6380.303223
2132.365234	6263.160645
2129.143555	6195.010254
2125.919922	6168.026855
2122.695313	5985.253418
2119.468750	5934.371094
2116.240234	5847.910156
2113.010742	5746.047363
2109.780273	5622.615234
2106.546875	5544.152832
2103.312500	5563.158691
2100.077148	5435.347656
2096.839844	5330.823730
2093.600586	5303.585449
2090.360352	5201.534180
2087.119141	5125.797363
2083.875000	5112.563477
2080.629883	5013.054688
2077.383789	4946.750488
2074.135742	4836.636230
2070.885742	4844.329102
2067.634766	4769.736816
2064.381836	4636.033203
2061.127930	4636.892090
2057.871094	4480.340820
2054.614258	4414.499512
2051.355469	4434.635254
2048.094727	4357.374512
2044.832031	4286.316895
2041.568359	4184.685059
2038.303711	4150.525391
2035.037109	4115.631836
2031.768555	4008.868408
2028.498047	3932.787598
2025.226563	3859.834961
2021.954102	3851.874268
2018.678711	3798.876709
2015.403320	3696.328857
2012.125000	3662.521484
2008.845703	3608.924316
2005.564453	3541.661865
2002.282227	3536.152832
1998.998047	3446.149658
1995.712891	3398.841064
1992.424805	3292.256348
1989.136719	3287.632568
1985.845703	3276.933838
1982.553711	3189.543213
1979.260742	3080.981934
1975.964844	3124.260986
1972.667969	3007.491699
1969.370117	3024.991455
1966.070313	3003.836426
1962.768555	2920.608154
1959.465820	2851.082520
1956.161133	2842.898682
1952.854492	2763.645752
1949.546875	2755.509766
1946.237305	2665.797852
1942.925781	2680.365723
1939.613281	2602.094482
1936.298828	2538.229736
1932.982422	2551.327393
1929.665039	2519.950439
1926.346680	2462.993896
1923.025391	2363.931885
1919.703125	2422.233398
1916.378906	2347.353027
1913.053711	2374.782471
1909.726563	2271.443115
1906.397461	2259.827637
1903.067383	2253.477295
1899.735352	2201.364014
1896.401367	2154.550049
1893.066406	2143.760010
1889.729492	2062.554443
1886.390625	2083.268799
1883.050781	2089.741455
1879.708984	2031.121094
1876.365234	1947.881348
1873.020508	1959.639526
1869.673828	1923.576172
1866.326172	1868.134033
1862.975586	1853.791260
1859.624023	1797.689697
1856.271484	1824.399780
1852.916016	1797.428589
1849.559570	1761.544922
1846.202148	1745.051880
1842.841797	1655.651123
1839.480469	1671.205688
1836.118164	1681.540649
1832.752930	1632.422852
1829.386719	1590.036499
1826.018555	1557.340698
1822.649414	1550.643921
1819.278320	1539.503662
1815.905273	1476.488892
1812.531250	1432.797363
1809.154297	1434.317383
1805.777344	1429.914429
1802.397461	1373.732056
1799.016602	1395.980225
1795.633789	1390.861694
1792.249023	1327.392700
1788.863281	1316.405151
1785.475586	1308.379761
1782.085938	1300.361694
1778.694336	1246.643188
1775.301758	1221.714355
1771.907227	1198.282593
1768.510742	1191.068359
1765.113281	1147.072021
1761.713867	1156.068115
1758.312500	1154.764160
1754.910156	1123.338867
1751.505859	1083.866333
1748.099609	1058.377686
1744.691406	1060.056885
1741.282227	1053.668457
1737.871094	1039.957031
1734.458008	996.957886
1731.042969	995.001587
1727.626953	989.387878
1724.208984	972.076294
1720.790039	936.504578
1717.368164	947.002441
1713.945313	906.364990
1710.520508	910.296692
1707.093750	965.298096
1703.666016	893.352173
1700.236328	888.536438
1696.804688	830.541382
1693.371094	840.324463
1689.936523	832.629761
1686.500000	814.757813
1683.061523	767.819214
1679.622070	835.751892
1676.179688	781.584961
1672.736328	757.964233
1669.291016	759.039063
1665.844727	699.187439
1662.396484	725.662598
1658.945313	697.767822
1655.494141	700.317566
1652.040039	686.215820
1648.584961	678.639221
1645.126953	660.222900
1641.668945	638.933472
1638.208008	649.451294
1634.745117	620.967346
1631.281250	631.483093
1627.815430	631.889343
1624.347656	594.804260
1620.878906	570.006348
1617.408203	573.322876
1613.935547	575.196106
1610.460938	543.249023
1606.984375	537.223938
1603.506836	524.016541
1600.027344	528.065002
1596.545898	494.768219
1593.062500	508.875153
1589.577148	518.663513
1586.090820	484.703705
1582.602539	498.077179
1579.112305	464.877625
1575.620117	478.247192
1572.126953	470.851318
1568.630859	441.290833
1565.133789	429.631378
1561.634766	433.702454
1558.133789	417.773285
1554.631836	394.722107
1551.127930	418.066498
1547.621094	387.194275
1544.114258	405.529633
1540.604492	391.078430
1537.092773	372.369659
1533.580078	380.009857
1530.065430	349.233582
1526.548828	356.877411
1523.030273	365.934448
1519.509766	352.966217
1515.988281	337.171539
1512.463867	353.319122
1508.938477	349.594910
1505.411133	344.456787
1501.882813	308.154114
1498.351563	313.662476
1494.818359	308.549866
1491.284180	298.491028
1487.748047	295.511902
1484.209961	281.229919
1480.669922	283.206055
1477.128906	284.474152
1473.584961	261.047180
1470.040039	271.492249
1466.493164	265.715790
1462.944336	264.171844
1459.393555	251.363739
1455.840820	256.162079
1452.287109	243.370850
1448.730469	252.386307
1445.172852	238.907089
1441.613281	217.013779
1438.051758	230.942215
1434.488281	225.913315
1430.922852	222.291901
1427.356445	213.767929
1423.787109	215.059845
1420.216797	201.646927
1416.644531	212.040985
1413.070313	221.025421
1409.494141	188.754272
1405.916016	185.164047
1402.336914	193.449783
1398.754883	182.182480
1395.171875	174.414902
1391.585938	170.141724
1387.999023	173.539230
1384.410156	163.001419
1380.819336	163.614029
1377.226563	178.839249
1373.632813	155.795410
1370.036133	155.715378
1366.438477	147.992554
1362.837891	144.444244
1359.236328	152.698990
1355.632813	144.295654
1352.027344	152.541840
1348.419922	146.919159
1344.810547	149.614090
1341.199219	138.460159
1337.585938	141.848480
1333.970703	135.551025
1330.354492	132.024918
1326.735352	135.411102
1323.115234	132.579086
1319.493164	126.299141
1315.869141	133.131866
1312.242188	108.932411
1308.614258	117.834198
1304.984375	120.528122
1301.353516	114.958694
1297.719727	109.394981
1294.083984	99.023346
1290.446289	97.597382
1286.807617	95.485893
1283.166016	96.809517
1279.523438	92.641830
1275.877930	93.965462
1272.231445	99.400810
1268.582031	97.978790
1264.931641	78.068329
1261.279297	82.134422
1257.625000	84.828049
1253.968750	83.416382
1250.310547	78.589218
1246.650391	84.012466
1242.988281	78.507271
1239.324219	76.419357
1235.658203	81.153175
1231.990234	84.518806
1228.320313	79.024666
1224.648438	69.450882
1220.975586	78.261513
1217.299805	70.738594
1213.622070	57.784931
1209.943359	65.228798
1206.261719	59.082626
1202.578125	61.087921
1198.893555	63.769478
1195.206055	65.092102
1191.517578	62.347191
1187.826172	69.087753
1184.133789	64.989609
1180.438477	54.806156
1176.742188	54.777336
1173.042969	62.183498
1169.342773	46.613075
1165.639648	51.990097
1161.935547	58.036266
1158.228516	61.378098
1154.520508	55.278572
1150.809570	55.249405
1147.097656	51.179737
1143.382813	48.460461
1139.666992	45.071327
1135.948242	47.064556
1132.227539	40.991707
1128.505859	42.313301
1124.781250	46.989891
1121.055664	41.597576
1117.327148	47.610695
1113.596680	40.213062
1109.865234	41.531460
1106.130859	40.839916
1102.394531	42.156540
1098.657227	38.790173
1094.916992	40.106441
1091.174805	36.076611
1087.430664	39.396072
1083.684570	34.703484
1079.936523	32.016933
1076.186523	28.666559
1072.434570	39.312225
1068.680664	31.299822
1064.924805	40.601505
1061.166992	29.270702
1057.406250	33.909290
1053.644531	32.562111
1049.880859	36.529778
1046.114258	23.897615
1042.346680	29.192570
1038.576172	31.166285
1034.803711	31.812351
1031.030273	31.795309
1027.253906	29.130077
1023.475586	30.437841
1019.695313	31.082848
1015.913086	31.066162
1012.128906	24.443207
1008.342773	23.109528
1004.553711	17.157848
