4046.277344	229.548981
4043.892578	225.356308
4041.505859	257.747894
4039.119141	273.356415
4036.731445	237.652969
4034.342773	256.396484
4031.952148	253.156952
4029.561523	246.782837
4027.169922	251.911713
4024.777344	265.395386
4022.383789	264.246002
4019.989258	270.405701
4017.593750	285.953094
4015.197266	274.364563
4012.799805	271.127533
4010.401367	285.613525
4008.001953	263.618927
4005.601563	271.846893
4003.201172	279.027130
4000.798828	279.957153
3998.395508	289.208923
3995.991211	309.892273
3993.585938	296.255768
3991.180664	318.997833
3988.773438	308.484375
3986.365234	331.203339
3983.957031	336.260834
3981.546875	313.303589
3979.135742	334.956238
3976.724609	336.896057
3974.311523	308.784729
3971.898438	315.912140
3969.483398	331.316681
3967.068359	330.149628
3964.651367	370.364960
3962.234375	365.046539
3959.815430	361.799683
3957.396484	356.488708
3954.975586	358.412079
3952.554688	375.820953
3950.131836	357.093597
3947.708984	383.773682
3945.284180	395.995026
3942.859375	405.113983
3940.432617	410.103851
3938.005859	402.729645
3935.577148	387.124512
3933.148438	407.552856
3930.718750	398.130646
3928.287109	428.821442
3925.855469	425.565613
3923.421875	439.780182
3920.988281	422.142761
3918.552734	425.053345
3916.117188	435.145447
3913.680664	432.918854
3911.242188	468.635986
3908.803711	436.671021
3906.363281	424.199707
3903.922852	450.658844
3901.480469	439.215515
3899.038086	467.693878
3896.593750	479.781342
3894.149414	495.949219
3891.703125	486.549835
3889.256836	508.832184
3886.808594	518.840332
3884.360352	514.547302
3881.910156	518.421692
3879.459961	527.393250
3877.007813	514.943970
3874.555664	507.600983
3872.101563	519.622253
3869.646484	527.559814
3867.191406	570.104248
3864.734375	537.309387
3862.277344	544.212463
3859.818359	578.563599
3857.358398	587.476868
3854.897461	581.143005
3852.436523	561.611633
3849.973633	574.581055
3847.509766	609.864258
3845.044922	605.559570
3842.579102	585.035339
3840.113281	582.770813
3837.645508	619.005920
3835.176758	612.678345
3832.707031	622.552246
3830.236328	646.584045
3827.764648	612.943115
3825.291992	625.837402
3822.818359	668.029480
3820.343750	642.502014
3817.868164	686.672180
3815.390625	691.439575
3812.913086	694.184937
3810.434570	689.867737
3807.955078	705.717224
3805.473633	721.553589
3802.992188	729.318054
3800.509766	735.062134
3798.025391	747.846924
3795.541016	761.627197
3793.054688	754.276306
3790.568359	755.978760
3788.080078	779.786926
3785.591797	774.445862
3783.101563	772.121094
3780.610352	777.827148
3778.119141	828.674011
3775.625977	815.298157
3773.131836	837.017517
3770.636719	838.678772
3768.140625	872.389404
3765.643555	823.975098
3763.145508	858.664429
3760.646484	901.328003
3758.146484	861.960144
3755.645508	885.595520
3753.143555	900.219116
3750.639648	905.841858
3748.135742	936.417603
3745.630859	935.035034
3743.124023	938.640808
3740.617188	950.219971
3738.108398	993.682922
3735.599609	989.289185
3733.088867	990.873901
3730.577148	1044.220093
3728.064453	1093.541870
3725.551758	1054.301270
3723.037109	1062.814941
3720.521484	1047.469971
3718.004883	1109.622192
3715.487305	1087.318970
3712.967773	1100.766724
3710.448242	1121.148071
3707.927734	1118.702026
3705.406250	1123.197021
3702.882813	1170.298218
3700.359375	1138.118042
3697.833984	1200.025391
3695.308594	1169.838135
3692.781250	1217.830322
3690.252930	1232.160278
3687.723633	1253.397217
3685.193359	1242.009888
3682.662109	1241.495850
3680.129883	1317.987915
3677.596680	1274.020874
3675.062500	1312.950684
3672.527344	1325.225098
3669.990234	1304.963501
3667.453125	1346.786621
3664.915039	1306.835938
3662.375000	1357.482544
3659.833984	1369.711060
3657.292969	1367.175415
3654.750000	1407.901001
3652.206055	1424.023315
3649.661133	1407.714111
3647.115234	1468.009888
3644.568359	1439.916626
3642.019531	1460.902832
3639.470703	1448.526611
3636.920898	1468.510620
3634.369141	1524.734131
3631.817383	1492.755615
3629.263672	1500.945923
3626.708984	1528.702637
3624.153320	1575.022949
3621.596680	1588.056763
3619.039063	1606.944092
3616.480469	1602.365845
3613.920898	1648.576538
3611.360352	1667.413574
3608.797852	1659.887085
3606.235352	1699.186523
3603.670898	1748.202881
3601.105469	1752.345825
3598.540039	1814.936890
3595.972656	1774.252930
3593.404297	1860.142822
3590.834961	1814.608032
3588.264648	1883.874390
3585.692383	1884.058472
3583.120117	1889.100708
3580.545898	1977.674561
3577.971680	1893.345215
3575.395508	1961.460571
3572.818359	1991.683228
3570.240234	1996.666992
3567.661133	2038.480225
3565.081055	2050.221436
3562.500000	2042.582275
3559.917969	2079.481445
3557.333984	2151.186035
3554.750000	2125.133789
3552.164063	2159.049316
3549.577148	2143.645508
3546.989258	2217.132568
3544.400391	2280.900635
3541.810547	2270.289551
3539.219727	2326.261475
3536.626953	2342.643311
3534.034180	2369.615234
3531.439453	2385.000244
3528.844727	2449.496338
3526.248047	2470.610352
3523.650391	2492.667969
3521.051758	2540.681152
3518.451172	2592.499268
3515.850586	2585.639648
3513.249023	2683.512207
3510.645508	2632.440186
3508.041016	2722.529053
3505.436523	2792.389893
3502.830078	2802.721924
3500.222656	2756.476563
3497.613281	2777.355469
3495.003906	2829.828613
3492.393555	2836.293945
3489.781250	2901.139404
3487.167969	2917.135010
3484.553711	3045.965088
3481.938477	3024.602295
3479.322266	3055.811523
3476.705078	3098.454834
3474.086914	3144.880371
3471.466797	3170.270264
3468.845703	3229.025146
3466.224609	3323.963135
3463.601563	3345.429932
3460.977539	3432.614502
3458.351563	3409.256592
3455.725586	3480.156006
3453.098633	3518.643311
3450.469727	3504.786621
3447.839844	3666.818848
3445.208984	3668.113770
3442.577148	3671.306152
3439.944336	3641.262939
3437.310547	3785.874756
3434.674805	3805.137451
3432.039063	3940.072021
3429.401367	3920.387939
3426.762695	3988.833740
3424.123047	4011.761475
3421.481445	4092.414551
3418.839844	4218.418457
3416.197266	4180.680664
3413.552734	4237.519531
3410.907227	4282.022949
3408.260742	4308.538574
3405.613281	4426.622559
3402.963867	4481.367188
3400.314453	4532.290039
3397.663086	4531.300781
3395.011719	4578.385742
3392.358398	4643.331543
3389.704102	4737.417969
3387.047852	4704.329102
3384.391602	4845.357422
3381.733398	4908.192383
3379.075195	4934.303223
3376.415039	5000.802734
3373.753906	5025.909180
3371.090820	5128.931641
3368.427734	5203.706055
3365.762695	5259.650879
3363.097656	5349.307129
3360.430664	5355.455566
3357.762695	5418.755371
3355.092773	5511.970703
3352.422852	5616.339355
3349.750977	5613.934570
3347.079102	5662.977539
3344.405273	5763.402344
3341.729492	5787.102051
3339.053711	5919.147461
3336.376953	5940.888672
3333.698242	6047.549805
3331.018555	6142.921875
3328.337891	6269.918457
3325.656250	6268.160156
3322.973633	6437.853516
3320.289063	6482.591309
3317.604492	6493.772461
3314.917969	6585.904785
3312.230469	6722.605957
3309.541016	6761.558105
3306.851563	6944.533203
3304.160156	6935.973145
3301.467773	7052.780273
3298.774414	7103.582520
3296.080078	7212.791016
3293.384766	7292.226074
3290.687500	7418.868164
3287.990234	7445.325195
3285.291016	7583.829102
3282.589844	7705.546387
3279.888672	7657.806152
3277.186523	7711.856445
3274.482422	7957.253418
3271.777344	7963.064453
3269.071289	8165.641602
3266.364258	8213.830078
3263.655273	8356.123047
3260.945313	8467.843750
3258.234375	8575.777344
3255.522461	8633.836914
3252.809570	8806.099609
3250.095703	8987.422852
3247.379883	9060.872070
3244.663086	9135.174805
3241.945313	9232.407227
3239.226563	9389.316406
3236.505859	9532.301758
3233.784180	9700.882813
3231.061523	9636.998047
3228.337891	9865.959961
3225.613281	9959.855469
3222.886719	10223.322266
3220.160156	10239.059570
3217.431641	10356.486328
3214.702148	10465.564453
3211.970703	10529.687500
3209.239258	10594.666992
3206.505859	10783.982422
3203.771484	10921.931641
3201.035156	11195.924805
3198.298828	11169.142578
3195.560547	11344.171875
3192.821289	11384.879883
3190.081055	11673.693359
3187.339844	11768.930664
3184.596680	11930.621094
3181.853516	11892.636719
3179.108398	12147.018555
3176.361328	12327.439453
3173.614258	12426.718750
3170.865234	12607.763672
3168.115234	12675.916992
3165.364258	12931.205078
3162.612305	12930.117188
3159.858398	12939.013672
3157.104492	13084.937500
3154.347656	13368.617188
3151.590820	13373.672852
3148.833008	13630.687500
3146.073242	13672.760742
3143.312500	13930.318359
3140.550781	14038.293945
3137.787109	14168.791016
3135.023438	14328.110352
3132.257813	14515.309570
3129.491211	14467.407227
3126.722656	14851.270508
3123.954102	14968.468750
3121.183594	15028.707031
3118.412109	15201.640625
3115.638672	15437.532227
3112.865234	15452.413086
3110.089844	15552.855469
3107.313477	15955.751953
3104.536133	15840.765625
3101.756836	16092.933594
3098.976563	16147.039063
3096.195313	16338.619141
3093.413086	16534.517578
3090.628906	16657.498047
3087.844727	16976.955078
3085.058594	17133.720703
3082.270508	17458.062500
3079.482422	17566.953125
3076.692383	17715.173828
3073.901367	17866.841797
3071.109375	18073.880859
3068.315430	18235.986328
3065.520508	18511.550781
3062.724609	18488.224609
3059.927734	18851.011719
3057.128906	19114.314453
3054.329102	19170.210938
3051.528320	19439.376953
3048.726563	19777.892578
3045.922852	19828.056641
3043.118164	20158.068359
3040.312500	20127.818359
3037.505859	20211.587891
3034.697266	20460.859375
3031.887695	20944.818359
3029.077148	21093.029297
3026.264648	21301.558594
3023.452148	21437.027344
3020.637695	21684.291016
3017.821289	21719.130859
3015.004883	22078.750000
3012.186523	22147.966797
3009.367188	22416.625000
3006.545898	22714.287109
3003.724609	22863.732422
3000.901367	23331.828125
2998.077148	23346.314453
2995.250977	23537.728516
2992.423828	23593.662109
2989.595703	23936.828125
2986.766602	24561.541016
2983.935547	24541.857422
2981.104492	24559.259766
2978.270508	24997.544922
2975.436523	24919.458984
2972.600586	25301.642578
2969.763672	25419.990234
2966.925781	25572.580078
2964.085938	25910.800781
2961.245117	26223.193359
2958.403320	26339.134766
2955.560547	26556.083984
2952.715820	26819.412109
2949.870117	26797.865234
2947.023438	27238.218750
2944.174805	27348.148438
2941.325195	27679.937500
2938.474609	27911.453125
2935.622070	28174.310547
2932.768555	28178.457031
2929.914063	28501.375000
2927.058594	28520.238281
2924.201172	28760.449219
2921.342773	29083.529297
2918.483398	29168.523438
2915.622070	29432.568359
2912.759766	29872.808594
2909.896484	30141.527344
2907.032227	30107.181641
2904.166016	30121.707031
2901.298828	30694.220703
2898.429688	30525.435547
2895.559570	30990.966797
2892.688477	31125.197266
2889.816406	31443.810547
2886.942383	31394.138672
2884.067383	31652.330078
2881.191406	31971.992188
2878.314453	32095.882813
2875.435547	32463.675781
2872.554688	32710.474609
2869.673828	32852.929688
2866.791016	33196.445313
2863.907227	33307.332031
2861.021484	33499.554688
2858.134766	33632.699219
2855.247070	33952.710938
2852.358398	34063.882813
2849.467773	34302.089844
2846.576172	34420.765625
2843.682617	34567.843750
2840.789063	34755.378906
2837.893555	35118.863281
2834.996094	35335.304688
2832.097656	35374.703125
2829.198242	35682.210938
2826.297852	35601.605469
2823.395508	36049.128906
2820.492188	35880.578125
2817.587891	36389.523438
2814.681641	36478.179688
2811.774414	36366.386719
2808.866211	36728.281250
2805.956055	36536.550781
2803.044922	37298.199219
2800.131836	37084.906250
2797.218750	37719.480469
2794.303711	37572.203125
2791.386719	37720.781250
2788.468750	37840.085938
2785.549805	37910.453125
2782.629883	38200.753906
2779.708008	38143.375000
2776.785156	38479.472656
2773.860352	38758.832031
2770.935547	38778.152344
2768.007813	38700.074219
2765.080078	38754.382813
2762.150391	38655.878906
2759.219727	39030.007813
2756.287109	39098.554688
2753.353516	39187.480469
2750.418945	39419.421875
2747.482422	39548.972656
2744.544922	39433.281250
2741.606445	39575.441406
2738.666016	39593.320313
2735.724609	39983.429688
2732.782227	39477.769531
2729.837891	39864.160156
2726.892578	39989.617188
2723.945313	39897.765625
2720.997070	39545.644531
2718.047852	39918.542969
2715.097656	39969.144531
2712.145508	39922.300781
2709.191406	39859.402344
2706.237305	39890.464844
2703.281250	39805.625000
2700.323242	39666.746094
2697.364258	39819.488281
2694.404297	39770.230469
2691.443359	39898.277344
2688.480469	39744.375000
2685.515625	39653.851563
2682.550781	39641.800781
2679.583984	39896.023438
2676.615234	39527.570313
2673.646484	39305.082031
2670.674805	39579.273438
2667.703125	39395.632813
2664.729492	39139.839844
2661.754883	39046.457031
2658.778320	38954.828125
2655.800781	38791.062500
2652.821289	38622.402344
2649.840820	38272.691406
2646.859375	38481.695313
2643.876953	38292.414063
2640.892578	38084.863281
2637.906250	38285.257813
2634.918945	37909.652344
2631.930664	37736.820313
2628.941406	37500.582031
2625.950195	37476.839844
2622.957031	37588.445313
2619.963867	37206.433594
2616.967773	37083.500000
2613.971680	37049.097656
2610.973633	36832.089844
2607.974609	36441.902344
2604.973633	36486.117188
2601.971680	36149.714844
2598.967773	36031.687500
2595.962891	35759.839844
2592.957031	35435.003906
2589.949219	35272.542969
2586.940430	34740.488281
2583.929688	34818.476563
2580.917969	34747.796875
2577.905273	34485.503906
2574.890625	34317.156250
2571.875000	34231.015625
2568.857422	34117.601563
2565.838867	33652.296875
2562.819336	33562.406250
2559.797852	33231.804688
2556.775391	33026.378906
2553.750977	32469.789063
2550.725586	32366.515625
2547.698242	32056.841797
2544.669922	31769.732422
2541.640625	31694.945313
2538.609375	31328.238281
2535.577148	31299.869141
2532.542969	30969.091797
2529.507813	30685.558594
2526.471680	30534.822266
2523.433594	30229.507813
2520.393555	30031.392578
2517.353516	29576.115234
2514.310547	29665.261719
2511.267578	29443.828125
2508.222656	29165.937500
2505.175781	28742.218750
2502.127930	28482.113281
2499.079102	28143.527344
2496.028320	27842.121094
2492.976563	27636.001953
2489.922852	27416.146484
2486.868164	27142.468750
2483.812500	26940.203125
2480.754883	26660.437500
2477.695313	26318.810547
2474.634766	25804.310547
2471.573242	25597.281250
2468.509766	25659.753906
2465.445313	25283.289063
2462.378906	25090.621094
2459.311523	24612.873047
2456.242188	24366.097656
2453.171875	24202.591797
2450.100586	23974.121094
2447.027344	23503.431641
2443.953125	23389.314453
2440.876953	22994.085938
2437.799805	22816.115234
2434.720703	22705.699219
2431.640625	22480.126953
2428.558594	22229.607422
2425.475586	21967.148438
2422.390625	21598.750000
2419.304688	21308.458984
2416.217773	21173.087891
2413.128906	20951.232422
2410.038086	20581.531250
2406.946289	20371.460938
2403.853516	20105.812500
2400.758789	19770.117188
2397.663086	19624.486328
2394.565430	19495.935547
2391.466797	19296.501953
2388.366211	19053.703125
2385.264648	18838.527344
2382.161133	18466.449219
2379.056641	18313.738281
2375.950195	18197.380859
2372.842773	17814.835938
2369.734375	17792.083984
2366.624023	17291.115234
2363.511719	17426.882813
2360.398438	17031.730469
2357.284180	16944.347656
2354.167969	16673.324219
2351.049805	16552.500000
2347.930664	16253.044922
2344.810547	16064.419922
2341.688477	15800.693359
2338.564453	15683.678711
2335.439453	15459.565430
2332.313477	15190.875977
2329.185547	15112.658203
2326.056641	14957.014648
2322.925781	14617.849609
2319.792969	14576.708008
2316.660156	14391.201172
2313.524414	14114.958008
2310.387695	14003.954102
2307.250000	13861.182617
2304.110352	13729.687500
2300.969727	13413.657227
2297.827148	13455.120117
2294.682617	13148.250977
2291.537109	13159.585938
2288.390625	12892.854492
2285.242188	12749.448242
2282.092773	12417.273438
2278.941406	12419.391602
2275.788086	12208.994141
2272.633789	11867.221680
2269.478516	11932.958008
2266.321289	11713.569336
2263.162109	11518.125977
2260.001953	11371.910156
2256.840820	11244.012695
2253.676758	10967.646484
2250.512695	10945.908203
2247.346680	10708.625000
2244.178711	10608.097656
2241.009766	10406.686523
2237.838867	10363.947266
2234.666992	10099.783203
2231.493164	10187.201172
2228.318359	9987.925781
2225.141602	9784.113281
2221.963867	9718.936523
2218.784180	9682.910156
2215.602539	9433.936523
2212.419922	9288.882813
2209.236328	9213.056641
2206.050781	9120.818359
2202.863281	8872.563477
2199.674805	8750.772461
2196.485352	8712.162109
2193.292969	8584.289063
2190.100586	8512.904297
2186.905273	8343.762695
2183.709961	8278.810547
2180.511719	8124.006348
2177.312500	7999.041016
2174.112305	7879.658691
2170.910156	7846.265625
2167.706055	7671.657227
2164.500977	7547.130371
2161.294922	7506.137695
2158.085938	7294.525879
2154.876953	7309.764648
2151.665039	7148.265625
2148.452148	7034.383301
2145.238281	6961.827637
2142.022461	6804.602051
2138.804688	6743.875000
2135.585938	6758.539551
2132.365234	6596.968262
2129.143555	6565.127930
2125.919922	6426.288086
2122.695313	6299.980957
2119.468750	6321.007813
2116.240234	6054.689453
2113.010742	6091.290039
2109.780273	5972.336426
2106.546875	5837.252930
2103.312500	5809.740234
2100.077148	5783.797363
2096.839844	5692.235840
2093.600586	5492.695801
2090.360352	5454.590332
2087.119141	5432.712891
2083.875000	5402.375488
2080.629883	5305.810059
2077.383789	5181.613281
2074.135742	5131.421875
2070.885742	5112.817871
2067.634766	5014.259766
2064.381836	4842.010742
2061.127930	4812.042969
2057.871094	4763.673828
2054.614258	4726.860840
2051.355469	4578.851074
2048.094727	4532.957520
2044.832031	4508.564453
2041.568359	4430.572754
2038.303711	4420.030273
2035.037109	4297.766113
2031.768555	4264.346680
2028.498047	4214.902344
2025.226563	4144.106934
2021.954102	4078.724609
2018.678711	3997.371094
2015.403320	3942.038574
2012.125000	3844.045898
2008.845703	3871.169922
2005.564453	3743.585205
2002.282227	3637.446777
1998.998047	3652.446777
1995.712891	3576.125488
1992.424805	3548.548828
1989.136719	3546.842529
1985.845703	3406.096680
1982.553711	3336.110352
1979.260742	3341.335938
1975.964844	3250.961182
1972.667969	3240.295410
1969.370117	3179.614014
1966.070313	3128.838379
1962.768555	3057.665527
1959.465820	3025.916748
1956.161133	2968.476563
1952.854492	2909.578369
1949.546875	2944.450439
1946.237305	2786.661377
1942.925781	2844.207764
1939.613281	2793.025635
1936.298828	2692.107666
1932.982422	2625.213379
1929.665039	2648.057861
1926.346680	2652.802490
1923.025391	2516.759521
1919.703125	2565.204590
1916.378906	2487.998779
1913.053711	2423.646240
1909.726563	2409.698242
1906.397461	2328.921631
1903.067383	2289.508789
1899.735352	2318.409912
1896.401367	2296.286865
1893.066406	2249.448730
1889.729492	2222.883545
1886.390625	2238.278320
1883.050781	2161.594971
1879.708984	2102.939697
1876.365234	2042.097534
1873.020508	2035.125244
1869.673828	2034.882080
1866.326172	1978.639160
1862.975586	1953.794556
1859.624023	1970.745239
1856.271484	1931.015747
1852.916016	1865.987305
1849.559570	1884.443359
1846.202148	1783.020142
1842.841797	1750.897583
1839.480469	1778.305542
1836.118164	1723.913696
1832.752930	1692.607788
1829.386719	1672.471802
1826.018555	1637.508789
1822.649414	1610.740601
1819.278320	1588.447388
1815.905273	1549.127441
1812.531250	1513.549561
1809.154297	1495.777588
1805.777344	1473.581665
1802.397461	1442.529663
1799.016602	1464.004761
1795.633789	1437.420898
1792.249023	1407.169189
1788.863281	1355.535645
1785.475586	1348.228882
1782.085938	1348.304688
1778.694336	1301.934814
1775.301758	1338.875122
1771.907227	1268.250000
1768.510742	1255.112183
1765.113281	1264.795898
1761.713867	1185.484619
1758.312500	1201.807373
1754.910156	1181.379272
1751.505859	1152.893066
1748.099609	1146.453491
1744.691406	1114.343506
1741.282227	1092.530273
1737.871094	1072.936646
1734.458008	1086.325195
1731.042969	1052.842041
1727.626953	1038.418213
1724.208984	999.870789
1720.790039	986.948608
1717.368164	1014.227905
1713.945313	953.837769
1710.520508	980.375671
1707.093750	930.275940
1703.666016	923.981384
1700.236328	948.306763
1696.804688	909.952759
1693.371094	873.820923
1689.936523	884.305176
1686.500000	827.852112
1683.061523	811.445313
1679.622070	821.943787
1676.179688	807.734619
1672.736328	779.018799
1669.291016	793.145020
1665.844727	763.013672
1662.396484	746.685791
1658.945313	739.068726
1655.494141	737.976868
1652.040039	746.295898
1648.584961	718.431519
1645.126953	684.086365
1641.668945	685.191101
1638.208008	655.230591
1634.745117	642.629028
1631.281250	650.247131
1627.815430	646.316040
1624.347656	610.665649
1620.878906	633.420410
1617.408203	596.371033
1613.935547	604.711792
1610.460938	569.871826
1606.984375	576.059448
1603.506836	543.424561
1600.027344	527.346558
1596.545898	536.417786
1593.062500	529.689514
1589.577148	521.533020
1586.090820	500.478088
1582.602539	488.043976
1579.112305	503.557739
1575.620117	488.270325
1572.126953	499.474487
1568.630859	472.760529
1565.133789	451.792053
1561.634766	446.563507
1558.133789	437.055145
1554.631836	432.552612
1551.127930	445.176605
1547.621094	406.447021
1544.114258	428.336243
1540.604492	405.325378
1537.092773	371.657684
1533.580078	404.916870
1530.065430	393.332336
1526.548828	369.673798
1523.030273	365.223907
1519.509766	363.619110
1515.988281	371.243622
1512.463867	360.413879
1508.938477	343.921967
1505.411133	337.369202
1501.882813	318.071716
1498.351563	337.735901
1494.818359	315.626709
1491.284180	311.222870
1487.748047	295.511902
1484.209961	300.308350
1480.669922	288.856049
1477.128906	277.415222
1473.584961	307.612335
1470.040039	286.300903
1466.493164	274.173584
1462.944336	259.240631
1459.393555	285.160553
1455.840820	262.495758
1452.287109	268.692657
1448.730469	253.792358
1445.172852	243.123093
1441.613281	235.273834
1438.051758	234.451981
1434.488281	237.138824
1430.922852	234.914154
1427.356445	225.682861
1423.787109	209.455688
1420.216797	205.847900
1416.644531	195.245651
1413.070313	208.435364
1409.494141	195.046082
1405.916016	194.946304
1402.336914	196.941666
1398.754883	198.236862
1395.171875	193.949371
1391.585938	188.968887
1387.999023	179.114792
1384.410156	166.484360
1380.819336	176.146164
1377.226563	183.014481
1373.632813	166.228149
1370.036133	159.886337
1366.438477	164.667770
1362.837891	169.444214
1359.236328	160.333939
1355.632813	158.170242
1352.027344	149.768356
1348.419922	153.849304
1344.810547	135.068283
1341.199219	138.460159
1337.585938	142.540421
1333.970703	134.167847
1330.354492	136.172287
1326.735352	138.174591
1323.115234	140.865280
1319.493164	129.749939
1315.869141	128.303253
1312.242188	115.826866
1308.614258	125.414177
1304.984375	110.885872
1301.353516	112.893570
1297.719727	111.459038
1294.083984	112.776588
1290.446289	116.841934
1286.807617	108.537926
1283.166016	101.615669
1279.523438	112.542671
1275.877930	97.394859
1272.231445	102.142899
1268.582031	91.127129
1264.931641	90.394913
1261.279297	97.192398
1257.625000	90.984924
1253.968750	80.681419
1250.310547	88.839981
1246.650391	86.744583
1242.988281	86.699333
1239.324219	79.830933
1235.658203	89.336693
1231.990234	76.339569
1228.320313	70.168457
1224.648438	68.769989
1220.975586	63.970280
1217.299805	67.337700
1213.622070	73.420853
1209.943359	63.869869
1206.261719	77.418617
1202.578125	63.802940
1198.893555	70.553467
1195.206055	62.379932
1191.517578	60.314129
1187.826172	57.573132
1184.133789	57.542881
1180.438477	60.219112
1176.742188	57.482388
1173.042969	45.285809
1169.342773	56.070801
1165.639648	46.588528
1161.935547	55.336906
1158.228516	45.864952
1154.520508	51.233799
1150.809570	49.859219
1147.097656	46.465813
1143.382813	51.152710
1139.666992	54.489216
1135.948242	54.460415
1132.227539	45.023678
1128.505859	44.328220
1124.781250	47.661175
1121.055664	50.990578
1117.327148	38.893246
1113.596680	48.925892
1109.865234	41.531460
1106.130859	40.170410
1102.394531	40.149086
1098.657227	50.828499
1094.916992	44.117085
1091.174805	31.400011
1087.430664	34.054230
1083.684570	36.705608
1079.936523	36.686069
1076.186523	39.333183
1072.434570	35.314373
1068.680664	31.299822
1064.924805	31.948725
1061.166992	36.588379
1057.406250	33.909290
1053.644531	35.220245
1049.880859	28.559643
1046.114258	27.880550
1042.346680	31.182974
1038.576172	33.818733
1034.803711	36.451653
1031.030273	31.132906
1027.253906	29.792126
1023.475586	27.129379
1019.695313	29.098835
1015.913086	25.778305
1012.128906	25.764460
1008.342773	25.090343
1004.553711	19.797518
