4046.277344	231.645325
4043.892578	233.741669
4041.505859	242.031570
4039.119141	254.504242
4036.731445	242.887619
4034.342773	253.256927
4031.952148	247.926437
4029.561523	226.914719
4027.169922	250.866440
4024.777344	255.991608
4022.383789	269.468262
4019.989258	236.996506
4017.593750	269.255096
4015.197266	273.321350
4012.799805	283.641113
4010.401367	267.892975
4008.001953	282.374420
4005.601563	264.556000
4003.201172	291.520874
4000.798828	272.672028
3998.395508	289.208923
3995.991211	313.011993
3993.585938	292.097778
3991.180664	290.942657
3988.773438	288.749695
3986.365234	318.744293
3983.957031	309.276917
3981.546875	301.891876
3979.135742	324.586060
3976.724609	319.273804
3974.311523	319.146637
3971.898438	311.769043
3969.483398	336.493530
3967.068359	319.800110
3964.651367	331.052490
3962.234375	322.647369
3959.815430	348.361420
3957.396484	352.355530
3954.975586	357.379211
3952.554688	361.366302
3950.131836	355.029480
3947.708984	356.950806
3945.284180	354.745544
3942.859375	377.281708
3940.432617	339.005463
3938.005859	387.279663
3935.577148	383.006165
3933.148438	378.735992
3930.718750	375.497894
3928.287109	383.574097
3925.855469	391.643738
3923.421875	401.761810
3920.988281	397.492096
3918.552734	400.412567
3916.117188	430.014038
3913.680664	437.022339
3911.242188	413.261047
3908.803711	428.470612
3906.363281	439.569275
3903.922852	434.271271
3901.480469	419.763092
3899.038086	460.530060
3896.593750	463.413513
3894.149414	466.294525
3891.703125	441.574646
3889.256836	466.940369
3886.808594	462.666687
3884.360352	476.772980
3881.910156	459.231781
3879.459961	503.930908
3877.007813	474.156342
3874.555664	484.157562
3872.101563	467.660004
3869.646484	480.710846
3867.191406	524.292297
3864.734375	522.044922
3862.277344	555.401917
3859.818359	534.840881
3857.358398	533.607910
3854.897461	546.599548
3852.436523	539.269043
3849.973633	570.520386
3847.509766	551.008850
3845.044922	564.986023
3842.579102	568.812500
3840.113281	585.811340
3837.645508	570.376953
3835.176758	609.640259
3832.707031	601.294312
3830.236328	613.192383
3827.764648	613.954529
3825.291992	645.047302
3822.818359	656.912476
3820.343750	625.328247
3817.868164	657.387634
3815.390625	668.223389
3812.913086	655.843323
3810.434570	676.756226
3807.955078	672.447693
3805.473633	688.297607
3802.992188	710.178528
3800.509766	717.944214
3798.025391	714.631653
3795.541016	723.394958
3793.054688	726.116638
3790.568359	754.973450
3788.080078	787.825989
3785.591797	754.356445
3783.101563	782.161682
3780.610352	794.889160
3778.119141	796.570435
3775.625977	815.298157
3773.131836	815.966797
3770.636719	814.630615
3768.140625	837.333618
3765.643555	851.007080
3763.145508	825.638855
3760.646484	890.324036
3758.146484	881.959229
3755.645508	879.598267
3753.143555	922.200012
3750.639648	871.885254
3748.135742	907.466492
3745.630859	944.016174
3743.124023	915.698425
3740.617188	924.295837
3738.108398	890.028931
3735.599609	963.386353
3733.088867	1013.778503
3730.577148	985.488892
3728.064453	985.083252
3725.551758	975.726013
3723.037109	975.324097
3720.521484	994.798340
3718.004883	1029.157104
3715.487305	1069.445313
3712.967773	1033.271484
3710.448242	1067.571167
3707.927734	1056.221313
3705.406250	1086.517090
3702.882813	1091.023193
3700.359375	1099.487427
3697.833984	1139.628052
3695.308594	1154.992554
3692.781250	1136.707642
3690.252930	1153.048828
3687.723633	1160.479736
3685.193359	1168.892334
3682.662109	1143.716919
3680.129883	1218.275024
3677.596680	1203.954712
3675.062500	1221.211914
3672.527344	1208.873535
3669.990234	1233.013062
3667.453125	1286.688599
3664.915039	1272.367798
3662.375000	1326.966187
3659.833984	1303.783936
3657.292969	1329.799438
3654.750000	1331.213623
3652.206055	1351.298828
3649.661133	1350.737549
3647.115234	1359.013794
3644.568359	1366.301270
3642.019531	1418.714233
3639.470703	1397.529053
3636.920898	1417.534302
3634.369141	1487.497681
3631.817383	1412.436646
3629.263672	1488.217651
3626.708984	1545.340210
3624.153320	1536.870239
3621.596680	1522.539673
3619.039063	1540.476807
3616.480469	1546.673950
3613.920898	1596.814453
3611.360352	1628.364136
3608.797852	1632.563843
3606.235352	1669.923828
3603.670898	1715.052368
3601.105469	1702.640869
3598.540039	1718.490967
3595.972656	1721.668091
3593.404297	1768.644409
3590.834961	1836.013550
3588.264648	1834.273193
3585.692383	1821.839844
3583.120117	1858.004395
3580.545898	1925.221436
3577.971680	1900.141846
3575.395508	1936.226563
3572.818359	2003.324829
3570.240234	1986.000000
3567.661133	1996.799561
3565.081055	1984.335449
3562.500000	2073.574463
3559.917969	2090.130615
3557.333984	2066.996582
3554.750000	2166.727051
3552.164063	2103.937012
3549.577148	2140.746094
3546.989258	2190.082764
3544.400391	2189.162598
3541.810547	2205.617188
3539.219727	2179.603760
3536.626953	2305.030029
3534.034180	2261.642578
3531.439453	2314.654785
3528.844727	2343.541016
3526.248047	2347.368652
3523.650391	2411.824707
3521.051758	2459.871826
3518.451172	2479.990967
3515.850586	2561.609619
3513.249023	2493.273926
3510.645508	2627.638184
3508.041016	2576.610840
3505.436523	2623.503174
3502.830078	2610.885986
3500.222656	2653.887695
3497.613281	2667.142822
3495.003906	2733.074219
3492.393555	2826.718262
3489.781250	2804.466553
3487.167969	2891.302734
3484.553711	2904.425537
3481.938477	2917.536865
3479.322266	2965.035400
3476.705078	3019.178711
3474.086914	3037.950439
3471.466797	3044.299316
3468.845703	3154.619385
3466.224609	3151.376465
3463.601563	3113.823242
3460.977539	3254.457764
3458.351563	3243.555420
3455.725586	3359.264404
3453.098633	3333.101074
3450.469727	3337.393799
3447.839844	3504.250488
3445.208984	3494.210938
3442.577148	3561.119385
3439.944336	3629.869141
3437.310547	3648.258301
3434.674805	3738.730225
3432.039063	3718.176270
3429.401367	3830.340332
3426.762695	3825.869629
3424.123047	3884.854980
3421.481445	3955.148682
3418.839844	3970.498779
3416.197266	3990.563965
3413.552734	4076.792480
3410.907227	4159.166016
3408.260742	4197.070313
3405.613281	4258.546875
3402.963867	4316.194336
3400.314453	4367.187500
3397.663086	4430.395508
3395.011719	4469.040039
3392.358398	4530.263672
3389.704102	4556.585938
3387.047852	4696.797852
3384.391602	4643.036133
3381.733398	4748.285645
3379.075195	4838.399902
3376.415039	4887.083984
3373.753906	4940.421875
3371.090820	4990.895508
3368.427734	5025.368164
3365.762695	5055.119141
3363.097656	5203.945801
3360.430664	5242.028320
3357.762695	5370.030273
3355.092773	5392.083984
3352.422852	5458.119141
3349.750977	5490.407227
3347.079102	5571.307129
3344.405273	5652.136230
3341.729492	5627.283691
3339.053711	5761.266113
3336.376953	5789.611816
3333.698242	5932.740723
3331.018555	5907.803711
3328.337891	6001.327637
3325.656250	6099.430664
3322.973633	6147.129883
3320.289063	6132.382324
3317.604492	6291.744141
3314.917969	6368.143066
3312.230469	6336.570313
3309.541016	6509.580566
3306.851563	6490.052734
3304.160156	6571.801758
3301.467773	6782.555664
3298.774414	6720.232422
3296.080078	6937.231445
3293.384766	6959.285645
3290.687500	7077.728027
3287.990234	7090.432617
3285.291016	7204.081543
3282.589844	7274.117188
3279.888672	7329.283691
3277.186523	7349.250000
3274.482422	7534.703613
3271.777344	7524.060547
3269.071289	7763.779785
3266.364258	7786.286133
3263.655273	7888.150391
3260.945313	7986.234375
3258.234375	8163.542480
3255.522461	8230.998047
3252.809570	8363.814453
3250.095703	8423.751953
3247.379883	8624.491211
3244.663086	8613.401367
3241.945313	8667.626953
3239.226563	8870.752930
3236.505859	9005.690430
3233.784180	9140.509766
3231.061523	9239.397461
3228.337891	9316.167969
3225.613281	9401.127930
3222.886719	9434.655273
3220.160156	9578.150391
3217.431641	9840.631836
3214.702148	9795.152344
3211.970703	9881.538086
3209.239258	9996.211914
3206.505859	10185.787109
3203.771484	10260.910156
3201.035156	10459.338867
3198.298828	10582.687500
3195.560547	10604.572266
3192.821289	10826.314453
3190.081055	10994.036133
3187.339844	11003.850586
3184.596680	11147.643555
3181.853516	11367.840820
3179.108398	11343.774414
3176.361328	11537.289063
3173.614258	11692.416992
3170.865234	11888.333984
3168.115234	11928.617188
3165.364258	12031.563477
3162.612305	12021.784180
3159.858398	12233.546875
3157.104492	12283.578125
3154.347656	12540.392578
3151.590820	12702.676758
3148.833008	12623.725586
3146.073242	12817.533203
3143.312500	13007.546875
3140.550781	13109.588867
3137.787109	13219.680664
3135.023438	13424.632813
3132.257813	13447.701172
3129.491211	13495.142578
3126.722656	13849.625000
3123.954102	13888.716797
3121.183594	14062.228516
3118.412109	14223.857422
3115.638672	14309.606445
3112.865234	14354.720703
3110.089844	14367.360352
3107.313477	14605.996094
3104.536133	15000.125000
3101.756836	14907.195313
3098.976563	15091.312500
3096.195313	15310.320313
3093.413086	15476.122070
3090.628906	15493.591797
3087.844727	15787.527344
3085.058594	15944.813477
3082.270508	16280.439453
3079.482422	16390.744141
3076.692383	16367.425781
3073.901367	16766.005859
3071.109375	16908.169922
3068.315430	17141.486328
3065.520508	17266.355469
3062.724609	17512.712891
3059.927734	17584.566406
3057.128906	17739.433594
3054.329102	17877.195313
3051.528320	18030.001953
3048.726563	18302.222656
3045.922852	18468.076172
3043.118164	18511.656250
3040.312500	18794.873047
3037.505859	18901.494141
3034.697266	18959.945313
3031.887695	19374.269531
3029.077148	19339.945313
3026.264648	19648.820313
3023.452148	19903.208984
3020.637695	19970.830078
3017.821289	20266.570313
3015.004883	20572.695313
3012.186523	20522.820313
3009.367188	20772.685547
3006.545898	21011.691406
3003.724609	21080.382813
3000.901367	21363.304688
2998.077148	21491.957031
2995.250977	21693.037109
2992.423828	21824.072266
2989.595703	22137.962891
2986.766602	22302.248047
2983.935547	22323.304688
2981.104492	22475.873047
2978.270508	22648.593750
2975.436523	22961.394531
2972.600586	23055.271484
2969.763672	23255.687500
2966.925781	23345.812500
2964.085938	23652.443359
2961.245117	23789.824219
2958.403320	23920.916016
2955.560547	24272.587891
2952.715820	24235.468750
2949.870117	24482.130859
2947.023438	24659.197266
2944.174805	24835.222656
2941.325195	24950.546875
2938.474609	25110.486328
2935.622070	25351.794922
2932.768555	25428.164063
2929.914063	25594.662109
2927.058594	25743.498047
2924.201172	26135.443359
2921.342773	26353.859375
2918.483398	26501.261719
2915.622070	26738.531250
2912.759766	26981.695313
2909.896484	27270.033203
2907.032227	27394.917969
2904.166016	27655.759766
2901.298828	27604.222656
2898.429688	27858.621094
2895.559570	28022.189453
2892.688477	28324.921875
2889.816406	28656.966797
2886.942383	28690.312500
2884.067383	28874.923828
2881.191406	29181.917969
2878.314453	29402.619141
2875.435547	29571.878906
2872.554688	29743.582031
2869.673828	30048.738281
2866.791016	30366.623047
2863.907227	30652.140625
2861.021484	30783.162109
2858.134766	31031.845703
2855.247070	31275.103516
2852.358398	31159.894531
2849.467773	31561.138672
2846.576172	31903.228516
2843.682617	31988.347656
2840.789063	32107.933594
2837.893555	32378.494141
2834.996094	32584.939453
2832.097656	32595.380859
2829.198242	33043.808594
2826.297852	32858.378906
2823.395508	32945.320313
2820.492188	33500.593750
2817.587891	33765.312500
2814.681641	33444.785156
2811.774414	33598.339844
2808.866211	33922.796875
2805.956055	33897.281250
2803.044922	34285.695313
2800.131836	34308.089844
2797.218750	34574.117188
2794.303711	34423.960938
2791.386719	34809.687500
2788.468750	34830.906250
2785.549805	34903.480469
2782.629883	34984.539063
2779.708008	34914.917969
2776.785156	35170.355469
2773.860352	35373.406250
2770.935547	35626.679688
2768.007813	35655.074219
2765.080078	35841.378906
2762.150391	35622.156250
2759.219727	35931.968750
2756.287109	35931.996094
2753.353516	36009.566406
2750.418945	36019.757813
2747.482422	36212.140625
2744.544922	36038.382813
2741.606445	36558.921875
2738.666016	36295.859375
2735.724609	36378.089844
2732.782227	36645.429688
2729.837891	36628.902344
2726.892578	36654.816406
2723.945313	36919.089844
2720.997070	36680.253906
2718.047852	36759.472656
2715.097656	36750.500000
2712.145508	37013.363281
2709.191406	36921.304688
2706.237305	36857.242188
2703.281250	36991.964844
2700.323242	37174.738281
2697.364258	37024.425781
2694.404297	37136.898438
2691.443359	37066.070313
2688.480469	37084.734375
2685.515625	37061.203125
2682.550781	37080.675781
2679.583984	37163.316406
2676.615234	37205.441406
2673.646484	37177.640625
2670.674805	37281.968750
2667.703125	36863.011719
2664.729492	37173.347656
2661.754883	36828.750000
2658.778320	36922.082031
2655.800781	36575.367188
2652.821289	36672.062500
2649.840820	36609.281250
2646.859375	36378.011719
2643.876953	36220.695313
2640.892578	36169.058594
2637.906250	36361.953125
2634.918945	36250.851563
2631.930664	36092.160156
2628.941406	36025.578125
2625.950195	35488.496094
2622.957031	35491.566406
2619.963867	35652.441406
2616.967773	35612.843750
2613.971680	35194.515625
2610.973633	35000.867188
2607.974609	34893.238281
2604.973633	34664.062500
2601.971680	34475.050781
2598.967773	34473.488281
2595.962891	34393.707031
2592.957031	33789.242188
2589.949219	34136.246094
2586.940430	33403.644531
2583.929688	33533.730469
2580.917969	33168.953125
2577.905273	33144.683594
2574.890625	32947.089844
2571.875000	32855.773438
2568.857422	32559.044922
2565.838867	32622.841797
2562.819336	32332.263672
2559.797852	31991.464844
2556.775391	31721.269531
2553.750977	31518.271484
2550.725586	31322.886719
2547.698242	31098.763672
2544.669922	30702.292969
2541.640625	30580.960938
2538.609375	30218.886719
2535.577148	30125.896484
2532.542969	29965.410156
2529.507813	29791.882813
2526.471680	29502.421875
2523.433594	29145.738281
2520.393555	29110.158203
2517.353516	28747.386719
2514.310547	28690.636719
2511.267578	28305.371094
2508.222656	28386.789063
2505.175781	27956.042969
2502.127930	27590.482422
2499.079102	27352.333984
2496.028320	27093.906250
2492.976563	27009.363281
2489.922852	26593.292969
2486.868164	26334.726563
2483.812500	26188.455078
2480.754883	25855.072266
2477.695313	25704.236328
2474.634766	25290.496094
2471.573242	25206.994141
2468.509766	24932.587891
2465.445313	24652.716797
2462.378906	24439.138672
2459.311523	24188.261719
2456.242188	24001.960938
2453.171875	23692.875000
2450.100586	23577.765625
2447.027344	23144.681641
2443.953125	23044.552734
2440.876953	22793.337891
2437.799805	22449.738281
2434.720703	22331.371094
2431.640625	22102.724609
2428.558594	21763.142578
2425.475586	21717.402344
2422.390625	21507.976563
2419.304688	21170.738281
2416.217773	20811.132813
2413.128906	20650.957031
2410.038086	20352.585938
2406.946289	20208.121094
2403.853516	19786.556641
2400.758789	19766.884766
2397.663086	19456.529297
2394.565430	19210.214844
2391.466797	19069.806641
2388.366211	18813.406250
2385.264648	18592.699219
2382.161133	18283.574219
2379.056641	18138.998047
2375.950195	17928.552734
2372.842773	17589.576172
2369.734375	17453.546875
2366.624023	17198.683594
2363.511719	16928.787109
2360.398438	16857.478516
2357.284180	16702.755859
2354.167969	16548.171875
2351.049805	16433.019531
2347.930664	16055.071289
2344.810547	15889.772461
2341.688477	15776.670898
2338.564453	15527.602539
2335.439453	15462.765625
2332.313477	15176.482422
2329.185547	15011.949219
2326.056641	15005.747070
2322.925781	14687.321289
2319.792969	14445.012695
2316.660156	14329.771484
2313.524414	14080.668945
2310.387695	13835.779297
2307.250000	13650.066406
2304.110352	13604.669922
2300.969727	13434.351563
2297.827148	13281.690430
2294.682617	13098.950195
2291.537109	12867.097656
2288.390625	12790.373047
2285.242188	12677.982422
2282.092773	12483.149414
2278.941406	12307.533203
2275.788086	12129.699219
2272.633789	12023.359375
2269.478516	11715.102539
2266.321289	11559.162109
2263.162109	11471.429688
2260.001953	11354.505859
2256.840820	11309.642578
2253.676758	11075.133789
2250.512695	10953.808594
2247.346680	10681.778320
2244.178711	10579.684570
2241.009766	10511.604492
2237.838867	10324.522461
2234.666992	10157.316406
2231.493164	10092.670898
2228.318359	9908.400391
2225.141602	9795.917969
2221.963867	9635.552734
2218.784180	9645.956055
2215.602539	9470.087891
2212.419922	9325.016602
2209.236328	9111.770508
2206.050781	8963.860352
2202.863281	8879.623047
2199.674805	8699.025391
2196.485352	8664.358398
2193.292969	8561.572266
2190.100586	8415.037109
2186.905273	8363.327148
2183.709961	8213.105469
2180.511719	8084.133301
2177.312500	8021.703613
2174.112305	7921.837402
2170.910156	7785.369141
2167.706055	7609.229004
2164.500977	7522.170898
2161.294922	7429.735352
2158.085938	7320.240723
2154.876953	7213.184082
2151.665039	7166.171387
2148.452148	7026.601563
2145.238281	6948.605469
2142.022461	6867.571777
2138.804688	6856.544922
2135.585938	6734.462891
2132.365234	6546.508789
2129.143555	6517.796387
2125.919922	6448.003906
2122.695313	6251.918945
2119.468750	6264.445801
2116.240234	6108.901367
2113.010742	6105.223633
2109.780273	6070.598633
2106.546875	5893.707520
2103.312500	5834.476074
2100.077148	5755.982910
2096.839844	5608.833008
2093.600586	5600.759277
2090.360352	5488.536621
2087.119141	5327.065918
2083.875000	5417.791016
2080.629883	5285.779297
2077.383789	5205.484375
2074.135742	5110.640625
2070.885742	5124.357422
2067.634766	5015.797363
2064.381836	4968.057129
2061.127930	4898.850098
2057.871094	4779.030273
2054.614258	4702.301758
2051.355469	4627.178711
2048.094727	4618.065430
2044.832031	4509.331055
2041.568359	4451.254883
2038.303711	4364.904297
2035.037109	4336.029785
2031.768555	4261.287109
2028.498047	4162.149414
2025.226563	4093.671875
2021.954102	4032.132568
2018.678711	4047.758057
2015.403320	3930.592529
2012.125000	3918.028564
2008.845703	3793.411133
2005.564453	3771.016357
2002.282227	3678.573730
1998.998047	3685.180176
1995.712891	3576.125488
1992.424805	3583.532471
1989.136719	3493.632324
1985.845703	3433.448730
1982.553711	3380.156250
1979.260742	3345.890137
1975.964844	3221.372559
1972.667969	3209.204346
1969.370117	3122.009521
1966.070313	3140.959717
1962.768555	3051.607666
1959.465820	3032.728271
1956.161133	2960.911621
1952.854492	2912.602783
1949.546875	2883.233643
1946.237305	2845.582275
1942.925781	2805.701172
1939.613281	2805.100342
1936.298828	2730.576904
1932.982422	2677.235107
1929.665039	2678.200928
1926.346680	2566.183350
1923.025391	2582.256836
1919.703125	2566.709717
1916.378906	2539.894775
1913.053711	2407.859619
1909.726563	2427.731445
1906.397461	2408.530029
1903.067383	2391.598389
1899.735352	2294.400635
1896.401367	2318.784912
1893.066406	2262.940918
1889.729492	2240.864502
1886.390625	2213.566650
1883.050781	2154.110107
1879.708984	2151.566895
1876.365234	2058.547852
1873.020508	2049.325439
1869.673828	2001.266235
1866.326172	1965.199341
1862.975586	1951.555664
1859.624023	1946.129639
1856.271484	1898.210815
1852.916016	1857.790039
1849.559570	1839.008179
1846.202148	1826.199707
1842.841797	1773.965088
1839.480469	1805.824341
1836.118164	1756.622681
1832.752930	1720.099731
1829.386719	1681.383667
1826.018555	1676.850586
1822.649414	1595.901855
1819.278320	1605.503540
1815.905273	1569.140137
1812.531250	1545.406006
1809.154297	1494.296631
1805.777344	1499.485840
1802.397461	1490.614014
1799.016602	1446.259155
1795.633789	1447.028320
1792.249023	1376.883667
1788.863281	1393.189331
1785.475586	1339.373535
1782.085938	1343.879150
1778.694336	1312.255981
1775.301758	1302.032104
1771.907227	1271.195923
1768.510742	1275.723999
1765.113281	1255.966553
1761.713867	1204.605347
1758.312500	1193.721924
1754.910156	1165.950806
1751.505859	1174.922852
1748.099609	1143.517578
1744.691406	1126.814819
1741.282227	1121.859863
1737.871094	1059.744751
1734.458008	1090.720337
1731.042969	1053.574219
1727.626953	1042.077148
1724.208984	1029.859619
1720.790039	1013.998291
1717.368164	1004.728638
1713.945313	966.253723
1710.520508	946.066162
1707.093750	963.109192
1703.666016	921.793579
1700.236328	922.795044
1696.804688	893.924744
1693.371094	872.364563
1689.936523	882.849548
1686.500000	880.229431
1683.061523	831.804138
1679.622070	818.310120
1676.179688	809.187378
1672.736328	777.566772
1669.291016	759.039063
1665.844727	802.179810
1662.396484	778.583069
1658.945313	744.865356
1655.494141	735.080017
1652.040039	711.550781
1648.584961	715.537537
1645.126953	691.317749
1641.668945	707.597168
1638.208008	664.622009
1634.745117	646.961304
1631.281250	669.011230
1627.815430	631.168030
1624.347656	632.294922
1620.878906	612.522583
1617.408203	572.602661
1613.935547	580.955261
1610.460938	602.970459
1606.984375	592.600464
1603.506836	582.959412
1600.027344	542.434143
1596.545898	543.598755
1593.062500	536.866882
1589.577148	520.815613
1586.090820	501.195099
1582.602539	520.293579
1579.112305	486.366577
1575.620117	490.418152
1572.126953	476.575958
1568.630859	469.899658
1565.133789	453.221771
1561.634766	462.997040
1558.133789	457.765259
1554.631836	440.404236
1551.127930	426.627594
1547.621094	432.830414
1544.114258	436.888702
1540.604492	398.201904
1537.092773	404.409119
1533.580078	394.954071
1530.065430	381.951996
1526.548828	382.470215
1523.030273	369.487213
1519.509766	372.851624
1515.988281	353.497742
1512.463867	376.022339
1508.938477	346.049316
1505.411133	338.786713
1501.882813	324.447296
1498.351563	324.991150
1494.818359	320.580475
1491.284180	321.125427
1487.748047	317.427856
1484.209961	293.242279
1480.669922	315.693542
1477.128906	292.944855
1473.584961	297.029358
1470.040039	278.543976
1466.493164	277.697662
1462.944336	278.965485
1459.393555	268.966248
1455.840820	253.347122
1452.287109	258.845306
1448.730469	250.277222
1445.172852	265.608459
1441.613281	241.594620
1438.051758	230.942215
1434.488281	230.824478
1430.922852	238.420334
1427.356445	228.486374
1423.787109	211.557251
1420.216797	218.450836
1416.644531	218.339233
1413.070313	208.435364
1409.494141	205.532425
1405.916016	193.548843
1402.336914	196.941666
1398.754883	193.350754
1395.171875	189.763412
1391.585938	188.271576
1387.999023	169.357559
1384.410156	173.450241
1380.819336	190.070770
1377.226563	164.921799
1373.632813	174.574326
1370.036133	168.228226
1366.438477	165.362564
1362.837891	160.416443
1359.236328	149.922638
1355.632813	147.764313
1352.027344	154.621964
1348.419922	141.375046
1344.810547	131.604996
1341.199219	159.229187
1337.585938	143.924316
1333.970703	131.401505
1330.354492	146.540741
1326.735352	123.666267
1323.115234	122.911865
1319.493164	130.440094
1315.869141	113.127602
1312.242188	125.479103
1308.614258	126.792351
1304.984375	114.329536
1301.353516	113.581947
1297.719727	111.459038
1294.083984	112.088921
1290.446289	100.346603
1286.807617	113.346565
1283.166016	98.869293
1279.523438	96.073013
1275.877930	93.279587
1272.231445	91.860054
1268.582031	95.238121
1264.931641	89.710098
1261.279297	96.507950
1257.625000	88.932632
1253.968750	101.193642
1250.310547	80.639374
1246.650391	81.963387
1242.988281	75.093910
1239.324219	79.148621
1235.658203	86.608856
1231.990234	78.384377
1228.320313	81.068405
1224.648438	70.812660
1220.975586	74.178299
1217.299805	72.098953
1213.622070	80.898903
1209.943359	78.138664
1206.261719	66.552849
1202.578125	60.409164
1198.893555	69.875069
1195.206055	55.599506
1191.517578	64.380249
1187.826172	69.087753
1184.133789	64.312630
1180.438477	60.895729
1176.742188	61.539970
1173.042969	54.748516
1169.342773	56.070801
1165.639648	59.417252
1161.935547	58.036266
1158.228516	48.562893
1154.520508	49.885540
1150.809570	48.511673
1147.097656	54.546825
1143.382813	47.114338
1139.666992	48.434860
1135.948242	41.013397
1132.227539	42.335697
1128.505859	47.014778
1124.781250	44.976040
1121.055664	33.546432
1117.327148	39.563816
1113.596680	46.245022
1109.865234	42.201324
1106.130859	41.509426
1102.394531	40.149086
1098.657227	35.446190
1094.916992	42.780205
1091.174805	45.429802
1087.430664	39.396072
1083.684570	39.375107
1079.936523	39.354145
1076.186523	37.999855
1072.434570	37.979607
1068.680664	32.631729
1064.924805	31.948725
1061.166992	28.605459
1057.406250	29.919964
1053.644531	32.562111
1049.880859	34.537243
1046.114258	32.527309
1042.346680	30.519506
1038.576172	30.503172
1034.803711	25.184778
1031.030273	30.470505
1027.253906	27.805983
1023.475586	23.159227
1019.695313	23.808138
1015.913086	29.083216
1012.128906	27.746342
1008.342773	29.712250
1004.553711	17.817766
