4046.277344	237.934341
4043.892578	234.789825
4041.505859	234.697281
4039.119141	232.510056
4036.731445	250.216125
4034.342773	254.303452
4031.952148	251.064743
4029.561523	246.782837
4027.169922	246.685333
4024.777344	259.126190
4022.383789	238.134735
4019.989258	253.701111
4017.593750	284.909454
4015.197266	282.710266
4012.799805	258.613953
4010.401367	274.147278
4008.001953	264.660919
4005.601563	273.930023
4003.201172	271.739105
4000.798828	299.731079
3998.395508	291.289581
3995.991211	283.894592
3993.585938	284.821320
3991.180664	284.708160
3988.773438	307.445709
3986.365234	299.017426
3983.957031	318.617523
3981.546875	318.490753
3979.135742	304.882751
3976.724609	298.541748
3974.311523	310.857117
3971.898438	303.482819
3969.483398	305.432587
3967.068359	315.660309
3964.651367	314.499847
3962.234375	341.261658
3959.815430	331.821991
3957.396484	342.022522
3954.975586	356.346313
3952.554688	339.684326
3950.131836	380.831024
3947.708984	343.539368
3945.284180	359.901733
3942.859375	348.418640
3940.432617	375.069855
3938.005859	358.439697
3935.577148	362.414459
3933.148438	349.919128
3930.718750	385.785522
3928.287109	351.695282
3925.855469	409.118652
3923.421875	388.403992
3920.988281	381.058289
3918.552734	379.878571
3916.117188	393.067719
3913.680664	397.013245
3911.242188	390.700897
3908.803711	405.919525
3906.363281	420.101166
3903.922852	429.150146
3901.480469	434.096466
3899.038086	432.898254
3896.593750	450.114685
3894.149414	442.775269
3891.703125	432.375183
3889.256836	465.918640
3886.808594	471.858734
3884.360352	477.793915
3881.910156	467.395905
3879.459961	489.649475
3877.007813	465.998810
3874.555664	478.041870
3872.101563	500.263763
3869.646484	491.913849
3867.191406	474.408173
3864.734375	497.621765
3862.277344	485.213745
3859.818359	500.269440
3857.358398	516.329163
3854.897461	517.135986
3852.436523	529.113281
3849.973633	537.020081
3847.509766	565.215332
3845.044922	559.914368
3842.579102	575.909973
3840.113281	579.730286
3837.645508	572.403198
3835.176758	561.031067
3832.707031	572.950500
3830.236328	610.156799
3827.764648	614.966003
3825.291992	589.439758
3822.818359	614.465820
3820.343750	612.195313
3817.868164	641.230652
3815.390625	641.978943
3812.913086	649.789368
3810.434570	632.378784
3807.955078	667.406860
3805.473633	671.165771
3802.992188	660.818604
3800.509766	676.659912
3798.025391	692.488159
3795.541016	728.425476
3793.054688	702.985474
3790.568359	738.888794
3788.080078	734.567322
3785.591797	764.401184
3783.101563	738.987122
3780.610352	789.870911
3778.119141	749.418274
3775.625977	782.204834
3773.131836	776.872559
3770.636719	801.604553
3768.140625	793.263428
3765.643555	809.958496
3763.145508	861.666748
3760.646484	817.297424
3758.146484	839.961182
3755.645508	822.624329
3753.143555	867.247681
3750.639648	879.875061
3748.135742	895.486755
3745.630859	923.060181
3743.124023	928.665833
3740.617188	931.275391
3738.108398	923.915771
3735.599609	938.479736
3733.088867	915.189026
3730.577148	960.602844
3728.064453	986.078247
3725.551758	1010.537842
3723.037109	955.439819
3720.521484	982.872681
3718.004883	995.381714
3715.487305	1020.789001
3712.967773	999.523926
3710.448242	1044.751343
3707.927734	1024.485107
3705.406250	1073.629517
3702.882813	1061.295044
3700.359375	1068.781006
3697.833984	1118.835571
3695.308594	1121.342285
3692.781250	1088.231812
3690.252930	1118.437622
3687.723633	1140.710083
3685.193359	1125.416992
3682.662109	1175.322266
3680.129883	1208.402466
3677.596680	1161.520142
3675.062500	1173.862793
3672.527344	1175.348511
3669.990234	1150.220825
3667.453125	1191.122925
3664.915039	1249.717285
3662.375000	1241.323730
3659.833984	1304.767944
3657.292969	1284.554810
3654.750000	1271.240234
3652.206055	1314.936646
3649.661133	1288.849243
3647.115234	1321.699829
3644.568359	1338.818237
3642.019531	1300.978638
3639.470703	1345.550781
3636.920898	1337.148560
3634.369141	1367.949097
3631.817383	1413.416138
3629.263672	1405.974121
3626.708984	1438.663818
3624.153320	1463.499634
3621.596680	1483.425049
3619.039063	1435.888550
3616.480469	1538.857544
3613.920898	1549.935425
3611.360352	1536.597778
3608.797852	1562.304077
3606.235352	1564.578247
3603.670898	1607.800659
3601.105469	1626.621338
3598.540039	1646.400146
3595.972656	1649.607300
3593.404297	1713.161377
3590.834961	1660.877197
3588.264648	1741.878784
3585.692383	1763.509888
3583.120117	1761.800171
3580.545898	1830.028931
3577.971680	1848.681641
3575.395508	1795.498291
3572.818359	1873.327026
3570.240234	1825.995117
3567.661133	1866.910645
3565.081055	1938.796509
3562.500000	1893.432129
3559.917969	2002.033325
3557.333984	1953.776245
3554.750000	2010.993652
3552.164063	2014.016968
3549.577148	2072.126221
3546.989258	2112.796875
3544.400391	2075.214111
3541.810547	2117.778564
3539.219727	2121.712646
3536.626953	2168.078369
3534.034180	2274.175293
3531.439453	2222.145752
3528.844727	2269.372070
3526.248047	2366.625000
3523.650391	2306.920898
3521.051758	2403.113037
3518.451172	2413.639893
3515.850586	2374.174561
3513.249023	2432.743652
3510.645508	2464.371338
3508.041016	2482.531738
3505.436523	2548.655518
3502.830078	2527.437500
3500.222656	2581.020752
3497.613281	2650.850586
3495.003906	2663.142822
3492.393555	2654.357422
3489.781250	2694.393799
3487.167969	2706.649658
3484.553711	2755.235596
3481.938477	2867.827637
3479.322266	2902.925293
3476.705078	2909.338379
3474.086914	2917.654541
3471.466797	2957.455566
3468.845703	2912.323242
3466.224609	2951.137695
3463.601563	3080.464111
3460.977539	3160.139404
3458.351563	3118.803223
3455.725586	3168.883789
3453.098633	3189.424561
3450.469727	3234.675537
3447.839844	3251.366455
3445.208984	3283.246826
3442.577148	3298.001221
3439.944336	3408.639893
3437.310547	3394.854492
3434.674805	3427.564697
3432.039063	3453.608154
3429.401367	3526.074219
3426.762695	3537.839844
3424.123047	3645.247803
3421.481445	3701.443604
3418.839844	3761.375732
3416.197266	3773.017090
3413.552734	3793.156494
3410.907227	3874.706055
3408.260742	3907.063232
3405.613281	3873.294678
3402.963867	3949.983398
3400.314453	4075.664551
3397.663086	3993.768799
3395.011719	4100.469238
3392.358398	4159.023438
3389.704102	4172.318359
3387.047852	4296.689453
3384.391602	4321.204590
3381.733398	4295.843750
3379.075195	4396.494141
3376.415039	4545.927734
3373.753906	4491.377930
3371.090820	4635.945801
3368.427734	4638.657227
3365.762695	4794.294434
3363.097656	4749.104492
3360.430664	4880.186035
3357.762695	4864.979492
3355.092773	4898.488770
3352.422852	5122.955078
3349.750977	5072.099609
3347.079102	5188.724121
3344.405273	5159.385742
3341.729492	5244.093750
3339.053711	5331.530273
3336.376953	5424.492676
3333.698242	5438.034668
3331.018555	5539.265625
3328.337891	5633.880371
3325.656250	5637.988281
3322.973633	5746.453125
3320.289063	5708.592285
3317.604492	5854.170898
3314.917969	5822.807129
3312.230469	5993.323730
3309.541016	6077.220215
3306.851563	6212.160156
3304.160156	6312.608887
3301.467773	6322.894531
3298.774414	6468.687500
3296.080078	6490.027344
3293.384766	6564.208984
3290.687500	6554.894043
3287.990234	6715.155273
3285.291016	6803.958008
3282.589844	6853.797852
3279.888672	6886.010254
3277.186523	6907.092773
3274.482422	7035.410645
3271.777344	7199.660156
3269.071289	7253.831543
3266.364258	7387.368164
3263.655273	7498.635254
3260.945313	7652.244629
3258.234375	7603.751465
3255.522461	7758.100098
3252.809570	7782.392090
3250.095703	7920.868652
3247.379883	8029.762695
3244.663086	8112.793945
3241.945313	8135.041504
3239.226563	8298.861328
3236.505859	8418.422852
3233.784180	8494.703125
3231.061523	8504.799805
3228.337891	8633.289063
3225.613281	8628.632813
3222.886719	8844.989258
3220.160156	8979.573242
3217.431641	9111.289063
3214.702148	8980.035156
3211.970703	9162.897461
3209.239258	9280.627930
3206.505859	9437.584961
3203.771484	9470.976563
3201.035156	9640.503906
3198.298828	9858.295898
3195.560547	9873.191406
3192.821289	9929.141602
3190.081055	9991.426758
3187.339844	10199.557617
3184.596680	10293.567383
3181.853516	10307.316406
3179.108398	10445.816406
3176.361328	10565.076172
3173.614258	10588.688477
3170.865234	10864.214844
3168.115234	10954.036133
3165.364258	11017.422852
3162.612305	11127.985352
3159.858398	11278.396484
3157.104492	11350.625000
3154.347656	11410.995117
3151.590820	11568.331055
3148.833008	11646.673828
3146.073242	11676.928711
3143.312500	11863.817383
3140.550781	11940.108398
3137.787109	12153.854492
3135.023438	12346.611328
3132.257813	12493.091797
3129.491211	12482.215820
3126.722656	12587.858398
3123.954102	12758.407227
3121.183594	12823.221680
3118.412109	12905.113281
3115.638672	13249.301758
3112.865234	13294.878906
3110.089844	13247.626953
3107.313477	13479.548828
3104.536133	13599.657227
3101.756836	13749.345703
3098.976563	13776.600586
3096.195313	13998.880859
3093.413086	14167.053711
3090.628906	14184.198242
3087.844727	14337.771484
3085.058594	14553.119141
3082.270508	14770.964844
3079.482422	15014.613281
3076.692383	15179.185547
3073.901367	15269.265625
3071.109375	15339.564453
3068.315430	15528.823242
3065.520508	15746.537109
3062.724609	15897.887695
3059.927734	16068.762695
3057.128906	16235.911133
3054.329102	16213.597656
3051.528320	16356.425781
3048.726563	16701.648438
3045.922852	16875.339844
3043.118164	17011.433594
3040.312500	17124.238281
3037.505859	17184.392578
3034.697266	17494.638672
3031.887695	17761.896484
3029.077148	17798.548828
3026.264648	18064.539063
3023.452148	18183.660156
3020.637695	18218.287109
3017.821289	18501.480469
3015.004883	18540.363281
3012.186523	18642.189453
3009.367188	18916.826172
3006.545898	19146.900391
3003.724609	19422.832031
3000.901367	19532.921875
2998.077148	19965.099609
2995.250977	19903.201172
2992.423828	19914.751953
2989.595703	20068.605469
2986.766602	20429.074219
2983.935547	20481.871094
2981.104492	20722.648438
2978.270508	20838.789063
2975.436523	21147.097656
2972.600586	21143.917969
2969.763672	21442.113281
2966.925781	21585.011719
2964.085938	21491.816406
2961.245117	21960.175781
2958.403320	22034.900391
2955.560547	22363.666016
2952.715820	22434.617188
2949.870117	22554.695313
2947.023438	22903.847656
2944.174805	22654.953125
2941.325195	23151.130859
2938.474609	23202.250000
2935.622070	23365.515625
2932.768555	23610.113281
2929.914063	23766.033203
2927.058594	23969.955078
2924.201172	24164.062500
2921.342773	24396.474609
2918.483398	24453.826172
2915.622070	24390.531250
2912.759766	24833.884766
2909.896484	24917.136719
2907.032227	25060.521484
2904.166016	25407.884766
2901.298828	25480.283203
2898.429688	25545.640625
2895.559570	25875.750000
2892.688477	25899.060547
2889.816406	26354.904297
2886.942383	26469.312500
2884.067383	26689.697266
2881.191406	26659.552734
2878.314453	26976.943359
2875.435547	27006.603516
2872.554688	27340.033203
2869.673828	27695.716797
2866.791016	27855.945313
2863.907227	28027.291016
2861.021484	28195.009766
2858.134766	28366.033203
2855.247070	28476.298828
2852.358398	28694.619141
2849.467773	28912.736328
2846.576172	29321.714844
2843.682617	29357.003906
2840.789063	29539.955078
2837.893555	29847.925781
2834.996094	29894.123047
2832.097656	30373.300781
2829.198242	30499.390625
2826.297852	30589.162109
2823.395508	30674.537109
2820.492188	31018.144531
2817.587891	31180.693359
2814.681641	31185.652344
2811.774414	31216.394531
2808.866211	31504.097656
2805.956055	31697.886719
2803.044922	32022.023438
2800.131836	32035.990234
2797.218750	32443.746094
2794.303711	32407.750000
2791.386719	32330.628906
2788.468750	32792.511719
2785.549805	32736.679688
2782.629883	32987.355469
2779.708008	33061.527344
2776.785156	33188.652344
2773.860352	33884.160156
2770.935547	33637.355469
2768.007813	33821.246094
2765.080078	33878.601563
2762.150391	34085.238281
2759.219727	34294.238281
2756.287109	34480.015625
2753.353516	34396.320313
2750.418945	34760.750000
2747.482422	34946.035156
2744.544922	34637.527344
2741.606445	35046.410156
2738.666016	35231.285156
2735.724609	35097.265625
2732.782227	35011.777344
2729.837891	35149.683594
2726.892578	35411.375000
2723.945313	35625.308594
2720.997070	35427.757813
2718.047852	35668.589844
2715.097656	35726.195313
2712.145508	35497.500000
2709.191406	35748.101563
2706.237305	35849.550781
2703.281250	35664.207031
2700.323242	35784.183594
2697.364258	35966.562500
2694.404297	35918.199219
2691.443359	35921.367188
2688.480469	35949.832031
2685.515625	36012.843750
2682.550781	36057.234375
2679.583984	36073.769531
2676.615234	35990.890625
2673.646484	35687.503906
2670.674805	35726.027344
2667.703125	35948.714844
2664.729492	35821.437500
2661.754883	35943.851563
2658.778320	35778.871094
2655.800781	35498.164063
2652.821289	35515.621094
2649.840820	35258.753906
2646.859375	35256.160156
2643.876953	35282.054688
2640.892578	35262.675781
2637.906250	35272.609375
2634.918945	35162.843750
2631.930664	34909.277344
2628.941406	34875.843750
2625.950195	34610.082031
2622.957031	34763.089844
2619.963867	34601.140625
2616.967773	34868.335938
2613.971680	34812.417969
2610.973633	34348.765625
2607.974609	34360.628906
2604.973633	34152.519531
2601.971680	33873.804688
2598.967773	33785.117188
2595.962891	33614.132813
2592.957031	33630.402344
2589.949219	33262.621094
2586.940430	32881.867188
2583.929688	33129.289063
2580.917969	32725.683594
2577.905273	32812.796875
2574.890625	32699.947266
2571.875000	32360.056641
2568.857422	32344.441406
2565.838867	32192.177734
2562.819336	32089.710938
2559.797852	31792.878906
2556.775391	31531.871094
2553.750977	31218.183594
2550.725586	30983.273438
2547.698242	30694.882813
2544.669922	30490.951172
2541.640625	30297.099609
2538.609375	30053.927734
2535.577148	30026.966797
2532.542969	29953.050781
2529.507813	29534.900391
2526.471680	29413.507813
2523.433594	29154.791016
2520.393555	29017.212891
2517.353516	28509.783203
2514.310547	28636.400391
2511.267578	28250.337891
2508.222656	28179.072266
2505.175781	27961.787109
2502.127930	27654.464844
2499.079102	27396.607422
2496.028320	27018.511719
2492.976563	26888.951172
2489.922852	26774.238281
2486.868164	26432.931641
2483.812500	26191.726563
2480.754883	25886.142578
2477.695313	25702.601563
2474.634766	25565.783203
2471.573242	25234.753906
2468.509766	25090.099609
2465.445313	24824.023438
2462.378906	24578.568359
2459.311523	24379.785156
2456.242188	24122.525391
2453.171875	23753.128906
2450.100586	23647.759766
2447.027344	23381.406250
2443.953125	23020.970703
2440.876953	22772.207031
2437.799805	22510.666016
2434.720703	22499.453125
2431.640625	22200.119141
2428.558594	22027.607422
2425.475586	21816.328125
2422.390625	21563.089844
2419.304688	21171.548828
2416.217773	20867.814453
2413.128906	20736.750000
2410.038086	20454.519531
2406.946289	20328.605469
2403.853516	19960.328125
2400.758789	19678.828125
2397.663086	19564.732422
2394.565430	19262.677734
2391.466797	19165.001953
2388.366211	18775.505859
2385.264648	18552.400391
2382.161133	18472.089844
2379.056641	18246.095703
2375.950195	18165.185547
2372.842773	17847.820313
2369.734375	17569.341797
2366.624023	17280.666016
2363.511719	17252.548828
2360.398438	17012.458984
2357.284180	16928.294922
2354.167969	16589.890625
2351.049805	16492.359375
2347.930664	16229.800781
2344.810547	16146.937500
2341.688477	15952.838867
2338.564453	15546.011719
2335.439453	15557.167969
2332.313477	15310.822266
2329.185547	15281.304688
2326.056641	14968.998047
2322.925781	14883.758789
2319.792969	14698.825195
2316.660156	14343.333984
2313.524414	14236.164063
2310.387695	13926.641602
2307.250000	13915.355469
2304.110352	13528.225586
2300.969727	13501.208984
2297.827148	13491.714844
2294.682617	13182.443359
2291.537109	13098.385742
2288.390625	12913.509766
2285.242188	12783.592773
2282.092773	12491.879883
2278.941406	12339.266602
2275.788086	12276.394531
2272.633789	12157.304688
2269.478516	11978.906250
2266.321289	11798.295898
2263.162109	11647.134766
2260.001953	11439.943359
2256.840820	11364.202148
2253.676758	11231.623047
2250.512695	11097.583984
2247.346680	10904.446289
2244.178711	10767.522461
2241.009766	10511.604492
2237.838867	10533.473633
2234.666992	10317.304688
2231.493164	10220.286133
2228.318359	10017.058594
2225.141602	9832.907227
2221.963867	9882.557617
2218.784180	9711.216797
2215.602539	9598.974609
2212.419922	9391.000977
2209.236328	9231.900391
2206.050781	9057.250000
2202.863281	8974.538086
2199.674805	8932.671875
2196.485352	8868.114258
2193.292969	8718.234375
2190.100586	8451.834961
2186.905273	8377.413086
2183.709961	8256.909180
2180.511719	8358.555664
2177.312500	8060.776855
2174.112305	7886.688477
2170.910156	7840.800781
2167.706055	7712.235840
2164.500977	7683.627930
2161.294922	7595.013672
2158.085938	7449.595703
2154.876953	7410.240234
2151.665039	7223.002441
2148.452148	7155.772949
2145.238281	7160.159180
2142.022461	6947.644043
2138.804688	6843.334961
2135.585938	6810.575684
2132.365234	6714.965332
2129.143555	6644.272461
2125.919922	6479.801758
2122.695313	6379.825684
2119.468750	6272.968750
2116.240234	6226.618652
2113.010742	6128.446289
2109.780273	6110.058105
2106.546875	5961.762207
2103.312500	5860.757324
2100.077148	5831.699219
2096.839844	5738.570313
2093.600586	5669.456543
2090.360352	5554.886719
2087.119141	5441.966309
2083.875000	5450.934570
2080.629883	5368.213379
2077.383789	5320.220703
2074.135742	5171.444824
2070.885742	5155.129395
2067.634766	4977.350586
2064.381836	5025.699707
2061.127930	4908.836914
2057.871094	4806.672852
2054.614258	4717.651367
2051.355469	4696.985352
2048.094727	4652.568848
2044.832031	4590.566406
2041.568359	4510.237305
2038.303711	4486.640625
2035.037109	4411.026367
2031.768555	4335.482910
2028.498047	4281.417480
2025.226563	4208.297852
2021.954102	4079.488525
2018.678711	4030.962402
2015.403320	4021.398193
2012.125000	4020.231445
2008.845703	3885.654297
2005.564453	3850.261963
2002.282227	3816.425049
1998.998047	3745.318359
1995.712891	3657.539307
1992.424805	3604.066406
1989.136719	3527.078857
1985.845703	3487.393066
1982.553711	3439.390625
1979.260742	3373.216064
1975.964844	3339.727051
1972.667969	3264.561768
1969.370117	3223.575439
1966.070313	3166.717773
1962.768555	3140.959961
1959.465820	3061.489014
1956.161133	3069.846436
1952.854492	2982.166504
1949.546875	2958.809814
1946.237305	2903.748047
1942.925781	2841.942871
1939.613281	2814.156250
1936.298828	2709.456543
1932.982422	2732.272461
1929.665039	2703.822510
1926.346680	2620.414551
1923.025391	2653.777100
1919.703125	2622.393311
1916.378906	2561.706055
1913.053711	2491.303955
1909.726563	2517.897949
1906.397461	2477.624268
1903.067383	2401.356934
1899.735352	2370.930664
1896.401367	2373.529785
1893.066406	2351.389893
1889.729492	2258.845459
1886.390625	2267.483154
1883.050781	2164.588867
1879.708984	2094.710449
1876.365234	2096.683105
1873.020508	2070.999756
1869.673828	2069.245117
1866.326172	2036.878418
1862.975586	1994.094360
1859.624023	2000.582520
1856.271484	1924.305664
1852.916016	1930.074707
1849.559570	1920.940552
1846.202148	1907.347656
1842.841797	1829.773560
1839.480469	1782.024292
1836.118164	1810.146484
1832.752930	1755.021851
1829.386719	1745.252563
1826.018555	1722.873047
1822.649414	1647.095459
1819.278320	1596.604614
1815.905273	1564.692871
1812.531250	1583.189209
1809.154297	1593.521484
1805.777344	1522.429565
1802.397461	1503.189941
1799.016602	1438.125854
1795.633789	1464.026123
1792.249023	1436.716064
1788.863281	1404.264038
1785.475586	1404.312866
1782.085938	1382.971191
1778.694336	1340.270386
1775.301758	1296.874146
1771.907227	1304.338379
1768.510742	1260.265137
1765.113281	1250.080444
1761.713867	1229.609375
1758.312500	1216.508423
1754.910156	1215.909546
1751.505859	1149.221436
1748.099609	1183.885620
1744.691406	1147.355713
1741.282227	1124.792847
1737.871094	1139.628662
1734.458008	1079.732544
1731.042969	1079.199707
1727.626953	1060.372070
1724.208984	1080.328613
1720.790039	1043.972290
1717.368164	1022.265747
1713.945313	991.085632
1710.520508	1003.005310
1707.093750	968.946228
1703.666016	980.864258
1700.236328	936.644287
1696.804688	900.481689
1693.371094	923.337463
1689.936523	890.855591
1686.500000	874.409729
1683.061523	848.527466
1679.622070	841.565796
1676.179688	839.695313
1672.736328	821.127930
1669.291016	807.658203
1665.844727	818.861633
1662.396484	778.583069
1658.945313	742.691589
1655.494141	740.149475
1652.040039	757.153748
1648.584961	722.772522
1645.126953	704.334167
1641.668945	698.201050
1638.208008	699.297913
1634.745117	669.345032
1631.281250	664.681030
1627.815430	628.282654
1624.347656	605.618835
1620.878906	606.757690
1617.408203	628.782532
1613.935547	593.913391
1610.460938	593.616455
1606.984375	566.710144
1603.506836	570.739563
1600.027344	563.987793
1596.545898	552.934021
1593.062500	536.866882
1589.577148	558.119202
1586.090820	532.743896
1582.602539	510.977020
1579.112305	523.614075
1575.620117	496.145660
1572.126953	506.630310
1568.630859	479.912720
1565.133789	454.651520
1561.634766	456.566528
1558.133789	469.905670
1554.631836	459.676361
1551.127930	443.749756
1547.621094	437.108795
1544.114258	412.656708
1540.604492	430.257507
1537.092773	397.289246
1533.580078	400.647095
1530.065430	398.311218
1526.548828	378.915649
1523.030273	384.408813
1519.509766	361.488525
1515.988281	367.694427
1512.463867	359.704407
1508.938477	340.376373
1505.411133	369.263336
1501.882813	334.364929
1498.351563	308.706177
1494.818359	342.518646
1491.284180	306.271606
1487.748047	303.288544
1484.209961	308.081024
1480.669922	307.924774
1477.128906	279.532898
1473.584961	293.501678
1470.040039	288.416443
1466.493164	272.059143
1462.944336	274.034271
1459.393555	271.782654
1455.840820	274.459381
1452.287109	254.624985
1448.730469	268.555908
1445.172852	259.284454
1441.613281	242.999237
1438.051758	244.279312
1434.488281	231.526062
1430.922852	239.121567
1427.356445	232.691650
1423.787109	231.872345
1420.216797	230.353607
1416.644531	223.937668
1413.070313	223.123764
1409.494141	223.708755
1405.916016	190.753906
1402.336914	199.036789
1398.754883	201.028931
1395.171875	192.554062
1391.585938	185.482376
1387.999023	180.508682
1384.410156	194.347855
1380.819336	174.753708
1377.226563	173.272263
1373.632813	175.965363
1370.036133	163.362122
1366.438477	165.362564
1362.837891	164.583099
1359.236328	152.004898
1355.632813	169.963638
1352.027344	159.475555
1348.419922	153.849304
1344.810547	144.072830
1341.199219	139.152466
1337.585938	158.455139
1333.970703	129.326736
1330.354492	138.245987
1326.735352	130.574997
1323.115234	135.341156
1319.493164	135.271210
1315.869141	115.886810
1312.242188	131.684113
1308.614258	119.212372
1304.984375	115.707001
1301.353516	127.349457
1297.719727	121.091301
1294.083984	106.587624
1290.446289	106.532349
1286.807617	98.233696
1283.166016	109.854774
1279.523438	104.307838
1275.877930	100.824257
1272.231445	112.425743
1268.582031	106.200783
1264.931641	93.818962
1261.279297	96.507950
1257.625000	95.773605
1253.968750	87.518822
1250.310547	81.322754
1246.650391	92.208809
1242.988281	78.507271
1239.324219	79.830933
1235.658203	81.153175
1231.990234	93.379654
1228.320313	75.618431
1224.648438	75.578896
1220.975586	63.970280
1217.299805	78.220558
1213.622070	74.100677
1209.943359	74.061867
1206.261719	63.157291
1202.578125	65.160446
1198.893555	74.623856
1195.206055	71.872536
1191.517578	73.190178
1187.826172	71.119751
1184.133789	67.697510
1180.438477	64.955444
1176.742188	64.245026
1173.042969	58.803963
1169.342773	64.852974
1165.639648	62.118038
1161.935547	67.484032
1158.228516	58.680161
1154.520508	55.952702
1150.809570	52.554314
1147.097656	49.832901
1143.382813	53.171894
1139.666992	51.798389
1135.948242	44.375153
1132.227539	48.383656
1128.505859	51.716255
1124.781250	38.934483
1121.055664	45.623150
1117.327148	45.598976
1113.596680	44.234367
1109.865234	52.249256
1106.130859	46.195972
1102.394531	44.833145
1098.657227	44.140541
1094.916992	38.101120
1091.174805	36.076611
1087.430664	41.399261
1083.684570	38.040359
1079.936523	34.685009
1076.186523	41.999844
1072.434570	38.645916
1068.680664	35.961498
1064.924805	31.948725
1061.166992	39.914597
1057.406250	23.271082
1053.644531	32.562111
1049.880859	32.544712
1046.114258	36.510246
1042.346680	30.519506
1038.576172	31.166285
1034.803711	33.137867
1031.030273	24.508884
1027.253906	33.764408
1023.475586	31.099533
1019.695313	31.082848
1015.913086	23.795359
1012.128906	26.425087
1008.342773	28.391705
1004.553711	29.036360
