4046.277344	364.762787
4043.892578	344.847565
4041.505859	375.096558
4039.119141	380.185364
4036.731445	374.800720
4034.342773	400.815735
4031.952148	395.426971
4029.561523	384.813904
4027.169922	380.480774
4024.777344	379.285522
4022.383789	395.846771
4019.989258	401.954437
4017.593750	441.453125
4015.197266	442.321594
4012.799805	419.204865
4010.401367	417.996429
4008.001953	418.872772
4005.601563	422.872955
4003.201172	450.816193
4000.798828	432.944916
3998.395508	440.055328
3995.991211	422.202209
3993.585938	446.982391
3991.180664	455.117432
3988.773438	447.665894
3986.365234	455.793945
3983.957031	450.423462
3981.546875	463.730804
3979.135742	490.508667
3976.724609	486.166931
3974.311523	511.878052
3971.898438	503.387878
3969.483398	480.409210
3967.068359	495.741913
3964.651367	532.787598
3962.234375	493.278198
3959.815430	509.620697
3957.396484	516.650330
3954.975586	525.739929
3952.554688	536.887085
3950.131836	531.512146
3947.708984	527.172974
3945.284180	566.149109
3942.859375	557.675964
3940.432617	579.091370
3938.005859	529.419556
3935.577148	576.568420
3933.148438	588.687500
3930.718750	604.911682
3928.287109	584.102112
3925.855469	573.588440
3923.421875	617.541809
3920.988281	617.293884
3918.552734	640.660095
3916.117188	597.298706
3913.680664	629.886658
3911.242188	605.022400
3908.803711	648.856201
3906.363281	645.521301
3903.922852	655.503784
3901.480469	678.787598
3899.038086	677.490906
3896.593750	664.942139
3894.149414	697.396606
3891.703125	673.605774
3889.256836	716.247742
3886.808594	728.214905
3884.360352	709.544373
3881.910156	716.401611
3879.459961	736.514404
3877.007813	718.882202
3874.555664	757.324341
3872.101563	764.150330
3869.646484	795.413513
3867.191406	785.929443
3864.734375	761.188293
3862.277344	777.155762
3859.818359	808.362183
3857.358398	818.198792
3854.897461	851.394836
3852.436523	804.333435
3849.973633	834.462219
3847.509766	842.241882
3845.044922	856.100952
3842.579102	895.296692
3840.113281	882.771118
3837.645508	848.980286
3835.176758	924.587341
3832.707031	930.285339
3830.236328	899.551208
3827.764648	885.025085
3825.291992	889.720398
3822.818359	920.688110
3820.343750	949.609924
3817.868164	975.478455
3815.390625	993.250427
3812.913086	1011.007690
3810.434570	1011.604309
3807.955078	1003.126648
3805.473633	1031.942627
3802.992188	1036.558472
3800.509766	1088.496094
3798.025391	1048.797485
3795.541016	1078.552612
3793.054688	1114.317505
3790.568359	1128.941650
3788.080078	1139.534058
3785.591797	1098.889404
3783.101563	1120.529419
3780.610352	1161.220703
3778.119141	1189.839478
3775.625977	1158.264893
3773.131836	1213.926025
3770.636719	1185.372681
3768.140625	1246.986084
3765.643555	1250.479736
3763.145508	1233.954834
3760.646484	1279.465576
3758.146484	1256.941895
3755.645508	1288.411621
3753.143555	1289.881104
3750.639648	1316.317017
3748.135742	1352.714111
3745.630859	1316.233887
3743.124023	1358.585327
3740.617188	1405.886841
3738.108398	1436.205688
3735.599609	1391.779419
3733.088867	1410.128052
3730.577148	1450.360962
3728.064453	1480.609985
3725.551758	1457.123901
3723.037109	1495.298096
3720.521484	1530.458984
3718.004883	1507.973511
3715.487305	1502.386963
3712.967773	1509.708008
3710.448242	1578.536865
3707.927734	1537.223511
3705.406250	1550.467773
3702.882813	1618.202393
3700.359375	1636.354126
3697.833984	1652.510254
3695.308594	1643.909668
3692.781250	1702.588257
3690.252930	1692.984131
3687.723633	1705.134277
3685.193359	1710.357300
3682.662109	1735.328735
3680.129883	1769.164307
3677.596680	1768.431763
3675.062500	1768.685669
3672.527344	1865.569946
3669.990234	1803.688232
3667.453125	1871.905396
3664.915039	1837.645752
3662.375000	1909.728882
3659.833984	1938.456055
3657.292969	1910.111328
3654.750000	1968.308594
3652.206055	1930.146118
3649.661133	2057.050537
3647.115234	2029.683228
3644.568359	2017.061157
3642.019531	2064.297852
3639.470703	2078.150146
3636.920898	2056.699219
3634.369141	2103.858643
3631.817383	2126.490967
3629.263672	2167.706543
3626.708984	2151.144775
3624.153320	2157.096680
3621.596680	2231.493652
3619.039063	2270.639404
3616.480469	2249.174561
3613.920898	2341.017822
3611.360352	2338.088867
3608.797852	2426.889404
3606.235352	2429.778320
3603.670898	2461.914307
3601.105469	2493.048096
3598.540039	2464.729004
3595.972656	2490.965332
3593.404297	2600.890381
3590.834961	2560.883789
3588.264648	2583.154541
3585.692383	2674.429932
3583.120117	2708.294189
3580.545898	2700.361084
3577.971680	2720.591309
3575.395508	2749.538818
3572.818359	2797.863770
3570.240234	2823.843750
3567.661133	2828.476318
3565.081055	2884.456299
3562.500000	2888.089355
3559.917969	2950.772461
3557.333984	2986.306885
3554.750000	3082.749756
3552.164063	3011.840088
3549.577148	3097.558105
3546.989258	3128.137451
3544.400391	3163.518555
3541.810547	3150.605957
3539.219727	3239.012695
3536.626953	3283.944336
3534.034180	3285.455322
3531.439453	3393.927734
3528.844727	3468.594727
3526.248047	3461.357666
3523.650391	3483.960693
3521.051758	3549.834473
3518.451172	3569.494629
3515.850586	3563.184326
3513.249023	3601.075439
3510.645508	3654.299561
3508.041016	3733.397705
3505.436523	3787.478760
3502.830078	3806.023438
3500.222656	3827.427734
3497.613281	3912.065186
3495.003906	4033.990723
3492.393555	4027.499023
3489.781250	4107.155762
3487.167969	4045.144775
3484.553711	4187.843262
3481.938477	4198.500000
3479.322266	4217.746094
3476.705078	4330.577637
3474.086914	4308.695801
3471.466797	4317.370117
3468.845703	4448.137207
3466.224609	4510.139160
3463.601563	4534.916016
3460.977539	4531.089355
3458.351563	4672.967285
3455.725586	4727.148438
3453.098633	4788.894531
3450.469727	4733.602051
3447.839844	4925.535156
3445.208984	4945.301270
3442.577148	5016.343750
3439.944336	5035.102539
3437.310547	5129.770020
3434.674805	5197.792969
3432.039063	5192.739746
3429.401367	5339.348633
3426.762695	5363.607910
3424.123047	5451.297852
3421.481445	5501.045898
3418.839844	5578.191406
3416.197266	5677.969727
3413.552734	5757.807617
3410.907227	5759.136230
3408.260742	5798.248047
3405.613281	5893.979980
3402.963867	5976.414551
3400.314453	6084.250000
3397.663086	6183.504395
3395.011719	6198.777832
3392.358398	6331.815918
3389.704102	6372.438965
3387.047852	6406.435547
3384.391602	6439.460449
3381.733398	6595.677246
3379.075195	6626.708984
3376.415039	6699.063965
3373.753906	6844.630859
3371.090820	6962.839355
3368.427734	6994.591797
3365.762695	7079.793945
3363.097656	7071.139160
3360.430664	7272.470703
3357.762695	7363.060547
3355.092773	7526.626465
3352.422852	7581.449707
3349.750977	7595.983398
3347.079102	7656.337891
3344.405273	7783.024414
3341.729492	7888.104004
3339.053711	7959.459473
3336.376953	8120.397461
3333.698242	8156.118652
3331.018555	8226.327148
3328.337891	8446.624023
3325.656250	8502.660156
3322.973633	8527.896484
3320.289063	8702.133789
3317.604492	8798.945313
3314.917969	8889.157227
3312.230469	8988.590820
3309.541016	9111.181641
3306.851563	9180.687500
3304.160156	9342.103516
3301.467773	9419.802734
3298.774414	9508.571289
3296.080078	9631.589844
3293.384766	9772.121094
3290.687500	9831.877930
3287.990234	10072.269531
3285.291016	10140.175781
3282.589844	10151.545898
3279.888672	10307.268555
3277.186523	10442.502930
3274.482422	10548.030273
3271.777344	10659.933594
3269.071289	10835.480469
3266.364258	10967.471680
3263.655273	11087.346680
3260.945313	11195.121094
3258.234375	11388.566406
3255.522461	11558.794922
3252.809570	11578.680664
3250.095703	11691.570313
3247.379883	11895.500977
3244.663086	11962.137695
3241.945313	12045.270508
3239.226563	12212.915039
3236.505859	12543.083008
3233.784180	12680.045898
3231.061523	12696.595703
3228.337891	12825.105469
3225.613281	13114.971680
3222.886719	13135.886719
3220.160156	13457.442383
3217.431641	13477.267578
3214.702148	13606.057617
3211.970703	13897.686523
3209.239258	13980.421875
3206.505859	14108.815430
3203.771484	14346.806641
3201.035156	14569.964844
3198.298828	14609.315430
3195.560547	14886.029297
3192.821289	15085.833008
3190.081055	15209.739258
3187.339844	15390.982422
3184.596680	15629.488281
3181.853516	15854.115234
3179.108398	15933.740234
3176.361328	16143.465820
3173.614258	16155.552734
3170.865234	16370.447266
3168.115234	16589.695313
3165.364258	16860.546875
3162.612305	16823.232422
3159.858398	16949.373047
3157.104492	17185.210938
3154.347656	17491.597656
3151.590820	17554.703125
3148.833008	18047.359375
3146.073242	18086.601563
3143.312500	18287.900391
3140.550781	18520.699219
3137.787109	18551.525391
3135.023438	18826.501953
3132.257813	19112.080078
3129.491211	19213.974609
3126.722656	19511.767578
3123.954102	19646.791016
3121.183594	19973.904297
3118.412109	20087.849609
3115.638672	20189.068359
3112.865234	20575.880859
3110.089844	20608.320313
3107.313477	20858.632813
3104.536133	21008.816406
3101.756836	21231.732422
3098.976563	21529.984375
3096.195313	21811.791016
3093.413086	21944.197266
3090.628906	22265.976563
3087.844727	22495.005859
3085.058594	22744.464844
3082.270508	23208.953125
3079.482422	23565.447266
3076.692383	23687.738281
3073.901367	23857.388672
3071.109375	24218.480469
3068.315430	24462.908203
3065.520508	24830.560547
3062.724609	24865.261719
3059.927734	25423.662109
3057.128906	25508.980469
3054.329102	25633.503906
3051.528320	25831.996094
3048.726563	25972.312500
3045.922852	26603.875000
3043.118164	26662.597656
3040.312500	27183.693359
3037.505859	27483.449219
3034.697266	27550.585938
3031.887695	28042.103516
3029.077148	28148.052734
3026.264648	28631.748047
3023.452148	28736.439453
3020.637695	29251.408203
3017.821289	29350.392578
3015.004883	29578.851563
3012.186523	29921.535156
3009.367188	30388.931641
3006.545898	30784.117188
3003.724609	31050.486328
3000.901367	31437.042969
2998.077148	31669.236328
2995.250977	31746.382813
2992.423828	31906.583984
2989.595703	32512.150391
2986.766602	32921.019531
2983.935547	33140.515625
2981.104492	33615.816406
2978.270508	33675.078125
2975.436523	34049.156250
2972.600586	34377.929688
2969.763672	34647.359375
2966.925781	34962.343750
2964.085938	35402.066406
2961.245117	35931.152344
2958.403320	35827.277344
2955.560547	36324.910156
2952.715820	36707.835938
2949.870117	37346.933594
2947.023438	37520.054688
2944.174805	38008.113281
2941.325195	38280.785156
2938.474609	38237.496094
2935.622070	38811.335938
2932.768555	39007.023438
2929.914063	39453.000000
2927.058594	39689.351563
2924.201172	39898.355469
2921.342773	40462.253906
2918.483398	40821.945313
2915.622070	41116.640625
2912.759766	41367.390625
2909.896484	41891.171875
2907.032227	42247.792969
2904.166016	42608.449219
2901.298828	42953.078125
2898.429688	43410.679688
2895.559570	43689.285156
2892.688477	44086.917969
2889.816406	44639.105469
2886.942383	44957.636719
2884.067383	45128.046875
2881.191406	45705.070313
2878.314453	46106.066406
2875.435547	46561.402344
2872.554688	46833.164063
2869.673828	47278.199219
2866.791016	48021.152344
2863.907227	48193.035156
2861.021484	48505.988281
2858.134766	49287.195313
2855.247070	49240.949219
2852.358398	49757.183594
2849.467773	50043.738281
2846.576172	50688.800781
2843.682617	51080.078125
2840.789063	51341.425781
2837.893555	51695.769531
2834.996094	52040.285156
2832.097656	52546.648438
2829.198242	53122.382813
2826.297852	53189.964844
2823.395508	53610.664063
2820.492188	53699.457031
2817.587891	54213.335938
2814.681641	54622.636719
2811.774414	0.000000
2808.866211	0.000000
2805.956055	0.000000
2803.044922	0.000000
2800.131836	0.000000
2797.218750	0.000000
2794.303711	0.000000
2791.386719	0.000000
2788.468750	0.000000
2785.549805	0.000000
2782.629883	0.000000
2779.708008	0.000000
2776.785156	0.000000
2773.860352	0.000000
2770.935547	0.000000
2768.007813	0.000000
2765.080078	0.000000
2762.150391	0.000000
2759.219727	0.000000
2756.287109	0.000000
2753.353516	0.000000
2750.418945	0.000000
2747.482422	0.000000
2744.544922	0.000000
2741.606445	0.000000
2738.666016	0.000000
2735.724609	0.000000
2732.782227	0.000000
2729.837891	0.000000
2726.892578	0.000000
2723.945313	0.000000
2720.997070	0.000000
2718.047852	0.000000
2715.097656	0.000000
2712.145508	0.000000
2709.191406	0.000000
2706.237305	0.000000
2703.281250	0.000000
2700.323242	0.000000
2697.364258	0.000000
2694.404297	0.000000
2691.443359	0.000000
2688.480469	0.000000
2685.515625	0.000000
2682.550781	0.000000
2679.583984	0.000000
2676.615234	0.000000
2673.646484	0.000000
2670.674805	0.000000
2667.703125	0.000000
2664.729492	0.000000
2661.754883	0.000000
2658.778320	0.000000
2655.800781	0.000000
2652.821289	0.000000
2649.840820	0.000000
2646.859375	0.000000
2643.876953	0.000000
2640.892578	0.000000
2637.906250	0.000000
2634.918945	0.000000
2631.930664	0.000000
2628.941406	0.000000
2625.950195	0.000000
2622.957031	0.000000
2619.963867	0.000000
2616.967773	0.000000
2613.971680	0.000000
2610.973633	0.000000
2607.974609	0.000000
2604.973633	0.000000
2601.971680	0.000000
2598.967773	0.000000
2595.962891	0.000000
2592.957031	0.000000
2589.949219	0.000000
2586.940430	0.000000
2583.929688	0.000000
2580.917969	0.000000
2577.905273	0.000000
2574.890625	0.000000
2571.875000	0.000000
2568.857422	0.000000
2565.838867	0.000000
2562.819336	0.000000
2559.797852	0.000000
2556.775391	0.000000
2553.750977	0.000000
2550.725586	0.000000
2547.698242	0.000000
2544.669922	0.000000
2541.640625	0.000000
2538.609375	0.000000
2535.577148	0.000000
2532.542969	0.000000
2529.507813	0.000000
2526.471680	0.000000
2523.433594	0.000000
2520.393555	0.000000
2517.353516	0.000000
2514.310547	0.000000
2511.267578	0.000000
2508.222656	0.000000
2505.175781	51929.503906
2502.127930	51283.058594
2499.079102	50909.398438
2496.028320	50210.718750
2492.976563	49842.773438
2489.922852	49602.058594
2486.868164	48878.707031
2483.812500	48619.808594
2480.754883	48302.265625
2477.695313	47671.992188
2474.634766	47177.066406
2471.573242	46726.671875
2468.509766	46555.792969
2465.445313	45922.523438
2462.378906	45293.089844
2459.311523	45299.097656
2456.242188	44315.324219
2453.171875	43972.437500
2450.100586	43449.992188
2447.027344	43272.929688
2443.953125	42456.097656
2440.876953	42008.988281
2437.799805	41517.597656
2434.720703	41365.246094
2431.640625	41128.617188
2428.558594	40850.816406
2425.475586	40064.847656
2422.390625	39611.082031
2419.304688	39417.773438
2416.217773	39236.773438
2413.128906	38342.875000
2410.038086	37995.863281
2406.946289	37534.335938
2403.853516	37204.156250
2400.758789	36851.652344
2397.663086	36256.406250
2394.565430	35720.621094
2391.466797	35449.125000
2388.366211	34879.511719
2385.264648	34335.398438
2382.161133	34313.824219
2379.056641	33833.265625
2375.950195	33334.632813
2372.842773	33011.828125
2369.734375	32687.707031
2366.624023	32158.917969
2363.511719	31730.228516
2360.398438	31515.527344
2357.284180	31032.132813
2354.167969	30751.345703
2351.049805	30608.734375
2347.930664	30057.472656
2344.810547	29637.300781
2341.688477	29283.173828
2338.564453	28922.160156
2335.439453	28505.474609
2332.313477	28317.865234
2329.185547	28073.671875
2326.056641	27824.904297
2322.925781	27209.035156
2319.792969	26938.535156
2316.660156	26499.945313
2313.524414	26175.787109
2310.387695	25738.742188
2307.250000	25623.152344
2304.110352	25282.310547
2300.969727	24919.492188
2297.827148	24547.458984
2294.682617	24563.015625
2291.537109	24103.255859
2288.390625	23580.363281
2285.242188	23419.250000
2282.092773	23122.558594
2278.941406	22816.615234
2275.788086	22754.386719
2272.633789	22242.818359
2269.478516	21984.433594
2266.321289	21867.230469
2263.162109	21380.517578
2260.001953	21170.341797
2256.840820	20860.728516
2253.676758	20660.462891
2250.512695	20364.003906
2247.346680	20029.912109
2244.178711	19711.914063
2241.009766	19543.302734
2237.838867	19287.318359
2234.666992	19066.248047
2231.493164	18679.949219
2228.318359	18553.841797
2225.141602	18019.388672
2221.963867	17943.257813
2218.784180	17724.089844
2215.602539	17352.658203
2212.419922	17085.259766
2209.236328	16925.673828
2206.050781	16821.167969
2202.863281	16524.570313
2199.674805	16396.035156
2196.485352	16045.833008
2193.292969	15886.299805
2190.100586	15631.392578
2186.905273	15507.410156
2183.709961	15183.294922
2180.511719	15126.085938
2177.312500	15017.347656
2174.112305	14640.792969
2170.910156	14440.251953
2167.706055	14147.812500
2164.500977	14069.361328
2161.294922	13927.050781
2158.085938	13735.776367
2154.876953	13581.286133
2151.665039	13188.712891
2148.452148	13098.425781
2145.238281	13047.885742
2142.022461	12754.061523
2138.804688	12608.924805
2135.585938	12387.031250
2132.365234	12215.802734
2129.143555	12100.599609
2125.919922	11914.149414
2122.695313	11737.173828
2119.468750	11741.670898
2116.240234	11295.426758
2113.010742	11213.423828
2109.780273	11114.472656
2106.546875	10990.863281
2103.312500	10878.190430
2100.077148	10624.231445
2096.839844	10485.575195
2093.600586	10299.962891
2090.360352	10156.184570
2087.119141	10005.599609
2083.875000	10022.412109
2080.629883	9843.522461
2077.383789	9628.606445
2074.135742	9497.016602
2070.885742	9411.708008
2067.634766	9151.927734
2064.381836	9105.286133
2061.127930	8997.998047
2057.871094	8847.809570
2054.614258	8683.947266
2051.355469	8624.564453
2048.094727	8417.254883
2044.832031	8409.396484
2041.568359	8179.401367
2038.303711	8154.813965
2035.037109	8067.495117
2031.768555	7808.917969
2028.498047	7747.071777
2025.226563	7565.307129
2021.954102	7476.134277
2018.678711	7503.086914
2015.403320	7264.461426
2012.125000	7242.670898
2008.845703	7032.600098
2005.564453	6918.736816
2002.282227	6779.085938
1998.998047	6752.991699
1995.712891	6557.244629
1992.424805	6587.554688
1989.136719	6439.199219
1985.845703	6325.933594
1982.553711	6256.061035
1979.260742	6184.735352
1975.964844	6017.881836
1972.667969	5930.810059
1969.370117	5873.379883
1966.070313	5794.033203
1962.768555	5749.592285
1959.465820	5643.130371
1956.161133	5431.616211
1952.854492	5436.556152
1949.546875	5399.922363
1946.237305	5265.875977
1942.925781	5230.866211
1939.613281	5124.194336
1936.298828	5019.132324
1932.982422	4962.422363
1929.665039	4960.021973
1926.346680	4814.512695
1923.025391	4730.122559
1919.703125	4702.248047
1916.378906	4694.706055
1913.053711	4572.151855
1909.726563	4491.040527
1906.397461	4408.503906
1903.067383	4357.573242
1899.735352	4304.439453
1896.401367	4316.599609
1893.066406	4163.091797
1889.729492	4088.397705
1886.390625	4103.635254
1883.050781	4009.578857
1879.708984	3938.803955
1876.365234	3883.798828
1873.020508	3810.161133
1869.673828	3727.629150
1866.326172	3670.562256
1862.975586	3603.847900
1859.624023	3493.187012
1856.271484	3528.763428
1852.916016	3471.153564
1849.559570	3397.211914
1846.202148	3394.810791
1842.841797	3314.278564
1839.480469	3319.354980
1836.118164	3253.060059
1832.752930	3172.710938
1829.386719	3086.497803
1826.018555	2995.913574
1822.649414	3021.900635
1819.278320	2999.658936
1815.905273	2912.952637
1812.531250	2827.070557
1809.154297	2841.977295
1805.777344	2820.602539
1802.397461	2774.095459
1799.016602	2729.111816
1795.633789	2681.214844
1792.249023	2574.270020
1788.863281	2607.708008
1785.475586	2531.895752
1782.085938	2446.568115
1778.694336	2418.826904
1775.301758	2386.690430
1771.907227	2388.463867
1768.510742	2319.565186
1765.113281	2294.879883
1761.713867	2256.244873
1758.312500	2241.168701
1754.910156	2191.575928
1751.505859	2120.001465
1748.099609	2096.204346
1744.691406	2077.564697
1741.282227	2088.272461
1737.871094	2022.016479
1734.458008	1983.660522
1731.042969	1937.287842
1727.626953	1915.841309
1724.208984	1893.683594
1720.790039	1864.236206
1717.368164	1839.932129
1713.945313	1814.190674
1710.520508	1808.913574
1707.093750	1799.992676
1703.666016	1734.197144
1700.236328	1707.826904
1696.804688	1631.212402
1693.371094	1652.249756
1689.936523	1625.229248
1686.500000	1626.605835
1683.061523	1556.724365
1679.622070	1555.952026
1676.179688	1480.362549
1672.736328	1477.449463
1669.291016	1409.229370
1665.844727	1409.979736
1662.396484	1402.029419
1658.945313	1386.840698
1655.494141	1362.251709
1652.040039	1363.021484
1648.584961	1312.421753
1645.126953	1280.673340
1641.668945	1287.985840
1638.208008	1236.774902
1634.745117	1211.608398
1631.281250	1175.641113
1627.815430	1175.054443
1624.347656	1153.559692
1620.878906	1158.028076
1617.408203	1137.282471
1613.935547	1069.763916
1610.460938	1058.436157
1606.984375	1033.454956
1603.506836	1039.407227
1600.027344	1000.090515
1596.545898	1006.052673
1593.062500	987.605408
1589.577148	995.001709
1586.090820	947.896912
1582.602539	943.121704
1579.112305	890.358826
1575.620117	914.253967
1572.126953	885.887451
1568.630859	876.859924
1565.133789	849.254700
1561.634766	855.972900
1558.133789	820.549561
1554.631836	826.560913
1551.127930	801.175232
1547.621094	796.493530
1544.114258	775.424011
1540.604492	767.197571
1537.092773	749.723267
1533.580078	751.480164
1530.065430	716.960205
1526.548828	690.294739
1523.030273	699.894043
1519.509766	688.887756
1515.988281	665.115234
1512.463867	647.042236
1508.938477	635.369263
1505.411133	638.591736
1501.882813	627.642639
1498.351563	623.076660
1494.818359	587.377014
1491.284180	561.615845
1487.748047	562.745178
1484.209961	572.352356
1480.669922	553.699585
1477.128906	576.713074
1473.584961	547.493530
1470.040039	516.893005
1466.493164	492.666687
1462.944336	497.347534
1459.393555	488.645477
1455.840820	475.025848
1452.287109	468.453705
1448.730469	470.324341
1445.172852	460.950165
1441.613281	443.157593
1438.051758	430.296600
1434.488281	430.778809
1430.922852	436.870209
1427.356445	416.321808
1423.787109	391.591064
1420.216797	401.193359
1416.644531	401.688202
1413.070313	394.488403
1409.494141	382.402161
1405.916016	365.436981
1402.336914	344.298737
1398.754883	369.251068
1395.171875	350.225128
1391.585938	347.256470
1387.999023	351.260132
1384.410156	335.755066
1380.819336	320.265747
1377.226563	292.962341
1373.632813	313.677368
1370.036133	296.137299
1366.438477	320.303131
1362.837891	295.832916
1359.236328	298.457092
1355.632813	281.654022
1352.027344	266.254852
1348.419922	281.364044
1344.810547	270.136566
1341.199219	253.382095
1337.585938	255.327271
1333.970703	250.354431
1330.354492	239.856781
1326.735352	240.423798
1323.115234	243.061676
1319.493164	237.414780
1315.869141	222.806183
1312.242188	202.697021
1308.614258	214.995728
1304.984375	210.063309
1301.353516	207.889389
1297.719727	208.469681
1294.083984	206.298630
1290.446289	185.572479
1286.807617	195.780441
1283.166016	178.514008
1279.523438	188.028610
1275.877930	189.988556
1272.231445	185.091156
1268.582031	183.624588
1264.931641	163.669571
1261.279297	167.006668
1257.625000	164.183319
1253.968750	161.362839
1250.310547	151.027969
1246.650391	141.386841
1242.988281	154.966522
1239.324219	136.463135
1235.658203	144.575409
1231.990234	141.091873
1228.320313	141.018158
1224.648438	134.135529
1220.975586	138.829117
1217.299805	127.873611
1213.622070	127.126846
1209.943359	130.457596
1206.261719	117.486145
1202.578125	118.103310
1198.893555	123.468567
1195.206055	126.115952
1191.517578	117.239822
1187.826172	110.404945
1184.133789	115.085762
1180.438477	110.288933
1176.742188	93.324348
1173.042969	109.497032
1169.342773	104.034981
1165.639648	88.450684
1161.935547	95.827324
1158.228516	100.498207
1154.520508	100.445206
1150.809570	90.285614
1147.097656	82.830368
1143.382813	91.536430
1139.666992	88.124535
1135.948242	86.733253
1132.227539	74.591469
1128.505859	76.566925
1124.781250	81.896667
1121.055664	82.524223
1117.327148	79.127632
1113.596680	76.404816
1109.865234	83.062920
1106.130859	60.925121
1102.394531	72.268356
1098.657227	68.217201
1094.916992	66.844070
1091.174805	66.808533
1087.430664	71.447113
1083.684570	58.728973
1079.936523	58.030689
1076.186523	53.999798
1072.434570	57.302567
1068.680664	59.269878
1064.924805	71.884636
1061.166992	61.867622
1057.406250	51.861271
1053.644531	55.156231
1049.880859	58.447643
1046.114258	49.786697
1042.346680	53.077400
1038.576172	53.048992
1034.803711	47.718529
1031.030273	49.017769
1027.253906	54.287872
1023.475586	52.935375
1019.695313	44.970928
1015.913086	44.285805
1012.128906	44.922649
1008.342773	39.616333
1004.553711	44.214455
