4046.277344	249.464203
4043.892578	245.271515
4041.505859	276.607513
4039.119141	273.356415
4036.731445	255.450775
4034.342773	275.233765
4031.952148	270.940704
4029.561523	279.199219
4027.169922	299.994446
4024.777344	287.337524
4022.383789	303.935120
4019.989258	295.462616
4017.593750	294.302063
4015.197266	308.790527
4012.799805	308.668274
4010.401367	307.503601
4008.001953	303.213867
4005.601563	319.758606
4003.201172	315.467224
4000.798828	336.156738
3998.395508	313.136292
3995.991211	319.251434
3993.585938	337.835510
3991.180664	357.443848
3988.773438	329.257751
3986.365234	321.859039
3983.957031	335.222992
3981.546875	344.426453
3979.135742	360.881622
3976.724609	343.115692
3974.311523	357.485687
3971.898438	358.379028
3969.483398	363.412994
3967.068359	363.268097
3964.651367	351.743256
3962.234375	387.797333
3959.815430	393.844818
3957.396484	386.454437
3954.975586	407.990723
3952.554688	394.405487
3950.131836	393.215790
3947.708984	413.691528
3945.284180	440.338226
3942.859375	413.360565
3940.432617	420.407990
3938.005859	416.119629
3935.577148	421.100891
3933.148438	427.107178
3930.718750	461.913849
3928.287109	444.246674
3925.855469	442.012604
3923.421875	436.697601
3920.988281	448.847656
3918.552734	456.881012
3916.117188	458.750031
3913.680664	462.669189
3911.242188	460.432281
3908.803711	495.098816
3906.363281	490.801117
3903.922852	484.458282
3901.480469	479.144196
3899.038086	505.559662
3896.593750	497.172119
3894.149414	550.145752
3891.703125	515.170410
3889.256836	515.984436
3886.808594	527.011047
3884.360352	510.463593
3881.910156	570.467957
3879.459961	563.096863
3877.007813	553.692261
3874.555664	558.564941
3872.101563	549.169373
3869.646484	539.781250
3867.191406	562.977966
3864.734375	578.014648
3862.277344	586.935730
3859.818359	594.832581
3857.358398	597.640869
3854.897461	601.462708
3852.436523	648.950867
3849.973633	633.460388
3847.509766	623.056030
3845.044922	647.147400
3842.579102	652.968384
3840.113281	633.446533
3837.645508	660.543152
3835.176758	662.300232
3832.707031	645.834656
3830.236328	677.951965
3827.764648	721.169006
3825.291992	676.389709
3822.818359	678.135803
3820.343750	696.043884
3817.868164	725.045044
3815.390625	726.768616
3812.913086	745.643372
3810.434570	718.107971
3807.955078	735.962280
3805.473633	768.918152
3802.992188	768.604553
3800.509766	769.297913
3798.025391	801.192688
3795.541016	774.706665
3793.054688	788.470154
3790.568359	794.179810
3788.080078	786.821106
3785.591797	819.646973
3783.101563	810.275330
3780.610352	839.049683
3778.119141	868.803528
3775.625977	850.397095
3773.131836	887.138306
3770.636719	857.716858
3768.140625	883.406982
3765.643555	920.088806
3763.145508	956.740295
3760.646484	899.327271
3758.146484	965.955322
3755.645508	974.554932
3753.143555	958.168823
3750.639648	939.798462
3748.135742	962.373718
3745.630859	995.907104
3743.124023	986.520447
3740.617188	965.176208
3738.108398	1028.566406
3735.599609	1075.964111
3733.088867	1067.554565
3730.577148	1082.046875
3728.064453	1081.601440
3725.551758	1118.951782
3723.037109	1125.450439
3720.521484	1125.980591
3718.004883	1137.437256
3715.487305	1121.080566
3712.967773	1157.343506
3710.448242	1162.819092
3707.927734	1171.265137
3705.406250	1160.868164
3702.882813	1200.026367
3700.359375	1230.237183
3697.833984	1277.254761
3695.308594	1256.932739
3692.781250	1299.942383
3690.252930	1267.760376
3687.723633	1269.213013
3685.193359	1274.616333
3682.662109	1333.348755
3680.129883	1347.605713
3677.596680	1323.363281
3675.062500	1355.367676
3672.527344	1393.261230
3669.990234	1367.057617
3667.453125	1404.914185
3664.915039	1406.301270
3662.375000	1416.546265
3659.833984	1466.141846
3657.292969	1465.533325
3654.750000	1461.975464
3652.206055	1467.264893
3649.661133	1563.908447
3647.115234	1537.728027
3644.568359	1557.701172
3642.019531	1558.034668
3639.470703	1529.926514
3636.920898	1527.329468
3634.369141	1609.985962
3631.817383	1597.561890
3629.263672	1681.098511
3626.708984	1643.208496
3624.153320	1628.828125
3621.596680	1716.157471
3619.039063	1734.013916
3616.480469	1741.107300
3613.920898	1743.311157
3611.360352	1795.300781
3608.797852	1798.454956
3606.235352	1795.753418
3603.670898	1837.904297
3601.105469	1880.019531
3598.540039	1906.511841
3595.972656	1933.955200
3593.404297	1904.918579
3590.834961	1902.176270
3588.264648	1932.503052
3585.692383	1947.249390
3583.120117	2031.949341
3580.545898	2045.669189
3577.971680	2059.376953
3575.395508	2059.485107
3572.818359	2087.726318
3570.240234	2096.548828
3567.661133	2153.829346
3565.081055	2128.703613
3562.500000	2240.157715
3559.917969	2249.867188
3557.333984	2262.470947
3554.750000	2285.703613
3552.164063	2290.545410
3549.577148	2306.013672
3546.989258	2364.941406
3544.400391	2286.694580
3541.810547	2365.850098
3539.219727	2428.535889
3536.626953	2389.901367
3534.034180	2483.372314
3531.439453	2519.909424
3528.844727	2504.400391
3526.248047	2537.045166
3523.650391	2592.759766
3521.051758	2599.364014
3518.451172	2653.080566
3515.850586	2674.070313
3513.249023	2735.395264
3510.645508	2746.727051
3508.041016	2826.208008
3505.436523	2774.157715
3502.830078	2898.639893
3500.222656	2928.097168
3497.613281	2844.441406
3495.003906	2950.532227
3492.393555	2984.715820
3489.781250	2978.668945
3487.167969	3144.841797
3484.553711	3078.480713
3481.938477	3156.522461
3479.322266	3201.053223
3476.705078	3235.039063
3474.086914	3267.085693
3471.466797	3249.479248
3468.845703	3316.785889
3466.224609	3369.731934
3463.601563	3393.085449
3460.977539	3393.553223
3458.351563	3488.298096
3455.725586	3571.538574
3453.098633	3635.677734
3450.469727	3647.450928
3447.839844	3747.627686
3445.208984	3721.329834
3442.577148	3815.688721
3439.944336	3899.521973
3437.310547	3909.255127
3434.674805	3926.567871
3432.039063	4005.502686
3429.401367	4032.236572
3426.762695	4068.421143
3424.123047	4126.355957
3421.481445	4191.813965
3418.839844	4202.332031
3416.197266	4342.421875
3413.552734	4403.918945
3410.907227	4500.329102
3408.260742	4475.741211
3405.613281	4477.611816
3402.963867	4611.617188
3400.314453	4663.428223
3397.663086	4681.244141
3395.011719	4688.674316
3392.358398	4805.395996
3389.704102	4885.285645
3387.047852	4909.561035
3384.391602	4947.929688
3381.733398	5013.542480
3379.075195	5148.674316
3376.415039	5153.054199
3373.753906	5258.885742
3371.090820	5262.272461
3368.427734	5322.910645
3365.762695	5417.271484
3363.097656	5463.721191
3360.430664	5566.374512
3357.762695	5587.417969
3355.092773	5607.505371
3352.422852	5795.155762
3349.750977	5744.948242
3347.079102	5851.930664
3344.405273	5989.674805
3341.729492	5989.912109
3339.053711	6025.647461
3336.376953	6171.539551
3333.698242	6130.623047
3331.018555	6191.437988
3328.337891	6374.370605
3325.656250	6472.313477
3322.973633	6534.761719
3320.289063	6599.017090
3317.604492	6626.906250
3314.917969	6659.422852
3312.230469	6732.838379
3309.541016	6821.065918
3306.851563	6951.968262
3304.160156	7007.506836
3301.467773	7010.993164
3298.774414	7153.706055
3296.080078	7191.451172
3293.384766	7253.274902
3290.687500	7370.663574
3287.990234	7460.150879
3285.291016	7567.157227
3282.589844	7607.410156
3279.888672	7618.938477
3277.186523	7742.381836
3274.482422	7824.108887
3271.777344	7882.657227
3269.071289	8010.439941
3266.364258	8129.798828
3263.655273	8217.669922
3260.945313	8279.628906
3258.234375	8423.610352
3255.522461	8450.392578
3252.809570	8506.635742
3250.095703	8707.428711
3247.379883	8732.206055
3244.663086	8911.557617
3241.945313	8930.701172
3239.226563	9101.532227
3236.505859	9185.823242
3233.784180	9357.309570
3231.061523	9467.122070
3228.337891	9534.616211
3225.613281	9546.084961
3222.886719	9674.923828
3220.160156	9928.313477
3217.431641	9893.774414
3214.702148	10126.695313
3211.970703	10168.994141
3209.239258	10290.864258
3206.505859	10495.861328
3203.771484	10633.934570
3201.035156	10677.755859
3198.298828	10737.979492
3195.560547	11005.416992
3192.821289	11056.312500
3190.081055	11224.845703
3187.339844	11371.344727
3184.596680	11501.304688
3181.853516	11632.060547
3179.108398	11688.932617
3176.361328	11775.791016
3173.614258	12006.337891
3170.865234	12211.212891
3168.115234	12328.631836
3165.364258	12267.833008
3162.612305	12373.309570
3159.858398	12630.315430
3157.104492	12695.602539
3154.347656	12825.236328
3151.590820	13059.030273
3148.833008	13240.047852
3146.073242	13338.460938
3143.312500	13453.084961
3140.550781	13572.130859
3137.787109	13765.260742
3135.023438	13883.154297
3132.257813	13935.854492
3129.491211	14128.560547
3126.722656	14366.253906
3123.954102	14356.368164
3121.183594	14508.919922
3118.412109	14515.208008
3115.638672	14830.742188
3112.865234	14827.863281
3110.089844	15013.256836
3107.313477	15038.206055
3104.536133	15224.236328
3101.756836	15261.657227
3098.976563	15500.474609
3096.195313	15609.641602
3093.413086	15854.377930
3090.628906	15779.179688
3087.844727	16050.548828
3085.058594	16164.649414
3082.270508	16461.611328
3079.482422	16524.322266
3076.692383	16654.181641
3073.901367	16958.585938
3071.109375	17035.306641
3068.315430	17282.886719
3065.520508	17472.099609
3062.724609	17690.646484
3059.927734	17778.509766
3057.128906	17972.601563
3054.329102	18119.189453
3051.528320	18079.093750
3048.726563	18438.726563
3045.922852	18485.021484
3043.118164	18614.167969
3040.312500	18766.361328
3037.505859	18888.134766
3034.697266	19025.820313
3031.887695	19241.683594
3029.077148	19492.929688
3026.264648	19686.160156
3023.452148	19737.029297
3020.637695	19894.439453
3017.821289	20038.388672
3015.004883	20313.550781
3012.186523	20271.773438
3009.367188	20532.390625
3006.545898	20628.806641
3003.724609	20903.199219
3000.901367	21026.804688
2998.077148	21270.671875
2995.250977	21531.128906
2992.423828	21506.587891
2989.595703	21893.105469
2986.766602	22051.312500
2983.935547	22176.695313
2981.104492	22344.335938
2978.270508	22456.230469
2975.436523	22730.308594
2972.600586	22755.519531
2969.763672	22981.625000
2966.925781	23192.546875
2964.085938	23310.828125
2961.245117	23634.931641
2958.403320	23852.302734
2955.560547	24027.267578
2952.715820	24318.962891
2949.870117	24299.402344
2947.023438	24553.824219
2944.174805	24686.007813
2941.325195	25031.261719
2938.474609	24845.648438
2935.622070	25492.044922
2932.768555	25459.705078
2929.914063	25618.308594
2927.058594	26081.398438
2924.201172	26028.693359
2921.342773	26287.388672
2918.483398	26638.515625
2915.622070	26820.671875
2912.759766	27088.255859
2909.896484	27102.406250
2907.032227	27425.460938
2904.166016	27632.208984
2901.298828	27781.216797
2898.429688	27880.410156
2895.559570	28202.511719
2892.688477	28492.972656
2889.816406	28585.597656
2886.942383	28856.474609
2884.067383	29224.492188
2881.191406	29314.902344
2878.314453	29395.667969
2875.435547	29698.666016
2872.554688	30022.216797
2869.673828	30218.794922
2866.791016	30523.593750
2863.907227	30368.677734
2861.021484	30731.173828
2858.134766	31242.304688
2855.247070	31199.787109
2852.358398	31566.589844
2849.467773	31792.074219
2846.576172	31875.562500
2843.682617	32191.423828
2840.789063	32264.275391
2837.893555	32608.152344
2834.996094	32820.539063
2832.097656	32993.906250
2829.198242	32989.488281
2826.297852	33387.546875
2823.395508	33443.238281
2820.492188	33519.539063
2817.587891	33594.898438
2814.681641	33825.894531
2811.774414	34010.238281
2808.866211	34135.957031
2805.956055	34350.046875
2803.044922	34631.773438
2800.131836	34912.378906
2797.218750	34824.648438
2794.303711	34984.832031
2791.386719	34901.410156
2788.468750	35343.289063
2785.549805	35383.089844
2782.629883	35708.765625
2779.708008	35796.261719
2776.785156	35811.824219
2773.860352	36194.968750
2770.935547	36286.371094
2768.007813	36294.824219
2765.080078	36288.746094
2762.150391	36289.488281
2759.219727	36523.085938
2756.287109	36511.765625
2753.353516	36971.718750
2750.418945	37055.585938
2747.482422	37064.441406
2744.544922	37214.554688
2741.606445	37290.511719
2738.666016	37340.878906
2735.724609	37397.988281
2732.782227	37195.925781
2729.837891	37776.101563
2726.892578	37723.414063
2723.945313	38069.500000
2720.997070	37554.539063
2718.047852	37959.699219
2715.097656	37804.460938
2712.145508	38143.910156
2709.191406	38207.093750
2706.237305	38274.437500
2703.281250	38129.437500
2700.323242	38161.226563
2697.364258	38531.800781
2694.404297	38508.460938
2691.443359	38323.890625
2688.480469	38111.632813
2685.515625	38344.031250
2682.550781	38511.296875
2679.583984	38637.105469
2676.615234	38354.292969
2673.646484	38600.425781
2670.674805	38506.355469
2667.703125	38069.183594
2664.729492	38236.886719
2661.754883	38379.210938
2658.778320	38161.050781
2655.800781	38093.359375
2652.821289	37946.832031
2649.840820	38010.972656
2646.859375	38012.160156
2643.876953	37880.917969
2640.892578	37719.628906
2637.906250	37722.585938
2634.918945	37849.394531
2631.930664	37738.492188
2628.941406	37630.191406
2625.950195	37355.652344
2622.957031	37621.027344
2619.963867	37390.976563
2616.967773	37428.207031
2613.971680	37164.226563
2610.973633	37229.855469
2607.974609	36740.296875
2604.973633	36727.726563
2601.971680	36544.437500
2598.967773	36652.636719
2595.962891	36138.394531
2592.957031	36067.859375
2589.949219	36120.398438
2586.940430	35584.636719
2583.929688	35695.457031
2580.917969	35325.542969
2577.905273	35137.660156
2574.890625	35104.195313
2571.875000	34883.406250
2568.857422	34850.066406
2565.838867	34439.914063
2562.819336	34349.667969
2559.797852	33888.792969
2556.775391	33775.699219
2553.750977	33695.765625
2550.725586	33377.917969
2547.698242	32991.796875
2544.669922	32890.007813
2541.640625	32639.769531
2538.609375	32148.910156
2535.577148	32367.490234
2532.542969	31943.931641
2529.507813	31702.781250
2526.471680	31453.607422
2523.433594	31103.435547
2520.393555	30993.751953
2517.353516	30752.615234
2514.310547	30648.927734
2511.267578	30293.154297
2508.222656	30114.216797
2505.175781	30019.960938
2502.127930	29462.332031
2499.079102	29091.318359
2496.028320	28993.537109
2492.976563	28608.316406
2489.922852	28534.570313
2486.868164	28188.361328
2483.812500	27920.990234
2480.754883	27626.056641
2477.695313	27546.324219
2474.634766	27126.017578
2471.573242	26943.689453
2468.509766	26696.232422
2465.445313	26488.148438
2462.378906	26232.140625
2459.311523	25951.097656
2456.242188	25686.595703
2453.171875	25492.355469
2450.100586	24919.835938
2447.027344	24866.031250
2443.953125	24539.060547
2440.876953	24268.464844
2437.799805	24215.822266
2434.720703	23987.019531
2431.640625	23831.466797
2428.558594	23418.884766
2425.475586	23283.181641
2422.390625	22889.050781
2419.304688	22706.716797
2416.217773	22328.585938
2413.128906	22187.132813
2410.038086	21833.039063
2406.946289	21771.175781
2403.853516	21447.492188
2400.758789	21202.464844
2397.663086	20940.699219
2394.565430	20669.484375
2391.466797	20362.210938
2388.366211	20188.265625
2385.264648	20082.984375
2382.161133	19661.992188
2379.056641	19420.953125
2375.950195	19374.105469
2372.842773	19147.890625
2369.734375	18894.541016
2366.624023	18730.634766
2363.511719	18345.142578
2360.398438	18245.873047
2357.284180	18073.650391
2354.167969	17824.564453
2351.049805	17801.835938
2347.930664	17436.876953
2344.810547	17260.519531
2341.688477	16939.380859
2338.564453	16853.050781
2335.439453	16660.394531
2332.313477	16341.566406
2329.185547	16310.768555
2326.056641	16203.298828
2322.925781	15906.672852
2319.792969	15659.804688
2316.660156	15549.581055
2313.524414	15210.599609
2310.387695	15039.305664
2307.250000	14960.581055
2304.110352	14620.740234
2300.969727	14588.437500
2297.827148	14408.187500
2294.682617	14344.197266
2291.537109	14106.994141
2288.390625	13952.628906
2285.242188	13788.080078
2282.092773	13427.639648
2278.941406	13268.241211
2275.788086	13166.873047
2272.633789	12929.272461
2269.478516	12953.316406
2266.321289	12685.147461
2263.162109	12424.348633
2260.001953	12249.227539
2256.840820	12181.804688
2253.676758	12052.792969
2250.512695	11893.089844
2247.346680	11660.888672
2244.178711	11713.025391
2241.009766	11302.834961
2237.838867	11114.592773
2234.666992	11057.351563
2231.493164	10905.629883
2228.318359	10887.115234
2225.141602	10534.133789
2221.963867	10419.833008
2218.784180	10407.851563
2215.602539	10103.522461
2212.419922	10043.776367
2209.236328	9882.011719
2206.050781	9794.952148
2202.863281	9582.462891
2199.674805	9460.336914
2196.485352	9333.620117
2193.292969	9248.535156
2190.100586	9150.216797
2186.905273	9048.858398
2183.709961	8942.117188
2180.511719	8796.380859
2177.312500	8599.985352
2174.112305	8558.427734
2170.910156	8567.653320
2167.706055	8311.547852
2164.500977	8268.616211
2161.294922	8168.031250
2158.085938	7975.586914
2154.876953	7878.345215
2151.665039	7790.535156
2148.452148	7625.769043
2145.238281	7572.377930
2142.022461	7511.260742
2138.804688	7390.366699
2135.585938	7303.758301
2132.365234	7203.255859
2129.143555	7085.775879
2125.919922	6997.875488
2122.695313	6823.235352
2119.468750	6781.252930
2116.240234	6723.044434
2113.010742	6495.363770
2109.780273	6522.450195
2106.546875	6421.906250
2103.312500	6322.228027
2100.077148	6293.723145
2096.839844	6238.214355
2093.600586	6073.921387
2090.360352	5941.414063
2087.119141	5866.095703
2083.875000	5839.406250
2080.629883	5734.928223
2077.383789	5644.408691
2074.135742	5577.063477
2070.885742	5499.010254
2067.634766	5531.756348
2064.381836	5311.609375
2061.127930	5267.589355
2057.871094	5205.949219
2054.614258	5111.364258
2051.355469	5089.743164
2048.094727	4988.400391
2044.832031	4852.665527
2041.568359	4776.041016
2038.303711	4782.942871
2035.037109	4727.083984
2031.768555	4678.925781
2028.498047	4568.119629
2025.226563	4468.116211
2021.954102	4371.262207
2018.678711	4372.220215
2015.403320	4319.759766
2012.125000	4225.399902
2008.845703	4183.729980
2005.564453	4110.095703
2002.282227	4053.285645
1998.998047	4028.500977
1995.712891	3874.389648
1992.424805	3826.135742
1989.136719	3761.203857
1985.845703	3684.176270
1982.553711	3683.922363
1979.260742	3612.316650
1975.964844	3606.783936
1972.667969	3475.374268
1969.370117	3418.369385
1966.070313	3368.993896
1962.768555	3422.646973
1959.465820	3320.334229
1956.161133	3232.492432
1952.854492	3202.199707
1949.546875	3178.736816
1946.237305	3116.770020
1942.925781	3085.818359
1939.613281	2980.183105
1936.298828	2949.324951
1932.982422	2973.532715
1929.665039	2905.026611
1926.346680	2816.248779
1923.025391	2788.536377
1919.703125	2746.552490
1916.378906	2716.641846
1913.053711	2672.476074
1909.726563	2692.971191
1906.397461	2608.302246
1903.067383	2608.538818
1899.735352	2572.759766
1896.401367	2504.017578
1893.066406	2439.089111
1889.729492	2385.460693
1886.390625	2410.511230
1883.050781	2336.738037
1879.708984	2399.939697
1876.365234	2287.358643
1873.020508	2269.056396
1869.673828	2226.119141
1866.326172	2193.676270
1862.975586	2179.175049
1859.624023	2093.823730
1856.271484	2074.909912
1852.916016	2026.205811
1849.559570	1998.403809
1846.202148	2004.129517
1842.841797	1942.134521
1839.480469	1949.368042
1836.118164	1890.432251
1832.752930	1854.586914
1829.386719	1874.475464
1826.018555	1793.391357
1822.649414	1737.611450
1819.278320	1735.278687
1815.905273	1707.746216
1812.531250	1632.085083
1809.154297	1683.860474
1805.777344	1618.645386
1802.397461	1620.811523
1799.016602	1614.841553
1795.633789	1583.749634
1792.249023	1538.652710
1788.863281	1515.010376
1785.475586	1498.770020
1782.085938	1472.218872
1778.694336	1436.109253
1775.301758	1405.929443
1771.907227	1389.035645
1768.510742	1358.171265
1765.113281	1347.202637
1761.713867	1332.567017
1758.312500	1298.834106
1754.910156	1294.521240
1751.505859	1254.230225
1748.099609	1285.906860
1744.691406	1232.453735
1741.282227	1195.184082
1737.871094	1164.546631
1734.458008	1198.400513
1731.042969	1147.290283
1727.626953	1110.134155
1724.208984	1090.568604
1720.790039	1092.223145
1717.368164	1082.914795
1713.945313	1056.086792
1710.520508	1081.844116
1707.093750	1037.531250
1703.666016	1007.847107
1700.236328	1009.534851
1696.804688	972.607605
1693.371094	978.679443
1689.936523	952.720581
1686.500000	932.606689
1683.061523	945.231995
1679.622070	917.873596
1676.179688	921.776306
1672.736328	877.757446
1669.291016	863.533936
1665.844727	839.169983
1662.396484	865.575562
1658.945313	804.280640
1655.494141	793.017334
1652.040039	809.271423
1648.584961	779.928711
1645.126953	775.201477
1641.668945	746.627014
1638.208008	755.646301
1634.745117	724.221252
1631.281250	700.765808
1627.815430	705.465515
1624.347656	666.901733
1620.878906	668.009949
1617.408203	670.557312
1613.935547	636.387146
1610.460938	638.947205
1606.984375	593.319641
1603.506836	625.369507
1600.027344	605.658264
1596.545898	583.094055
1593.062500	573.471436
1589.577148	585.379517
1586.090820	563.575623
1582.602539	559.709778
1579.112305	507.855530
1575.620117	533.374512
1572.126953	530.960022
1568.630859	525.686829
1565.133789	516.844421
1561.634766	503.009125
1558.133789	479.189545
1554.631836	513.210083
1551.127930	469.433014
1547.621094	464.205292
1544.114258	440.452240
1540.604492	472.998322
1537.092773	428.616699
1533.580078	405.628510
1530.065430	440.987427
1526.548828	393.844788
1523.030273	412.120361
1519.509766	406.230713
1515.988281	380.471466
1512.463867	378.150787
1508.938477	370.159302
1505.411133	365.010803
1501.882813	355.616913
1498.351563	346.940430
1494.818359	351.010864
1491.284180	355.076996
1487.748047	345.706512
1484.209961	315.853729
1480.669922	318.518524
1477.128906	321.886383
1473.584961	310.434479
1470.040039	281.364685
1466.493164	296.727722
1462.944336	292.350189
1459.393555	300.650757
1455.840820	287.126740
1452.287109	272.912964
1448.730469	273.477081
1445.172852	259.284454
1441.613281	264.770844
1438.051758	263.933960
1434.488281	250.469101
1430.922852	270.677216
1427.356445	250.213608
1423.787109	238.177032
1420.216797	231.053772
1416.644531	231.635529
1413.070313	218.227631
1409.494141	215.319687
1405.916016	223.594330
1402.336914	208.115662
1398.754883	214.989273
1395.171875	211.390869
1391.585938	218.255569
1387.999023	207.689514
1384.410156	181.112701
1380.819336	190.766998
1377.226563	180.926865
1373.632813	183.616028
1370.036133	178.655594
1366.438477	186.901382
1362.837891	156.944229
1359.236328	176.297913
1355.632813	166.494995
1352.027344	158.782196
1348.419922	153.156296
1344.810547	150.999405
1341.199219	152.306183
1337.585938	154.303467
1333.970703	148.691177
1330.354492	143.775818
1326.735352	150.610306
1323.115234	140.174774
1319.493164	139.412170
1315.869141	144.168701
1312.242188	136.510239
1308.614258	126.792351
1304.984375	128.792908
1301.353516	123.907578
1297.719727	115.587151
1294.083984	116.214897
1290.446289	122.340378
1286.807617	117.468262
1283.166016	116.720695
1279.523438	115.287613
1275.877930	103.567772
1272.231445	104.199471
1268.582031	104.145287
1264.931641	104.091110
1261.279297	102.668030
1257.625000	93.037216
1253.968750	98.458679
1250.310547	84.056290
1246.650391	84.695496
1242.988281	91.478043
1239.324219	89.383354
1235.658203	75.015541
1231.990234	92.698044
1228.320313	80.387161
1224.648438	76.259789
1220.975586	72.817230
1217.299805	74.819664
1213.622070	82.258553
1209.943359	76.100266
1206.261719	83.530609
1202.578125	71.947998
1198.893555	66.483070
1195.206055	71.872536
1191.517578	67.768684
1187.826172	69.765091
1184.133789	64.312630
1180.438477	66.985306
1176.742188	64.245026
1173.042969	58.128052
1169.342773	61.475216
1165.639648	59.417252
1161.935547	61.410469
1158.228516	64.076035
1154.520508	51.907928
1150.809570	54.575634
1147.097656	46.465813
1143.382813	53.171894
1139.666992	52.471096
1135.948242	51.098660
1132.227539	61.151566
1128.505859	46.343136
1124.781250	47.661175
1121.055664	46.294075
1117.327148	48.281269
1113.596680	45.574802
1109.865234	46.890358
1106.130859	39.500904
1102.394531	44.833145
1098.657227	44.140541
1094.916992	45.453968
1091.174805	46.765976
1087.430664	44.737911
1083.684570	38.040359
1079.936523	44.023281
1076.186523	39.333183
1072.434570	33.315445
1068.680664	33.963638
1064.924805	33.945522
1061.166992	39.249352
1057.406250	33.244404
1053.644531	27.910381
1049.880859	31.216354
1046.114258	33.854954
1042.346680	33.173374
1038.576172	32.492508
1034.803711	31.812351
1031.030273	27.158493
1027.253906	28.468031
1023.475586	24.482611
1019.695313	29.760174
1015.913086	29.744198
1012.128906	31.710106
1008.342773	33.013611
1004.553711	27.056608
