4046.277344	233.741669
4043.892578	277.764771
4041.505859	236.792801
4039.119141	242.983475
4036.731445	227.183685
4034.342773	259.536041
4031.952148	242.695923
4029.561523	262.468170
4027.169922	270.726715
4024.777344	257.036469
4022.383789	276.779419
4019.989258	250.569000
4017.593750	274.473206
4015.197266	276.450989
4012.799805	274.255920
4010.401367	280.401611
4008.001953	299.045990
4005.601563	296.844330
4003.201172	294.644318
4000.798828	293.486694
3998.395508	301.692780
3995.991211	310.932159
3993.585938	304.571716
3991.180664	325.232330
3988.773438	331.335083
3986.365234	323.935547
3983.957031	328.995941
3981.546875	335.089600
3979.135742	346.363403
3976.724609	322.383636
3974.311523	361.630463
3971.898438	332.484589
3969.483398	338.564240
3967.068359	343.604004
3964.651367	358.985046
3962.234375	342.295776
3959.815430	347.327698
3957.396484	371.988220
3954.975586	357.379211
3952.554688	375.820953
3950.131836	376.702789
3947.708984	385.837006
3945.284180	389.807587
3942.859375	397.898193
3940.432617	386.404388
3938.005859	415.089630
3935.577148	392.272461
3933.148438	415.786255
3930.718750	438.252350
3928.287109	407.226135
3925.855469	424.537689
3923.421875	420.257233
3920.988281	426.251190
3918.552734	440.453827
3916.117188	440.276886
3913.680664	445.229340
3911.242188	458.381378
3908.803711	461.272186
3906.363281	461.086639
3903.922852	451.683075
3901.480469	471.977509
3899.038086	460.530060
3896.593750	486.942261
3894.149414	480.610596
3891.703125	478.372528
3889.256836	476.136139
3886.808594	489.221497
3884.360352	475.752045
3881.910156	499.031891
3879.459961	505.971130
3877.007813	518.003052
3874.555664	516.774475
3872.101563	519.622253
3869.646484	538.762817
3867.191406	524.292297
3864.734375	529.168335
3862.277344	548.281372
3859.818359	532.807251
3857.358398	575.280151
3854.897461	555.743408
3852.436523	566.689514
3849.973633	583.717529
3847.509766	592.613525
3845.044922	582.229797
3842.579102	588.077087
3840.113281	628.378967
3837.645508	614.953491
3835.176758	627.868713
3832.707031	634.699585
3830.236328	643.548462
3827.764648	682.733643
3825.291992	658.190857
3822.818359	636.699768
3820.343750	670.788269
3817.868164	692.731079
3815.390625	692.448975
3812.913086	683.085999
3810.434570	701.970703
3807.955078	731.929565
3805.473633	755.817322
3802.992188	759.538452
3800.509766	753.186951
3798.025391	777.036133
3795.541016	770.682251
3793.054688	748.242065
3790.568359	781.111023
3788.080078	815.962646
3785.591797	815.629089
3783.101563	801.238770
3780.610352	820.984009
3778.119141	796.570435
3775.625977	860.425354
3773.131836	841.027161
3770.636719	888.779053
3768.140625	893.422913
3765.643555	917.085266
3763.145508	906.701599
3760.646484	914.332764
3758.146484	898.958435
3755.645508	959.561768
3753.143555	921.200867
3750.639648	939.798462
3748.135742	970.360229
3745.630859	957.986816
3743.124023	968.565552
3740.617188	1010.044922
3738.108398	1003.649658
3735.599609	1012.203247
3733.088867	1037.678955
3730.577148	1048.201782
3728.064453	1052.745483
3725.551758	1088.118530
3723.037109	1105.566162
3720.521484	1068.339844
3718.004883	1121.542847
3715.487305	1139.947266
3712.967773	1139.477173
3710.448242	1170.756470
3707.927734	1144.487671
3705.406250	1142.032593
3702.882813	1150.479492
3700.359375	1199.530762
3697.833984	1197.055054
3695.308594	1197.550049
3692.781250	1186.172729
3690.252930	1260.838135
3687.723633	1266.247559
3685.193359	1304.258545
3682.662109	1241.495850
3680.129883	1273.561401
3677.596680	1297.705200
3675.062500	1256.723755
3672.527344	1288.742065
3669.990234	1298.064087
3667.453125	1352.697998
3664.915039	1358.045776
3662.375000	1353.544922
3659.833984	1386.438843
3657.292969	1379.961914
3654.750000	1437.396118
3652.206055	1440.730225
3649.661133	1425.396484
3647.115234	1492.558472
3644.568359	1510.587402
3642.019531	1488.374512
3639.470703	1483.832642
3636.920898	1484.195679
3634.369141	1571.769653
3631.817383	1578.951416
3629.263672	1573.398560
3626.708984	1601.125122
3624.153320	1615.132202
3621.596680	1667.264038
3619.039063	1683.185913
3616.480469	1671.736572
3613.920898	1668.109497
3611.360352	1768.942261
3608.797852	1729.171021
3606.235352	1796.728760
3603.670898	1773.553345
3601.105469	1812.771606
3598.540039	1878.260010
3595.972656	1849.235107
3593.404297	1846.515381
3590.834961	1928.446655
3588.264648	1925.695068
3585.692383	1927.806030
3583.120117	1950.321533
3580.545898	1954.362061
3577.971680	2014.713501
3575.395508	2058.514648
3572.818359	2087.726318
3570.240234	2124.670898
3567.661133	2139.289551
3565.081055	2150.019775
3562.500000	2165.582764
3559.917969	2179.195801
3557.333984	2259.567871
3554.750000	2239.273682
3552.164063	2294.412842
3549.577148	2318.577881
3546.989258	2333.061035
3544.400391	2374.570068
3541.810547	2409.286865
3539.219727	2410.203857
3536.626953	2442.946045
3534.034180	2521.934082
3531.439453	2501.600342
3528.844727	2554.488525
3526.248047	2500.457764
3523.650391	2631.256592
3521.051758	2632.072510
3518.451172	2702.122803
3515.850586	2736.548828
3513.249023	2696.963379
3510.645508	2712.153076
3508.041016	2733.088867
3505.436523	2804.864502
3502.830078	2824.782959
3500.222656	2876.323486
3497.613281	2892.359863
3495.003906	2962.985840
3492.393555	2962.691895
3489.781250	3038.012695
3487.167969	3072.128662
3484.553711	3067.004639
3481.938477	3088.650391
3479.322266	3125.565674
3476.705078	3200.654297
3474.086914	3214.575439
3471.466797	3196.037109
3468.845703	3302.477051
3466.224609	3367.824951
3463.601563	3415.007080
3460.977539	3380.215332
3458.351563	3446.396484
3455.725586	3520.135986
3453.098633	3595.714844
3450.469727	3595.140869
3447.839844	3675.375000
3445.208984	3727.981934
3442.577148	3797.640869
3439.944336	3841.603760
3437.310547	3853.259277
3434.674805	3978.745117
3432.039063	3946.709961
3429.401367	3930.814453
3426.762695	4095.897461
3424.123047	4116.885254
3421.481445	4172.880859
3418.839844	4268.570313
3416.197266	4302.696289
3413.552734	4361.373535
3410.907227	4393.538574
3408.260742	4418.117676
3405.613281	4582.422852
3402.963867	4594.628418
3400.314453	4553.988770
3397.663086	4642.579590
3395.011719	4745.232422
3392.358398	4838.374512
3389.704102	4877.750977
3387.047852	4950.042480
3384.391602	5011.919434
3381.733398	5145.230469
3379.075195	5059.353027
3376.415039	5190.646973
3373.753906	5295.523438
3371.090820	5312.979980
3368.427734	5382.043945
3365.762695	5479.193848
3363.097656	5510.611816
3360.430664	5527.002930
3357.762695	5734.529297
3355.092773	5684.307617
3352.422852	5750.217773
3349.750977	5757.113770
3347.079102	5985.694336
3344.405273	6006.505371
3341.729492	5983.370117
3339.053711	6106.923340
3336.376953	6208.891602
3333.698242	6270.634277
3331.018555	6281.939941
3328.337891	6341.729492
3325.656250	6455.533691
3322.973633	6484.443848
3320.289063	6450.923340
3317.604492	6695.800781
3314.917969	6792.499512
3312.230469	6745.861328
3309.541016	6879.643555
3306.851563	7000.297363
3304.160156	6967.559082
3301.467773	7132.640625
3298.774414	7218.680664
3296.080078	7368.663086
3293.384766	7377.547852
3290.687500	7379.006836
3287.990234	7514.820801
3285.291016	7587.533691
3282.589844	7759.243652
3279.888672	7777.184570
3277.186523	7859.858887
3274.482422	7968.349121
3271.777344	8085.985352
3269.071289	8136.079102
3266.364258	8257.230469
3263.655273	8403.197266
3260.945313	8581.327148
3258.234375	8656.010742
3255.522461	8668.866211
3252.809570	8900.085938
3250.095703	8887.951172
3247.379883	9024.046875
3244.663086	9072.598633
3241.945313	9199.292969
3239.226563	9267.031250
3236.505859	9449.587891
3233.784180	9556.655273
3231.061523	9635.161133
3228.337891	9766.832031
3225.613281	9960.773438
3222.886719	10081.178711
3220.160156	10281.225586
3217.431641	10395.884766
3214.702148	10441.751953
3211.970703	10613.910156
3209.239258	10677.938477
3206.505859	10945.879883
3203.771484	10960.331055
3201.035156	11120.073242
3198.298828	11246.788086
3195.560547	11339.606445
3192.821289	11452.418945
3190.081055	11603.447266
3187.339844	11583.816406
3184.596680	11897.807617
3181.853516	11820.659180
3179.108398	12147.018555
3176.361328	12216.381836
3173.614258	12343.916016
3170.865234	12598.668945
3168.115234	12632.279297
3165.364258	12785.808594
3162.612305	12665.791992
3159.858398	12944.461914
3157.104492	12999.628906
3154.347656	13194.445313
3151.590820	13347.376953
3148.833008	13475.700195
3146.073242	13648.299805
3143.312500	13696.682617
3140.550781	13938.725586
3137.787109	14043.027344
3135.023438	14032.376953
3132.257813	14183.545898
3129.491211	14334.579102
3126.722656	14437.606445
3123.954102	14683.182617
3121.183594	14890.638672
3118.412109	14893.152344
3115.638672	14988.526367
3112.865234	15165.823242
3110.089844	15215.944336
3107.313477	15449.706055
3104.536133	15479.848633
3101.756836	15853.626953
3098.976563	15780.142578
3096.195313	15899.974609
3093.413086	16154.465820
3090.628906	16138.410156
3087.844727	16541.580078
3085.058594	16694.947266
3082.270508	17075.984375
3079.482422	17169.802734
3076.692383	17487.562500
3073.901367	17671.576172
3071.109375	17523.257813
3068.315430	17907.546875
3065.520508	18019.554688
3062.724609	18266.476563
3059.927734	18406.818359
3057.128906	18572.937500
3054.329102	18678.185547
3051.528320	18809.220703
3048.726563	19164.962891
3045.922852	19155.646484
3043.118164	19504.673828
3040.312500	19641.330078
3037.505859	19791.218750
3034.697266	19984.589844
3031.887695	20275.666016
3029.077148	20457.080078
3026.264648	20624.994141
3023.452148	20774.978516
3020.637695	20837.775391
3017.821289	21145.564453
3015.004883	21358.115234
3012.186523	21540.310547
3009.367188	21591.996094
3006.545898	21907.748047
3003.724609	22028.312500
3000.901367	22219.607422
2998.077148	22413.380859
2995.250977	22692.798828
2992.423828	22738.492188
2989.595703	22909.662109
2986.766602	23096.578125
2983.935547	23303.636719
2981.104492	23602.314453
2978.270508	23783.361328
2975.436523	23853.990234
2972.600586	24115.861328
2969.763672	24215.347656
2966.925781	24244.271484
2964.085938	24465.099609
2961.245117	24861.738281
2958.403320	24935.177734
2955.560547	25260.900391
2952.715820	25233.890625
2949.870117	25480.990234
2947.023438	25739.277344
2944.174805	25912.189453
2941.325195	25996.330078
2938.474609	26140.021484
2935.622070	26055.671875
2932.768555	26342.007813
2929.914063	26808.492188
2927.058594	26786.087891
2924.201172	26897.570313
2921.342773	27181.244141
2918.483398	27562.570313
2915.622070	27726.839844
2912.759766	27915.410156
2909.896484	28274.925781
2907.032227	28132.326172
2904.166016	28640.568359
2901.298828	28768.203125
2898.429688	28832.095703
2895.559570	29038.787109
2892.688477	29361.093750
2889.816406	29571.699219
2886.942383	29664.664063
2884.067383	29891.451172
2881.191406	30208.421875
2878.314453	30399.996094
2875.435547	30504.546875
2872.554688	30897.179688
2869.673828	31016.148438
2866.791016	31400.380859
2863.907227	31556.275391
2861.021484	31639.236328
2858.134766	32258.222656
2855.247070	32094.919922
2852.358398	32144.619141
2849.467773	32560.994141
2846.576172	32436.648438
2843.682617	32961.386719
2840.789063	32994.156250
2837.893555	33553.554688
2834.996094	33580.835938
2832.097656	33558.050781
2829.198242	34118.140625
2826.297852	33797.781250
2823.395508	34358.960938
2820.492188	34080.953125
2817.587891	34300.656250
2814.681641	34410.894531
2811.774414	34419.554688
2808.866211	34600.101563
2805.956055	35067.425781
2803.044922	35175.363281
2800.131836	35237.699219
2797.218750	35368.609375
2794.303711	35351.023438
2791.386719	35360.875000
2788.468750	35810.261719
2785.549805	35458.457031
2782.629883	35974.144531
2779.708008	35930.601563
2776.785156	36102.621094
2773.860352	36141.964844
2770.935547	36004.378906
2768.007813	36069.332031
2765.080078	36573.898438
2762.150391	36164.042969
2759.219727	36403.667969
2756.287109	36394.957031
2753.353516	36836.214844
2750.418945	36876.703125
2747.482422	36780.058594
2744.544922	36818.808594
2741.606445	37081.242188
2738.666016	37014.363281
2735.724609	37137.914063
2732.782227	36844.218750
2729.837891	37281.898438
2726.892578	37243.011719
2723.945313	37489.203125
2720.997070	37168.699219
2718.047852	37412.140625
2715.097656	37435.066406
2712.145508	37405.457031
2709.191406	37446.964844
2706.237305	37793.015625
2703.281250	37446.953125
2700.323242	37384.378906
2697.364258	37712.207031
2694.404297	37656.300781
2691.443359	37741.410156
2688.480469	37628.984375
2685.515625	37653.277344
2682.550781	37556.144531
2679.583984	37810.468750
2676.615234	37492.652344
2673.646484	37534.597656
2670.674805	37373.691406
2667.703125	37354.226563
2664.729492	37349.902344
2661.754883	37013.628906
2658.778320	37363.070313
2655.800781	37173.160156
2652.821289	36847.457031
2649.840820	36837.441406
2646.859375	36659.734375
2643.876953	36497.261719
2640.892578	36413.664063
2637.906250	36805.726563
2634.918945	36170.507813
2631.930664	36097.179688
2628.941406	36027.250000
2625.950195	35780.187500
2622.957031	35722.140625
2619.963867	35482.097656
2616.967773	35485.976563
2613.971680	35242.902344
2610.973633	34954.171875
2607.974609	34954.917969
2604.973633	34825.687500
2601.971680	34509.195313
2598.967773	34382.761719
2595.962891	34128.300781
2592.957031	34002.132813
2589.949219	33808.738281
2586.940430	33523.285156
2583.929688	33323.621094
2580.917969	33315.050781
2577.905273	33153.808594
2574.890625	32974.457031
2571.875000	32667.601563
2568.857422	32532.529297
2565.838867	32102.732422
2562.819336	32145.175781
2559.797852	31715.925781
2556.775391	31555.855469
2553.750977	31112.369141
2550.725586	30842.800781
2547.698242	30794.820313
2544.669922	30252.367188
2541.640625	30420.876953
2538.609375	30199.091797
2535.577148	29895.884766
2532.542969	29723.966797
2529.507813	29361.107422
2526.471680	29204.392578
2523.433594	28951.531250
2520.393555	28791.017578
2517.353516	28488.408203
2514.310547	28380.005859
2511.267578	28077.843750
2508.222656	28028.824219
2505.175781	27750.060547
2502.127930	27325.537109
2499.079102	27111.287109
2496.028320	26607.935547
2492.976563	26418.767578
2489.922852	26399.248047
2486.868164	26162.865234
2483.812500	25900.517578
2480.754883	25581.984375
2477.695313	25337.289063
2474.634766	25091.994141
2471.573242	24845.283203
2468.509766	24602.056641
2465.445313	24445.515625
2462.378906	24214.095703
2459.311523	23863.078125
2456.242188	23584.062500
2453.171875	23419.289063
2450.100586	23115.490234
2447.027344	23056.009766
2443.953125	22655.882813
2440.876953	22160.212891
2437.799805	21937.947266
2434.720703	21814.945313
2431.640625	21706.656250
2428.558594	21397.273438
2425.475586	21196.826172
2422.390625	20857.152344
2419.304688	20786.744141
2416.217773	20411.931641
2413.128906	20246.275391
2410.038086	20109.080078
2406.946289	19806.238281
2403.853516	19412.339844
2400.758789	19299.130859
2397.663086	18966.380859
2394.565430	18859.119141
2391.466797	18576.886719
2388.366211	18302.167969
2385.264648	18156.656250
2382.161133	17975.021484
2379.056641	17787.910156
2375.950195	17558.310547
2372.842773	17266.166016
2369.734375	17110.990234
2366.624023	16897.277344
2363.511719	16620.291016
2360.398438	16580.441406
2357.284180	16307.862305
2354.167969	16153.461914
2351.049805	16064.954102
2347.930664	15716.833984
2344.810547	15569.317383
2341.688477	15245.763672
2338.564453	15201.042969
2335.439453	15101.157227
2332.313477	14791.052734
2329.185547	14710.623047
2326.056641	14528.803711
2322.925781	14454.950195
2319.792969	14082.649414
2316.660156	13898.170898
2313.524414	13697.114258
2310.387695	13487.473633
2307.250000	13493.919922
2304.110352	13247.133789
2300.969727	13043.554688
2297.827148	13068.482422
2294.682617	12808.709961
2291.537109	12693.035156
2288.390625	12455.122070
2285.242188	12375.445313
2282.092773	12249.804688
2278.941406	11974.339844
2275.788086	11885.471680
2272.633789	11829.178711
2269.478516	11533.688477
2266.321289	11378.625000
2263.162109	11275.147461
2260.001953	11153.569336
2256.840820	11041.588867
2253.676758	10863.321289
2250.512695	10665.466797
2247.346680	10534.911133
2244.178711	10386.322266
2241.009766	10222.880859
2237.838867	10154.208984
2234.666992	9892.506836
2231.493164	9893.369141
2228.318359	9750.136719
2225.141602	9522.825195
2221.963867	9396.414063
2218.784180	9395.135742
2215.602539	9130.579102
2212.419922	8989.595703
2209.236328	8794.566406
2206.050781	8727.638672
2202.863281	8634.884766
2199.674805	8570.440430
2196.485352	8470.005859
2193.292969	8346.163086
2190.100586	8205.992188
2186.905273	8105.861328
2183.709961	8015.991211
2180.511719	7901.184570
2177.312500	7767.728516
2174.112305	7710.942871
2170.910156	7565.986328
2167.706055	7403.215820
2164.500977	7332.634766
2161.294922	7294.082031
2158.085938	7184.651855
2154.876953	7129.065430
2151.665039	6934.954102
2148.452148	6938.671875
2145.238281	6850.606445
2142.022461	6635.128418
2138.804688	6677.049805
2135.585938	6561.266602
2132.365234	6458.787598
2129.143555	6380.457031
2125.919922	6302.198730
2122.695313	6199.981445
2119.468750	6175.341309
2116.240234	5976.469727
2113.010742	5915.572266
2109.780273	5843.125000
2106.546875	5752.184082
2103.312500	5704.614746
2100.077148	5599.915039
2096.839844	5531.608398
2093.600586	5437.120605
2090.360352	5373.581543
2087.119141	5247.638184
2083.875000	5178.079590
2080.629883	5191.019043
2077.383789	5086.127930
2074.135742	4963.632324
2070.885742	4975.111816
2067.634766	4892.767090
2064.381836	4801.276367
2061.127930	4702.189453
2057.871094	4614.712891
2054.614258	4609.437500
2051.355469	4429.265625
2048.094727	4515.322754
2044.832031	4411.235352
2041.568359	4249.029785
2038.303711	4286.809082
2035.037109	4222.004395
2031.768555	4148.081055
2028.498047	4104.809082
2025.226563	4012.669434
2021.954102	3893.119873
2018.678711	3883.618652
2015.403320	3836.734375
2012.125000	3765.487061
2008.845703	3685.920898
2005.564453	3706.248535
2002.282227	3670.957764
1998.998047	3567.187500
1995.712891	3483.298340
1992.424805	3415.459229
1989.136719	3353.005127
1985.845703	3333.917480
1982.553711	3274.597656
1979.260742	3219.887939
1975.964844	3157.643066
1972.667969	3121.239502
1969.370117	3063.647217
1966.070313	3067.473877
1962.768555	3021.318848
1959.465820	2964.611084
1956.161133	2936.703857
1952.854492	2855.137207
1949.546875	2880.210693
1946.237305	2792.704590
1942.925781	2786.825439
1939.613281	2709.257324
1936.298828	2646.094971
1932.982422	2615.412109
1929.665039	2592.293457
1926.346680	2508.939453
1923.025391	2525.793457
1919.703125	2495.976563
1916.378906	2459.418457
1913.053711	2444.695313
1909.726563	2374.383057
1906.397461	2308.644043
1903.067383	2291.010010
1899.735352	2255.385254
1896.401367	2203.295654
1893.066406	2184.986084
1889.729492	2160.699951
1886.390625	2139.431641
1883.050781	2097.974609
1879.708984	2057.304932
1876.365234	2070.511963
1873.020508	2053.809814
1869.673828	2010.230469
1866.326172	1956.239502
1862.975586	1935.883545
1859.624023	1902.865723
1856.271484	1908.648804
1852.916016	1822.765503
1849.559570	1800.276489
1846.202148	1806.098877
1842.841797	1764.291626
1839.480469	1715.086914
1836.118164	1684.514160
1832.752930	1691.121826
1829.386719	1676.185059
1826.018555	1623.405151
1822.649414	1589.966431
1819.278320	1561.009155
1815.905273	1515.773071
1812.531250	1520.217285
1809.154297	1478.746460
1805.777344	1483.943359
1802.397461	1439.570679
1799.016602	1427.034912
1795.633789	1407.120483
1792.249023	1368.758301
1788.863281	1383.591309
1785.475586	1337.897705
1782.085938	1299.624146
1778.694336	1262.124756
1775.301758	1280.663208
1771.907227	1231.425049
1768.510742	1213.152466
1765.113281	1198.576172
1761.713867	1193.574097
1758.312500	1174.610596
1754.910156	1124.073486
1751.505859	1136.737915
1748.099609	1106.819336
1744.691406	1082.065063
1741.282227	1080.798340
1737.871094	1075.135254
1734.458008	1079.732544
1731.042969	1011.109070
1727.626953	987.192444
1724.208984	988.899231
1720.790039	1003.032227
1717.368164	929.465332
1713.945313	937.039673
1710.520508	929.276428
1707.093750	938.301819
1703.666016	927.627747
1700.236328	899.470032
1696.804688	870.611328
1693.371094	870.179993
1689.936523	832.629761
1686.500000	822.759888
1683.061523	831.804138
1679.622070	828.484497
1676.179688	775.773926
1672.736328	786.278992
1669.291016	784.437134
1665.844727	768.816101
1662.396484	735.811707
1658.945313	739.068726
1655.494141	714.077698
1652.040039	706.483765
1648.584961	703.961609
1645.126953	675.408752
1641.668945	662.062317
1638.208008	625.611572
1634.745117	635.408447
1631.281250	658.907471
1627.815430	613.855957
1624.347656	616.433472
1620.878906	603.154602
1617.408203	571.162109
1613.935547	585.274597
1610.460938	571.310913
1606.984375	563.833435
1603.506836	565.707825
1600.027344	539.560303
1596.545898	540.726379
1593.062500	527.536316
1589.577148	519.380859
1586.090820	501.912140
1582.602539	506.677063
1579.112305	484.933960
1575.620117	465.360291
1572.126953	442.228149
1568.630859	454.164795
1565.133789	461.085266
1561.634766	432.273468
1558.133789	447.053131
1554.631836	452.538544
1551.127930	426.627594
1547.621094	418.569122
1544.114258	431.187073
1540.604492	401.763641
1537.092773	377.353577
1533.580078	384.279633
1530.065430	354.923737
1526.548828	383.181122
1523.030273	370.197784
1519.509766	340.182709
1515.988281	337.881378
1512.463867	342.676971
1508.938477	332.576080
1505.411133	322.485260
1501.882813	328.697723
1498.351563	295.961426
1494.818359	298.642303
1491.284180	283.637207
1487.748047	282.079529
1484.209961	285.469574
1480.669922	290.268555
1477.128906	284.474152
1473.584961	280.096558
1470.040039	292.647491
1466.493164	257.257996
1462.944336	258.536194
1459.393555	245.730942
1455.840820	254.050873
1452.287109	250.404678
1448.730469	243.246964
1445.172852	238.204422
1441.613281	241.594620
1438.051758	221.114883
1434.488281	220.300568
1430.922852	220.889435
1427.356445	219.374954
1423.787109	217.861938
1420.216797	200.946762
1416.644531	205.742737
1413.070313	218.227631
1409.494141	211.824234
1405.916016	190.055176
1402.336914	190.656296
1398.754883	187.068588
1395.171875	186.275116
1391.585938	176.417450
1387.999023	170.751450
1384.410156	167.877533
1380.819336	165.006485
1377.226563	178.143372
1373.632813	167.619171
1370.036133	154.325073
1366.438477	154.940552
1362.837891	151.388672
1359.236328	163.804367
1355.632813	139.439560
1352.027344	140.061142
1348.419922	142.761078
1344.810547	139.224228
1341.199219	147.460068
1337.585938	132.853210
1333.970703	132.784668
1330.354492	134.098602
1326.735352	140.247223
1323.115234	124.292900
1319.493164	118.707390
1315.869141	124.854240
1312.242188	124.789658
1308.614258	117.145111
1304.984375	113.640800
1301.353516	106.698189
1297.719727	107.330925
1294.083984	113.464249
1290.446289	113.405403
1286.807617	112.659622
1283.166016	109.168182
1279.523438	95.386772
1275.877930	87.792549
1272.231445	86.375877
1268.582031	89.756790
1264.931641	95.188583
1261.279297	93.770134
1257.625000	86.196243
1253.968750	87.518822
1250.310547	89.523369
1246.650391	81.963387
1242.988281	83.285973
1239.324219	81.877884
1235.658203	76.379463
1231.990234	84.518806
1228.320313	82.430901
1224.648438	74.217117
1220.975586	76.219902
1217.299805	75.499847
1213.622070	70.021736
1209.943359	76.100266
1206.261719	72.664841
1202.578125	67.196716
1198.893555	63.769478
1195.206055	58.311676
1191.517578	60.314129
1187.826172	56.218468
1184.133789	59.573807
1180.438477	62.925587
1176.742188	56.129864
1173.042969	52.044884
1169.342773	59.448559
1165.639648	52.665291
1161.935547	54.662067
1158.228516	47.213924
1154.520508	47.863152
1150.809570	54.575634
1147.097656	38.384804
1143.382813	49.133526
1139.666992	43.725914
1135.948242	47.736904
1132.227539	49.727646
1128.505859	51.044617
1124.781250	44.304752
1121.055664	41.597576
1117.327148	42.916683
1113.596680	44.904587
1109.865234	38.182148
1106.130859	39.500904
1102.394531	42.156540
1098.657227	40.796558
1094.916992	40.774883
1091.174805	35.408524
1087.430664	31.383310
1083.684570	32.701363
1079.936523	36.019051
1076.186523	35.999863
1072.434570	37.979607
1068.680664	31.299822
1064.924805	33.279922
1061.166992	31.266434
1057.406250	34.574181
1053.644531	37.213844
1049.880859	33.208889
1046.114258	31.199663
1042.346680	31.182974
1038.576172	30.503172
1034.803711	30.486837
1031.030273	27.158493
1027.253906	31.778267
1023.475586	29.776148
1019.695313	28.437498
1015.913086	34.371075
1012.128906	29.067596
1008.342773	29.051977
1004.553711	21.117352
