4046.277344	227.452652
4043.892578	209.633774
4041.505859	217.933197
4039.119141	218.894592
4036.731445	226.136749
4034.342773	214.535828
4031.952148	212.358932
4029.561523	209.138000
4027.169922	220.553406
4024.777344	230.914886
4022.383789	214.112366
4019.989258	232.820358
4017.593750	232.728241
4015.197266	242.025024
4012.799805	230.458405
4010.401367	232.451889
4008.001953	239.653580
4005.601563	251.015717
4003.201172	241.545868
4000.798828	267.468353
3998.395508	253.838058
3995.991211	251.657471
3993.585938	234.925629
3991.180664	260.809326
3988.773438	286.672363
3986.365234	272.022797
3983.957031	284.368713
3981.546875	266.619293
3979.135742	296.586639
3976.724609	284.029297
3974.311523	290.133301
3971.898438	258.944397
3969.483398	291.972839
3967.068359	302.205933
3964.651367	292.774536
3962.234375	300.930725
3959.815430	308.046600
3957.396484	311.023499
3954.975586	316.063690
3952.554688	310.775024
3950.131836	277.624786
3947.708984	321.874695
3945.284180	320.714722
3942.859375	333.987091
3940.432617	326.640503
3938.005859	319.299713
3935.577148	351.088989
3933.148438	350.948303
3930.718750	338.462494
3928.287109	339.355103
3925.855469	348.470398
3923.421875	358.605804
3920.988281	359.488953
3918.552734	373.718384
3916.117188	360.226532
3913.680664	381.625153
3911.242188	371.217133
3908.803711	355.692108
3906.363281	376.041779
3903.922852	396.374939
3901.480469	398.263031
3899.038086	385.821869
3896.593750	389.758392
3894.149414	403.917419
3891.703125	406.821075
3889.256836	415.852814
3886.808594	416.706421
3884.360352	413.475494
3881.910156	459.231781
3879.459961	423.342773
3877.007813	451.723145
3874.555664	466.829803
3872.101563	451.358124
3869.646484	444.046448
3867.191406	448.957092
3864.734375	471.163361
3862.277344	460.800476
3859.818359	485.017303
3857.358398	466.525757
3854.897461	472.432678
3852.436523	494.583832
3849.973633	479.155945
3847.509766	500.271362
3845.044922	513.254822
3842.579102	506.963013
3840.113281	512.838318
3837.645508	507.564575
3835.176758	502.294983
3832.707031	515.250549
3830.236328	534.266602
3827.764648	561.358765
3825.291992	541.920593
3822.818359	565.955383
3820.343750	582.898865
3817.868164	556.406433
3815.390625	553.151672
3812.913086	584.205017
3810.434570	586.992737
3807.955078	579.696289
3805.473633	636.902039
3802.992188	645.708374
3800.509766	616.243835
3798.025391	651.220703
3795.541016	666.046509
3793.054688	616.495117
3790.568359	652.433777
3788.080078	680.303833
3785.591797	658.931885
3783.101563	697.820740
3780.610352	688.502502
3778.119141	716.311462
3775.625977	700.975891
3773.131836	709.710632
3770.636719	715.432068
3768.140625	743.183655
3765.643555	753.892151
3763.145508	732.566833
3760.646484	784.285400
3758.146484	734.966003
3755.645508	772.647156
3753.143555	804.302307
3750.639648	806.968262
3748.135742	796.653748
3745.630859	815.286682
3743.124023	826.921570
3740.617188	789.689636
3738.108398	849.165344
3735.599609	853.797424
3733.088867	878.342468
3730.577148	859.067627
3728.064453	881.599731
3725.551758	850.403381
3723.037109	932.572876
3720.521484	907.343506
3718.004883	895.048828
3715.487305	925.462402
3712.967773	934.013916
3710.448242	914.777466
3707.927734	929.276367
3705.406250	968.546692
3702.882813	993.911255
3700.359375	960.813293
3697.833984	974.278015
3695.308594	970.906311
3692.781250	1043.713257
3690.252930	1029.437256
3687.723633	997.380005
3685.193359	982.146240
3682.662109	1055.814697
3680.129883	1067.224731
3677.596680	1062.835327
3675.062500	1060.422241
3672.527344	1121.116821
3669.990234	1109.810303
3667.453125	1109.350220
3664.915039	1101.996582
3662.375000	1155.681274
3659.833984	1098.130493
3657.292969	1100.625366
3654.750000	1157.192383
3652.206055	1166.539429
3649.661133	1195.525513
3647.115234	1196.010742
3644.568359	1219.070557
3642.019531	1243.091919
3639.470703	1230.806274
3636.920898	1265.585571
3634.369141	1257.219727
3631.817383	1275.306885
3629.263672	1274.776001
3626.708984	1334.923340
3624.153320	1363.715576
3621.596680	1390.527588
3619.039063	1389.947998
3616.480469	1431.381714
3613.920898	1429.808105
3611.360352	1419.449341
3608.797852	1460.817627
3606.235352	1457.281738
3603.670898	1465.448364
3601.105469	1488.226929
3598.540039	1526.573364
3595.972656	1517.171265
3593.404297	1557.419434
3590.834961	1575.254883
3588.264648	1566.815552
3585.692383	1611.851929
3583.120117	1646.160767
3580.545898	1646.443237
3577.971680	1674.882202
3575.395508	1713.973022
3572.818359	1728.777100
3570.240234	1750.356445
3567.661133	1763.193359
3565.081055	1795.397217
3562.500000	1805.297974
3559.917969	1843.264648
3557.333984	1881.199097
3554.750000	1909.428223
3552.164063	1918.295532
3549.577148	1903.959351
3546.989258	1964.988159
3544.400391	1931.329956
3541.810547	1964.302368
3539.219727	2059.961914
3536.626953	2048.486816
3534.034180	2050.517334
3531.439453	2071.818359
3528.844727	2121.997803
3526.248047	2159.617676
3523.650391	2145.234375
3521.051758	2208.785889
3518.451172	2229.972412
3515.850586	2233.838867
3513.249023	2328.977295
3510.645508	2350.084473
3508.041016	2352.933350
3505.436523	2392.243408
3502.830078	2465.090820
3500.222656	2430.493164
3497.613281	2461.093506
3495.003906	2500.288818
3492.393555	2569.134521
3489.781250	2547.948975
3487.167969	2588.969238
3484.553711	2634.735840
3481.938477	2707.229492
3479.322266	2749.083740
3476.705078	2746.010498
3474.086914	2777.309326
3471.466797	2767.544922
3468.845703	2874.166260
3466.224609	2872.949219
3463.601563	2914.622314
3460.977539	2965.786377
3458.351563	3006.431152
3455.725586	2993.733643
3453.098633	3074.293213
3450.469727	3116.739746
3447.839844	3216.190918
3445.208984	3226.229492
3442.577148	3223.910156
3439.944336	3253.874512
3437.310547	3319.877197
3434.674805	3364.003418
3432.039063	3402.401367
3429.401367	3390.528809
3426.762695	3453.515381
3424.123047	3525.917725
3421.481445	3556.604492
3418.839844	3690.406494
3416.197266	3660.460449
3413.552734	3695.774902
3410.907227	3772.640625
3408.260742	3806.930664
3405.613281	3816.639893
3402.963867	3850.879883
3400.314453	3926.600830
3397.663086	3941.901611
3395.011719	4043.910889
3392.358398	4043.128418
3389.704102	4159.132813
3387.047852	4191.249512
3384.391602	4281.681152
3381.733398	4284.556641
3379.075195	4301.531250
3376.415039	4368.301270
3373.753906	4448.164551
3371.090820	4461.288086
3368.427734	4492.232422
3365.762695	4709.854980
3363.097656	4645.944824
3360.430664	4758.321777
3357.762695	4825.625000
3355.092773	4842.291992
3352.422852	4897.328125
3349.750977	5018.758301
3347.079102	5019.415039
3344.405273	5094.870117
3341.729492	5164.651855
3339.053711	5276.411621
3336.376953	5288.156738
3333.698242	5394.164551
3331.018555	5443.166016
3328.337891	5616.160645
3325.656250	5637.055664
3322.973633	5779.066406
3320.289063	5776.584961
3317.604492	5834.619629
3314.917969	5883.296875
3312.230469	6094.716309
3309.541016	6039.098145
3306.851563	6133.160156
3304.160156	6224.353027
3301.467773	6296.893066
3298.774414	6463.118652
3296.080078	6505.799805
3293.384766	6566.063965
3290.687500	6636.471191
3287.990234	6797.623535
3285.291016	6777.097656
3282.589844	6923.233887
3279.888672	6909.145508
3277.186523	6992.194336
3274.482422	7125.098145
3271.777344	7231.083496
3269.071289	7298.174805
3266.364258	7407.683594
3263.655273	7500.480957
3260.945313	7643.940918
3258.234375	7793.729980
3255.522461	7839.221191
3252.809570	8002.613770
3250.095703	8145.600098
3247.379883	8080.397461
3244.663086	8181.811523
3241.945313	8368.679688
3239.226563	8366.899414
3236.505859	8459.780273
3233.784180	8793.261719
3231.061523	8691.204102
3228.337891	8946.275391
3225.613281	9054.331055
3222.886719	9212.728516
3220.160156	9293.069336
3217.431641	9358.678711
3214.702148	9546.954102
3211.970703	9542.815430
3209.239258	9739.993164
3206.505859	9912.299805
3203.771484	9959.199219
3201.035156	10113.892578
3198.298828	10246.525391
3195.560547	10325.167969
3192.821289	10433.858398
3190.081055	10618.170898
3187.339844	10778.611328
3184.596680	10793.981445
3181.853516	11030.732422
3179.108398	11175.292969
3176.361328	11294.236328
3173.614258	11395.784180
3170.865234	11522.707031
3168.115234	11425.871094
3165.364258	11698.969727
3162.612305	11762.000977
3159.858398	11837.685547
3157.104492	12057.600586
3154.347656	12223.797852
3151.590820	12320.028320
3148.833008	12450.611328
3146.073242	12633.624023
3143.312500	12782.060547
3140.550781	12899.588867
3137.787109	13163.584961
3135.023438	13214.816406
3132.257813	13281.368164
3129.491211	13283.702148
3126.722656	13644.599609
3123.954102	13836.353516
3121.183594	13912.428711
3118.412109	14054.279297
3115.638672	14120.265625
3112.865234	14426.818359
3110.089844	14365.559570
3107.313477	14660.022461
3104.536133	14688.709961
3101.756836	14830.724609
3098.976563	15120.088867
3096.195313	15280.658203
3093.413086	15312.600586
3090.628906	15629.201172
3087.844727	15775.857422
3085.058594	15923.278320
3082.270508	16194.336914
3079.482422	16312.748047
3076.692383	16509.908203
3073.901367	16667.478516
3071.109375	16832.068359
3068.315430	17060.048828
3065.520508	17233.257813
3062.724609	17452.804688
3059.927734	17677.515625
3057.128906	17923.466797
3054.329102	18079.005859
3051.528320	18284.386719
3048.726563	18481.552734
3045.922852	18526.042969
3043.118164	18753.226563
3040.312500	19043.464844
3037.505859	19295.146484
3034.697266	19256.388672
3031.887695	19735.539063
3029.077148	19925.197266
3026.264648	20046.224609
3023.452148	20322.652344
3020.637695	20352.783203
3017.821289	20454.800781
3015.004883	20904.613281
3012.186523	21065.718750
3009.367188	21345.494141
3006.545898	21568.291016
3003.724609	21796.203125
3000.901367	22038.958984
2998.077148	22210.685547
2995.250977	22518.503906
2992.423828	22629.716797
2989.595703	22746.128906
2986.766602	23104.531250
2983.935547	23179.990234
2981.104492	23499.027344
2978.270508	23838.953125
2975.436523	24006.578125
2972.600586	24349.490234
2969.763672	24377.494141
2966.925781	24581.632813
2964.085938	24903.564453
2961.245117	24918.062500
2958.403320	25298.482422
2955.560547	25561.615234
2952.715820	25995.011719
2949.870117	25858.746094
2947.023438	26209.947266
2944.174805	26351.929688
2941.325195	26856.996094
2938.474609	26971.367188
2935.622070	27053.193359
2932.768555	27314.554688
2929.914063	27286.667969
2927.058594	27633.466797
2924.201172	27791.822266
2921.342773	28047.986328
2918.483398	28301.291016
2915.622070	28618.154297
2912.759766	28807.201172
2909.896484	29287.675781
2907.032227	29174.296875
2904.166016	29798.087891
2901.298828	29851.970703
2898.429688	29776.810547
2895.559570	29925.587891
2892.688477	30320.640625
2889.816406	30420.285156
2886.942383	30858.244141
2884.067383	30911.457031
2881.191406	30868.130859
2878.314453	31280.953125
2875.435547	31645.634766
2872.554688	31880.648438
2869.673828	31815.240234
2866.791016	32408.988281
2863.907227	32389.326172
2861.021484	32841.035156
2858.134766	33348.625000
2855.247070	32854.136719
2852.358398	33342.210938
2849.467773	33663.773438
2846.576172	33767.175781
2843.682617	33958.617188
2840.789063	34056.589844
2837.893555	34407.437500
2834.996094	34423.117188
2832.097656	34687.207031
2829.198242	34888.101563
2826.297852	34838.015625
2823.395508	35168.726563
2820.492188	35241.667969
2817.587891	35556.386719
2814.681641	35333.128906
2811.774414	35623.425781
2808.866211	35885.085938
2805.956055	36107.843750
2803.044922	36304.625000
2800.131836	36583.621094
2797.218750	36725.937500
2794.303711	36639.136719
2791.386719	36639.835938
2788.468750	36969.546875
2785.549805	36934.105469
2782.629883	37435.437500
2779.708008	37140.527344
2776.785156	37448.847656
2773.860352	37943.250000
2770.935547	37758.707031
2768.007813	38033.847656
2765.080078	38024.425781
2762.150391	37898.941406
2759.219727	38423.535156
2756.287109	38268.972656
2753.353516	38409.406250
2750.418945	38429.593750
2747.482422	38553.625000
2744.544922	38706.472656
2741.606445	38911.910156
2738.666016	39005.761719
2735.724609	38919.335938
2732.782227	39003.730469
2729.837891	39195.878906
2726.892578	39086.531250
2723.945313	39165.609375
2720.997070	38853.675781
2718.047852	39195.527344
2715.097656	39432.000000
2712.145508	39341.359375
2709.191406	39012.085938
2706.237305	39119.679688
2703.281250	39130.750000
2700.323242	39129.968750
2697.364258	38928.921875
2694.404297	39293.054688
2691.443359	39378.265625
2688.480469	39106.464844
2685.515625	39202.625000
2682.550781	39177.289063
2679.583984	39361.785156
2676.615234	38958.195313
2673.646484	38966.644531
2670.674805	38795.832031
2667.703125	38706.753906
2664.729492	38807.746094
2661.754883	38385.093750
2658.778320	38247.566406
2655.800781	38457.742188
2652.821289	38113.835938
2649.840820	37815.523438
2646.859375	37889.746094
2643.876953	37748.503906
2640.892578	37495.964844
2637.906250	37885.859375
2634.918945	37404.980469
2631.930664	37309.343750
2628.941406	36887.671875
2625.950195	36907.667969
2622.957031	36937.660156
2619.963867	36753.847656
2616.967773	36763.828125
2613.971680	36351.644531
2610.973633	36145.800781
2607.974609	36132.667969
2604.973633	35689.644531
2601.971680	35722.511719
2598.967773	35218.460938
2595.962891	35231.523438
2592.957031	35100.695313
2589.949219	34640.804688
2586.940430	34364.941406
2583.929688	34394.933594
2580.917969	34067.949219
2577.905273	33661.593750
2574.890625	33865.167969
2571.875000	33601.835938
2568.857422	33284.878906
2565.838867	33117.277344
2562.819336	33109.589844
2559.797852	32586.398438
2556.775391	32161.267578
2553.750977	32049.005859
2550.725586	31812.060547
2547.698242	31394.445313
2544.669922	31038.292969
2541.640625	31022.427734
2538.609375	30869.652344
2535.577148	30470.503906
2532.542969	30315.628906
2529.507813	30000.269531
2526.471680	29690.130859
2523.433594	29654.294922
2520.393555	29423.542969
2517.353516	29045.005859
2514.310547	29011.128906
2511.267578	28883.634766
2508.222656	28561.667969
2505.175781	28269.529297
2502.127930	28021.943359
2499.079102	27538.449219
2496.028320	27272.560547
2492.976563	26991.343750
2489.922852	26685.812500
2486.868164	26637.527344
2483.812500	26163.095703
2480.754883	26144.513672
2477.695313	25833.361328
2474.634766	25519.220703
2471.573242	25331.917969
2468.509766	25145.595703
2465.445313	24898.255859
2462.378906	24615.259766
2459.311523	24461.285156
2456.242188	24157.554688
2453.171875	23863.867188
2450.100586	23505.332031
2447.027344	23305.751953
2443.953125	23208.800781
2440.876953	22603.968750
2437.799805	22423.742188
2434.720703	22459.666016
2431.640625	21840.574219
2428.558594	21843.457031
2425.475586	21648.478516
2422.390625	21464.208984
2419.304688	21340.052734
2416.217773	20925.306641
2413.128906	20658.242188
2410.038086	20550.789063
2406.946289	20126.451172
2403.853516	20172.896484
2400.758789	19690.138672
2397.663086	19499.326172
2394.565430	19236.849609
2391.466797	19039.957031
2388.366211	18905.332031
2385.264648	18677.328125
2382.161133	18303.714844
2379.056641	18251.732422
2375.950195	17839.210938
2372.842773	17817.248047
2369.734375	17504.207031
2366.624023	17262.984375
2363.511719	17131.238281
2360.398438	16896.826172
2357.284180	16693.927734
2354.167969	16608.341797
2351.049805	16314.340820
2347.930664	16207.359375
2344.810547	15985.107422
2341.688477	15769.463867
2338.564453	15534.005859
2335.439453	15413.964844
2332.313477	15235.656250
2329.185547	15127.044922
2326.056641	14882.716797
2322.925781	14633.820313
2319.792969	14535.204102
2316.660156	14337.750000
2313.524414	14098.211914
2310.387695	13792.739258
2307.250000	13782.312500
2304.110352	13565.651367
2300.969727	13457.433594
2297.827148	13194.179688
2294.682617	12980.468750
2291.537109	12926.708008
2288.390625	12733.173828
2285.242188	12469.144531
2282.092773	12395.843750
2278.941406	12144.903320
2275.788086	12058.333984
2272.633789	11835.518555
2269.478516	11700.050781
2266.321289	11656.557617
2263.162109	11540.287109
2260.001953	11357.669922
2256.840820	11256.664063
2253.676758	11010.325195
2250.512695	10879.550781
2247.346680	10733.102539
2244.178711	10662.554688
2241.009766	10463.484375
2237.838867	10300.080078
2234.666992	10231.399414
2231.493164	9961.904297
2228.318359	9833.599609
2225.141602	9714.069336
2221.963867	9586.781250
2218.784180	9493.419922
2215.602539	9349.844727
2212.419922	9193.833984
2209.236328	9211.486328
2206.050781	9003.099609
2202.863281	8861.582031
2199.674805	8762.533203
2196.485352	8639.280273
2193.292969	8454.259766
2190.100586	8469.842773
2186.905273	8355.500977
2183.709961	8128.628418
2180.511719	8168.570801
2177.312500	7891.980957
2174.112305	7879.658691
2170.910156	7736.183594
2167.706055	7582.697266
2164.500977	7427.012695
2161.294922	7386.076660
2158.085938	7334.267090
2154.876953	7345.593262
2151.665039	7056.401367
2148.452148	7076.402832
2145.238281	7001.494141
2142.022461	6803.047363
2138.804688	6726.002930
2135.585938	6660.679688
2132.365234	6558.153320
2129.143555	6474.344238
2125.919922	6387.510254
2122.695313	6277.500488
2119.468750	6224.929688
2116.240234	6075.600098
2113.010742	5999.173828
2109.780273	5959.183105
2106.546875	5832.612793
2103.312500	5844.524902
2100.077148	5737.440430
2096.839844	5564.042480
2093.600586	5618.512207
2090.360352	5508.596191
2087.119141	5417.290039
2083.875000	5390.813965
2080.629883	5219.524414
2077.383789	5161.592285
2074.135742	5082.162598
2070.885742	5060.504883
2067.634766	4968.892090
2064.381836	4852.770996
2061.127930	4816.652344
2057.871094	4700.710938
2054.614258	4669.300293
2051.355469	4588.056641
2048.094727	4543.691895
2044.832031	4551.481445
2041.568359	4373.122559
2038.303711	4340.403809
2035.037109	4252.615234
2031.768555	4223.041992
2028.498047	4110.160645
2025.226563	4108.955078
2021.954102	3990.123291
2018.678711	3958.435791
2015.403320	3874.125000
2012.125000	3825.740967
2008.845703	3746.908203
2005.564453	3755.776855
2002.282227	3658.771973
1998.998047	3612.100830
1995.712891	3494.711670
1992.424805	3473.258301
1989.136719	3405.455322
1985.845703	3343.794434
1982.553711	3291.304688
1979.260742	3285.925293
1975.964844	3236.546143
1972.667969	3198.587891
1969.370117	3149.295898
1966.070313	3159.141846
1962.768555	3044.035400
1959.465820	3005.481445
1956.161133	2956.372559
1952.854492	2942.091797
1949.546875	2876.431885
1946.237305	2811.589600
1942.925781	2758.134277
1939.613281	2753.782715
1936.298828	2710.965088
1932.982422	2661.402344
1929.665039	2596.814941
1926.346680	2551.119141
1923.025391	2538.592041
1919.703125	2512.531006
1916.378906	2477.468994
1913.053711	2437.929688
1909.726563	2378.891357
1906.397461	2398.015869
1903.067383	2318.784424
1899.735352	2261.387695
1896.401367	2222.043945
1893.066406	2238.954834
1889.729492	2198.909180
1886.390625	2167.138672
1883.050781	2139.889160
1879.708984	2061.793701
1876.365234	2083.223633
1873.020508	2050.072998
1869.673828	2005.748291
1866.326172	1956.239502
1862.975586	1938.868652
1859.624023	1897.644165
1856.271484	1867.642700
1852.916016	1909.954224
1849.559570	1838.263306
1846.202148	1785.253540
1842.841797	1742.712280
1839.480469	1745.580566
1836.118164	1720.940063
1832.752930	1662.886841
1829.386719	1622.713501
1826.018555	1622.662842
1822.649414	1586.998657
1819.278320	1567.683350
1815.905273	1543.938965
1812.531250	1515.031250
1809.154297	1526.137451
1805.777344	1437.315674
1802.397461	1426.255005
1799.016602	1412.986328
1795.633789	1440.377075
1792.249023	1370.974243
1788.863281	1325.264893
1785.475586	1343.063232
1782.085938	1335.028198
1778.694336	1327.000366
1775.301758	1280.663208
1771.907227	1271.195923
1768.510742	1261.737427
1765.113281	1233.157593
1761.713867	1242.111328
1758.312500	1193.721924
1754.910156	1149.052979
1751.505859	1106.630493
1748.099609	1130.306274
1744.691406	1068.860107
1741.282227	1073.465942
1737.871094	1057.546143
1734.458008	1044.571655
1731.042969	1053.574219
1727.626953	1000.364807
1724.208984	986.704956
1720.790039	960.629944
1717.368164	946.271729
1713.945313	984.512512
1710.520508	960.665955
1707.093750	904.009338
1703.666016	906.479004
1700.236328	876.873962
1696.804688	866.968628
1693.371094	886.928223
1689.936523	812.978516
1686.500000	847.493652
1683.061523	826.714417
1679.622070	819.763611
1676.179688	817.177551
1672.736328	765.950439
1669.291016	777.906189
1665.844727	744.155945
1662.396484	757.559875
1658.945313	722.403442
1655.494141	717.698792
1652.040039	687.663513
1648.584961	709.749573
1645.126953	687.702026
1641.668945	694.587219
1638.208008	648.006470
1634.745117	629.632019
1631.281250	638.700012
1627.815430	618.183960
1624.347656	609.223755
1620.878906	613.963867
1617.408203	584.126709
1613.935547	575.196106
1610.460938	584.982056
1606.984375	563.833435
1603.506836	545.580994
1600.027344	523.035828
1596.545898	519.183472
1593.062500	524.665344
1589.577148	505.033325
1586.090820	504.063171
1582.602539	480.877380
1579.112305	499.259949
1575.620117	446.745880
1572.126953	476.575958
1568.630859	459.886566
1565.133789	448.217773
1561.634766	442.276489
1558.133789	442.768280
1554.631836	429.697479
1551.127930	423.773895
1547.621094	414.290741
1544.114258	410.518585
1540.604492	418.147614
1537.092773	393.017303
1533.580078	372.893555
1530.065430	388.353455
1526.548828	389.579315
1523.030273	358.828949
1519.509766	355.806976
1515.988281	351.368225
1512.463867	339.839050
1508.938477	350.304016
1505.411133	338.077972
1501.882813	321.613708
1498.351563	315.078552
1494.818359	307.134491
1491.284180	306.271606
1487.748047	304.702454
1484.209961	295.362091
1480.669922	307.924774
1477.128906	273.179901
1473.584961	277.979950
1470.040039	289.121613
1466.493164	259.372437
1462.944336	266.989685
1459.393555	265.445740
1455.840820	255.458344
1452.287109	270.802826
1448.730469	263.634705
1445.172852	236.096420
1441.613281	240.190002
1438.051758	243.577362
1434.488281	232.227661
1430.922852	220.889435
1427.356445	217.973206
1423.787109	215.760376
1420.216797	215.650177
1416.644531	195.945465
1413.070313	195.845306
1409.494141	205.532425
1405.916016	197.741226
1402.336914	189.259537
1398.754883	191.954712
1395.171875	187.670441
1391.585938	172.930939
1387.999023	182.599518
1384.410156	174.843414
1380.819336	168.487640
1377.226563	158.658936
1373.632813	161.359543
1370.036133	152.239594
1366.438477	154.940552
1362.837891	151.388672
1359.236328	154.781250
1355.632813	145.683121
1352.027344	149.074982
1348.419922	137.216949
1344.810547	142.687515
1341.199219	127.383354
1337.585938	148.767914
1333.970703	134.167847
1330.354492	127.186302
1326.735352	120.211899
1323.115234	116.697220
1319.493164	124.228668
1315.869141	119.335823
1312.242188	115.826866
1308.614258	115.077843
1304.984375	114.329536
1301.353516	119.777328
1297.719727	108.706963
1294.083984	107.275291
1290.446289	98.971992
1286.807617	107.164024
1283.166016	96.122925
1279.523438	98.817955
1275.877930	93.965462
1272.231445	95.973190
1268.582031	100.034286
1264.931641	91.079720
1261.279297	97.192398
1257.625000	85.512146
1253.968750	92.305008
1250.310547	86.106445
1246.650391	87.427612
1242.988281	83.968651
1239.324219	71.643150
1235.658203	76.379463
1231.990234	70.886742
1228.320313	74.937187
1224.648438	78.302460
1220.975586	68.734024
1217.299805	72.098953
1213.622070	55.745464
1209.943359	63.869869
1206.261719	70.627510
1202.578125	64.481697
1198.893555	62.412682
1195.206055	63.736019
1191.517578	60.991817
1187.826172	56.895802
1184.133789	62.958683
1180.438477	59.542492
1176.742188	51.396019
1173.042969	60.831684
1169.342773	55.395248
1165.639648	55.366077
1161.935547	54.662067
1158.228516	55.307739
1154.520508	47.863152
1150.809570	52.554314
1147.097656	49.159485
1143.382813	57.210266
1139.666992	41.707794
1135.948242	37.651646
1132.227539	42.335697
1128.505859	40.298382
1124.781250	45.647324
1121.055664	38.913860
1117.327148	47.610695
1113.596680	39.542843
1109.865234	42.201324
1106.130859	42.178932
1102.394531	45.502296
1098.657227	38.790173
1094.916992	42.111763
1091.174805	46.097889
1087.430664	33.386501
1083.684570	37.372986
1079.936523	27.347797
1076.186523	35.333199
1072.434570	30.650209
1068.680664	31.965776
1064.924805	26.623938
1061.166992	31.931677
1057.406250	34.574181
1053.644531	31.897579
1049.880859	31.216354
1046.114258	29.208195
1042.346680	27.865635
1038.576172	29.176947
1034.803711	31.812351
1031.030273	30.470505
1027.253906	25.819841
1023.475586	25.144302
1019.695313	34.389534
1015.913086	23.134377
1012.128906	27.085714
1008.342773	28.391705
1004.553711	21.117352
