4046.277344	179.236877
4043.892578	191.814911
4041.505859	166.593155
4039.119141	197.947739
4036.731445	171.696426
4034.342773	185.233383
4031.952148	212.358932
4029.561523	198.681091
4027.169922	210.100647
4024.777344	215.241928
4022.383789	206.801224
4019.989258	212.983643
4017.593750	220.204742
4015.197266	227.420059
4012.799805	209.602432
4010.401367	213.688950
4008.001953	221.940048
4005.601563	223.935196
4003.201172	225.928680
4000.798828	238.327850
3998.395508	251.757416
3995.991211	230.859329
3993.585938	239.083603
3991.180664	236.910446
3988.773438	246.164307
3986.365234	247.104691
3983.957031	228.325256
3981.546875	240.683548
3979.135742	264.439117
3976.724609	251.894608
3974.311523	247.649506
3971.898438	251.693939
3969.483398	262.982635
3967.068359	253.563202
3964.651367	265.876526
3962.234375	288.521210
3959.815430	264.630646
3957.396484	277.957855
3954.975586	278.879730
3952.554688	268.443542
3950.131836	267.304169
3947.708984	294.020172
3945.284180	273.277802
3942.859375	283.476715
3940.432617	258.633331
3938.005859	299.729736
3935.577148	306.816772
3933.148438	304.635468
3930.718750	299.369568
3928.287109	286.909332
3925.855469	296.045654
3923.421875	308.257141
3920.988281	317.377411
3918.552734	320.330048
3916.117188	320.201385
3913.680664	334.434937
3911.242188	312.765808
3908.803711	328.015778
3906.363281	335.056305
3903.922852	335.945709
3901.480469	327.619965
3899.038086	357.166656
3896.593750	325.310150
3894.149414	322.111359
3891.703125	370.023193
3889.256836	335.134460
3886.808594	348.276672
3884.360352	365.491913
3881.910156	359.221313
3879.459961	369.277313
3877.007813	363.010010
3874.555664	367.959747
3872.101563	370.867615
3869.646484	408.400513
3867.191406	379.730133
3864.734375	382.629425
3862.277344	392.646759
3859.818359	395.538239
3857.358398	393.345245
3854.897461	415.537567
3852.436523	422.478180
3849.973633	417.231110
3847.509766	411.988190
3845.044922	414.864075
3842.579102	427.876770
3840.113281	421.622009
3837.645508	441.712891
3835.176758	463.812714
3832.707031	460.587402
3830.236328	451.293396
3827.764648	462.235962
3825.291992	493.390411
3822.818359	500.264130
3820.343750	512.183228
3817.868164	501.876587
3815.390625	488.550018
3812.913086	519.629700
3810.434570	505.297852
3807.955078	497.026550
3805.473633	531.087646
3802.992188	522.812256
3800.509766	516.557373
3798.025391	554.594421
3795.541016	539.276306
3793.054688	540.061829
3790.568359	569.999939
3788.080078	581.825562
3785.591797	552.458130
3783.101563	563.276917
3780.610352	578.101196
3778.119141	609.968262
3775.625977	600.693237
3773.131836	606.461792
3770.636719	616.233521
3768.140625	621.990601
3765.643555	611.723877
3763.145508	661.511902
3760.646484	644.234436
3758.146484	650.969910
3755.645508	664.696411
3753.143555	688.402832
3750.639648	693.113831
3748.135742	665.874756
3745.630859	706.515259
3743.124023	678.295166
3740.617188	719.893860
3738.108398	733.551270
3735.599609	710.335510
3733.088867	741.910583
3730.577148	737.623535
3728.064453	749.260254
3725.551758	775.806580
3723.037109	759.579590
3720.521484	750.322449
3718.004883	808.623474
3715.487305	787.437439
3712.967773	775.201782
3710.448242	786.788025
3707.927734	814.232544
3705.406250	813.896484
3702.882813	835.361084
3700.359375	858.788757
3697.833984	846.552551
3695.308594	865.007263
3692.781250	849.810181
3690.252930	916.703491
3687.723633	897.543152
3685.193359	883.338745
3682.662109	866.182861
3680.129883	884.582153
3677.596680	901.979126
3675.062500	908.510620
3672.527344	928.840820
3669.990234	957.038940
3667.453125	944.819580
3664.915039	975.941528
3662.375000	999.162231
3659.833984	1002.683594
3657.292969	969.809326
3654.750000	1007.750366
3652.206055	1009.297424
3649.661133	1012.807556
3647.115234	1047.736816
3644.568359	1023.744385
3642.019531	1052.752686
3639.470703	1055.257080
3636.920898	1077.365234
3634.369141	1081.816528
3631.817383	1076.468750
3629.263672	1125.954224
3626.708984	1101.996826
3624.153320	1148.494995
3621.596680	1163.662354
3619.039063	1134.830933
3616.480469	1156.829956
3613.920898	1184.670288
3611.360352	1166.603760
3608.797852	1225.642578
3606.235352	1226.106445
3603.670898	1268.495239
3601.105469	1265.041626
3598.540039	1254.771240
3595.972656	1277.617920
3593.404297	1293.631470
3590.834961	1314.496216
3588.264648	1341.178589
3585.692383	1342.561890
3583.120117	1375.039917
3580.545898	1378.349731
3577.971680	1406.901123
3575.395508	1421.840576
3572.818359	1443.557983
3570.240234	1463.317383
3567.661133	1464.642700
3565.081055	1484.375854
3562.500000	1537.021362
3559.917969	1517.982666
3557.333984	1554.118164
3554.750000	1568.942627
3552.164063	1612.760498
3549.577148	1616.915649
3546.989258	1626.863281
3544.400391	1665.772095
3541.810547	1692.099243
3539.219727	1626.742798
3536.626953	1741.792480
3534.034180	1757.448608
3531.439453	1733.582031
3528.844727	1806.057983
3526.248047	1797.595215
3523.650391	1842.072144
3521.051758	1822.056030
3518.451172	1866.484131
3515.850586	1907.029419
3513.249023	1881.244751
3510.645508	1947.679321
3508.041016	1947.817871
3505.436523	2015.126709
3502.830078	2008.521362
3500.222656	2055.612549
3497.613281	2089.246094
3495.003906	2090.279785
3492.393555	2145.892822
3489.781250	2168.915283
3487.167969	2155.560791
3484.553711	2220.637695
3481.938477	2256.980469
3479.322266	2259.848145
3476.705078	2305.693604
3474.086914	2335.269287
3471.466797	2386.768799
3468.845703	2426.777100
3466.224609	2415.260498
3463.601563	2460.940186
3460.977539	2437.985107
3458.351563	2498.851807
3455.725586	2521.590088
3453.098633	2595.689209
3450.469727	2582.224121
3447.839844	2674.296387
3445.208984	2679.813721
3442.577148	2708.122559
3439.944336	2795.274658
3437.310547	2828.254395
3434.674805	2795.746826
3432.039063	2834.386230
3429.401367	2847.399658
3426.762695	2928.618896
3424.123047	2925.479492
3421.481445	2986.714844
3418.839844	3029.918213
3416.197266	3020.116211
3413.552734	3136.066895
3410.907227	3144.182129
3408.260742	3198.577393
3405.613281	3200.991943
3402.963867	3292.124756
3400.314453	3322.798584
3397.663086	3292.147949
3395.011719	3309.596924
3392.358398	3384.506348
3389.704102	3500.791748
3387.047852	3496.473633
3384.391602	3575.909668
3381.733398	3545.223633
3379.075195	3531.486572
3376.415039	3606.104004
3373.753906	3747.355469
3371.090820	3769.229492
3368.427734	3801.408691
3365.762695	3918.937012
3363.097656	3936.017334
3360.430664	3915.585205
3357.762695	3996.367188
3355.092773	3952.509033
3352.422852	4033.203857
3349.750977	3976.263916
3347.079102	4144.805664
3344.405273	4202.870605
3341.729492	4255.276855
3339.053711	4324.453125
3336.376953	4362.752930
3333.698242	4446.755371
3331.018555	4522.287598
3328.337891	4552.056152
3325.656250	4579.933105
3322.973633	4621.762207
3320.289063	4731.546387
3317.604492	4901.750977
3314.917969	4845.669922
3312.230469	4911.493164
3309.541016	5003.292969
3306.851563	4927.718750
3304.160156	5164.354980
3301.467773	5199.278320
3298.774414	5190.543945
3296.080078	5294.081055
3293.384766	5299.221680
3290.687500	5422.086914
3287.990234	5501.293945
3285.291016	5512.817383
3282.589844	5561.362305
3279.888672	5566.369141
3277.186523	5740.647949
3274.482422	5793.649902
3271.777344	5866.013184
3269.071289	6013.141602
3266.364258	6144.443359
3263.655273	6168.559570
3260.945313	6236.938965
3258.234375	6387.335938
3255.522461	6394.717285
3252.809570	6450.005371
3250.095703	6548.531738
3247.379883	6658.939941
3244.663086	6702.993164
3241.945313	6854.627930
3239.226563	6871.891113
3236.505859	6947.037109
3233.784180	7045.082031
3231.061523	7278.022461
3228.337891	7239.075684
3225.613281	7366.219727
3222.886719	7428.140137
3220.160156	7467.088867
3217.431641	7645.272949
3214.702148	7728.050293
3211.970703	7805.261230
3209.239258	7933.646973
3206.505859	7988.745117
3203.771484	8122.420898
3201.035156	8145.398926
3198.298828	8311.771484
3195.560547	8377.557617
3192.821289	8481.617188
3190.081055	8479.757813
3187.339844	8684.898438
3184.596680	8827.875977
3181.853516	8979.837891
3179.108398	8991.416016
3176.361328	9158.645508
3173.614258	9261.122070
3170.865234	9400.796875
3168.115234	9367.614258
3165.364258	9521.656250
3162.612305	9573.827148
3159.858398	9618.687500
3157.104492	9743.369141
3154.347656	9838.002930
3151.590820	10140.198242
3148.833008	10211.005859
3146.073242	10233.733398
3143.312500	10435.740234
3140.550781	10508.127930
3137.787109	10543.353516
3135.023438	10733.195313
3132.257813	10880.379883
3129.491211	10988.579102
3126.722656	11002.748047
3123.954102	11224.545898
3121.183594	11282.810547
3118.412109	11250.820313
3115.638672	11513.683594
3112.865234	11583.452148
3110.089844	11654.056641
3107.313477	11823.644531
3104.536133	11903.975586
3101.756836	12060.704102
3098.976563	12142.652344
3096.195313	12131.044922
3093.413086	12264.995117
3090.628906	12511.084961
3087.844727	12712.070313
3085.058594	12757.645508
3082.270508	13152.069336
3079.482422	13218.023438
3076.692383	13393.241211
3073.901367	13337.207031
3071.109375	13458.492188
3068.315430	13810.558594
3065.520508	13984.298828
3062.724609	14056.843750
3059.927734	14190.096680
3057.128906	14499.220703
3054.329102	14345.510742
3051.528320	14610.549805
3048.726563	14621.972656
3045.922852	14703.831055
3043.118164	15036.096680
3040.312500	15189.865234
3037.505859	15331.024414
3034.697266	15380.362305
3031.887695	15713.508789
3029.077148	15814.212891
3026.264648	16001.950195
3023.452148	16144.197266
3020.637695	16280.095703
3017.821289	16562.369141
3015.004883	16558.619141
3012.186523	16825.429688
3009.367188	17076.925781
3006.545898	17140.298828
3003.724609	17430.406250
3000.901367	17505.955078
2998.077148	17736.330078
2995.250977	17970.035156
2992.423828	18046.998047
2989.595703	18321.011719
2986.766602	18536.462891
2983.935547	18595.394531
2981.104492	18761.085938
2978.270508	19044.867188
2975.436523	19256.949219
2972.600586	19324.251953
2969.763672	19524.554688
2966.925781	19655.968750
2964.085938	19794.306641
2961.245117	20079.484375
2958.403320	20277.316406
2955.560547	20481.121094
2952.715820	20615.308594
2949.870117	20783.632813
2947.023438	21068.589844
2944.174805	21219.873047
2941.325195	21252.576172
2938.474609	21454.496094
2935.622070	21743.884766
2932.768555	21982.193359
2929.914063	22070.525391
2927.058594	22225.300781
2924.201172	22298.558594
2921.342773	22760.072266
2918.483398	23027.964844
2915.622070	23262.408203
2912.759766	23129.787109
2909.896484	23545.558594
2907.032227	23667.736328
2904.166016	23791.542969
2901.298828	24056.478516
2898.429688	24065.820313
2895.559570	24096.923828
2892.688477	24626.921875
2889.816406	24717.787109
2886.942383	25069.550781
2884.067383	24852.296875
2881.191406	25285.375000
2878.314453	25314.070313
2875.435547	25638.861328
2872.554688	25811.449219
2869.673828	26061.095703
2866.791016	26231.593750
2863.907227	26467.810547
2861.021484	26493.257813
2858.134766	26897.152344
2855.247070	26931.890625
2852.358398	27177.726563
2849.467773	27633.511719
2846.576172	27586.583984
2843.682617	27846.462891
2840.789063	27884.978516
2837.893555	28375.861328
2834.996094	28496.935547
2832.097656	28677.414063
2829.198242	28839.613281
2826.297852	29031.824219
2823.395508	29047.255859
2820.492188	29368.343750
2817.587891	29333.675781
2814.681641	29336.021484
2811.774414	29587.728516
2808.866211	29890.773438
2805.956055	29998.513672
2803.044922	30358.621094
2800.131836	30295.220703
2797.218750	30617.101563
2794.303711	30845.207031
2791.386719	30827.935547
2788.468750	30793.533203
2785.549805	31144.552734
2782.629883	31346.292969
2779.708008	31391.251953
2776.785156	31827.886719
2773.860352	31926.429688
2770.935547	31947.113281
2768.007813	32195.822266
2765.080078	32070.355469
2762.150391	32171.988281
2759.219727	32253.046875
2756.287109	32713.429688
2753.353516	32718.304688
2750.418945	32795.570313
2747.482422	32916.179688
2744.544922	32998.375000
2741.606445	33411.398438
2738.666016	33341.921875
2735.724609	33337.089844
2732.782227	33287.226563
2729.837891	33509.128906
2726.892578	33585.675781
2723.945313	33883.574219
2720.997070	33936.125000
2718.047852	33928.433594
2715.097656	33926.667969
2712.145508	34190.804688
2709.191406	34185.515625
2706.237305	34255.523438
2703.281250	34240.886719
2700.323242	34131.578125
2697.364258	34294.425781
2694.404297	34602.378906
2691.443359	34217.820313
2688.480469	34181.242188
2685.515625	34536.871094
2682.550781	34323.964844
2679.583984	34497.175781
2676.615234	34551.457031
2673.646484	34524.859375
2670.674805	34483.128906
2667.703125	34437.218750
2664.729492	34530.898438
2661.754883	34100.101563
2658.778320	34345.867188
2655.800781	34217.777344
2652.821289	33957.199219
2649.840820	34070.125000
2646.859375	33960.750000
2643.876953	33806.207031
2640.892578	33872.941406
2637.906250	34062.695313
2634.918945	34033.820313
2631.930664	33851.875000
2628.941406	33685.136719
2625.950195	33463.375000
2622.957031	33712.976563
2619.963867	33739.386719
2616.967773	33598.000000
2613.971680	33291.542969
2610.973633	33300.566406
2607.974609	32841.136719
2604.973633	32885.328125
2601.971680	32478.949219
2598.967773	32703.867188
2595.962891	32470.142578
2592.957031	32353.878906
2589.949219	32038.212891
2586.940430	31709.533203
2583.929688	31845.376953
2580.917969	31473.898438
2577.905273	31396.468750
2574.890625	31457.599609
2571.875000	31208.634766
2568.857422	31010.427734
2565.838867	30689.820313
2562.819336	30430.755859
2559.797852	30130.542969
2556.775391	30159.769531
2553.750977	29902.925781
2550.725586	29555.412109
2547.698242	29560.880859
2544.669922	29231.984375
2541.640625	29282.134766
2538.609375	28785.390625
2535.577148	28660.906250
2532.542969	28716.166016
2529.507813	28112.435547
2526.471680	28050.970703
2523.433594	27771.482422
2520.393555	27453.583984
2517.353516	27287.242188
2514.310547	27296.906250
2511.267578	27225.232422
2508.222656	26932.761719
2505.175781	26720.974609
2502.127930	26520.035156
2499.079102	26197.929688
2496.028320	26159.662109
2492.976563	25556.216797
2489.922852	25695.933594
2486.868164	25344.484375
2483.812500	25188.033203
2480.754883	25042.349609
2477.695313	24666.324219
2474.634766	24382.128906
2471.573242	24231.275391
2468.509766	23921.410156
2465.445313	23903.042969
2462.378906	23599.306641
2459.311523	23500.404297
2456.242188	23058.630859
2453.171875	22758.937500
2450.100586	22651.583984
2447.027344	22366.982422
2443.953125	22137.113281
2440.876953	21770.095703
2437.799805	21505.769531
2434.720703	21424.376953
2431.640625	21311.400391
2428.558594	21186.351563
2425.475586	20973.837891
2422.390625	20656.960938
2419.304688	20406.800781
2416.217773	20190.873047
2413.128906	20000.228516
2410.038086	19686.787109
2406.946289	19679.287109
2403.853516	19331.515625
2400.758789	19213.496094
2397.663086	18858.175781
2394.565430	18632.318359
2391.466797	18347.771484
2388.366211	18189.275391
2385.264648	17958.380859
2382.161133	17780.060547
2379.056641	17379.650391
2375.950195	17353.068359
2372.842773	17222.724609
2369.734375	16858.494141
2366.624023	16801.630859
2363.511719	16640.375000
2360.398438	16457.582031
2357.284180	16139.309570
2354.167969	16143.834961
2351.049805	15721.748047
2347.930664	15589.393555
2344.810547	15445.941406
2341.688477	15232.951172
2338.564453	15109.797852
2335.439453	14832.350586
2332.313477	14794.250977
2329.185547	14628.297852
2326.056641	14444.120117
2322.925781	14301.632813
2319.792969	13998.843750
2316.660156	13851.102539
2313.524414	13726.619141
2310.387695	13496.241211
2307.250000	13406.287109
2304.110352	13122.912109
2300.969727	13032.411133
2297.827148	12871.186523
2294.682617	12731.578125
2291.537109	12635.014648
2288.390625	12552.837891
2285.242188	12263.482422
2282.092773	12046.620117
2278.941406	11867.242188
2275.788086	11821.243164
2272.633789	11674.625977
2269.478516	11522.596680
2266.321289	11263.017578
2263.162109	11197.584961
2260.001953	11069.713867
2256.840820	10876.329102
2253.676758	10822.222656
2250.512695	10739.724609
2247.346680	10472.532227
2244.178711	10447.882813
2241.009766	10221.303711
2237.838867	10083.244141
2234.666992	9950.040039
2231.493164	9808.291992
2228.318359	9700.532227
2225.141602	9562.962891
2221.963867	9479.011719
2218.784180	9230.019531
2215.602539	9233.532227
2212.419922	9072.862305
2209.236328	8839.320313
2206.050781	8904.215820
2202.863281	8558.011719
2199.674805	8540.647461
2196.485352	8446.495117
2193.292969	8299.164063
2190.100586	8195.813477
2186.905273	8179.422852
2183.709961	8044.932617
2180.511719	7916.039551
2177.312500	7759.132324
2174.112305	7713.286133
2170.910156	7610.487305
2167.706055	7546.800781
2164.500977	7392.693359
2161.294922	7279.269531
2158.085938	7180.755859
2154.876953	7131.401855
2151.665039	6969.986816
2148.452148	6875.642578
2145.238281	6865.384277
2142.022461	6712.091309
2138.804688	6608.670898
2135.585938	6454.086426
2132.365234	6517.009766
2129.143555	6429.340332
2125.919922	6315.383301
2122.695313	6112.384766
2119.468750	6121.103516
2116.240234	5933.100098
2113.010742	5841.260254
2109.780273	5829.972168
2106.546875	5737.490723
2103.312500	5710.798828
2100.077148	5523.425781
2096.839844	5524.658203
2093.600586	5477.258301
2090.360352	5433.759277
2087.119141	5309.329590
2083.875000	5289.071289
2080.629883	5113.207520
2077.383789	5015.284180
2074.135742	5027.515625
2070.885742	4902.027344
2067.634766	4866.623047
2064.381836	4823.565430
2061.127930	4720.626465
2057.871094	4660.783203
2054.614258	4549.574707
2051.355469	4528.222168
2048.094727	4423.313965
2044.832031	4393.608887
2041.568359	4307.246094
2038.303711	4223.261230
2035.037109	4251.850098
2031.768555	4122.839355
2028.498047	4036.000488
2025.226563	4018.018799
2021.954102	3896.938721
2018.678711	3908.048584
2015.403320	3829.866699
2012.125000	3755.571777
2008.845703	3738.522461
2005.564453	3627.765137
2002.282227	3595.558350
1998.998047	3580.128662
1995.712891	3602.756104
1992.424805	3457.287598
1989.136719	3406.215576
1985.845703	3351.392334
1982.553711	3244.220947
1979.260742	3189.526123
1975.964844	3147.780029
1972.667969	3132.614258
1969.370117	3082.595947
1966.070313	3066.716309
1962.768555	2958.469238
1959.465820	2982.018799
1956.161133	2905.687500
1952.854492	2837.746338
1949.546875	2809.924805
1946.237305	2800.258545
1942.925781	2711.322021
1939.613281	2690.390625
1936.298828	2613.660156
1932.982422	2621.443604
1929.665039	2571.193359
1926.346680	2514.211914
1923.025391	2480.622803
1919.703125	2466.629883
1916.378906	2408.274414
1913.053711	2446.198975
1909.726563	2393.167725
1906.397461	2352.954346
1903.067383	2323.288330
1899.735352	2280.895264
1896.401367	2227.293457
1893.066406	2211.970459
1889.729492	2177.182373
1886.390625	2173.878174
1883.050781	2092.735352
1879.708984	2037.105957
1876.365234	2033.872314
1873.020508	1981.313599
1869.673828	1956.445068
1866.326172	1937.573120
1862.975586	1934.390869
1859.624023	1876.758179
1856.271484	1841.547852
1852.916016	1795.938232
1849.559570	1820.387207
1846.202148	1781.531128
1842.841797	1751.641724
1839.480469	1706.905640
1836.118164	1667.416260
1832.752930	1668.831055
1829.386719	1643.508057
1826.018555	1572.186646
1822.649414	1569.192261
1819.278320	1506.874390
1815.905273	1529.114746
1812.531250	1486.879150
1809.154297	1467.639160
1805.777344	1450.637817
1802.397461	1421.816406
1799.016602	1388.586304
1795.633789	1350.953857
1792.249023	1338.472778
1788.863281	1384.329590
1785.475586	1320.186890
1782.085938	1253.156250
1778.694336	1266.548096
1775.301758	1244.557007
1771.907227	1236.580566
1768.510742	1235.972656
1765.113281	1172.088379
1761.713867	1183.278320
1758.312500	1170.200195
1754.910156	1136.563232
1751.505859	1136.737915
1748.099609	1119.296753
1744.691406	1075.462524
1741.282227	1052.935181
1737.871094	1059.744751
1734.458008	1027.723633
1731.042969	1022.091431
1727.626953	996.705811
1724.208984	994.019287
1720.790039	993.528259
1717.368164	950.656006
1713.945313	933.387939
1710.520508	951.176086
1707.093750	931.735168
1703.666016	910.125305
1700.236328	875.416138
1696.804688	860.411682
1693.371094	829.401672
1689.936523	811.522888
1686.500000	866.407654
1683.061523	816.535034
1679.622070	763.804565
1676.179688	791.754272
1672.736328	787.005005
1669.291016	760.490356
1665.844727	748.507751
1662.396484	747.410706
1658.945313	712.983948
1655.494141	729.286255
1652.040039	689.835083
1648.584961	703.238098
1645.126953	678.301270
1641.668945	662.785095
1638.208008	637.892639
1634.745117	635.408447
1631.281250	602.615295
1627.815430	618.905334
1624.347656	607.781799
1620.878906	582.977417
1617.408203	576.203918
1613.935547	567.997131
1610.460938	559.078796
1606.984375	542.258179
1603.506836	546.299805
1600.027344	522.317383
1596.545898	528.518738
1593.062500	539.020081
1589.577148	484.946777
1586.090820	501.195099
1582.602539	481.594055
1579.112305	460.579834
1575.620117	475.383423
1572.126953	433.641174
1568.630859	463.462677
1565.133789	454.651520
1561.634766	445.134491
1558.133789	416.345001
1554.631836	426.128571
1551.127930	415.212799
1547.621094	402.881683
1544.114258	379.159515
1540.604492	384.667297
1537.092773	376.641602
1533.580078	366.488892
1530.065430	367.015350
1526.548828	361.142883
1523.030273	363.092255
1519.509766	335.921570
1515.988281	344.269897
1512.463867	349.062256
1508.938477	321.230194
1505.411133	326.029053
1501.882813	314.529694
1498.351563	303.749878
1494.818359	291.565460
1491.284180	300.613007
1487.748047	306.116394
1484.209961	279.816711
1480.669922	286.031036
1477.128906	289.415375
1473.584961	282.213165
1470.040039	265.850830
1466.493164	265.715790
1462.944336	257.831726
1459.393555	255.588348
1455.840820	263.903259
1452.287109	241.964081
1448.730469	231.998550
1445.172852	227.664398
1441.613281	228.953049
1438.051758	235.855881
1434.488281	235.735626
1430.922852	227.901794
1427.356445	213.767929
1423.787109	215.059845
1420.216797	211.449203
1416.644531	199.444489
1413.070313	193.047516
1409.494141	201.337891
1405.916016	187.260254
1402.336914	207.417282
1398.754883	196.142822
1395.171875	193.251724
1391.585938	172.930939
1387.999023	174.933121
1384.410156	170.663879
1380.819336	174.753708
1377.226563	173.272263
1373.632813	164.141602
1370.036133	155.715378
1366.438477	161.193756
1362.837891	153.472015
1359.236328	145.064041
1355.632813	139.439560
1352.027344	145.608124
1348.419922	134.444901
1344.810547	133.682968
1341.199219	140.537064
1337.585938	132.161270
1333.970703	124.485634
1330.354492	124.421379
1326.735352	133.338486
1323.115234	127.054962
1319.493164	113.876274
1315.869141	115.886810
1312.242188	113.069084
1308.614258	113.010574
1304.984375	123.971786
1301.353516	110.140068
1297.719727	101.826775
1294.083984	105.899963
1290.446289	103.095825
1286.807617	85.868614
1283.166016	93.376556
1279.523438	91.955597
1275.877930	90.536064
1272.231445	95.287674
1268.582031	82.905128
1264.931641	85.601242
1261.279297	84.872238
1257.625000	88.248535
1253.968750	85.467598
1250.310547	85.423065
1246.650391	84.012466
1242.988281	81.920631
1239.324219	73.007782
1235.658203	82.517097
1231.990234	73.613152
1228.320313	64.718475
1224.648438	79.664246
1220.975586	68.734024
1217.299805	74.139488
1213.622070	78.179611
1209.943359	65.228798
1206.261719	59.082626
1202.578125	68.554222
1198.893555	65.126274
1195.206055	65.092102
1191.517578	60.314129
1187.826172	50.122490
1184.133789	49.419182
1180.438477	48.716583
1176.742188	56.806126
1173.042969	50.017162
1169.342773	56.746353
1165.639648	56.716469
1161.935547	53.312386
1158.228516	49.911861
1154.520508	50.559669
1150.809570	51.206768
1147.097656	46.465813
1143.382813	50.479649
1139.666992	47.762154
1135.948242	43.030449
1132.227539	44.351685
1128.505859	44.999859
1124.781250	38.263195
1121.055664	38.242931
1117.327148	42.916683
1113.596680	34.851322
1109.865234	45.550632
1106.130859	42.848438
1102.394531	35.465027
1098.657227	38.790173
1094.916992	30.748272
1091.174805	36.744694
1087.430664	41.399261
1083.684570	30.031862
1079.936523	35.352028
1076.186523	31.333216
1072.434570	32.649136
1068.680664	37.959358
1064.924805	30.617529
1061.166992	34.592648
1057.406250	34.574181
1053.644531	29.903980
1049.880859	32.544712
1046.114258	34.518776
1042.346680	25.211765
1038.576172	31.166285
1034.803711	25.184778
1031.030273	27.158493
1027.253906	29.130077
1023.475586	31.099533
1019.695313	27.114824
1015.913086	21.151430
1012.128906	23.782579
1008.342773	20.468439
1004.553711	25.736773
