4046.277344	243.175186
4043.892578	213.826447
4041.505859	238.888306
4039.119141	237.746765
4036.731445	234.512192
4034.342773	231.280090
4031.952148	243.742020
4029.561523	255.148346
4027.169922	271.771973
4024.777344	264.350525
4022.383789	255.890396
4019.989258	250.569000
4017.593750	260.906097
4015.197266	244.111435
4012.799805	252.357162
4010.401367	279.359222
4008.001953	276.122589
4005.601563	281.220947
4003.201172	268.615662
4000.798828	283.079346
3998.395508	293.370209
3995.991211	285.974396
3993.585938	269.228912
3991.180664	275.356445
3988.773438	285.633698
3986.365234	314.591248
3983.957031	303.049866
3981.546875	311.228729
3979.135742	325.623077
3976.724609	330.676453
3974.311523	311.893311
3971.898438	328.341492
3969.483398	311.644775
3967.068359	330.149628
3964.651367	347.605103
3962.234375	319.544983
3959.815430	326.653442
3957.396484	345.122406
3954.975586	346.017426
3952.554688	336.586884
3950.131836	356.061523
3947.708984	353.855865
3945.284180	359.901733
3942.859375	369.035126
3940.432617	362.704926
3938.005859	368.739685
3935.577148	357.266510
3933.148438	385.940216
3930.718750	391.958069
3928.287109	369.177216
3925.855469	387.531982
3923.421875	392.514099
3920.988281	406.736084
3918.552734	396.305756
3916.117188	445.408325
3913.680664	415.479004
3911.242188	405.057373
3908.803711	419.245178
3906.363281	440.593903
3903.922852	456.804199
3901.480469	448.429840
3899.038086	448.249268
3896.593750	440.907776
3894.149414	453.001038
3891.703125	459.973602
3889.256836	452.635864
3886.808594	500.456238
3884.360352	477.793915
3881.910156	488.826721
3879.459961	459.046387
3877.007813	474.156342
3874.555664	484.157562
3872.101563	489.056213
3869.646484	490.895386
3867.191406	531.418579
3864.734375	545.450439
3862.277344	514.713135
3859.818359	527.723267
3857.358398	534.624329
3854.897461	528.311829
3852.436523	566.689514
3849.973633	564.429443
3847.509766	576.377563
3845.044922	550.785339
3842.579102	591.118896
3840.113281	559.460022
3837.645508	599.756958
3835.176758	605.589478
3832.707031	597.245239
3830.236328	609.144897
3827.764648	648.344116
3825.291992	607.638611
3822.818359	632.657227
3820.343750	622.297546
3817.868164	632.142334
3815.390625	650.054138
3812.913086	668.960144
3810.434570	659.610413
3807.955078	670.431396
3805.473633	707.445007
3802.992188	702.119751
3800.509766	701.833313
3798.025391	676.383789
3795.541016	740.498840
3793.054688	711.031128
3790.568359	714.761841
3788.080078	758.684448
3785.591797	732.258118
3783.101563	723.926270
3780.610352	805.929321
3778.119141	787.541321
3775.625977	773.179382
3773.131836	805.942627
3770.636719	812.626587
3768.140625	794.265015
3765.643555	836.990479
3763.145508	850.658264
3760.646484	848.308716
3758.146484	819.962097
3755.645508	888.594177
3753.143555	856.257202
3750.639648	898.850830
3748.135742	906.468201
3745.630859	924.058105
3743.124023	889.763611
3740.617188	929.281250
3738.108398	939.862549
3735.599609	930.509644
3733.088867	970.956848
3730.577148	984.493469
3728.064453	975.132874
3725.551758	976.720581
3723.037109	1013.104248
3720.521484	991.816895
3718.004883	1031.143921
3715.487305	1045.613647
3712.967773	1048.160156
3710.448242	1064.594604
3707.927734	1054.237793
3705.406250	1127.162354
3702.882813	1088.050415
3700.359375	1119.297974
3697.833984	1125.766357
3695.308594	1152.023315
3692.781250	1137.696899
3690.252930	1155.026611
3687.723633	1177.283936
3685.193359	1205.451050
3682.662109	1167.420898
3680.129883	1223.211304
3677.596680	1222.704834
3675.062500	1239.954224
3672.527344	1230.566162
3669.990234	1254.696777
3667.453125	1275.851318
3664.915039	1292.063843
3662.375000	1350.591675
3659.833984	1290.992065
3657.292969	1347.503906
3654.750000	1338.095825
3652.206055	1351.298828
3649.661133	1391.014038
3647.115234	1414.002808
3644.568359	1428.138184
3642.019531	1415.770874
3639.470703	1475.006104
3636.920898	1443.022461
3634.369141	1488.477661
3631.817383	1515.284058
3629.263672	1487.238647
3626.708984	1548.276245
3624.153320	1574.044678
3621.596680	1581.211792
3619.039063	1611.831421
3616.480469	1623.861084
3613.920898	1625.137085
3611.360352	1666.437378
3608.797852	1690.137817
3606.235352	1694.309448
3603.670898	1683.851929
3601.105469	1740.650513
3598.540039	1755.510620
3595.972656	1772.305420
3593.404297	1826.074219
3590.834961	1807.797119
3588.264648	1850.806885
3585.692383	1895.724487
3583.120117	1894.931274
3580.545898	1889.281372
3577.971680	1931.212036
3575.395508	1942.049805
3572.818359	1939.296021
3570.240234	1986.000000
3567.661133	2043.326904
3565.081055	2048.283691
3562.500000	2066.794922
3559.917969	2115.301270
3557.333984	2141.509033
3554.750000	2164.792480
3552.164063	2148.413574
3549.577148	2194.868896
3546.989258	2241.284424
3544.400391	2258.690430
3541.810547	2241.331787
3539.219727	2309.858887
3536.626953	2362.896729
3534.034180	2347.442383
3531.439453	2433.182129
3528.844727	2392.665771
3526.248047	2468.684570
3523.650391	2472.457275
3521.051758	2484.884277
3518.451172	2542.495605
3515.850586	2558.725830
3513.249023	2551.882568
3510.645508	2593.064209
3508.041016	2663.969727
3505.436523	2664.765137
3502.830078	2777.783203
3500.222656	2675.939453
3497.613281	2764.896729
3495.003906	2827.912842
3492.393555	2865.020752
3489.781250	2845.624268
3487.167969	2881.735107
3484.553711	2926.421631
3481.938477	2995.924072
3479.322266	2987.968262
3476.705078	3095.589355
3474.086914	3136.287598
3471.466797	3115.873779
3468.845703	3165.112549
3466.224609	3235.285889
3463.601563	3233.915527
3460.977539	3273.511963
3458.351563	3340.690674
3455.725586	3298.342529
3453.098633	3355.937012
3450.469727	3394.459717
3447.839844	3584.108643
3445.208984	3581.637451
3442.577148	3635.210449
3439.944336	3617.525879
3437.310547	3692.864990
3434.674805	3750.114258
3432.039063	3812.055176
3429.401367	3859.724365
3426.762695	3940.512939
3424.123047	3952.096436
3421.481445	3923.908936
3418.839844	4038.629395
3416.197266	4069.069824
3413.552734	4144.865234
3410.907227	4224.374512
3408.260742	4299.092285
3405.613281	4284.985840
3402.963867	4342.622070
3400.314453	4360.583496
3397.663086	4453.028809
3395.011719	4563.303711
3392.358398	4520.841309
3389.704102	4629.106934
3387.047852	4798.472168
3384.391602	4792.660156
3381.733398	4858.338867
3379.075195	4960.629395
3376.415039	4982.945801
3373.753906	5036.242676
3371.090820	5114.846191
3368.427734	5106.089844
3365.762695	5299.994141
3363.097656	5332.426758
3360.430664	5428.574219
3357.762695	5327.864746
3355.092773	5448.280762
3352.422852	5503.993652
3349.750977	5656.981934
3347.079102	5660.171387
3344.405273	5836.333496
3341.729492	5818.878418
3339.053711	5905.134277
3336.376953	5971.704590
3333.698242	6151.158203
3331.018555	6102.802246
3328.337891	6192.512207
3325.656250	6350.194336
3322.973633	6358.649902
3320.289063	6433.226563
3317.604492	6518.909668
3314.917969	6632.435059
3312.230469	6558.889648
3309.541016	6813.627441
3306.851563	6884.121582
3304.160156	6935.973145
3301.467773	7021.208008
3298.774414	7020.972168
3296.080078	7135.782715
3293.384766	7208.759277
3290.687500	7317.824219
3287.990234	7441.618652
3285.291016	7495.838867
3282.589844	7647.220215
3279.888672	7618.938477
3277.186523	7676.706055
3274.482422	7780.651855
3271.777344	7816.113770
3269.071289	7992.887207
3266.364258	8159.348145
3263.655273	8223.208008
3260.945313	8245.492188
3258.234375	8383.032227
3255.522461	8412.597656
3252.809570	8575.743164
3250.095703	8735.059570
3247.379883	8792.967773
3244.663086	8803.890625
3241.945313	8851.594727
3239.226563	9022.459961
3236.505859	9017.638672
3233.784180	9238.804688
3231.061523	9248.580078
3228.337891	9507.999023
3225.613281	9571.773438
3222.886719	9589.637695
3220.160156	9733.981445
3217.431641	9789.321289
3214.702148	10046.099609
3211.970703	10071.039063
3209.239258	10201.187500
3206.505859	10422.687500
3203.771484	10434.623047
3201.035156	10556.209961
3198.298828	10516.916016
3195.560547	10687.663086
3192.821289	10906.630859
3190.081055	11067.931641
3187.339844	11000.202148
3184.596680	11243.350586
3181.853516	11262.152344
3179.108398	11444.862305
3176.361328	11598.280273
3173.614258	11759.750000
3170.865234	11935.628906
3168.115234	12018.620117
3165.364258	12138.793945
3162.612305	12062.659180
3159.858398	12173.623047
3157.104492	12346.199219
3154.347656	12534.041992
3151.590820	12609.281250
3148.833008	12880.224609
3146.073242	13067.579102
3143.312500	13166.020508
3140.550781	13224.545898
3137.787109	13528.209961
3135.023438	13629.023438
3132.257813	13701.721680
3129.491211	13840.314453
3126.722656	13932.719727
3123.954102	14121.639648
3121.183594	14397.923828
3118.412109	14406.966797
3115.638672	14608.041992
3112.865234	14765.678711
3110.089844	14770.032227
3107.313477	14958.967773
3104.536133	15059.528320
3101.756836	15258.958008
3098.976563	15318.824219
3096.195313	15480.205078
3093.413086	15796.875977
3090.628906	15867.191406
3087.844727	16169.042969
3085.058594	16196.054688
3082.270508	16598.835938
3079.482422	16731.414063
3076.692383	16768.882813
3073.901367	16984.560547
3071.109375	17090.816406
3068.315430	17346.425781
3065.520508	17451.523438
3062.724609	17561.890625
3059.927734	17872.353516
3057.128906	17921.679688
3054.329102	18272.779297
3051.528320	18060.349609
3048.726563	18404.824219
3045.922852	18519.800781
3043.118164	18899.414063
3040.312500	18955.255859
3037.505859	19009.259766
3034.697266	19033.832031
3031.887695	19361.810547
3029.077148	19608.556641
3026.264648	19789.289063
3023.452148	19872.105469
3020.637695	20053.439453
3017.821289	20257.691406
3015.004883	20538.082031
3012.186523	20476.691406
3009.367188	20741.652344
3006.545898	20879.630859
3003.724609	21122.906250
3000.901367	21337.623047
2998.077148	21607.023438
2995.250977	21769.125000
2992.423828	21653.390625
2989.595703	21914.320313
2986.766602	22321.685547
2983.935547	22281.794922
2981.104492	22480.285156
2978.270508	22524.175781
2975.436523	22693.263672
2972.600586	22885.119141
2969.763672	22933.156250
2966.925781	23277.107422
2964.085938	23540.625000
2961.245117	23581.248047
2958.403320	23657.894531
2955.560547	23884.824219
2952.715820	24250.410156
2949.870117	24309.066406
2947.023438	24462.500000
2944.174805	24474.476563
2941.325195	24732.089844
2938.474609	24975.435547
2935.622070	25123.013672
2932.768555	24904.214844
2929.914063	25190.927734
2927.058594	25473.001953
2924.201172	25713.691406
2921.342773	25716.265625
2918.483398	26002.953125
2915.622070	26277.144531
2912.759766	26540.603516
2909.896484	26538.408203
2907.032227	26702.888672
2904.166016	27217.873047
2901.298828	27222.332031
2898.429688	27167.515625
2895.559570	27481.224609
2892.688477	27872.140625
2889.816406	27978.097656
2886.942383	28178.777344
2884.067383	28109.703125
2881.191406	28586.529297
2878.314453	28536.431641
2875.435547	28641.814453
2872.554688	29011.839844
2869.673828	29157.679688
2866.791016	29391.837891
2863.907227	29621.445313
2861.021484	29836.974609
2858.134766	30067.025391
2855.247070	30341.013672
2852.358398	30400.150391
2849.467773	30485.171875
2846.576172	30783.650391
2843.682617	30848.531250
2840.789063	31161.246094
2837.893555	31189.619141
2834.996094	31616.660156
2832.097656	31583.541016
2829.198242	32092.779297
2826.297852	31763.845703
2823.395508	32170.876953
2820.492188	32187.470703
2817.587891	32409.744141
2814.681641	32604.277344
2811.774414	32605.146484
2808.866211	32737.513672
2805.956055	32970.269531
2803.044922	33374.558594
2800.131836	33357.875000
2797.218750	33491.343750
2794.303711	33523.484375
2791.386719	33723.601563
2788.468750	33793.289063
2785.549805	33819.222656
2782.629883	34034.316406
2779.708008	33927.468750
2776.785156	34084.140625
2773.860352	34323.582031
2770.935547	34632.871094
2768.007813	34479.785156
2765.080078	34560.750000
2762.150391	34416.347656
2759.219727	34914.359375
2756.287109	34873.917969
2753.353516	34859.074219
2750.418945	34864.671875
2747.482422	35124.839844
2744.544922	35046.039063
2741.606445	35065.125000
2738.666016	35262.746094
2735.724609	35257.050781
2732.782227	35143.457031
2729.837891	35477.457031
2726.892578	35317.160156
2723.945313	35533.679688
2720.997070	35259.003906
2718.047852	35352.429688
2715.097656	35190.742188
2712.145508	35353.535156
2709.191406	35611.816406
2706.237305	35632.953125
2703.281250	35497.605469
2700.323242	35069.039063
2697.364258	35507.757813
2694.404297	35265.359375
2691.443359	35168.363281
2688.480469	35188.730469
2685.515625	35205.695313
2682.550781	35433.394531
2679.583984	35562.285156
2676.615234	35235.378906
2673.646484	34904.550781
2670.674805	35139.500000
2667.703125	34673.574219
2664.729492	35026.937500
2661.754883	34711.882813
2658.778320	34765.855469
2655.800781	34556.136719
2652.821289	34320.578125
2649.840820	34201.824219
2646.859375	34416.867188
2643.876953	33998.125000
2640.892578	34013.675781
2637.906250	34092.835938
2634.918945	34053.070313
2631.930664	33816.742188
2628.941406	33496.164063
2625.950195	33511.015625
2622.957031	33319.500000
2619.963867	33255.906250
2616.967773	33341.761719
2613.971680	32910.281250
2610.973633	32701.833984
2607.974609	32461.890625
2604.973633	32368.787109
2601.971680	32309.068359
2598.967773	32103.728516
2595.962891	32048.322266
2592.957031	31608.753906
2589.949219	31809.625000
2586.940430	31501.820313
2583.929688	31161.066406
2580.917969	31232.341797
2577.905273	31010.652344
2574.890625	30969.121094
2571.875000	30636.652344
2568.857422	30239.849609
2565.838867	30187.931641
2562.819336	30004.425781
2559.797852	29609.253906
2556.775391	29462.552734
2553.750977	29250.669922
2550.725586	29167.873047
2547.698242	28739.080078
2544.669922	28531.089844
2541.640625	28417.353516
2538.609375	28150.298828
2535.577148	28006.318359
2532.542969	27874.820313
2529.507813	27626.474609
2526.471680	27293.548828
2523.433594	26924.710938
2520.393555	26834.218750
2517.353516	26618.011719
2514.310547	26737.277344
2511.267578	26267.482422
2508.222656	26323.564453
2505.175781	26033.275391
2502.127930	25566.066406
2499.079102	25448.550781
2496.028320	25056.597656
2492.976563	24703.496094
2489.922852	24391.650391
2486.868164	24266.673828
2483.812500	24077.181641
2480.754883	23769.300781
2477.695313	23657.833984
2474.634766	23299.767578
2471.573242	23176.357422
2468.509766	22922.474609
2465.445313	22876.832031
2462.378906	22560.521484
2459.311523	22294.210938
2456.242188	21962.968750
2453.171875	21588.054688
2450.100586	21652.968750
2447.027344	21237.853516
2443.953125	21023.142578
2440.876953	20571.302734
2437.799805	20545.552734
2434.720703	20532.810547
2431.640625	20369.115234
2428.558594	20032.767578
2425.475586	19716.185547
2422.390625	19410.427734
2419.304688	19303.423828
2416.217773	18974.642578
2413.128906	18835.550781
2410.038086	18597.076172
2406.946289	18506.792969
2403.853516	18121.580078
2400.758789	17981.500000
2397.663086	17788.250000
2394.565430	17441.820313
2391.466797	17372.417969
2388.366211	17112.773438
2385.264648	16790.494141
2382.161133	16667.498047
2379.056641	16556.687500
2375.950195	16289.025391
2372.842773	16061.831055
2369.734375	16118.698242
2366.624023	15762.378906
2363.511719	15584.735352
2360.398438	15234.606445
2357.284180	15268.454102
2354.167969	14986.176758
2351.049805	14856.514648
2347.930664	14692.502930
2344.810547	14442.916992
2341.688477	14147.915039
2338.564453	14135.721680
2335.439453	13978.730469
2332.313477	13793.893555
2329.185547	13716.327148
2326.056641	13488.635742
2322.925781	13226.814453
2319.792969	13095.332031
2316.660156	12920.887695
2313.524414	12867.010742
2310.387695	12597.979492
2307.250000	12493.307617
2304.110352	12323.434570
2300.969727	12222.164063
2297.827148	12018.358398
2294.682617	11990.472656
2291.537109	11699.529297
2288.390625	11640.034180
2285.242188	11395.573242
2282.092773	11094.986328
2278.941406	11104.863281
2275.788086	10951.380859
2272.633789	10809.926758
2269.478516	10875.367188
2266.321289	10606.588867
2263.162109	10311.148438
2260.001953	10398.079102
2256.840820	10080.075195
2253.676758	10018.439453
2250.512695	9866.800781
2247.346680	9716.090820
2244.178711	9526.846680
2241.009766	9576.012695
2237.838867	9369.658203
2234.666992	9183.197266
2231.493164	9131.614258
2228.318359	8983.227539
2225.141602	8781.461914
2221.963867	8749.796875
2218.784180	8629.309570
2215.602539	8438.201172
2212.419922	8401.234375
2209.236328	8238.673828
2206.050781	8212.032227
2202.863281	7936.751953
2199.674805	7913.407715
2196.485352	7846.196777
2193.292969	7694.449219
2190.100586	7560.066406
2186.905273	7556.497070
2183.709961	7495.045898
2180.511719	7299.956543
2177.312500	7214.453613
2174.112305	7150.118652
2170.910156	6990.593262
2167.706055	6917.055176
2164.500977	6798.345215
2161.294922	6774.078613
2158.085938	6660.998535
2154.876953	6618.121582
2151.665039	6510.666992
2148.452148	6323.163574
2145.238281	6355.166504
2142.022461	6192.008789
2138.804688	6088.058594
2135.585938	6039.347656
2132.365234	5994.562012
2129.143555	5952.920410
2125.919922	5819.800293
2122.695313	5685.254395
2119.468750	5677.904785
2116.240234	5539.677246
2113.010742	5492.146973
2109.780273	5429.185547
2106.546875	5313.694336
2103.312500	5259.376465
2100.077148	5233.695313
2096.839844	5133.128418
2093.600586	4994.061523
2090.360352	4985.510742
2087.119141	4929.926758
2083.875000	4858.978027
2080.629883	4746.492676
2077.383789	4666.455078
2074.135742	4599.576172
2070.885742	4498.910156
2067.634766	4416.792969
2064.381836	4420.833008
2061.127930	4391.065918
2057.871094	4309.880859
2054.614258	4261.005371
2051.355469	4189.928711
2048.094727	4108.184570
2044.832031	4067.134521
2041.568359	3987.822021
2038.303711	3984.382080
2035.037109	3922.017822
2031.768555	3802.343994
2028.498047	3787.525391
2025.226563	3703.179688
2021.954102	3604.401123
2018.678711	3619.468262
2015.403320	3557.449463
2012.125000	3457.353271
2008.845703	3390.894775
2005.564453	3352.691895
2002.282227	3345.750488
1998.998047	3311.409668
1995.712891	3228.404297
1992.424805	3185.784668
1989.136719	3107.478027
1985.845703	3084.709473
1982.553711	3055.126709
1979.260742	2982.305420
1975.964844	2912.588135
1972.667969	2870.236084
1969.370117	2888.560059
1966.070313	2787.166260
1962.768555	2743.417969
1959.465820	2761.773438
1956.161133	2690.087158
1952.854492	2666.861328
1949.546875	2580.172852
1946.237305	2546.445068
1942.925781	2501.423096
1939.613281	2470.027832
1936.298828	2463.553711
1932.982422	2445.021973
1929.665039	2337.585693
1926.346680	2383.153564
1923.025391	2305.962891
1919.703125	2274.747314
1916.378906	2235.287842
1913.053711	2208.645508
1909.726563	2188.039063
1906.397461	2131.402832
1903.067383	2158.143555
1899.735352	2087.319336
1896.401367	2067.558105
1893.066406	2035.072754
1889.729492	1986.884888
1886.390625	1999.398926
1883.050781	1889.898560
1879.708984	1900.949829
1876.365234	1948.629150
1873.020508	1871.448242
1869.673828	1807.041016
1866.326172	1755.388916
1862.975586	1779.908325
1859.624023	1723.842651
1856.271484	1661.866455
1852.916016	1679.686646
1849.559570	1657.267456
1846.202148	1634.124878
1842.841797	1645.977661
1839.480469	1602.780640
1836.118164	1545.500854
1832.752930	1573.723999
1829.386719	1539.535522
1826.018555	1482.368530
1822.649414	1500.192261
1819.278320	1457.930664
1815.905273	1445.358154
1812.531250	1410.571899
1809.154297	1364.711914
1805.777344	1335.919067
1802.397461	1300.495972
1799.016602	1285.070801
1795.633789	1297.004395
1792.249023	1266.082886
1788.863281	1227.069824
1785.475586	1196.211914
1782.085938	1205.950806
1778.694336	1169.234741
1775.301758	1163.502441
1771.907227	1148.937256
1768.510742	1131.441284
1765.113281	1106.604370
1761.713867	1112.678833
1758.312500	1064.353027
1754.910156	1051.339355
1751.505859	1046.415649
1748.099609	1018.743530
1744.691406	1024.843994
1741.282227	981.810730
1737.871094	961.538818
1734.458008	945.681580
1731.042969	956.929443
1727.626953	920.599060
1724.208984	923.070190
1720.790039	861.935120
1717.368164	899.506165
1713.945313	874.229553
1710.520508	880.367126
1707.093750	817.183533
1703.666016	840.844971
1700.236328	825.121643
1696.804688	826.170105
1693.371094	784.254272
1689.936523	786.049072
1686.500000	750.013672
1683.061523	741.643555
1679.622070	748.542969
1676.179688	718.389893
1672.736328	709.320923
1669.291016	685.021851
1665.844727	701.363342
1662.396484	665.492798
1658.945313	683.276306
1655.494141	671.348938
1652.040039	630.478882
1648.584961	622.206543
1645.126953	616.111633
1641.668945	601.349182
1638.208008	588.046021
1634.745117	576.921997
1631.281250	560.035278
1627.815430	579.231873
1624.347656	567.407166
1620.878906	555.594055
1617.408203	567.560852
1613.935547	542.800842
1610.460938	525.260620
1606.984375	512.771973
1603.506836	488.794556
1600.027344	498.608337
1596.545898	501.949188
1593.062500	468.681915
1589.577148	472.033997
1586.090820	457.457062
1582.602539	467.977539
1579.112305	435.509399
1575.620117	450.325562
1572.126953	424.338654
1568.630859	422.695129
1565.133789	418.193604
1561.634766	390.117859
1558.133789	425.628845
1554.631836	371.167267
1551.127930	373.834198
1547.621094	382.915863
1544.114258	376.308716
1540.604492	360.447510
1537.092773	358.129913
1533.580078	363.642395
1530.065430	344.965973
1526.548828	333.417328
1523.030273	336.801819
1519.509766	307.513824
1515.988281	326.524017
1512.463867	328.487457
1508.938477	321.939331
1505.411133	306.892578
1501.882813	294.694489
1498.351563	300.209686
1494.818359	280.950226
1491.284180	276.563965
1487.748047	290.563141
1484.209961	268.510986
1480.669922	268.374817
1477.128906	268.944550
1473.584961	257.519501
1470.040039	257.388733
1466.493164	241.047226
1462.944336	233.175690
1459.393555	235.873535
1455.840820	239.272278
1452.287109	228.599777
1448.730469	234.107635
1445.172852	227.664398
1441.613281	210.692993
1438.051758	196.546570
1434.488281	213.986206
1430.922852	208.968414
1427.356445	192.741577
1423.787109	204.552032
1420.216797	196.745789
1416.644531	200.144287
1413.070313	179.758011
1409.494141	190.152451
1405.916016	171.189407
1402.336914	178.085541
1398.754883	172.410233
1395.171875	161.857040
1391.585938	159.682190
1387.999023	155.418671
1384.410156	165.091187
1380.819336	150.385666
1377.226563	151.700211
1373.632813	148.840256
1370.036133	145.983170
1366.438477	140.349747
1362.837891	138.888702
1359.236328	152.698990
1355.632813	138.052094
1352.027344	133.820801
1348.419922	136.523941
1344.810547	122.600441
1341.199219	127.383354
1337.585938	131.469330
1333.970703	125.868805
1330.354492	120.274002
1326.735352	120.902771
1323.115234	113.244644
1319.493164	113.186119
1315.869141	114.507202
1312.242188	109.621857
1308.614258	121.968735
1304.984375	110.197144
1301.353516	95.684189
1297.719727	107.330925
1294.083984	89.396072
1290.446289	103.095825
1286.807617	83.807762
1283.166016	91.316780
1279.523438	99.504189
1275.877930	99.452499
1272.231445	85.004829
1268.582031	81.534798
1264.931641	82.177193
1261.279297	82.818878
1257.625000	88.248535
1253.968750	83.416382
1250.310547	82.006142
1246.650391	71.717964
1242.988281	74.411240
1239.324219	75.737045
1235.658203	72.287704
1231.990234	75.657967
1228.320313	76.980927
1224.648438	65.365532
1220.975586	68.053490
1217.299805	70.738594
1213.622070	67.302452
1209.943359	58.434135
1206.261719	61.119961
1202.578125	59.730412
1198.893555	62.412682
1195.206055	61.701893
1191.517578	62.347191
1187.826172	47.413166
1184.133789	51.450108
1180.438477	56.159397
1176.742188	48.690964
1173.042969	50.693069
1169.342773	49.315281
1165.639648	53.340488
1161.935547	47.913662
1158.228516	40.469078
1154.520508	49.885540
1150.809570	51.206768
1147.097656	36.364552
1143.382813	47.787399
1139.666992	43.053207
1135.948242	38.323994
1132.227539	45.695675
1128.505859	43.656578
1124.781250	44.304752
1121.055664	40.926647
1117.327148	37.552097
1113.596680	35.521538
1109.865234	33.493114
1106.130859	38.161892
1102.394531	32.788422
1098.657227	42.802948
1094.916992	44.117085
1091.174805	41.421291
1087.430664	39.396072
1083.684570	33.368736
1079.936523	29.348854
1076.186523	30.666552
1072.434570	31.316519
1068.680664	25.306240
1064.924805	33.945522
1061.166992	35.257893
1057.406250	32.579517
1053.644531	33.226646
1049.880859	25.238754
1046.114258	26.552906
1042.346680	29.192570
1038.576172	32.492508
1034.803711	23.196507
1031.030273	29.808102
1027.253906	26.481890
1023.475586	29.114456
1019.695313	27.776161
1015.913086	23.795359
1012.128906	23.121952
1008.342773	21.128712
1004.553711	17.817766
