4046.277344	242.127014
4043.892578	224.308136
4041.505859	245.174835
4039.119141	244.030823
4036.731445	251.263062
4034.342773	256.396484
4031.952148	258.387482
4029.561523	241.554382
4027.169922	248.775894
4024.777344	273.754303
4022.383789	269.468262
4019.989258	248.480927
4017.593750	261.949707
4015.197266	270.191711
4012.799805	271.127533
4010.401367	269.977753
4008.001953	261.535004
4005.601563	280.179382
4003.201172	267.574524
4000.798828	276.834961
3998.395508	271.523499
3995.991211	289.094116
3993.585938	279.623871
3991.180664	290.942657
3988.773438	310.561707
3986.365234	304.208710
3983.957031	303.049866
3981.546875	315.378448
3979.135742	314.215912
3976.724609	322.383636
3974.311523	313.965698
3971.898438	321.091034
3969.483398	321.998413
3967.068359	319.800110
3964.651367	331.052490
3962.234375	334.022766
3959.815430	343.192841
3957.396484	335.822693
3954.975586	348.083221
3952.554688	314.904907
3950.131836	366.382172
3947.708984	366.235657
3945.284180	395.995026
3942.859375	386.559143
3940.432617	384.343567
3938.005859	355.349701
3935.577148	392.272461
3933.148438	391.086090
3930.718750	379.612946
3928.287109	376.375671
3925.855469	374.168823
3923.421875	404.844391
3920.988281	403.654755
3918.552734	390.145569
3916.117188	412.567169
3913.680664	429.841217
3911.242188	425.566589
3908.803711	406.944580
3906.363281	412.928711
3903.922852	431.198578
3901.480469	431.025024
3899.038086	422.664246
3896.593750	441.930786
3894.149414	433.572113
3891.703125	451.796295
3889.256836	458.766357
3886.808594	455.517303
3884.360352	449.207947
3881.910156	462.293335
3879.459961	484.548950
3877.007813	494.550171
3874.555664	527.986572
3872.101563	491.093933
3869.646484	490.895386
3867.191406	502.913391
3864.734375	517.974365
3862.277344	518.781982
3859.818359	519.588806
3857.358398	515.312805
3854.897461	536.439697
3852.436523	535.206726
3849.973633	533.974609
3847.509766	571.303833
3845.044922	571.072083
3842.579102	547.520081
3840.113281	561.487000
3837.645508	572.403198
3835.176758	594.449890
3832.707031	591.171570
3830.236328	630.394165
3827.764648	599.794128
3825.291992	609.660645
3822.818359	642.763611
3820.343750	594.011292
3817.868164	632.142334
3815.390625	638.950745
3812.913086	666.942200
3810.434570	629.353027
3807.955078	681.521240
3805.473633	653.026184
3802.992188	696.075684
3800.509766	694.784729
3798.025391	714.631653
3795.541016	727.419373
3793.054688	721.088135
3790.568359	744.920532
3788.080078	727.533203
3785.591797	743.307312
3783.101563	761.076416
3780.610352	762.772461
3778.119141	785.534851
3775.625977	791.230286
3773.131836	782.887024
3770.636719	785.572449
3768.140625	841.339966
3765.643555	804.952576
3763.145508	828.641174
3760.646484	863.314209
3758.146484	844.960938
3755.645508	862.606018
3753.143555	853.259827
3750.639648	853.908264
3748.135742	899.479980
3745.630859	908.091675
3743.124023	898.741089
3740.617188	927.287048
3738.108398	915.942444
3735.599609	942.464783
3733.088867	947.056335
3730.577148	942.684814
3728.064453	997.023621
3725.551758	978.709839
3723.037109	980.295166
3720.521484	1023.618652
3718.004883	1047.038330
3715.487305	1044.620605
3712.967773	1027.316040
3710.448242	1046.735596
3707.927734	1042.336670
3705.406250	1077.594971
3702.882813	1086.068481
3700.359375	1094.534668
3697.833984	1103.983765
3695.308594	1104.517212
3692.781250	1111.975098
3690.252930	1121.404297
3687.723633	1164.433716
3685.193359	1156.047363
3682.662109	1178.285278
3680.129883	1183.721069
3677.596680	1218.757324
3675.062500	1207.401733
3672.527344	1199.013184
3669.990234	1262.581787
3667.453125	1246.294922
3664.915039	1249.717285
3662.375000	1293.496704
3659.833984	1260.488403
3657.292969	1259.965332
3654.750000	1339.079102
3652.206055	1328.695313
3649.661133	1336.002197
3647.115234	1305.006714
3644.568359	1349.615112
3642.019531	1381.431274
3639.470703	1389.683228
3636.920898	1380.282349
3634.369141	1402.245850
3631.817383	1446.719116
3629.263672	1436.325928
3626.708984	1465.088257
3624.153320	1485.021606
3621.596680	1507.871704
3619.039063	1485.739014
3616.480469	1511.500000
3613.920898	1504.033203
3611.360352	1509.263184
3608.797852	1603.288940
3606.235352	1580.184937
3603.670898	1606.825684
3601.105469	1673.402588
3598.540039	1651.271118
3595.972656	1694.401855
3593.404297	1683.959717
3590.834961	1704.661255
3588.264648	1686.442017
3585.692383	1710.040771
3583.120117	1806.501221
3580.545898	1747.463867
3577.971680	1814.698486
3575.395508	1847.907471
3572.818359	1821.909912
3570.240234	1875.451172
3567.661133	1878.542480
3565.081055	1901.977783
3562.500000	1937.014893
3559.917969	1945.883423
3557.333984	1961.517822
3554.750000	2019.699219
3552.164063	2079.764893
3549.577148	2059.562012
3546.989258	2079.950684
3544.400391	2124.462891
3541.810547	2120.674316
3539.219727	2136.185303
3536.626953	2197.976318
3534.034180	2241.397705
3531.439453	2283.818359
3528.844727	2242.401611
3526.248047	2248.197510
3523.650391	2303.071289
3521.051758	2384.834717
3518.451172	2423.256104
3515.850586	2421.273682
3513.249023	2499.038574
3510.645508	2498.945557
3508.041016	2487.331787
3505.436523	2604.311523
3502.830078	2552.375977
3500.222656	2641.423584
3497.613281	2647.017090
3495.003906	2690.923828
3492.393555	2748.198486
3489.781250	2739.380127
3487.167969	2765.011475
3484.553711	2850.870117
3481.938477	2811.427002
3479.322266	2887.636719
3476.705078	2919.844727
3474.086914	2988.304688
3471.466797	3012.806641
3468.845703	3082.121338
3466.224609	3075.094971
3463.601563	3120.494873
3460.977539	3146.801514
3458.351563	3171.179932
3455.725586	3224.094238
3453.098633	3278.865479
3450.469727	3250.844238
3447.839844	3362.597412
3445.208984	3389.679199
3442.577148	3396.789307
3439.944336	3478.901611
3437.310547	3485.965820
3434.674805	3521.483398
3432.039063	3630.935059
3429.401367	3608.538818
3426.762695	3657.220459
3424.123047	3765.524902
3421.481445	3740.256836
3418.839844	3806.796143
3416.197266	3923.408203
3413.552734	3948.210938
3410.907227	3946.529785
3408.260742	4061.985596
3405.613281	4032.872070
3402.963867	4143.471191
3400.314453	4195.481445
3397.663086	4254.047363
3395.011719	4191.904785
3392.358398	4286.225098
3389.704102	4343.731934
3387.047852	4358.824219
3384.391602	4440.715332
3381.733398	4442.582031
3379.075195	4551.631348
3376.415039	4751.749023
3373.753906	4608.805664
3371.090820	4794.640137
3368.427734	4855.478027
3365.762695	4880.610352
3363.097656	4896.341797
3360.430664	4972.052734
3357.762695	5022.397949
3355.092773	5069.889160
3352.422852	5150.105469
3349.750977	5292.951172
3347.079102	5271.975586
3344.405273	5357.607910
3341.729492	5362.789063
3339.053711	5495.950684
3336.376953	5544.020508
3333.698242	5686.321289
3331.018555	5609.241211
3328.337891	5748.591309
3325.656250	5772.226074
3322.973633	5771.611816
3320.289063	5816.635254
3317.604492	5962.167480
3314.917969	6092.683105
3312.230469	6138.436035
3309.541016	6133.938477
3306.851563	6274.430176
3304.160156	6329.331055
3301.467773	6346.109375
3298.774414	6460.333984
3296.080078	6552.190430
3293.384766	6719.086426
3290.687500	6681.894531
3287.990234	6796.696777
3285.291016	6764.130859
3282.589844	6911.198242
3279.888672	6938.758789
3277.186523	7104.121094
3274.482422	7215.710938
3271.777344	7303.172363
3269.071289	7359.146973
3266.364258	7474.169922
3263.655273	7486.635742
3260.945313	7723.286621
3258.234375	7743.007813
3255.522461	7745.194824
3252.809570	7834.913574
3250.095703	8100.469727
3247.379883	8067.508789
3244.663086	8169.848145
3241.945313	8214.147461
3239.226563	8401.838867
3236.505859	8631.640625
3233.784180	8647.197266
3231.061523	8637.945313
3228.337891	8808.597656
3225.613281	8926.804688
3222.886719	9125.607422
3220.160156	9139.988281
3217.431641	9289.958984
3214.702148	9336.305664
3211.970703	9386.270508
3209.239258	9581.685547
3206.505859	9669.912109
3203.771484	9699.545898
3201.035156	9854.351563
3198.298828	10090.320313
3195.560547	10142.551758
3192.821289	10278.701172
3190.081055	10398.308594
3187.339844	10514.162109
3184.596680	10670.928711
3181.853516	10821.178711
3179.108398	10894.794922
3176.361328	11090.326172
3173.614258	11000.880859
3170.865234	11208.012695
3168.115234	11343.140625
3165.364258	11481.783203
3162.612305	11578.517578
3159.858398	11699.679688
3157.104492	11758.111328
3154.347656	11941.675781
3151.590820	12040.749023
3148.833008	12224.022461
3146.073242	12417.098633
3143.312500	12552.046875
3140.550781	12725.795898
3137.787109	12596.290039
3135.023438	12855.777344
3132.257813	12958.644531
3129.491211	13287.316406
3126.722656	13330.287109
3123.954102	13422.870117
3121.183594	13620.047852
3118.412109	13778.262695
3115.638672	13989.531250
3112.865234	13943.761719
3110.089844	14102.516602
3107.313477	14130.564453
3104.536133	14342.193359
3101.756836	14485.259766
3098.976563	14387.195313
3096.195313	14674.825195
3093.413086	14701.642578
3090.628906	14999.650391
3087.844727	15112.470703
3085.058594	15185.708008
3082.270508	15507.315430
3079.482422	15688.782227
3076.692383	15792.124023
3073.901367	15986.734375
3071.109375	16080.892578
3068.315430	16313.676758
3065.520508	16524.783203
3062.724609	16559.554688
3059.927734	16813.257813
3057.128906	16863.941406
3054.329102	17000.300781
3051.528320	17165.097656
3048.726563	17305.656250
3045.922852	17488.890625
3043.118164	17621.150391
3040.312500	17871.792969
3037.505859	17798.916016
3034.697266	18097.320313
3031.887695	18450.625000
3029.077148	18562.578125
3026.264648	18687.759766
3023.452148	18771.060547
3020.637695	18975.087891
3017.821289	19243.742188
3015.004883	19410.093750
3012.186523	19508.875000
3009.367188	19706.875000
3006.545898	19928.623047
3003.724609	20068.666016
3000.901367	20199.722656
2998.077148	20318.267578
2995.250977	20603.033203
2992.423828	20725.705078
2989.595703	20781.080078
2986.766602	21265.816406
2983.935547	21303.228516
2981.104492	21653.111328
2978.270508	21723.837891
2975.436523	21866.820313
2972.600586	22178.939453
2969.763672	22184.990234
2966.925781	22520.464844
2964.085938	22745.578125
2961.245117	22947.603516
2958.403320	22927.767578
2955.560547	23326.478516
2952.715820	23506.865234
2949.870117	23731.011719
2947.023438	23998.855469
2944.174805	24179.562500
2941.325195	24287.281250
2938.474609	24373.851563
2935.622070	24681.228516
2932.768555	24833.246094
2929.914063	25062.187500
2927.058594	25161.361328
2924.201172	25437.191406
2921.342773	25692.652344
2918.483398	26071.142578
2915.622070	26123.349609
2912.759766	26218.300781
2909.896484	26563.728516
2907.032227	26877.423828
2904.166016	27030.332031
2901.298828	27261.566406
2898.429688	27605.013672
2895.559570	27697.261719
2892.688477	27940.927734
2889.816406	28079.058594
2886.942383	28282.302734
2884.067383	28470.574219
2881.191406	28670.839844
2878.314453	28979.515625
2875.435547	28976.150391
2872.554688	29273.115234
2869.673828	29670.451172
2866.791016	30174.960938
2863.907227	30064.410156
2861.021484	30173.166016
2858.134766	30558.095703
2855.247070	30784.251953
2852.358398	30818.095703
2849.467773	31022.291016
2846.576172	31277.302734
2843.682617	31497.509766
2840.789063	31685.550781
2837.893555	31987.382813
2834.996094	32192.277344
2832.097656	32368.513672
2829.198242	32464.396484
2826.297852	32531.742188
2823.395508	32811.796875
2820.492188	32798.828125
2817.587891	33235.996094
2814.681641	33215.945313
2811.774414	33070.359375
2808.866211	33450.058594
2805.956055	33824.253906
2803.044922	34063.277344
2800.131836	34017.101563
2797.218750	34303.851563
2794.303711	34490.855469
2791.386719	34525.093750
2788.468750	34750.363281
2785.549805	34596.019531
2782.629883	35102.675781
2779.708008	34919.195313
2776.785156	35116.472656
2773.860352	35447.785156
2770.935547	35419.031250
2768.007813	35506.457031
2765.080078	35501.585938
2762.150391	35389.187500
2759.219727	35827.902344
2756.287109	36141.734375
2753.353516	36097.343750
2750.418945	36089.609375
2747.482422	36092.937500
2744.544922	36341.359375
2741.606445	36496.824219
2738.666016	36573.906250
2735.724609	36395.937500
2732.782227	36478.921875
2729.837891	36478.601563
2726.892578	36730.355469
2723.945313	36827.464844
2720.997070	36561.531250
2718.047852	36928.148438
2715.097656	36825.058594
2712.145508	36895.652344
2709.191406	36852.742188
2706.237305	36888.546875
2703.281250	36805.062500
2700.323242	36843.371094
2697.364258	37035.410156
2694.404297	37143.652344
2691.443359	36908.207031
2688.480469	36926.945313
2685.515625	36904.328125
2682.550781	36883.406250
2679.583984	37154.046875
2676.615234	37052.148438
2673.646484	36823.207031
2670.674805	37045.507813
2667.703125	36795.722656
2664.729492	36649.566406
2661.754883	36545.546875
2658.778320	36399.613281
2655.800781	36428.437500
2652.821289	36167.695313
2649.840820	36128.628906
2646.859375	36206.968750
2643.876953	35710.308594
2640.892578	36075.238281
2637.906250	36232.167969
2634.918945	35969.644531
2631.930664	35784.308594
2628.941406	35602.476563
2625.950195	35358.949219
2622.957031	35433.921875
2619.963867	35431.996094
2616.967773	35301.519531
2613.971680	35143.625000
2610.973633	35185.992188
2607.974609	34837.394531
2604.973633	34564.085938
2601.971680	34425.921875
2598.967773	34484.308594
2595.962891	34164.078125
2592.957031	33933.941406
2589.949219	33910.148438
2586.940430	33335.515625
2583.929688	33663.285156
2580.917969	33319.203125
2577.905273	33111.492188
2574.890625	32921.378906
2571.875000	32739.720703
2568.857422	32753.759766
2565.838867	32362.787109
2562.819336	32354.615234
2559.797852	31997.257813
2556.775391	31718.789063
2553.750977	31405.015625
2550.725586	31195.634766
2547.698242	30612.289063
2544.669922	30761.732422
2541.640625	30204.679688
2538.609375	30151.253906
2535.577148	30073.958984
2532.542969	29741.271484
2529.507813	29660.921875
2526.471680	29143.470703
2523.433594	29037.937500
2520.393555	28972.796875
2517.353516	28744.919922
2514.310547	28554.222656
2511.267578	28106.593750
2508.222656	28096.148438
2505.175781	27910.085938
2502.127930	27534.705078
2499.079102	26954.687500
2496.028320	26842.316406
2492.976563	26594.062500
2489.922852	26275.615234
2486.868164	26030.287109
2483.812500	25782.724609
2480.754883	25566.449219
2477.695313	25297.244141
2474.634766	25083.007813
2471.573242	24753.835938
2468.509766	24600.425781
2465.445313	24174.687500
2462.378906	24255.679688
2459.311523	24142.621094
2456.242188	23593.021484
2453.171875	23416.031250
2450.100586	23281.517578
2447.027344	22675.294922
2443.953125	22738.820313
2440.876953	22256.115234
2437.799805	22105.294922
2434.720703	21962.726563
2431.640625	21742.367188
2428.558594	21514.091797
2425.475586	21187.906250
2422.390625	21008.714844
2419.304688	20589.076172
2416.217773	20572.259766
2413.128906	20457.519531
2410.038086	20062.158203
2406.946289	19707.587891
2403.853516	19525.494141
2400.758789	19327.406250
2397.663086	19048.744141
2394.565430	18813.919922
2391.466797	18479.271484
2388.366211	18383.611328
2385.264648	18013.994141
2382.161133	17871.900391
2379.056641	17774.222656
2375.950195	17600.968750
2372.842773	17361.902344
2369.734375	17302.371094
2366.624023	17007.390625
2363.511719	16728.746094
2360.398438	16484.884766
2357.284180	16448.322266
2354.167969	16214.433594
2351.049805	15988.775391
2347.930664	15888.357422
2344.810547	15618.186523
2341.688477	15602.104492
2338.564453	15295.489258
2335.439453	15175.558594
2332.313477	14921.394531
2329.185547	14825.718750
2326.056641	14671.007813
2322.925781	14610.663086
2319.792969	14325.289063
2316.660156	13912.531250
2313.524414	13921.984375
2310.387695	13634.925781
2307.250000	13575.179688
2304.110352	13260.670898
2300.969727	13089.717773
2297.827148	12949.150391
2294.682617	12710.108398
2291.537109	12674.754883
2288.390625	12568.726563
2285.242188	12289.686523
2282.092773	12243.455078
2278.941406	12065.571289
2275.788086	11966.352539
2272.633789	11776.076172
2269.478516	11736.492188
2266.321289	11574.207031
2263.162109	11257.735352
2260.001953	11129.835938
2256.840820	11011.541992
2253.676758	10822.222656
2250.512695	10733.405273
2247.346680	10518.330078
2244.178711	10548.115234
2241.009766	10230.769531
2237.838867	10211.768555
2234.666992	9958.708984
2231.493164	9748.422852
2228.318359	9761.947266
2225.141602	9559.028320
2221.963867	9455.412109
2218.784180	9337.738281
2215.602539	9228.816406
2212.419922	8973.099609
2209.236328	8896.637695
2206.050781	8843.002930
2202.863281	8725.092773
2199.674805	8559.463867
2196.485352	8516.242188
2193.292969	8343.029297
2190.100586	8278.022461
2186.905273	8167.684570
2183.709961	8140.361328
2180.511719	7962.167480
2177.312500	7816.179199
2174.112305	7696.882813
2170.910156	7605.802734
2167.706055	7500.759766
2164.500977	7417.652832
2161.294922	7315.131836
2158.085938	7099.713867
2154.876953	7099.467773
2151.665039	6909.263184
2148.452148	6951.900391
2145.238281	6855.273438
2142.022461	6765.731934
2138.804688	6604.785645
2135.585938	6527.093262
2132.365234	6445.590332
2129.143555	6371.145996
2125.919922	6339.425293
2122.695313	6208.508301
2119.468750	6062.216797
2116.240234	6031.456055
2113.010742	5893.124023
2109.780273	5826.876953
2106.546875	5742.130859
2103.312500	5668.284668
2100.077148	5660.951660
2096.839844	5580.259766
2093.600586	5414.735840
2090.360352	5354.293457
2087.119141	5275.399414
2083.875000	5207.369141
2080.629883	5161.743652
2077.383789	5036.845215
2074.135742	5023.666992
2070.885742	4958.956055
2067.634766	4853.551270
2064.381836	4758.236328
2061.127930	4693.739258
2057.871094	4727.585449
2054.614258	4578.738770
2051.355469	4542.797363
2048.094727	4384.210449
2044.832031	4405.104492
2041.568359	4287.330078
2038.303711	4302.122070
2035.037109	4250.319336
2031.768555	4173.323242
2028.498047	4098.692871
2025.226563	4034.066406
2021.954102	3919.089111
2018.678711	3898.887451
2015.403320	3842.838867
2012.125000	3780.741211
2008.845703	3693.544434
2005.564453	3681.103271
2002.282227	3573.471680
1998.998047	3612.100830
1995.712891	3481.015869
1992.424805	3474.018799
1989.136719	3396.333496
1985.845703	3368.867432
1982.553711	3295.861328
1979.260742	3269.226318
1975.964844	3162.953857
1972.667969	3106.073242
1969.370117	3104.576660
1966.070313	3086.413574
1962.768555	2989.515381
1959.465820	2932.823242
1956.161133	2862.567627
1952.854492	2895.211914
1949.546875	2869.629883
1946.237305	2739.071289
1942.925781	2743.033447
1939.613281	2719.822754
1936.298828	2635.534912
1932.982422	2643.307861
1929.665039	2562.150635
1926.346680	2566.936768
1923.025391	2496.432617
1919.703125	2486.194336
1916.378906	2471.452148
1913.053711	2434.170898
1909.726563	2340.570557
1906.397461	2308.644043
1903.067383	2314.280518
1899.735352	2232.126221
1896.401367	2207.795166
1893.066406	2191.732178
1889.729492	2154.706299
1886.390625	2089.259521
1883.050781	2083.005127
1879.708984	2090.969971
1876.365234	2059.295654
1873.020508	2028.398804
1869.673828	1993.049072
1866.326172	1959.226074
1862.975586	1897.076294
1859.624023	1889.438965
1856.271484	1885.536255
1852.916016	1811.587524
1849.559570	1777.931396
1846.202148	1779.297729
1842.841797	1741.968140
1839.480469	1721.036865
1836.118164	1646.601440
1832.752930	1682.205444
1829.386719	1647.963989
1826.018555	1610.043823
1822.649414	1589.966431
1819.278320	1520.964355
1815.905273	1522.443970
1812.531250	1505.400269
1809.154297	1488.372803
1805.777344	1457.298950
1802.397461	1432.912842
1799.016602	1404.853027
1795.633789	1391.600830
1792.249023	1352.507446
1788.863281	1350.367432
1785.475586	1302.476196
1782.085938	1290.773071
1778.694336	1272.445923
1775.301758	1264.452271
1771.907227	1248.364502
1768.510742	1190.332275
1765.113281	1242.722656
1761.713867	1234.021851
1758.312500	1151.823975
1754.910156	1107.910400
1751.505859	1116.176758
1748.099609	1114.158936
1744.691406	1086.466675
1741.282227	1081.531616
1737.871094	1042.888550
1734.458008	1016.735901
1731.042969	1048.449097
1727.626953	1023.050476
1724.208984	982.316345
1720.790039	988.410767
1717.368164	951.386719
1713.945313	920.971985
1710.520508	953.366028
1707.093750	928.816650
1703.666016	909.396057
1700.236328	879.789612
1696.804688	869.882813
1693.371094	878.190002
1689.936523	839.180115
1686.500000	838.036621
1683.061523	812.172424
1679.622070	800.868347
1676.179688	784.490479
1672.736328	774.662659
1669.291016	754.685120
1665.844727	757.936584
1662.396484	752.485291
1658.945313	727.475464
1655.494141	717.698792
1652.040039	690.558960
1648.584961	702.514587
1645.126953	677.578125
1641.668945	659.171204
1638.208008	664.622009
1634.745117	652.737793
1631.281250	611.275635
1627.815430	628.282654
1624.347656	618.596375
1620.878906	583.697998
1617.408203	582.686218
1613.935547	590.313904
1610.460938	577.067200
1606.984375	565.990967
1603.506836	533.361145
1600.027344	523.754272
1596.545898	534.981628
1593.062500	511.028381
1589.577148	513.641846
1586.090820	477.533539
1582.602539	472.277496
1579.112305	464.161316
1575.620117	480.395020
1572.126953	460.833221
1568.630859	457.025696
1565.133789	471.093292
1561.634766	440.847473
1558.133789	433.484406
1554.631836	431.838837
1551.127930	395.236908
1547.621094	396.464111
1544.114258	408.380463
1540.604492	401.763641
1537.092773	389.457367
1533.580078	372.893555
1530.065430	396.888672
1526.548828	364.697449
1523.030273	366.645020
1519.509766	343.733704
1515.988281	351.368225
1512.463867	337.001160
1508.938477	320.521088
1505.411133	318.941467
1501.882813	337.906921
1498.351563	312.954437
1494.818359	324.118896
1491.284180	304.856934
1487.748047	291.270111
1484.209961	284.056366
1480.669922	278.262299
1477.128906	288.003601
1473.584961	285.740814
1470.040039	272.197418
1466.493164	265.010986
1462.944336	246.560394
1459.393555	251.363739
1455.840820	249.124680
1452.287109	253.218216
1448.730469	241.137894
1445.172852	237.501755
1441.613281	237.380768
1438.051758	241.471497
1434.488281	230.122879
1430.922852	223.694382
1427.356445	210.964417
1423.787109	222.765579
1420.216797	209.348709
1416.644531	198.744675
1413.070313	218.227631
1409.494141	205.532425
1405.916016	192.151367
1402.336914	205.322159
1398.754883	197.538849
1395.171875	196.740021
1391.585938	181.298553
1387.999023	175.630066
1384.410156	165.787781
1380.819336	172.665024
1377.226563	176.751633
1373.632813	155.099899
1370.036133	140.421906
1366.438477	159.804169
1362.837891	161.110886
1359.236328	147.146301
1355.632813	158.170242
1352.027344	149.768356
1348.419922	143.454086
1344.810547	142.687515
1341.199219	131.537155
1337.585938	135.620987
1333.970703	121.719284
1330.354492	133.407364
1326.735352	130.574997
1323.115234	122.221352
1319.493164	121.468025
1315.869141	123.474632
1312.242188	118.584648
1308.614258	124.035995
1304.984375	115.707001
1301.353516	109.451691
1297.719727	105.266869
1294.083984	107.275291
1290.446289	97.597382
1286.807617	114.033516
1283.166016	102.302261
1279.523438	104.307838
1275.877930	97.394859
1272.231445	93.916626
1268.582031	85.645798
1264.931641	91.079720
1261.279297	88.294502
1257.625000	83.459854
1253.968750	77.946449
1250.310547	85.423065
1246.650391	77.182190
1242.988281	74.411240
1239.324219	79.830933
1235.658203	79.107300
1231.990234	75.657967
1228.320313	75.618431
1224.648438	76.940681
1220.975586	76.219902
1217.299805	66.657524
1213.622070	67.982269
1209.943359	72.023468
1206.261719	66.552849
1202.578125	63.802940
1198.893555	55.628693
1195.206055	64.414063
1191.517578	61.669502
1187.826172	55.541138
1184.133789	48.742207
1180.438477	66.308685
1176.742188	59.511181
1173.042969	62.859406
1169.342773	54.044144
1165.639648	54.690880
1161.935547	53.987225
1158.228516	53.958767
1154.520508	55.278572
1150.809570	49.859219
1147.097656	41.078472
1143.382813	48.460461
1139.666992	46.416740
1135.948242	49.753960
1132.227539	51.071636
1128.505859	47.014778
1124.781250	46.989891
1121.055664	49.648720
1117.327148	38.893246
1113.596680	38.202408
1109.865234	40.861599
1106.130859	33.475342
1102.394531	38.810783
1098.657227	38.121376
1094.916992	39.438000
1091.174805	37.412781
1087.430664	33.386501
1083.684570	32.701363
1079.936523	32.683952
1076.186523	37.333191
1072.434570	37.313297
1068.680664	33.963638
1064.924805	33.279922
1061.166992	42.575569
1057.406250	29.255075
1053.644531	30.568514
1049.880859	29.223822
1046.114258	34.518776
1042.346680	31.846441
1038.576172	35.808071
1034.803711	31.812351
1031.030273	28.483297
1027.253906	26.481890
1023.475586	27.791073
1019.695313	29.098835
1015.913086	29.083216
1012.128906	29.728224
1008.342773	29.051977
1004.553711	28.376442
