4046.277344	257.849548
4043.892578	274.620239
4041.505859	271.368744
4039.119141	267.072357
4036.731445	276.389374
4034.342773	276.280304
4031.952148	277.217316
4029.561523	261.422485
4027.169922	287.451141
4024.777344	270.619690
4022.383789	288.268372
4019.989258	307.991058
4017.593750	288.040344
4015.197266	288.969513
4012.799805	306.582672
4010.401367	290.825439
4008.001953	311.549652
4005.601563	302.052124
4003.201172	334.207855
4000.798828	321.586487
3998.395508	341.224945
3995.991211	332.770203
3993.585938	338.875000
3991.180664	343.935791
3988.773438	330.296417
3986.365234	323.935547
3983.957031	315.503967
3981.546875	317.453308
3979.135742	341.178314
3976.724609	340.005890
3974.311523	345.051392
3971.898438	365.629456
3969.483398	363.412994
3967.068359	354.988464
3964.651367	373.468567
3962.234375	394.002075
3959.815430	385.575104
3957.396484	378.188019
3954.975586	385.267181
3952.554688	388.210663
3950.131836	385.991333
3947.708984	387.900299
3945.284180	387.745117
3942.859375	423.668823
3940.432617	404.951813
3938.005859	424.359619
3935.577148	427.278381
3933.148438	425.048828
3930.718750	418.705872
3928.287109	448.360077
3925.855469	433.789124
3923.421875	446.972839
3920.988281	457.064545
3918.552734	455.854309
3916.117188	464.907776
3913.680664	458.565704
3911.242188	471.712372
3908.803711	490.998627
3906.363281	482.604034
3903.922852	480.361389
3901.480469	502.691895
3899.038086	501.466064
3896.593750	500.241089
3894.149414	519.468445
3891.703125	496.771484
3889.256836	528.245483
3886.808594	533.139099
3884.360352	552.321594
3881.910156	546.996094
3879.459961	526.373169
3877.007813	550.633179
3874.555664	545.314270
3872.101563	553.244812
3869.646484	537.744324
3867.191406	549.743347
3864.734375	571.908875
3862.277344	603.211243
3859.818359	598.899780
3857.358398	581.378540
3854.897461	582.158997
3852.436523	599.187805
3849.973633	626.354248
3847.509766	612.908508
3845.044922	620.774597
3842.579102	632.689819
3840.113281	615.203308
3837.645508	666.621765
3835.176758	631.919495
3832.707031	650.896057
3830.236328	671.880737
3827.764648	669.584717
3825.291992	664.257141
3822.818359	686.220886
3820.343750	709.176758
3817.868164	707.878235
3815.390625	757.050659
3812.913086	734.544495
3810.434570	714.073608
3807.955078	767.215454
3805.473633	751.786316
3802.992188	765.582520
3800.509766	749.159180
3798.025391	768.983948
3795.541016	770.682251
3793.054688	870.937683
3790.568359	815.290894
3788.080078	855.152954
3785.591797	814.624634
3783.101563	870.518799
3780.610352	873.173706
3778.119141	865.793823
3775.625977	855.411194
3773.131836	880.121399
3770.636719	876.754944
3768.140625	933.486755
3765.643555	922.091187
3763.145508	935.724060
3760.646484	984.358215
3758.146484	958.955627
3755.645508	984.550354
3753.143555	1007.126343
3750.639648	1006.712891
3748.135742	1008.296143
3745.630859	1051.789673
3743.124023	1025.422607
3740.617188	1068.872803
3738.108398	1035.543213
3735.599609	1083.934204
3733.088867	1081.496582
3730.577148	1097.973999
3728.064453	1107.472412
3725.551758	1117.957153
3723.037109	1127.438843
3720.521484	1186.602661
3718.004883	1136.443848
3715.487305	1169.736816
3712.967773	1159.328613
3710.448242	1213.419556
3707.927734	1233.745850
3705.406250	1191.599976
3702.882813	1220.836182
3700.359375	1232.218262
3697.833984	1250.521484
3695.308594	1269.798950
3692.781250	1252.455933
3690.252930	1285.560425
3687.723633	1308.752319
3685.193359	1307.222778
3682.662109	1367.917114
3680.129883	1357.478271
3677.596680	1347.047607
3675.062500	1367.204956
3672.527344	1336.071533
3669.990234	1350.302124
3667.453125	1397.032593
3664.915039	1402.362061
3662.375000	1434.265381
3659.833984	1478.933716
3657.292969	1462.582642
3654.750000	1455.093262
3652.206055	1484.954590
3649.661133	1517.737793
3647.115234	1526.926636
3644.568359	1554.756592
3642.019531	1607.091187
3639.470703	1607.403564
3636.920898	1598.892456
3634.369141	1609.006104
3631.817383	1660.249756
3629.263672	1638.997681
3626.708984	1667.675537
3624.153320	1685.568115
3621.596680	1710.290283
3619.039063	1727.171631
3616.480469	1717.658081
3613.920898	1739.404541
3611.360352	1759.179932
3608.797852	1853.101440
3606.235352	1819.163574
3603.670898	1871.054810
3601.105469	1869.298828
3598.540039	1925.995850
3595.972656	1947.588257
3593.404297	1960.401733
3590.834961	1997.528320
3588.264648	1989.884888
3585.692383	1988.080322
3583.120117	2095.113770
3580.545898	2108.807129
3577.971680	2082.679688
3575.395508	2171.097168
3572.818359	2156.605713
3570.240234	2264.311523
3567.661133	2226.528320
3565.081055	2226.563965
3562.500000	2271.149902
3559.917969	2311.825684
3557.333984	2310.855713
3554.750000	2349.544678
3552.164063	2390.134277
3549.577148	2370.767578
3546.989258	2409.380615
3544.400391	2500.106689
3541.810547	2461.410889
3539.219727	2558.791260
3536.626953	2513.350586
3534.034180	2586.524902
3531.439453	2590.254883
3528.844727	2650.811523
3526.248047	2723.833252
3523.650391	2687.076904
3521.051758	2772.526611
3518.451172	2724.239746
3515.850586	2798.065674
3513.249023	2836.279297
3510.645508	2921.518799
3508.041016	2866.527588
3505.436523	2894.105713
3502.830078	2990.720947
3500.222656	2987.541260
3497.613281	2993.947021
3495.003906	3066.446045
3492.393555	3096.750244
3489.781250	3133.728271
3487.167969	3199.376465
3484.553711	3286.008057
3481.938477	3276.971191
3479.322266	3324.317627
3476.705078	3294.257324
3474.086914	3363.513428
3471.466797	3470.882813
3468.845703	3427.440918
3466.224609	3540.411621
3463.601563	3594.192627
3460.977539	3507.878418
3458.351563	3659.713135
3455.725586	3708.612549
3453.098633	3717.506592
3450.469727	3782.506592
3447.839844	3850.302490
3445.208984	3816.358643
3442.577148	3923.975586
3439.944336	3984.975342
3437.310547	3967.148926
3434.674805	4014.794678
3432.039063	4097.485352
3429.401367	4196.217773
3426.762695	4270.231445
3424.123047	4249.474121
3421.481445	4300.680176
3418.839844	4343.324707
3416.197266	4466.329102
3413.552734	4470.100586
3410.907227	4565.537598
3408.260742	4675.062012
3405.613281	4790.157227
3402.963867	4762.632324
3400.314453	4839.851563
3397.663086	4938.693359
3395.011719	4974.292969
3392.358398	5034.358887
3389.704102	5051.047852
3387.047852	5069.604004
3384.391602	5275.407715
3381.733398	5252.461914
3379.075195	5303.811523
3376.415039	5344.777832
3373.753906	5528.500000
3371.090820	5514.869141
3368.427734	5620.453125
3365.762695	5766.288574
3363.097656	5694.423828
3360.430664	5799.791016
3357.762695	5923.806152
3355.092773	5955.925293
3352.422852	6071.338379
3349.750977	6152.961914
3347.079102	6258.833984
3344.405273	6302.903320
3341.729492	6367.494141
3339.053711	6443.238770
3336.376953	6616.966309
3333.698242	6677.600098
3331.018555	6702.726074
3328.337891	6858.393555
3325.656250	6901.128418
3322.973633	6971.779297
3320.289063	7074.034668
3317.604492	7107.306152
3314.917969	7152.644531
3312.230469	7310.497070
3309.541016	7326.880859
3306.851563	7481.730469
3304.160156	7481.300781
3301.467773	7598.802246
3298.774414	7635.446289
3296.080078	7729.580566
3293.384766	7861.655762
3290.687500	7899.060059
3287.990234	8005.925293
3285.291016	8147.892578
3282.589844	8193.450195
3279.888672	8301.894531
3277.186523	8221.540039
3274.482422	8428.808594
3271.777344	8505.580078
3269.071289	8605.379883
3266.364258	8685.698242
3263.655273	8839.787109
3260.945313	8926.388672
3258.234375	9049.801758
3255.522461	9173.105469
3252.809570	9332.236328
3250.095703	9364.124023
3247.379883	9437.411133
3244.663086	9634.862305
3241.945313	9718.081055
3239.226563	9815.017578
3236.505859	9900.837891
3233.784180	10057.316406
3231.061523	10116.323242
3228.337891	10249.621094
3225.613281	10344.267578
3222.886719	10495.687500
3220.160156	10683.638672
3217.431641	10744.980469
3214.702148	10939.065430
3211.970703	11009.391602
3209.239258	11102.530273
3206.505859	11164.486328
3203.771484	11493.353516
3201.035156	11602.601563
3198.298828	11820.455078
3195.560547	11828.106445
3192.821289	12069.396484
3190.081055	12058.680664
3187.339844	12213.024414
3184.596680	12384.548828
3181.853516	12509.454102
3179.108398	12847.352539
3176.361328	12981.954102
3173.614258	12999.055664
3170.865234	13317.189453
3168.115234	13371.396484
3165.364258	13460.084961
3162.612305	13631.349609
3159.858398	13687.154297
3157.104492	13997.924805
3154.347656	14083.448242
3151.590820	14279.517578
3148.833008	14369.367188
3146.073242	14539.765625
3143.312500	14635.753906
3140.550781	14810.404297
3137.787109	14893.516602
3135.023438	15113.112305
3132.257813	15329.800781
3129.491211	15508.344727
3126.722656	15586.473633
3123.954102	15775.574219
3121.183594	15832.752930
3118.412109	16145.147461
3115.638672	16355.380859
3112.865234	16411.316406
3110.089844	16397.833984
3107.313477	16686.906250
3104.536133	16876.716797
3101.756836	16822.548828
3098.976563	17095.753906
3096.195313	17157.482422
3093.413086	17309.896484
3090.628906	17564.552734
3087.844727	17891.693359
3085.058594	18002.294922
3082.270508	18345.091797
3079.482422	18353.185547
3076.692383	18449.982422
3073.901367	18689.107422
3071.109375	18893.101563
3068.315430	19098.699219
3065.520508	19131.464844
3062.724609	19312.625000
3059.927734	19613.382813
3057.128906	19725.371094
3054.329102	19902.443359
3051.528320	20047.220703
3048.726563	20309.632813
3045.922852	20438.041016
3043.118164	20565.437500
3040.312500	20871.808594
3037.505859	20761.095703
3034.697266	20972.736328
3031.887695	21424.437500
3029.077148	21739.650391
3026.264648	21811.871094
3023.452148	22068.861328
3020.637695	22009.396484
3017.821289	22426.763672
3015.004883	22498.527344
3012.186523	22790.220703
3009.367188	23158.791016
3006.545898	23176.939453
3003.724609	23416.542969
3000.901367	23856.943359
2998.077148	23938.468750
2995.250977	24182.707031
2992.423828	24212.708984
2989.595703	24507.867188
2986.766602	24838.099609
2983.935547	24838.605469
2981.104492	25436.753906
2978.270508	25279.031250
2975.436523	25669.169922
2972.600586	25784.769531
2969.763672	25849.150391
2966.925781	26157.457031
2964.085938	26515.669922
2961.245117	26627.142578
2958.403320	26775.451172
2955.560547	27175.976563
2952.715820	27232.492188
2949.870117	27516.482422
2947.023438	27975.833984
2944.174805	27851.962891
2941.325195	28271.261719
2938.474609	28335.017578
2935.622070	28516.167969
2932.768555	28548.199219
2929.914063	28965.539063
2927.058594	28995.574219
2924.201172	29246.951172
2921.342773	29554.070313
2918.483398	29869.652344
2915.622070	30193.681641
2912.759766	30389.890625
2909.896484	30475.910156
2907.032227	30649.111328
2904.166016	30942.525391
2901.298828	31083.085938
2898.429688	31245.300781
2895.559570	31628.626953
2892.688477	31550.113281
2889.816406	31914.666016
2886.942383	32150.130859
2884.067383	32302.767578
2881.191406	32526.531250
2878.314453	32547.656250
2875.435547	32871.828125
2872.554688	33127.992188
2869.673828	33332.730469
2866.791016	33601.449219
2863.907227	33692.214844
2861.021484	33969.179688
2858.134766	34290.925781
2855.247070	34447.023438
2852.358398	34442.023438
2849.467773	35079.656250
2846.576172	34900.585938
2843.682617	35277.316406
2840.789063	35401.476563
2837.893555	35610.125000
2834.996094	35695.171875
2832.097656	36000.957031
2829.198242	36235.757813
2826.297852	36092.851563
2823.395508	36528.957031
2820.492188	36417.023438
2817.587891	37158.972656
2814.681641	36908.328125
2811.774414	36912.429688
2808.866211	37045.441406
2805.956055	37512.531250
2803.044922	37758.492188
2800.131836	37862.585938
2797.218750	38083.265625
2794.303711	38038.734375
2791.386719	38073.953125
2788.468750	38319.910156
2785.549805	38371.218750
2782.629883	38682.714844
2779.708008	38787.699219
2776.785156	39119.226563
2773.860352	39202.527344
2770.935547	39260.957031
2768.007813	39429.503906
2765.080078	39538.128906
2762.150391	39372.710938
2759.219727	39751.632813
2756.287109	39948.597656
2753.353516	40061.003906
2750.418945	40129.000000
2747.482422	40049.625000
2744.544922	40144.773438
2741.606445	40238.976563
2738.666016	40400.253906
2735.724609	40577.519531
2732.782227	40381.671875
2729.837891	40697.175781
2726.892578	40531.980469
2723.945313	40851.347656
2720.997070	40603.101563
2718.047852	40602.570313
2715.097656	40768.933594
2712.145508	40709.027344
2709.191406	40802.371094
2706.237305	40836.390625
2703.281250	40867.828125
2700.323242	40722.554688
2697.364258	40910.304688
2694.404297	40874.066406
2691.443359	40721.351563
2688.480469	40396.625000
2685.515625	40580.761719
2682.550781	40570.820313
2679.583984	40663.675781
2676.615234	40517.234375
2673.646484	40524.132813
2670.674805	40406.472656
2667.703125	40182.082031
2664.729492	40195.808594
2661.754883	39710.343750
2658.778320	40049.320313
2655.800781	39612.191406
2652.821289	39537.144531
2649.840820	39483.128906
2646.859375	39248.042969
2643.876953	39153.953125
2640.892578	39198.156250
2637.906250	39212.164063
2634.918945	39232.839844
2631.930664	38831.863281
2628.941406	38626.906250
2625.950195	38382.839844
2622.957031	38557.519531
2619.963867	38393.847656
2616.967773	38323.789063
2613.971680	38100.277344
2610.973633	38150.472656
2607.974609	37474.621094
2604.973633	37432.554688
2601.971680	37286.417969
2598.967773	36859.898438
2595.962891	36854.738281
2592.957031	36636.683594
2589.949219	36491.960938
2586.940430	36038.281250
2583.929688	36108.203125
2580.917969	35816.957031
2577.905273	35716.804688
2574.890625	35797.523438
2571.875000	35389.902344
2568.857422	35173.214844
2565.838867	34810.121094
2562.819336	34728.808594
2559.797852	34247.906250
2556.775391	34040.359375
2553.750977	33858.621094
2550.725586	33624.156250
2547.698242	33568.296875
2544.669922	32884.226563
2541.640625	32690.931641
2538.609375	32350.986328
2535.577148	32235.583984
2532.542969	32246.355469
2529.507813	31837.861328
2526.471680	31593.566406
2523.433594	31250.736328
2520.393555	30983.060547
2517.353516	30798.656250
2514.310547	30733.570313
2511.267578	30259.476563
2508.222656	30092.048828
2505.175781	29716.322266
2502.127930	29482.837891
2499.079102	29042.945313
2496.028320	29163.175781
2492.976563	28474.798828
2489.922852	28233.267578
2486.868164	28083.609375
2483.812500	27899.722656
2480.754883	27476.431641
2477.695313	27332.203125
2474.634766	26858.898438
2471.573242	26885.718750
2468.509766	26480.775391
2465.445313	26158.585938
2462.378906	25931.269531
2459.311523	25611.244141
2456.242188	25287.431641
2453.171875	25130.015625
2450.100586	24777.408203
2447.027344	24582.123047
2443.953125	24214.626953
2440.876953	23738.556641
2437.799805	23765.771484
2434.720703	23688.207031
2431.640625	23277.945313
2428.558594	23029.490234
2425.475586	22699.359375
2422.390625	22611.052734
2419.304688	22311.380859
2416.217773	22044.367188
2413.128906	21700.705078
2410.038086	21592.769531
2406.946289	21242.341797
2403.853516	20981.136719
2400.758789	20813.072266
2397.663086	20381.107422
2394.565430	20224.761719
2391.466797	19838.634766
2388.366211	19702.832031
2385.264648	19625.986328
2382.161133	19246.291016
2379.056641	19063.421875
2375.950195	19008.691406
2372.842773	18548.539063
2369.734375	18294.662109
2366.624023	18127.017578
2363.511719	18008.527344
2360.398438	17772.904297
2357.284180	17504.585938
2354.167969	17329.572266
2351.049805	17052.876953
2347.930664	16943.146484
2344.810547	16829.507813
2341.688477	16543.802734
2338.564453	16301.582031
2335.439453	16213.183594
2332.313477	15733.834961
2329.185547	15854.382813
2326.056641	15469.109375
2322.925781	15481.057617
2319.792969	15151.379883
2316.660156	15028.628906
2313.524414	14795.148438
2310.387695	14487.755859
2307.250000	14430.001953
2304.110352	14262.408203
2300.969727	13969.210938
2297.827148	13919.720703
2294.682617	13611.838867
2291.537109	13535.529297
2288.390625	13431.480469
2285.242188	13185.387695
2282.092773	13056.193359
2278.941406	12797.010742
2275.788086	12694.277344
2272.633789	12530.607422
2269.478516	12337.774414
2266.321289	12195.794922
2263.162109	11958.969727
2260.001953	11719.989258
2256.840820	11845.749023
2253.676758	11528.002930
2250.512695	11421.473633
2247.346680	11247.135742
2244.178711	11093.476563
2241.009766	11002.278320
2237.838867	10763.712891
2234.666992	10667.231445
2231.493164	10477.093750
2228.318359	10482.401367
2225.141602	10193.358398
2221.963867	10017.073242
2218.784180	9982.479492
2215.602539	9804.094727
2212.419922	9647.869141
2209.236328	9504.350586
2206.050781	9426.885742
2202.863281	9279.676758
2199.674805	9123.979492
2196.485352	8986.450195
2193.292969	9034.691406
2190.100586	8894.978516
2186.905273	8659.920898
2183.709961	8482.182617
2180.511719	8493.812500
2177.312500	8367.109375
2174.112305	8295.980469
2170.910156	8148.405273
2167.706055	7997.064941
2164.500977	7866.144043
2161.294922	7821.881836
2158.085938	7654.537598
2154.876953	7622.873535
2151.665039	7444.877441
2148.452148	7336.301270
2145.238281	7307.158203
2142.022461	7156.765137
2138.804688	7058.573242
2135.585938	6968.238770
2132.365234	6926.117676
2129.143555	6849.117676
2125.919922	6778.392090
2122.695313	6651.917969
2119.468750	6498.442383
2116.240234	6342.012207
2113.010742	6248.429688
2109.780273	6182.014160
2106.546875	6145.819824
2103.312500	6111.203613
2100.077148	5965.361816
2096.839844	5949.394043
2093.600586	5813.025879
2090.360352	5753.937012
2087.119141	5645.548828
2083.875000	5660.585938
2080.629883	5512.279785
2077.383789	5404.155273
2074.135742	5294.592773
2070.885742	5289.758301
2067.634766	5189.578125
2064.381836	5100.251465
2061.127930	5025.604492
2057.871094	4930.294922
2054.614258	4916.426270
2051.355469	4933.253906
2048.094727	4709.307617
2044.832031	4681.764648
2041.568359	4605.987793
2038.303711	4585.408203
2035.037109	4447.759766
2031.768555	4440.274902
2028.498047	4434.325195
2025.226563	4246.506348
2021.954102	4276.550293
2018.678711	4149.295410
2015.403320	4073.287109
2012.125000	4087.349609
2008.845703	3945.879395
2005.564453	3978.273682
2002.282227	3834.703857
1998.998047	3767.394531
1995.712891	3746.562012
1992.424805	3645.134033
1989.136719	3638.820313
1985.845703	3565.650391
1982.553711	3543.430664
1979.260742	3461.265869
1975.964844	3441.390869
1972.667969	3354.043213
1969.370117	3286.485352
1966.070313	3222.779297
1962.768555	3237.884521
1959.465820	3187.127441
1956.161133	3077.411377
1952.854492	3079.707031
1949.546875	3012.468994
1946.237305	2974.755371
1942.925781	2940.852051
1939.613281	2888.868408
1936.298828	2848.248291
1932.982422	2782.786377
1929.665039	2763.354736
1926.346680	2722.850830
1923.025391	2706.476318
1919.703125	2697.641113
1916.378906	2659.481201
1913.053711	2595.797363
1909.726563	2514.892334
1906.397461	2468.612061
1903.067383	2468.916260
1899.735352	2471.469971
1896.401367	2408.026611
1893.066406	2361.134277
1889.729492	2327.771973
1886.390625	2314.659912
1883.050781	2256.651123
1879.708984	2204.682861
1876.365234	2208.845215
1873.020508	2161.433105
1869.673828	2085.679443
1866.326172	2086.157715
1862.975586	2053.797852
1859.624023	1960.302246
1856.271484	1993.643311
1852.916016	1995.652466
1849.559570	1923.175049
1846.202148	1857.467773
1842.841797	1869.211548
1839.480469	1798.386841
1836.118164	1824.270874
1832.752930	1810.748535
1829.386719	1745.252563
1826.018555	1741.430542
1822.649414	1681.966309
1819.278320	1682.627075
1815.905273	1628.436890
1812.531250	1576.521606
1809.154297	1630.545654
1805.777344	1549.814087
1802.397461	1557.192261
1799.016602	1522.416992
1795.633789	1472.894531
1792.249023	1427.113281
1788.863281	1480.309814
1785.475586	1402.837036
1782.085938	1391.822144
1778.694336	1383.766479
1775.301758	1324.137939
1771.907227	1316.122314
1768.510742	1315.475342
1765.113281	1300.113037
1761.713867	1261.232056
1758.312500	1251.790894
1754.910156	1217.379028
1751.505859	1214.576538
1748.099609	1195.629150
1744.691406	1157.626099
1741.282227	1182.718994
1737.871094	1132.299927
1734.458008	1147.124268
1731.042969	1105.557373
1727.626953	1091.839233
1724.208984	1056.922607
1720.790039	1054.207275
1717.368164	1044.917847
1713.945313	1010.805115
1710.520508	989.865540
1707.093750	1003.238770
1703.666016	968.466675
1700.236328	940.288818
1696.804688	924.523682
1693.371094	939.357483
1689.936523	934.524963
1686.500000	878.774475
1683.061523	865.977905
1679.622070	871.362183
1676.179688	822.262207
1672.736328	836.374329
1669.291016	814.914795
1665.844727	779.695557
1662.396484	791.631897
1658.945313	794.861145
1655.494141	753.185425
1652.040039	771.630859
1648.584961	735.071960
1645.126953	745.552917
1641.668945	722.775452
1638.208008	695.685852
1634.745117	682.342041
1631.281250	682.723389
1627.815430	640.545349
1624.347656	651.040283
1620.878906	642.067810
1617.408203	623.740723
1613.935547	633.507568
1610.460938	611.604858
1606.984375	607.703125
1603.506836	574.333618
1600.027344	554.647888
1596.545898	558.678772
1593.062500	566.294067
1589.577148	536.597900
1586.090820	531.309814
1582.602539	513.127014
1579.112305	511.437012
1575.620117	511.896332
1572.126953	496.612183
1568.630859	489.925812
1565.133789	484.675659
1561.634766	455.852020
1558.133789	466.334961
1554.631836	456.821228
1551.127930	446.603455
1547.621094	420.708313
1544.114258	420.496460
1540.604492	421.709351
1537.092773	404.409119
1533.580078	412.744781
1530.065430	387.642181
1526.548828	380.337494
1523.030273	405.014832
1519.509766	394.157440
1515.988281	388.989471
1512.463867	372.474976
1508.938477	355.976959
1505.411133	342.330505
1501.882813	354.200134
1498.351563	338.443939
1494.818359	331.903412
1491.284180	326.076691
1487.748047	323.083588
1484.209961	301.014954
1480.669922	295.212280
1477.128906	299.297852
1473.584961	306.201263
1470.040039	285.595734
1466.493164	279.107300
1462.944336	290.941254
1459.393555	290.089233
1455.840820	268.125702
1452.287109	256.031769
1448.730469	259.416565
1445.172852	257.879120
1441.613281	242.296936
1438.051758	240.769547
1434.488281	235.034042
1430.922852	251.042587
1427.356445	238.999557
1423.787109	219.262970
1420.216797	220.551315
1416.644531	209.941559
1413.070313	225.222107
1409.494141	223.708755
1405.916016	205.427292
1402.336914	196.243286
1398.754883	197.538849
1395.171875	203.716614
1391.585938	182.693161
1387.999023	189.568954
1384.410156	182.505875
1380.819336	179.627319
1377.226563	186.493851
1373.632813	172.487778
1370.036133	180.045914
1366.438477	175.784576
1362.837891	156.944229
1359.236328	142.287689
1355.632813	162.332611
1352.027344	153.235214
1348.419922	151.077255
1344.810547	141.994858
1341.199219	141.229370
1337.585938	142.540421
1333.970703	141.775299
1330.354492	134.789825
1326.735352	129.884125
1323.115234	129.817032
1319.493164	131.820419
1315.869141	114.507202
1312.242188	115.826866
1308.614258	128.859619
1304.984375	126.726715
1301.353516	119.088951
1297.719727	116.963188
1294.083984	116.902557
1290.446289	108.594269
1286.807617	103.729286
1283.166016	113.974327
1279.523438	107.052788
1275.877930	106.311287
1272.231445	103.513947
1268.582031	110.996948
1264.931641	100.667061
1261.279297	93.085678
1257.625000	88.932632
1253.968750	101.877380
1250.310547	89.523369
1246.650391	81.280357
1242.988281	76.459259
1239.324219	83.924828
1235.658203	81.153175
1231.990234	85.200409
1228.320313	86.518387
1224.648438	74.217117
1220.975586	76.900444
1217.299805	78.220558
1213.622070	76.819969
1209.943359	69.985069
1206.261719	69.269287
1202.578125	76.699280
1198.893555	73.267059
1195.206055	61.023849
1191.517578	73.190178
1187.826172	64.346443
1184.133789	62.958683
1180.438477	57.512634
1176.742188	60.187443
1173.042969	58.803963
1169.342773	54.719696
1165.639648	62.118038
1161.935547	61.410469
1158.228516	59.354645
1154.520508	53.930313
1150.809570	56.596954
1147.097656	58.587330
1143.382813	50.479649
1139.666992	53.816509
1135.948242	55.132763
1132.227539	48.383656
1128.505859	52.387894
1124.781250	44.304752
1121.055664	46.965004
1117.327148	53.645855
1113.596680	47.585457
1109.865234	54.928707
1106.130859	50.213013
1102.394531	40.149086
1098.657227	41.465355
1094.916992	41.443321
1091.174805	41.421291
1087.430664	40.063801
1083.684570	30.699238
1079.936523	38.687126
1076.186523	42.666508
1072.434570	34.648064
1068.680664	41.289127
1064.924805	37.273514
1061.166992	39.914597
1057.406250	33.244404
1053.644531	35.220245
1049.880859	35.865601
1046.114258	38.501713
1042.346680	30.519506
1038.576172	28.513834
1034.803711	29.161324
1031.030273	35.107319
1027.253906	30.454172
1023.475586	29.114456
1019.695313	29.098835
1015.913086	30.405180
1012.128906	26.425087
1008.342773	27.731434
1004.553711	23.757021
