4046.277344	216.970963
4043.892578	224.308136
4041.505859	226.315231
4039.119141	223.083969
4036.731445	215.667450
4034.342773	226.047516
4031.952148	220.727753
4029.561523	224.823349
4027.169922	242.504227
4024.777344	236.139206
4022.383789	254.845947
4019.989258	245.348816
4017.593750	238.989990
4015.197266	264.975677
4012.799805	232.544006
4010.401367	239.748581
4008.001953	246.947388
4005.601563	268.722229
4003.201172	250.916183
4000.798828	265.386902
3998.395508	278.805725
3995.991211	267.256073
3993.585938	264.031464
3991.180664	284.708160
3988.773438	252.396317
3986.365234	278.252350
3983.957031	276.065979
3981.546875	282.180725
3979.135742	275.846313
3976.724609	310.980988
3974.311523	303.603790
3971.898438	294.160828
3969.483398	314.750854
3967.068359	310.485535
3964.651367	317.603485
3962.234375	313.340240
3959.815430	308.046600
3957.396484	295.523987
3954.975586	308.833466
3952.554688	299.417786
3950.131836	347.805023
3947.708984	336.317810
3945.284180	327.933380
3942.859375	321.617188
3940.432617	353.431213
3938.005859	351.229706
3935.577148	345.941071
3933.148438	339.627380
3930.718750	343.606293
3928.287109	368.148865
3925.855469	363.889435
3923.421875	355.523224
3920.988281	349.217865
3918.552734	363.451416
3916.117188	377.673401
3913.680664	364.185303
3911.242188	390.700897
3908.803711	376.193085
3906.363281	390.386688
3903.922852	403.544525
3901.480469	406.453522
3899.038086	420.617462
3896.593750	401.011261
3894.149414	427.436646
3891.703125	398.643768
3889.256836	414.831055
3886.808594	423.855804
3884.360352	408.370880
3881.910156	455.149719
3879.459961	436.604095
3877.007813	438.467163
3874.555664	453.579193
3872.101563	482.942993
3869.646484	446.083374
3867.191406	456.083405
3864.734375	470.145721
3862.277344	490.299835
3859.818359	479.933258
3857.358398	491.935669
3854.897461	486.656464
3852.436523	486.459259
3849.973633	495.398499
3847.509766	504.330353
3845.044922	504.125793
3842.579102	546.506104
3840.113281	532.095093
3837.645508	546.062500
3835.176758	553.942261
3832.707031	556.754028
3830.236328	545.397156
3827.764648	563.381653
3825.291992	584.384521
3822.818359	557.870300
3820.343750	570.776184
3817.868164	594.779297
3815.390625	593.527710
3812.913086	597.321899
3810.434570	595.061340
3807.955078	611.957642
3805.473633	608.684875
3802.992188	607.429260
3800.509766	643.431091
3798.025391	636.122864
3795.541016	689.187134
3793.054688	634.597778
3790.568359	629.312073
3788.080078	709.445313
3785.591797	666.967651
3783.101563	671.715210
3780.610352	695.528015
3778.119141	694.240234
3775.625977	695.961731
3773.131836	748.804871
3770.636719	701.403992
3768.140625	770.226746
3765.643555	737.873169
3763.145508	775.600159
3760.646484	766.278870
3758.146484	752.965210
3755.645508	764.650757
3753.143555	798.307495
3750.639648	770.015503
3748.135742	803.641968
3745.630859	785.349609
3743.124023	807.969238
3740.617188	808.634216
3738.108398	853.152039
3735.599609	844.831055
3733.088867	861.412964
3730.577148	840.154175
3728.064453	865.679199
3725.551758	928.978638
3723.037109	900.758057
3720.521484	880.510803
3718.004883	955.645935
3715.487305	946.315063
3712.967773	944.932251
3710.448242	957.440613
3707.927734	981.839478
3705.406250	995.313110
3702.882813	992.920288
3700.359375	1007.368164
3697.833984	1002.001404
3695.308594	1017.422729
3692.781250	1049.649048
3690.252930	1043.281738
3687.723633	1077.447144
3685.193359	1127.393188
3682.662109	1069.641968
3680.129883	1092.893433
3677.596680	1100.335571
3675.062500	1109.744263
3672.527344	1094.494019
3669.990234	1154.163330
3667.453125	1146.788330
3664.915039	1171.917725
3662.375000	1220.651367
3659.833984	1181.769409
3657.292969	1237.342896
3654.750000	1239.778809
3652.206055	1229.436279
3649.661133	1320.284546
3647.115234	1315.808105
3644.568359	1286.796631
3642.019531	1302.940918
3639.470703	1281.803833
3636.920898	1285.191895
3634.369141	1336.592163
3631.817383	1346.810303
3629.263672	1335.479614
3626.708984	1383.857544
3624.153320	1412.629272
3621.596680	1425.730835
3619.039063	1439.798462
3616.480469	1465.578613
3613.920898	1487.430176
3611.360352	1520.978027
3608.797852	1488.140869
3606.235352	1508.979126
3603.670898	1524.924316
3601.105469	1620.773682
3598.540039	1577.231812
3595.972656	1580.467896
3593.404297	1605.115356
3590.834961	1668.661011
3588.264648	1639.758545
3585.692383	1681.847900
3583.120117	1699.607544
3580.545898	1708.609741
3577.971680	1755.470825
3575.395508	1758.617798
3572.818359	1746.239502
3570.240234	1813.388672
3567.661133	1798.088867
3565.081055	1819.620117
3562.500000	1841.132690
3559.917969	1880.052612
3557.333984	1868.619141
3554.750000	1939.414185
3552.164063	1936.666260
3549.577148	1964.847412
3546.989258	1957.259521
3544.400391	2012.445801
3541.810547	2037.662109
3539.219727	2055.137695
3536.626953	2051.380127
3534.034180	2127.640869
3531.439453	2178.781982
3528.844727	2180.754883
3526.248047	2165.394531
3523.650391	2172.182129
3521.051758	2218.406006
3518.451172	2306.901367
3515.850586	2313.618896
3513.249023	2318.408447
3510.645508	2375.054688
3508.041016	2342.373535
3505.436523	2421.030762
3502.830078	2420.009277
3500.222656	2422.822998
3497.613281	2466.843750
3495.003906	2495.499023
3492.393555	2496.360107
3489.781250	2545.077393
3487.167969	2599.493408
3484.553711	2653.862793
3481.938477	2684.286865
3479.322266	2764.372314
3476.705078	2770.843994
3474.086914	2839.366699
3471.466797	2889.698486
3468.845703	2898.968262
3466.224609	2916.811035
3463.601563	2994.683838
3460.977539	3067.726563
3458.351563	3029.286377
3455.725586	3072.741699
3453.098633	3108.547119
3450.469727	3125.299561
3447.839844	3199.078369
3445.208984	3238.583252
3442.577148	3310.349854
3439.944336	3342.176270
3437.310547	3377.770996
3434.674805	3434.205322
3432.039063	3436.539307
3429.401367	3575.363525
3426.762695	3621.216797
3424.123047	3600.735840
3421.481445	3731.736816
3418.839844	3734.880615
3416.197266	3799.500977
3413.552734	3847.992920
3410.907227	3897.387207
3408.260742	3986.413818
3405.613281	4009.266113
3402.963867	4111.380371
3400.314453	4056.795654
3397.663086	4114.477539
3395.011719	4232.437988
3392.358398	4299.416016
3389.704102	4373.870605
3387.047852	4415.310059
3384.391602	4502.823242
3381.733398	4556.397461
3379.075195	4629.669922
3376.415039	4703.818359
3373.753906	4745.961426
3371.090820	4785.250000
3368.427734	4813.240234
3365.762695	4878.733887
3363.097656	4928.227539
3360.430664	5017.986328
3357.762695	4979.295410
3355.092773	5131.705566
3352.422852	5186.617676
3349.750977	5250.839355
3347.079102	5314.069336
3344.405273	5423.993652
3341.729492	5512.326660
3339.053711	5536.122070
3336.376953	5604.717773
3333.698242	5683.520996
3331.018555	5693.211914
3328.337891	5755.119141
3325.656250	5915.785645
3322.973633	6007.358887
3320.289063	6037.378906
3317.604492	6157.679199
3314.917969	6186.674316
3312.230469	6328.198242
3309.541016	6355.232422
3306.851563	6426.853027
3304.160156	6493.765137
3301.467773	6613.548828
3298.774414	6762.001465
3296.080078	6691.361816
3293.384766	6769.166504
3290.687500	6949.800781
3287.990234	7062.634277
3285.291016	7082.748047
3282.589844	7137.097168
3279.888672	7191.396973
3277.186523	7299.299316
3274.482422	7347.006348
3271.777344	7456.592773
3269.071289	7554.996582
3266.364258	7738.268066
3263.655273	7728.467773
3260.945313	7750.965332
3258.234375	7933.908203
3255.522461	8058.616211
3252.809570	8244.028320
3250.095703	8295.728516
3247.379883	8330.809570
3244.663086	8488.250000
3241.945313	8572.883789
3239.226563	8619.746094
3236.505859	8672.998047
3233.784180	8838.275391
3231.061523	8991.470703
3228.337891	9061.006836
3225.613281	9237.821289
3222.886719	9353.954102
3220.160156	9432.401367
3217.431641	9563.920898
3214.702148	9490.170898
3211.970703	9726.824219
3209.239258	9865.357422
3206.505859	9974.498047
3203.771484	10194.167969
3201.035156	10233.611328
3198.298828	10412.779297
3195.560547	10535.177734
3192.821289	10583.539063
3190.081055	10832.560547
3187.339844	10976.493164
3184.596680	11142.173828
3181.853516	11332.307617
3179.108398	11385.666992
3176.361328	11465.375000
3173.614258	11615.983398
3170.865234	11869.234375
3168.115234	11953.163086
3165.364258	12136.976563
3162.612305	12130.784180
3159.858398	12373.369141
3157.104492	12567.638672
3154.347656	12583.935547
3151.590820	12764.335938
3148.833008	13005.301758
3146.073242	13191.695313
3143.312500	13242.087891
3140.550781	13596.570313
3137.787109	13571.638672
3135.023438	13703.182617
3132.257813	13858.111328
3129.491211	14088.802734
3126.722656	14089.875977
3123.954102	14433.106445
3121.183594	14443.947266
3118.412109	14598.193359
3115.638672	14923.609375
3112.865234	15045.959961
3110.089844	14991.636719
3107.313477	15289.427734
3104.536133	15475.348633
3101.756836	15614.320313
3098.976563	15678.527344
3096.195313	15942.220703
3093.413086	16056.533203
3090.628906	16316.228516
3087.844727	16611.599609
3085.058594	16694.947266
3082.270508	17084.953125
3079.482422	17195.802734
3076.692383	17328.054688
3073.901367	17654.556641
3071.109375	17729.181641
3068.315430	17933.500000
3065.520508	18111.693359
3062.724609	18371.984375
3059.927734	18584.673828
3057.128906	18768.583984
3054.329102	18751.410156
3051.528320	19027.007813
3048.726563	19354.105469
3045.922852	19484.716797
3043.118164	19641.949219
3040.312500	19725.083984
3037.505859	19869.591797
3034.697266	20119.013672
3031.887695	20516.810547
3029.077148	20642.083984
3026.264648	20790.355469
3023.452148	20915.386719
3020.637695	21150.445313
3017.821289	21435.011719
3015.004883	21680.271484
3012.186523	21873.857422
3009.367188	22111.601563
3006.545898	22312.789063
3003.724609	22473.927734
3000.901367	22602.154297
2998.077148	22984.292969
2995.250977	23144.902344
2992.423828	23292.982422
2989.595703	23464.791016
2986.766602	23710.662109
2983.935547	23834.427734
2981.104492	24193.785156
2978.270508	24189.265625
2975.436523	24532.257813
2972.600586	24820.277344
2969.763672	24982.900391
2966.925781	25062.572266
2964.085938	25292.724609
2961.245117	25593.068359
2958.403320	25762.070313
2955.560547	26195.578125
2952.715820	26409.849609
2949.870117	26420.109375
2947.023438	26764.037109
2944.174805	26931.228516
2941.325195	27163.187500
2938.474609	27471.226563
2935.622070	27530.041016
2932.768555	27629.974609
2929.914063	28012.689453
2927.058594	28243.613281
2924.201172	28437.574219
2921.342773	28794.906250
2918.483398	29088.093750
2915.622070	29185.273438
2912.759766	29627.369141
2909.896484	29940.724609
2907.032227	30031.259766
2904.166016	30322.332031
2901.298828	30638.419922
2898.429688	30718.039063
2895.559570	31100.728516
2892.688477	31315.015625
2889.816406	31784.115234
2886.942383	31783.009766
2884.067383	32035.808594
2881.191406	32218.839844
2878.314453	32417.335938
2875.435547	32660.802734
2872.554688	32996.054688
2869.673828	33193.039063
2866.791016	33740.210938
2863.907227	33691.347656
2861.021484	34054.960938
2858.134766	34615.707031
2855.247070	34729.242188
2852.358398	34747.480469
2849.467773	35017.382813
2846.576172	35199.714844
2843.682617	35636.800781
2840.789063	35996.609375
2837.893555	36046.996094
2834.996094	36256.117188
2832.097656	36572.003906
2829.198242	36905.703125
2826.297852	37093.441406
2823.395508	36986.386719
2820.492188	37128.261719
2817.587891	37637.511719
2814.681641	37642.156250
2811.774414	37669.148438
2808.866211	37814.714844
2805.956055	38106.195313
2803.044922	38492.726563
2800.131836	38543.273438
2797.218750	38838.289063
2794.303711	38855.167969
2791.386719	38890.878906
2788.468750	39088.484375
2785.549805	39259.351563
2782.629883	39423.203125
2779.708008	39568.074219
2776.785156	39870.171875
2773.860352	40042.898438
2770.935547	40185.546875
2768.007813	40005.195313
2765.080078	40175.882813
2762.150391	39907.773438
2759.219727	40337.632813
2756.287109	40407.296875
2753.353516	40645.625000
2750.418945	40651.175781
2747.482422	40894.261719
2744.544922	40647.753906
2741.606445	40921.222656
2738.666016	40770.132813
2735.724609	40842.695313
2732.782227	40854.011719
2729.837891	41287.335938
2726.892578	40869.789063
2723.945313	41247.542969
2720.997070	40919.406250
2718.047852	40867.875000
2715.097656	40940.078125
2712.145508	41073.171875
2709.191406	40994.519531
2706.237305	40916.765625
2703.281250	40987.917969
2700.323242	40946.566406
2697.364258	41056.480469
2694.404297	41130.812500
2691.443359	40917.199219
2688.480469	40619.386719
2685.515625	41127.292969
2682.550781	40679.570313
2679.583984	40961.128906
2676.615234	40861.718750
2673.646484	40706.820313
2670.674805	40429.191406
2667.703125	40664.042969
2664.729492	40595.164063
2661.754883	40018.753906
2658.778320	40122.398438
2655.800781	40026.949219
2652.821289	39832.550781
2649.840820	39966.296875
2646.859375	39741.054688
2643.876953	39334.976563
2640.892578	39702.445313
2637.906250	39601.511719
2634.918945	39359.218750
2631.930664	39164.812500
2628.941406	39044.992188
2625.950195	38672.859375
2622.957031	38737.968750
2619.963867	38904.882813
2616.967773	38600.058594
2613.971680	38459.847656
2610.973633	38099.605469
2607.974609	37889.710938
2604.973633	37615.011719
2601.971680	37452.968750
2598.967773	37350.164063
2595.962891	37385.550781
2592.957031	36825.457031
2589.949219	36619.968750
2586.940430	36422.136719
2583.929688	36314.160156
2580.917969	36105.000000
2577.905273	36101.792969
2574.890625	35742.785156
2571.875000	35398.191406
2568.857422	35459.902344
2565.838867	35013.859375
2562.819336	34963.910156
2559.797852	34652.523438
2556.775391	34419.984375
2553.750977	34075.214844
2550.725586	33713.398438
2547.698242	33511.304688
2544.669922	33214.449219
2541.640625	32964.886719
2538.609375	32743.589844
2535.577148	32523.306641
2532.542969	32304.861328
2529.507813	32059.427734
2526.471680	31870.189453
2523.433594	31473.744141
2520.393555	31211.722656
2517.353516	31051.878906
2514.310547	30838.757813
2511.267578	30684.960938
2508.222656	30468.898438
2505.175781	29915.740234
2502.127930	29775.673828
2499.079102	29520.941406
2496.028320	29014.023438
2492.976563	28954.810547
2489.922852	28650.833984
2486.868164	28208.003906
2483.812500	28156.576172
2480.754883	27630.146484
2477.695313	27552.044922
2474.634766	27193.818359
2471.573242	26822.847656
2468.509766	26589.318359
2465.445313	26438.388672
2462.378906	26156.312500
2459.311523	25797.878906
2456.242188	25649.937500
2453.171875	25377.546875
2450.100586	25048.425781
2447.027344	24730.992188
2443.953125	24363.427734
2440.876953	24088.035156
2437.799805	23873.003906
2434.720703	23735.302734
2431.640625	23463.804688
2428.558594	23182.001953
2425.475586	23114.521484
2422.390625	22822.591797
2419.304688	22521.201172
2416.217773	22274.333984
2413.128906	22008.263672
2410.038086	21726.251953
2406.946289	21671.716797
2403.853516	21288.269531
2400.758789	21061.896484
2397.663086	20608.011719
2394.565430	20375.693359
2391.466797	20125.833984
2388.366211	20000.380859
2385.264648	19595.357422
2382.161133	19533.898438
2379.056641	19404.847656
2375.950195	19171.277344
2372.842773	18760.123047
2369.734375	18534.291016
2366.624023	18323.937500
2363.511719	18239.900391
2360.398438	18053.955078
2357.284180	17947.636719
2354.167969	17618.384766
2351.049805	17389.667969
2347.930664	17141.119141
2344.810547	16924.841797
2341.688477	16705.558594
2338.564453	16708.980469
2335.439453	16477.990234
2332.313477	16223.218750
2329.185547	16082.175781
2326.056641	15952.444336
2322.925781	15515.394531
2319.792969	15372.468750
2316.660156	15176.218750
2313.524414	14966.591797
2310.387695	14747.589844
2307.250000	14716.004883
2304.110352	14538.721680
2300.969727	14275.640625
2297.827148	14173.500000
2294.682617	14030.897461
2291.537109	13812.916016
2288.390625	13823.135742
2285.242188	13417.253906
2282.092773	13271.283203
2278.941406	12885.069336
2275.788086	12861.588867
2272.633789	12689.915039
2269.478516	12555.629883
2266.321289	12414.340820
2263.162109	12251.810547
2260.001953	12124.235352
2256.840820	11991.241211
2253.676758	11754.041992
2250.512695	11633.977539
2247.346680	11510.863281
2244.178711	11270.264648
2241.009766	11186.872070
2237.838867	11041.262695
2234.666992	10857.957031
2231.493164	10692.149414
2228.318359	10488.700195
2225.141602	10420.804688
2221.963867	10270.371094
2218.784180	10182.978516
2215.602539	9987.995117
2212.419922	9831.683594
2209.236328	9730.476563
2206.050781	9581.489258
2202.863281	9456.171875
2199.674805	9359.194336
2196.485352	9346.159180
2193.292969	9060.541016
2190.100586	9092.279297
2186.905273	8895.474609
2183.709961	8873.283203
2180.511719	8607.177734
2177.312500	8544.500977
2174.112305	8415.488281
2170.910156	8318.602539
2167.706055	8132.846191
2164.500977	8024.480957
2161.294922	7910.757813
2158.085938	7817.399902
2154.876953	7640.787598
2151.665039	7647.289551
2148.452148	7503.601074
2145.238281	7524.156250
2142.022461	7303.694336
2138.804688	7208.541016
2135.585938	7176.385254
2132.365234	7051.877930
2129.143555	6888.689941
2125.919922	6896.277344
2122.695313	6709.282227
2119.468750	6674.327148
2116.240234	6547.243164
2113.010742	6441.951660
2109.780273	6381.633789
2106.546875	6286.569824
2103.312500	6209.372559
2100.077148	6095.161133
2096.839844	6076.814941
2093.600586	5912.598633
2090.360352	5892.037598
2087.119141	5644.006348
2083.875000	5699.124512
2080.629883	5540.014648
2077.383789	5496.560547
2074.135742	5438.521973
2070.885742	5406.693359
2067.634766	5270.316895
2064.381836	5197.860352
2061.127930	5143.908203
2057.871094	5056.220215
2054.614258	4980.126465
2051.355469	4879.556641
2048.094727	4790.581543
2044.832031	4771.430176
2041.568359	4748.464844
2038.303711	4668.862793
2035.037109	4592.395996
2031.768555	4525.944336
2028.498047	4367.810547
2025.226563	4374.123047
2021.954102	4298.700684
2018.678711	4302.747070
2015.403320	4201.483398
2012.125000	4140.739258
2008.845703	4044.221436
2005.564453	3950.842529
2002.282227	3874.307373
1998.998047	3852.653809
1995.712891	3792.214844
1992.424805	3753.126709
1989.136719	3687.469727
1985.845703	3654.544922
1982.553711	3510.775635
1979.260742	3526.543945
1975.964844	3421.665039
1972.667969	3445.799805
1969.370117	3356.217041
1966.070313	3333.387207
1962.768555	3306.034668
1959.465820	3164.421631
1956.161133	3218.875488
1952.854492	3139.441162
1949.546875	3099.381836
1946.237305	2964.935059
1942.925781	2983.133789
1939.613281	2891.132324
1936.298828	2913.118408
1932.982422	2828.022705
1929.665039	2783.701172
1926.346680	2754.485840
1923.025391	2686.902344
1919.703125	2665.284668
1916.378906	2646.695068
1913.053711	2595.797363
1909.726563	2556.218750
1906.397461	2522.685547
1903.067383	2467.414795
1899.735352	2373.181396
1896.401367	2377.279541
1893.066406	2344.643799
1889.729492	2252.851807
1886.390625	2257.748291
1883.050781	2239.436279
1879.708984	2244.332764
1876.365234	2139.304688
1873.020508	2214.497314
1869.673828	2135.729736
1866.326172	2077.197754
1862.975586	2039.618164
1859.624023	2039.370728
1856.271484	2000.353394
1852.916016	1961.373169
1849.559570	1945.520264
1846.202148	1951.271729
1842.841797	1890.790771
1839.480469	1856.399292
1836.118164	1804.199341
1832.752930	1777.312500
1829.386719	1763.076416
1826.018555	1774.833862
1822.649414	1762.837280
1819.278320	1665.570801
1815.905273	1634.366577
1812.531250	1632.825928
1809.154297	1599.445313
1805.777344	1594.221436
1802.397461	1560.891113
1799.016602	1507.629028
1795.633789	1486.936157
1792.249023	1474.388306
1788.863281	1437.487915
1785.475586	1419.071777
1782.085938	1398.460449
1778.694336	1348.379883
1775.301758	1333.717163
1771.907227	1332.325317
1768.510742	1258.792847
1765.113281	1322.186279
1761.713867	1245.052979
1758.312500	1262.081543
1754.910156	1212.970825
1751.505859	1210.170532
1748.099609	1184.619629
1744.691406	1186.970337
1741.282227	1147.523315
1737.871094	1144.758911
1734.458008	1100.975586
1731.042969	1100.432251
1727.626953	1120.379272
1724.208984	1056.191162
1720.790039	1071.753052
1717.368164	1039.802856
1713.945313	1012.996155
1710.520508	986.945557
1707.093750	987.186951
1703.666016	977.217896
1700.236328	979.649719
1696.804688	956.579651
1693.371094	956.833923
1689.936523	910.506836
1686.500000	920.967346
1683.061523	879.792847
1679.622070	839.385559
1676.179688	865.845032
1672.736328	836.374329
1669.291016	803.304260
1665.844727	799.278625
1662.396484	789.457092
1658.945313	779.645020
1655.494141	769.842407
1652.040039	754.982178
1648.584961	747.371338
1645.126953	722.412537
1641.668945	703.260498
1638.208008	705.077271
1634.745117	674.399414
1631.281250	684.888489
1627.815430	649.201355
1624.347656	655.366089
1620.878906	631.979187
1617.408203	652.550903
1613.935547	618.389771
1610.460938	617.361145
1606.984375	594.757996
1603.506836	587.991089
1600.027344	570.453918
1596.545898	559.396912
1593.062500	569.165039
1589.577148	539.467407
1586.090820	548.518250
1582.602539	511.693665
1579.112305	517.883667
1575.620117	500.441284
1572.126953	506.630310
1568.630859	495.647583
1565.133789	484.675659
1561.634766	478.001556
1558.133789	479.189545
1554.631836	462.531494
1551.127930	460.158508
1547.621094	437.108795
1544.114258	439.026825
1540.604492	426.695770
1537.092773	413.664948
1533.580078	415.591309
1530.065430	413.247894
1526.548828	408.773926
1523.030273	382.277161
1519.509766	374.982208
1515.988281	387.569824
1512.463867	388.792908
1508.938477	357.395203
1505.411133	362.884521
1501.882813	352.074921
1498.351563	343.400208
1494.818359	309.257538
1491.284180	330.320648
1487.748047	324.497528
1484.209961	332.105713
1480.669922	319.224792
1477.128906	292.944855
1473.584961	303.379150
1470.040039	286.300903
1466.493164	298.137360
1462.944336	276.852081
1459.393555	294.313843
1455.840820	287.126740
1452.287109	264.472351
1448.730469	259.416565
1445.172852	250.149780
1441.613281	266.877777
1438.051758	232.346115
1434.488281	250.469101
1430.922852	225.798080
1427.356445	231.289886
1423.787109	229.770782
1420.216797	213.549698
1416.644531	221.138443
1413.070313	213.331497
1409.494141	220.213318
1405.916016	219.401932
1402.336914	203.227036
1398.754883	200.330917
1395.171875	196.042358
1391.585938	193.849991
1387.999023	183.296463
1384.410156	199.223969
1380.819336	195.640610
1377.226563	180.230988
1373.632813	183.616028
1370.036133	175.179810
1366.438477	166.752167
1362.837891	164.583099
1359.236328	176.992004
1355.632813	154.007874
1352.027344	160.168930
1348.419922	153.849304
1344.810547	157.925995
1341.199219	141.229370
1337.585938	143.232376
1333.970703	155.607040
1330.354492	147.231964
1326.735352	142.319839
1323.115234	136.031677
1319.493164	124.228668
1315.869141	120.715424
1312.242188	117.895203
1308.614258	129.548706
1304.984375	116.395729
1301.353516	108.763321
1297.719727	117.651207
1294.083984	115.527237
1290.446289	98.971992
1286.807617	108.537926
1283.166016	109.168182
1279.523438	102.249130
1275.877930	120.028877
1272.231445	102.828423
1268.582031	95.923286
1264.931641	105.460732
1261.279297	84.872238
1257.625000	92.353119
1253.968750	92.988747
1250.310547	99.090752
1246.650391	84.012466
1242.988281	87.382004
1239.324219	90.747986
1235.658203	75.015541
1231.990234	87.926826
1228.320313	83.793396
1224.648438	74.898010
1220.975586	78.942047
1217.299805	72.779129
1213.622070	72.061211
1209.943359	67.267204
1206.261719	69.269287
1202.578125	61.766674
1198.893555	75.980652
1195.206055	53.565380
1191.517578	67.768684
1187.826172	55.541138
1184.133789	56.865906
1180.438477	57.512634
1176.742188	60.863705
1173.042969	54.748516
1169.342773	54.719696
1165.639648	58.066860
1161.935547	53.987225
1158.228516	55.307739
1154.520508	56.626827
1150.809570	60.639591
1147.097656	49.832901
1143.382813	59.902515
1139.666992	59.870865
1135.948242	50.426308
1132.227539	49.055653
1128.505859	45.671497
1124.781250	41.619617
1121.055664	51.661507
1117.327148	46.940121
1113.596680	43.564152
1109.865234	46.220497
1106.130859	47.534985
1102.394531	46.171448
1098.657227	41.465355
1094.916992	38.101120
1091.174805	41.421291
1087.430664	34.721962
1083.684570	40.042484
1079.936523	33.350971
1076.186523	38.666519
1072.434570	34.648064
1068.680664	35.961498
1064.924805	39.935905
1061.166992	34.592648
1057.406250	41.223061
1053.644531	38.542908
1049.880859	35.865601
1046.114258	31.199663
1042.346680	30.519506
1038.576172	29.840059
1034.803711	34.463383
1031.030273	22.521677
1027.253906	32.440315
1023.475586	31.761225
1019.695313	27.114824
1015.913086	29.083216
1012.128906	28.406969
1008.342773	29.051977
1004.553711	27.716524
