4046.277344	189.718567
4043.892578	198.103928
4041.505859	185.452759
4039.119141	204.231796
4036.731445	199.963516
4034.342773	201.977631
4031.952148	221.773865
4029.561523	212.275070
4027.169922	209.055374
4024.777344	234.049469
4022.383789	214.112366
4019.989258	218.203827
4017.593750	231.684616
4015.197266	230.549698
4012.799805	202.302856
4010.401367	231.409500
4008.001953	230.275833
4005.601563	244.766373
4003.201172	242.587006
4000.798828	251.857376
3998.395508	259.039673
3995.991211	240.218491
3993.585938	230.767654
3991.180664	264.965637
3988.773438	267.976318
3986.365234	265.793274
3983.957031	260.498352
3981.546875	294.629883
3979.135742	249.920898
3976.724609	284.029297
3974.311523	266.300934
3971.898438	287.946167
3969.483398	268.159454
3967.068359	286.681671
3964.651367	272.083771
3962.234375	279.214081
3959.815430	300.810608
3957.396484	289.324188
3954.975586	301.603271
3952.554688	323.164703
3950.131836	315.811096
3947.708984	307.431610
3945.284180	306.277405
3942.859375	288.630829
3940.432617	327.670929
3938.005859	314.149719
3935.577148	320.201385
3933.148438	306.693817
3930.718750	308.628418
3928.287109	336.270050
3925.855469	303.241211
3923.421875	325.725037
3920.988281	323.540070
3918.552734	349.077606
3916.117188	338.674530
3913.680664	360.081787
3911.242188	353.784271
3908.803711	355.692108
3906.363281	360.672211
3903.922852	369.745117
3901.480469	344.000977
3899.038086	380.704865
3896.593750	377.482544
3894.149414	364.036957
3891.703125	388.422150
3889.256836	398.483032
3886.808594	401.386322
3884.360352	404.287170
3881.910156	415.349640
3879.459961	409.061340
3877.007813	392.581055
3874.555664	402.615234
3872.101563	379.018555
3869.646484	415.529724
3867.191406	427.578186
3864.734375	434.528625
3862.277344	416.042816
3859.818359	440.277771
3857.358398	421.804352
3854.897461	463.288818
3852.436523	449.898651
3849.973633	491.337860
3847.509766	469.828888
3845.044922	473.695679
3842.579102	465.392059
3840.113281	461.149078
3837.645508	505.538391
3835.176758	496.218842
3832.707031	517.275085
3830.236328	493.791901
3827.764648	520.900452
3825.291992	507.545044
3822.818359	522.498108
3820.343750	537.438782
3817.868164	527.121887
3815.390625	527.916626
3812.913086	515.593750
3810.434570	560.769714
3807.955078	547.434937
3805.473633	545.196228
3802.992188	559.076721
3800.509766	589.056641
3798.025391	577.744446
3795.541016	604.673645
3793.054688	589.341187
3790.568359	600.158630
3788.080078	616.996399
3785.591797	638.842468
3783.101563	625.528503
3780.610352	656.385742
3778.119141	662.136658
3775.625977	669.888245
3773.131836	695.676819
3770.636719	669.339783
3768.140625	681.084717
3765.643555	694.822266
3763.145508	720.557556
3760.646484	725.263916
3758.146484	708.967224
3755.645508	734.664490
3753.143555	720.375122
3750.639648	750.041077
3748.135742	740.748230
3745.630859	741.441833
3743.124023	757.097107
3740.617188	790.686707
3738.108398	796.341675
3735.599609	795.017883
3733.088867	775.769592
3730.577148	795.359253
3728.064453	839.808350
3725.551758	879.247498
3723.037109	871.925842
3720.521484	850.696655
3718.004883	855.313049
3715.487305	864.890259
3712.967773	900.266357
3710.448242	903.863647
3707.927734	912.416504
3705.406250	899.152405
3702.882813	945.355225
3700.359375	949.917480
3697.833984	925.762146
3695.308594	968.926880
3692.781250	931.922180
3690.252930	969.114807
3687.723633	966.737000
3685.193359	1018.704956
3682.662109	996.554749
3680.129883	1042.543335
3677.596680	1010.532410
3675.062500	1049.571411
3672.527344	1041.248291
3669.990234	1085.169800
3667.453125	1101.468506
3664.915039	1140.403931
3662.375000	1115.321045
3659.833984	1147.329834
3657.292969	1160.623779
3654.750000	1180.788452
3652.206055	1129.194458
3649.661133	1195.525513
3647.115234	1196.992676
3644.568359	1170.975098
3642.019531	1186.186401
3639.470703	1179.808716
3636.920898	1243.038330
3634.369141	1249.380493
3631.817383	1196.947021
3629.263672	1245.403198
3626.708984	1312.413696
3624.153320	1288.388306
3621.596680	1293.718750
3619.039063	1301.976563
3616.480469	1342.469971
3613.920898	1374.139404
3611.360352	1334.516602
3608.797852	1380.799561
3606.235352	1364.616455
3603.670898	1401.097412
3601.105469	1433.648926
3598.540039	1455.456665
3595.972656	1471.402954
3593.404297	1472.734741
3590.834961	1508.119263
3588.264648	1505.543457
3585.692383	1500.052734
3583.120117	1538.295532
3580.545898	1590.104736
3577.971680	1619.538330
3575.395508	1626.624390
3572.818359	1636.614502
3570.240234	1695.082031
3567.661133	1663.353394
3565.081055	1636.495361
3562.500000	1731.691406
3559.917969	1732.901123
3557.333984	1727.335571
3554.750000	1794.320923
3552.164063	1818.706543
3549.577148	1865.300293
3546.989258	1860.652466
3544.400391	1910.085327
3541.810547	1921.830933
3539.219727	1932.601318
3536.626953	1966.508789
3534.034180	2047.625244
3531.439453	2022.672974
3528.844727	2043.012817
3526.248047	2031.561768
3523.650391	2100.963135
3521.051758	2124.128662
3518.451172	2151.120605
3515.850586	2169.438232
3513.249023	2251.152588
3510.645508	2265.569824
3508.041016	2279.974121
3505.436523	2287.648682
3502.830078	2353.825928
3500.222656	2396.936279
3497.613281	2350.880859
3495.003906	2403.534180
3492.393555	2518.383789
3489.781250	2531.677246
3487.167969	2555.482910
3484.553711	2571.616943
3481.938477	2584.868652
3479.322266	2663.085205
3476.705078	2713.535889
3474.086914	2636.963867
3471.466797	2771.362061
3468.845703	2764.465332
3466.224609	2837.668945
3463.601563	2829.795166
3460.977539	2925.772705
3458.351563	2907.391113
3455.725586	3027.050293
3453.098633	3038.136230
3450.469727	3053.967529
3447.839844	3126.825928
3445.208984	3184.416748
3442.577148	3210.611816
3439.944336	3236.783691
3437.310547	3280.015869
3434.674805	3386.771484
3432.039063	3387.229004
3429.401367	3420.860840
3426.762695	3438.355713
3424.123047	3459.623291
3421.481445	3558.497803
3418.839844	3614.705811
3416.197266	3658.568604
3413.552734	3692.938477
3410.907227	3739.563965
3408.260742	3718.133789
3405.613281	3768.483398
3402.963867	3848.048340
3400.314453	3875.655029
3397.663086	3987.167480
3395.011719	3984.524658
3392.358398	3986.594238
3389.704102	4123.342773
3387.047852	4220.433594
3384.391602	4219.573242
3381.733398	4311.834473
3379.075195	4341.020996
3376.415039	4461.343750
3373.753906	4443.467285
3371.090820	4530.775391
3368.427734	4508.188965
3365.762695	4692.028809
3363.097656	4739.726563
3360.430664	4708.639160
3357.762695	4875.286621
3355.092773	4817.939941
3352.422852	4990.949219
3349.750977	5036.538574
3347.079102	5031.575195
3344.405273	5119.180664
3341.729492	5199.232422
3339.053711	5243.714355
3336.376953	5377.802246
3333.698242	5406.298828
3331.018555	5463.692383
3328.337891	5580.721680
3325.656250	5525.190918
3322.973633	5668.181152
3320.289063	5717.906250
3317.604492	5739.656738
3314.917969	5830.251953
3312.230469	5949.604004
3309.541016	5977.730957
3306.851563	6034.643066
3304.160156	6130.523438
3301.467773	6213.318359
3298.774414	6342.451172
3296.080078	6374.979004
3293.384766	6430.662109
3290.687500	6584.558594
3287.990234	6724.421387
3285.291016	6707.631836
3282.589844	6771.400391
3279.888672	6935.982910
3277.186523	6932.068359
3274.482422	7090.887695
3271.777344	7108.162598
3269.071289	7263.069824
3266.364258	7391.985352
3263.655273	7549.401367
3260.945313	7483.404297
3258.234375	7769.751953
3255.522461	7801.426270
3252.809570	7822.013672
3250.095703	7985.340820
3247.379883	7957.032715
3244.663086	8168.007813
3241.945313	8279.456055
3239.226563	8346.671875
3236.505859	8409.232422
3233.784180	8624.231445
3231.061523	8773.846680
3228.337891	8819.612305
3225.613281	9013.045898
3222.886719	9096.261719
3220.160156	9201.404297
3217.431641	9398.994141
3214.702148	9480.095703
3211.970703	9563.871094
3209.239258	9694.239258
3206.505859	9881.201172
3203.771484	9983.884766
3201.035156	9963.103516
3198.298828	10106.762695
3195.560547	10367.169922
3192.821289	10486.793945
3190.081055	10634.592773
3187.339844	10754.902344
3184.596680	10793.981445
3181.853516	11062.621094
3179.108398	11010.455078
3176.361328	11195.922852
3173.614258	11523.171875
3170.865234	11625.482422
3168.115234	11782.248047
3165.364258	11787.116211
3162.612305	11930.951172
3159.858398	12004.746094
3157.104492	12196.454102
3154.347656	12268.248047
3151.590820	12533.114258
3148.833008	12652.729492
3146.073242	12774.047852
3143.312500	12940.535156
3140.550781	13042.606445
3137.787109	13127.393555
3135.023438	13413.780273
3132.257813	13487.476563
3129.491211	13658.692383
3126.722656	13747.564453
3123.954102	14018.719727
3121.183594	14092.007813
3118.412109	14143.579102
3115.638672	14418.702148
3112.865234	14485.398438
3110.089844	14540.320313
3107.313477	14740.161133
3104.536133	14923.622070
3101.756836	15105.118164
3098.976563	15081.420898
3096.195313	15393.015625
3093.413086	15393.462891
3090.628906	15565.438477
3087.844727	15794.708984
3085.058594	15995.061523
3082.270508	16356.674805
3079.482422	16405.984375
3076.692383	16625.505859
3073.901367	16796.460938
3071.109375	16939.505859
3068.315430	17178.179688
3065.520508	17445.261719
3062.724609	17432.238281
3059.927734	17870.566406
3057.128906	17947.587891
3054.329102	17980.779297
3051.528320	18200.484375
3048.726563	18411.070313
3045.922852	18619.681641
3043.118164	19042.039063
3040.312500	19129.001953
3037.505859	19318.302734
3034.697266	19522.564453
3031.887695	19799.607422
3029.077148	19893.177734
3026.264648	19981.324219
3023.452148	20072.052734
3020.637695	20415.851563
3017.821289	20803.734375
3015.004883	20913.488281
3012.186523	20980.556641
3009.367188	21278.103516
3006.545898	21506.250000
3003.724609	21678.375000
3000.901367	21995.568359
2998.077148	22281.496094
2995.250977	22577.781250
2992.423828	22497.064453
2989.595703	22786.791016
2986.766602	23203.490234
2983.935547	23274.492188
2981.104492	23500.792969
2978.270508	23807.185547
2975.436523	24092.132813
2972.600586	24372.414063
2969.763672	24483.242188
2966.925781	24332.355469
2964.085938	24724.832031
2961.245117	25062.392578
2958.403320	25389.089844
2955.560547	25600.302734
2952.715820	25774.410156
2949.870117	26019.511719
2947.023438	26306.539063
2944.174805	26637.191406
2941.325195	26685.039063
2938.474609	27054.675781
2935.622070	27125.072266
2932.768555	27313.677734
2929.914063	27722.806641
2927.058594	27723.630859
2924.201172	27980.822266
2921.342773	28361.097656
2918.483398	28601.150391
2915.622070	28825.251953
2912.759766	28942.585938
2909.896484	29205.607422
2907.032227	29256.328125
2904.166016	29701.265625
2901.298828	29879.871094
2898.429688	30244.810547
2895.559570	30298.427734
2892.688477	30433.835938
2889.816406	30803.236328
2886.942383	30968.730469
2884.067383	31027.109375
2881.191406	31161.044922
2878.314453	31649.322266
2875.435547	31794.132813
2872.554688	32125.429688
2869.673828	32360.113281
2866.791016	32658.753906
2863.907227	32654.585938
2861.021484	32885.222656
2858.134766	33230.835938
2855.247070	33315.554688
2852.358398	33637.281250
2849.467773	33894.710938
2846.576172	33822.503906
2843.682617	34083.917969
2840.789063	34268.214844
2837.893555	34697.535156
2834.996094	34700.140625
2832.097656	34763.113281
2829.198242	35098.484375
2826.297852	35087.085938
2823.395508	35250.562500
2820.492188	35185.699219
2817.587891	35852.460938
2814.681641	35823.496094
2811.774414	35703.398438
2808.866211	35534.402344
2805.956055	36113.855469
2803.044922	36564.824219
2800.131836	36336.410156
2797.218750	36671.882813
2794.303711	36538.796875
2791.386719	36885.855469
2788.468750	36737.347656
2785.549805	37077.988281
2782.629883	37217.996094
2779.708008	37253.472656
2776.785156	37442.003906
2773.860352	37626.937500
2770.935547	37807.417969
2768.007813	37861.312500
2765.080078	37826.355469
2762.150391	37858.835938
2759.219727	38223.937500
2756.287109	38148.757813
2753.353516	38416.226563
2750.418945	38487.519531
2747.482422	38575.765625
2744.544922	38539.664063
2741.606445	38846.406250
2738.666016	38715.812500
2735.724609	38913.386719
2732.782227	38796.445313
2729.837891	39128.796875
2726.892578	39129.816406
2723.945313	39144.398438
2720.997070	38938.476563
2718.047852	39187.050781
2715.097656	39152.410156
2712.145508	39430.281250
2709.191406	39290.574219
2706.237305	39354.042969
2703.281250	39071.550781
2700.323242	39031.066406
2697.364258	39130.015625
2694.404297	39272.785156
2691.443359	39223.781250
2688.480469	39387.449219
2685.515625	39142.742188
2682.550781	39073.597656
2679.583984	39251.398438
2676.615234	39065.164063
2673.646484	39096.296875
2670.674805	39157.679688
2667.703125	38688.246094
2664.729492	38836.332031
2661.754883	38575.015625
2658.778320	38536.519531
2655.800781	38531.628906
2652.821289	38327.835938
2649.840820	38078.082031
2646.859375	37887.230469
2643.876953	37891.812500
2640.892578	37832.714844
2637.906250	37760.265625
2634.918945	37646.019531
2631.930664	37376.265625
2628.941406	37285.687500
2625.950195	37101.570313
2622.957031	36948.519531
2619.963867	37055.292969
2616.967773	36652.820313
2613.971680	36746.257813
2610.973633	36187.492188
2607.974609	36192.683594
2604.973633	35972.910156
2601.971680	35744.164063
2598.967773	35771.156250
2595.962891	35420.386719
2592.957031	35107.347656
2589.949219	34923.421875
2586.940430	34610.875000
2583.929688	34571.824219
2580.917969	34531.972656
2577.905273	34144.492188
2574.890625	34211.000000
2571.875000	33808.250000
2568.857422	33637.027344
2565.838867	33338.406250
2562.819336	33246.179688
2559.797852	32869.382813
2556.775391	32398.636719
2553.750977	32153.167969
2550.725586	31831.066406
2547.698242	31973.423828
2544.669922	31536.101563
2541.640625	31496.904297
2538.609375	30888.623047
2535.577148	30899.201172
2532.542969	30672.437500
2529.507813	30415.396484
2526.471680	29962.638672
2523.433594	29792.542969
2520.393555	29759.957031
2517.353516	29510.343750
2514.310547	29509.947266
2511.267578	28961.667969
2508.222656	29119.960938
2505.175781	28558.394531
2502.127930	28214.707031
2499.079102	27809.011719
2496.028320	27676.580078
2492.976563	27428.761719
2489.922852	27247.482422
2486.868164	26999.251953
2483.812500	26837.132813
2480.754883	26529.617188
2477.695313	26266.505859
2474.634766	26013.431641
2471.573242	25747.517578
2468.509766	25370.845703
2465.445313	25325.707031
2462.378906	25056.375000
2459.311523	24808.472656
2456.242188	24501.324219
2453.171875	24368.697266
2450.100586	23916.335938
2447.027344	23594.542969
2443.953125	23331.582031
2440.876953	23043.662109
2437.799805	22947.718750
2434.720703	22805.574219
2431.640625	22377.050781
2428.558594	22018.683594
2425.475586	22179.595703
2422.390625	21846.761719
2419.304688	21698.933594
2416.217773	21313.171875
2413.128906	21049.166016
2410.038086	20820.183594
2406.946289	20551.783203
2403.853516	20391.929688
2400.758789	20195.863281
2397.663086	20000.779297
2394.565430	19692.871094
2391.466797	19453.009766
2388.366211	19175.464844
2385.264648	18941.695313
2382.161133	18751.638672
2379.056641	18501.359375
2375.950195	18409.062500
2372.842773	18046.531250
2369.734375	17914.310547
2366.624023	17665.664063
2363.511719	17567.472656
2360.398438	17401.113281
2357.284180	17102.466797
2354.167969	16968.556641
2351.049805	16751.367188
2347.930664	16573.650391
2344.810547	16212.630859
2341.688477	16054.536133
2338.564453	15923.796875
2335.439453	15705.171875
2332.313477	15447.561523
2329.185547	15410.787109
2326.056641	14941.036133
2322.925781	14996.351563
2319.792969	14710.797852
2316.660156	14572.297852
2313.524414	14463.425781
2310.387695	14210.386719
2307.250000	14037.246094
2304.110352	13908.057617
2300.969727	13567.270508
2297.827148	13568.087891
2294.682617	13298.539063
2291.537109	13121.435547
2288.390625	12932.576172
2285.242188	12799.473633
2282.092773	12681.571289
2278.941406	12504.276367
2275.788086	12391.372070
2272.633789	12181.082031
2269.478516	12054.958008
2266.321289	11872.727539
2263.162109	11808.592773
2260.001953	11681.225586
2256.840820	11358.666992
2253.676758	11284.576172
2250.512695	11071.514648
2247.346680	10894.181641
2244.178711	10775.415039
2241.009766	10573.924805
2237.838867	10440.431641
2234.666992	10370.897461
2231.493164	10199.016602
2228.318359	10158.000000
2225.141602	10048.548828
2221.963867	9916.383789
2218.784180	9701.781250
2215.602539	9584.042969
2212.419922	9468.768555
2209.236328	9330.830078
2206.050781	9201.651367
2202.863281	9085.141602
2199.674805	8843.290039
2196.485352	8902.596680
2193.292969	8794.999023
2190.100586	8588.849609
2186.905273	8455.669922
2183.709961	8414.131836
2180.511719	8218.608398
2177.312500	8199.095703
2174.112305	8063.215332
2170.910156	7879.836914
2167.706055	7869.867188
2164.500977	7712.487305
2161.294922	7592.674805
2158.085938	7500.246582
2154.876953	7410.240234
2151.665039	7276.719238
2148.452148	7260.043457
2145.238281	7178.048340
2142.022461	7068.918945
2138.804688	6890.734375
2135.585938	6871.155762
2132.365234	6827.528320
2129.143555	6636.513184
2125.919922	6548.051270
2122.695313	6461.996094
2119.468750	6318.683594
2116.240234	6291.672852
2113.010742	6190.373535
2109.780273	6074.467285
2106.546875	5971.815918
2103.312500	5974.385742
2100.077148	5922.095215
2096.839844	5868.308105
2093.600586	5705.734863
2090.360352	5613.521484
2087.119141	5530.647949
2083.875000	5487.161133
2080.629883	5363.590820
2077.383789	5364.113281
2074.135742	5232.249023
2070.885742	5124.357422
2067.634766	5086.540039
2064.381836	4994.957031
2061.127930	4952.624512
2057.871094	4856.582031
2054.614258	4791.328613
2051.355469	4661.698730
2048.094727	4595.063477
2044.832031	4558.378906
2041.568359	4506.407227
2038.303711	4505.016113
2035.037109	4429.393066
2031.768555	4288.059082
2028.498047	4213.373535
2025.226563	4131.880371
2021.954102	4097.056152
2018.678711	4078.295654
2015.403320	4057.262695
2012.125000	3927.943848
2008.845703	3877.268555
2005.564453	3798.447510
2002.282227	3764.635742
1998.998047	3673.000244
1995.712891	3631.669434
1992.424805	3589.616699
1989.136719	3478.429443
1985.845703	3470.677979
1982.553711	3383.953369
1979.260742	3355.757813
1975.964844	3285.860596
1972.667969	3225.129150
1969.370117	3197.046875
1966.070313	3190.203125
1962.768555	3125.815674
1959.465820	3051.649902
1956.161133	3040.343262
1952.854492	2951.165283
1949.546875	2974.680908
1946.237305	2896.949463
1942.925781	2860.818604
1939.613281	2830.759033
1936.298828	2752.451904
1932.982422	2693.821777
1929.665039	2673.679443
1926.346680	2619.661377
1923.025391	2570.964355
1919.703125	2590.789063
1916.378906	2572.987793
1913.053711	2507.090820
1909.726563	2470.560547
1906.397461	2471.615967
1903.067383	2420.874023
1899.735352	2338.667969
1896.401367	2272.289063
1893.066406	2292.174072
1889.729492	2261.842285
1886.390625	2259.994629
1883.050781	2160.846436
1879.708984	2132.864258
1876.365234	2045.836304
1873.020508	2112.853027
1869.673828	2079.703369
1866.326172	2030.905151
1862.975586	1985.138794
1859.624023	1949.113281
1856.271484	1909.394287
1852.916016	1912.935059
1849.559570	1830.814941
1846.202148	1824.710815
1842.841797	1794.056152
1839.480469	1806.568115
1836.118164	1761.083008
1832.752930	1715.641602
1829.386719	1717.031494
1826.018555	1647.158691
1822.649414	1641.901855
1819.278320	1617.368652
1815.905273	1568.398926
1812.531250	1513.549561
1809.154297	1504.663452
1805.777344	1517.988892
1802.397461	1464.722412
1799.016602	1449.956177
1795.633789	1418.206055
1792.249023	1384.270386
1788.863281	1407.217285
1785.475586	1403.574951
1782.085938	1351.255005
1778.694336	1314.467651
1775.301758	1306.453369
1771.907227	1277.087891
1768.510742	1266.154297
1765.113281	1242.722656
1761.713867	1214.901123
1758.312500	1212.833130
1754.910156	1175.501709
1751.505859	1197.687012
1748.099609	1153.793091
1744.691406	1113.609985
1741.282227	1123.326416
1737.871094	1080.998291
1734.458008	1100.975586
1731.042969	1099.700073
1727.626953	1042.077148
1724.208984	1011.573730
1720.790039	1003.763245
1717.368164	970.385193
1713.945313	966.253723
1710.520508	978.185669
1707.093750	947.786987
1703.666016	929.086243
1700.236328	917.692688
1696.804688	912.866943
1693.371094	914.599243
1689.936523	884.305176
1686.500000	854.768250
1683.061523	840.529358
1679.622070	846.653015
1676.179688	802.649963
1672.736328	809.511597
1669.291016	796.773315
1665.844727	777.519653
1662.396484	759.009705
1658.945313	752.835693
1655.494141	710.456604
1652.040039	712.274658
1648.584961	727.113464
1645.126953	695.656555
1641.668945	679.408936
1638.208008	666.789246
1634.745117	672.233276
1631.281250	655.299011
1627.815430	621.069336
1624.347656	622.922241
1620.878906	597.389709
1617.408203	588.448242
1613.935547	588.154175
1610.460938	594.335999
1606.984375	551.607483
1603.506836	552.769165
1600.027344	569.735474
1596.545898	550.779724
1593.062500	536.149170
1589.577148	508.620209
1586.090820	491.873871
1582.602539	510.977020
1579.112305	491.380646
1575.620117	481.110931
1572.126953	489.456390
1568.630859	445.582153
1565.133789	461.085266
1561.634766	469.427551
1558.133789	449.909698
1554.631836	444.686920
1551.127930	421.633606
1547.621094	435.682678
1544.114258	421.209167
1540.604492	393.927826
1537.092773	390.881348
1533.580078	384.279633
1530.065430	386.930908
1526.548828	383.181122
1523.030273	357.407837
1519.509766	365.749695
1515.988281	354.207581
1512.463867	358.285431
1508.938477	353.140503
1505.411133	339.495483
1501.882813	333.656525
1498.351563	328.531342
1494.818359	313.503662
1491.284180	317.588806
1487.748047	306.823364
1484.209961	310.200867
1480.669922	300.156036
1477.128906	293.650726
1473.584961	288.562958
1470.040039	287.711243
1466.493164	296.727722
1462.944336	290.236816
1459.393555	268.966248
1455.840820	251.939636
1452.287109	266.582520
1448.730469	256.604462
1445.172852	231.177750
1441.613281	252.129272
1438.051758	237.259781
1434.488281	249.065918
1430.922852	215.980774
1427.356445	229.187256
1423.787109	226.968704
1420.216797	224.752304
1416.644531	210.641373
1413.070313	214.730392
1409.494141	201.337891
1405.916016	224.991791
1402.336914	192.053040
1398.754883	189.162643
1395.171875	189.065765
1391.585938	180.601257
1387.999023	164.478943
1384.410156	168.574127
1380.819336	166.398941
1377.226563	178.839249
1373.632813	179.442932
1370.036133	172.399170
1366.438477	168.836578
1362.837891	169.444214
1359.236328	158.945755
1355.632813	145.683121
1352.027344	139.367767
1348.419922	153.849304
1344.810547	153.077393
1341.199219	132.229462
1337.585938	141.156540
1333.970703	118.952934
1330.354492	134.098602
1326.735352	121.593643
1323.115234	135.341156
1319.493164	124.918823
1315.869141	113.817398
1312.242188	115.137421
1308.614258	124.725090
1304.984375	107.442215
1301.353516	110.140068
1297.719727	115.587151
1294.083984	102.461655
1290.446289	101.033905
1286.807617	107.850975
1283.166016	111.227959
1279.523438	107.739021
1275.877930	90.536064
1272.231445	103.513947
1268.582031	99.349121
1264.931641	94.503769
1261.279297	92.401230
1257.625000	93.037216
1253.968750	82.732635
1250.310547	90.206757
1246.650391	79.914299
1242.988281	81.237961
1239.324219	82.560196
1235.658203	85.926895
1231.990234	73.613152
1228.320313	70.849701
1224.648438	76.940681
1220.975586	71.456161
1217.299805	76.860199
1213.622070	68.662094
1209.943359	65.228798
1206.261719	65.194626
1202.578125	65.160446
1198.893555	56.307091
1195.206055	67.804276
1191.517578	60.314129
1187.826172	52.831814
1184.133789	63.635658
1180.438477	54.806156
1176.742188	48.690964
1173.042969	57.452145
1169.342773	47.964180
1165.639648	57.391666
1161.935547	51.962704
1158.228516	58.680161
1154.520508	54.604443
1150.809570	51.880539
1147.097656	53.199989
1143.382813	47.787399
1139.666992	51.125683
1135.948242	46.392204
1132.227539	52.415627
1128.505859	47.686417
1124.781250	46.318607
1121.055664	46.294075
1117.327148	43.587257
1113.596680	47.585457
1109.865234	40.861599
1106.130859	46.865479
1102.394531	41.487389
1098.657227	36.783783
1094.916992	42.111763
1091.174805	34.072353
1087.430664	30.047852
1083.684570	36.705608
1079.936523	36.686069
1076.186523	39.333183
1072.434570	36.646988
1068.680664	37.959358
1064.924805	29.951931
1061.166992	35.923134
1057.406250	33.244404
1053.644531	28.574915
1049.880859	31.216354
1046.114258	33.191132
1042.346680	28.529102
1038.576172	39.123634
1034.803711	31.149595
1031.030273	36.432125
1027.253906	27.143936
1023.475586	26.467688
1019.695313	30.421511
1015.913086	33.710091
1012.128906	29.067596
1008.342773	32.353340
1004.553711	25.736773
