4046.277344	3.144507
4043.892578	2.096338
4041.505859	1.047756
4039.119141	3.142028
4036.731445	0.000000
4034.342773	2.093033
4031.952148	2.092206
4029.561523	9.411210
4027.169922	3.135830
4024.777344	2.089727
4022.383789	2.088901
4019.989258	3.132113
4017.593750	4.174498
4015.197266	5.216056
4012.799805	1.042798
4010.401367	5.211926
4008.001953	4.167888
4005.601563	5.207795
4003.201172	2.082292
4000.798828	1.040733
3998.395508	0.000000
3995.991211	4.159627
3993.585938	2.078988
3991.180664	2.078162
3988.773438	6.232008
3986.365234	0.000000
3983.957031	3.113526
3981.546875	1.037429
3979.135742	1.037016
3976.724609	2.073207
3974.311523	6.217143
3971.898438	2.071555
3969.483398	7.247553
3967.068359	3.104856
3964.651367	-3.103617
3962.234375	1.034126
3959.815430	2.067427
3957.396484	4.133203
3954.975586	2.065776
3952.554688	0.000000
3950.131836	3.096187
3947.708984	-2.063299
3945.284180	5.156185
3942.859375	2.061649
3940.432617	5.152059
3938.005859	3.089997
3935.577148	3.088759
3933.148438	0.000000
3930.718750	1.028761
3928.287109	2.056698
3925.855469	-6.167618
3923.421875	5.137619
3920.988281	2.054223
3918.552734	3.080097
3916.117188	-3.078859
3913.680664	6.155244
3911.242188	3.076385
3908.803711	-3.075148
3906.363281	4.098548
3903.922852	2.048449
3901.480469	4.095250
3899.038086	-1.023400
3896.593750	3.068964
3894.149414	5.112878
3891.703125	8.177308
3889.256836	2.043503
3886.808594	2.042679
3884.360352	5.104636
3881.910156	4.082060
3879.459961	3.060309
3877.007813	0.000000
3874.555664	0.000000
3872.101563	6.113203
3869.646484	0.000000
3867.191406	4.072173
3864.734375	6.105789
3862.277344	3.051659
3859.818359	3.050423
3857.358398	-1.016396
3854.897461	2.031969
3852.436523	10.155725
3849.973633	-2.030322
3847.509766	3.044248
3845.044922	-2.028675
3842.579102	2.027852
3840.113281	-5.067573
3837.645508	0.000000
3835.176758	1.012691
3832.707031	0.000000
3830.236328	-1.011869
3827.764648	-3.034372
3825.291992	5.055230
3822.818359	0.000000
3820.343750	0.000000
3817.868164	4.039248
3815.390625	3.028203
3812.913086	2.017979
3810.434570	4.034314
3807.955078	8.065340
3805.473633	4.031026
3802.992188	3.022036
3800.509766	-2.013869
3798.025391	1.006523
3795.541016	3.018338
3793.054688	0.000000
3790.568359	2.010582
3788.080078	-1.004880
3785.591797	0.000000
3783.101563	4.016234
3780.610352	0.000000
3778.119141	0.000000
3775.625977	0.000000
3773.131836	5.012081
3770.636719	6.012034
3768.140625	2.003191
3765.643555	1.001185
3763.145508	1.000774
3760.646484	3.001092
3758.146484	0.999954
3755.645508	2.998631
3753.143555	2.997400
3750.639648	7.989785
3748.135742	1.996626
3745.630859	0.000000
3743.124023	1.994986
3740.617188	5.982497
3738.108398	0.000000
3735.599609	-0.996263
3733.088867	-1.991706
3730.577148	0.995443
3728.064453	1.990067
3725.551758	0.994624
3723.037109	-0.994214
3720.521484	-1.987609
3718.004883	4.966975
3715.487305	-0.992985
3712.967773	4.962880
3710.448242	2.976499
3707.927734	-0.991757
3705.406250	1.982695
3702.882813	5.945631
3700.359375	1.981058
3697.833984	-1.980240
3695.308594	-4.948554
3692.781250	0.989302
3690.252930	4.944463
3687.723633	0.000000
3685.193359	3.952299
3682.662109	8.888991
3680.129883	4.936285
3677.596680	2.960544
3675.062500	2.959318
3672.527344	0.000000
3669.990234	3.942488
3667.453125	2.955640
3664.915039	0.984805
3662.375000	0.000000
3659.833984	-0.983988
3657.292969	0.983579
3654.750000	2.949513
3652.206055	0.982763
3649.661133	6.876482
3647.115234	0.000000
3644.568359	2.944615
3642.019531	2.943391
3639.470703	4.903611
3636.920898	0.000000
3634.369141	2.939719
3631.817383	1.958997
3629.263672	2.937272
3626.708984	1.957366
3624.153320	-1.956550
3621.596680	-1.955735
3619.039063	0.000000
3616.480469	1.954105
3613.920898	1.953290
3611.360352	0.000000
3608.797852	-2.927490
3606.235352	1.950846
3603.670898	0.975016
3601.105469	-0.974608
3598.540039	-2.922604
3595.972656	-2.921382
3593.404297	1.946774
3590.834961	0.972980
3588.264648	2.917720
3585.692383	4.860832
3583.120117	5.830558
3580.545898	3.885412
3577.971680	0.000000
3575.395508	2.911619
3572.818359	-4.850666
3570.240234	6.788086
3567.661133	2.907960
3565.081055	0.000000
3562.500000	5.811045
3559.917969	0.000000
3557.333984	2.903085
3554.750000	1.934578
3552.164063	7.735063
3549.577148	1.932954
3546.989258	0.000000
3544.400391	3.862660
3541.810547	2.895777
3539.219727	-4.824267
3536.626953	0.000000
3534.034180	3.856168
3531.439453	2.890909
3528.844727	3.852924
3526.248047	-1.925651
3523.650391	0.000000
3521.051758	0.000000
3518.451172	0.961610
3515.850586	5.767226
3513.249023	-0.960799
3510.645508	-4.801970
3508.041016	0.000000
3505.436523	-0.959584
3502.830078	1.918359
3500.222656	-2.876323
3497.613281	5.750218
3495.003906	3.831860
3492.393555	2.872681
3489.781250	2.871468
3487.167969	-2.870254
3484.553711	-0.956347
3481.938477	2.867828
3479.322266	2.866615
3476.705078	0.955134
3474.086914	0.954730
3471.466797	0.954326
3468.845703	0.000000
3466.224609	0.953518
3463.601563	3.812456
3460.977539	0.952710
3458.351563	2.856919
3455.725586	4.759513
3453.098633	2.854497
3450.469727	-3.804382
3447.839844	0.000000
3445.208984	2.850866
3442.577148	0.000000
3439.944336	0.000000
3437.310547	2.847236
3434.674805	-0.948676
3432.039063	-2.844817
3429.401367	4.739347
3426.762695	0.000000
3424.123047	-0.947064
3421.481445	0.000000
3418.839844	1.892516
3416.197266	6.620988
3413.552734	1.890906
3410.907227	1.890100
3408.260742	-1.889296
3405.613281	-2.832736
3402.963867	-1.887686
3400.314453	0.943441
3397.663086	-0.943039
3395.011719	-0.942637
3392.358398	1.884469
3389.704102	1.883665
3387.047852	0.000000
3384.391602	3.764115
3381.733398	2.821881
3379.075195	-0.940225
3376.415039	3.759295
3373.753906	0.939422
3371.090820	0.000000
3368.427734	-3.754478
3365.762695	2.814654
3363.097656	4.689084
3360.430664	5.624494
3357.762695	-0.937015
3355.092773	2.809841
3352.422852	0.936213
3349.750977	0.000000
3347.079102	-1.870822
3344.405273	3.740041
3341.729492	2.803828
3339.053711	6.539462
3336.376953	0.933808
3333.698242	0.933408
3331.018555	5.598045
3328.337891	0.932607
3325.656250	0.932207
3322.973633	0.931807
3320.289063	3.725627
3317.604492	2.793020
3314.917969	0.930607
3312.230469	-0.930207
3309.541016	3.719229
3306.851563	3.717630
3304.160156	-4.645040
3301.467773	2.785825
3298.774414	4.641045
3296.080078	3.711238
3293.384766	0.927410
3290.687500	2.781033
3287.990234	1.853223
3285.291016	9.262126
3282.589844	2.777441
3279.888672	1.850829
3277.186523	-0.925016
3274.482422	-0.924617
3271.777344	0.924218
3269.071289	-0.923820
3266.364258	-2.770263
3263.655273	0.000000
3260.945313	2.767872
3258.234375	-6.455580
3255.522461	3.687310
3252.809570	3.685717
3250.095703	0.921031
3247.379883	-0.920633
3244.663086	2.760706
3241.945313	-2.759512
3239.226563	1.838879
3236.505859	1.838084
3233.784180	0.000000
3231.061523	1.836493
3228.337891	2.753547
3225.613281	0.917452
3222.886719	0.917054
3220.160156	-1.833314
3217.431641	6.413819
3214.702148	5.495177
3211.970703	4.577329
3209.239258	0.000000
3206.505859	0.000000
3203.771484	6.399926
3201.035156	2.741635
3198.298828	-2.740446
3195.560547	0.000000
3192.821289	7.301510
3190.081055	3.649170
3187.339844	4.559481
3184.596680	0.911500
3181.853516	-3.644415
3179.108398	1.821415
3176.361328	2.730935
3173.614258	4.549578
3170.865234	-1.819040
3168.115234	0.909124
3165.364258	1.817457
3162.612305	2.724998
3159.858398	1.815874
3157.104492	0.907542
3154.347656	0.000000
3151.590820	6.347258
3148.833008	4.531780
3146.073242	0.905961
3143.312500	3.622263
3140.550781	0.000000
3137.787109	6.333431
3135.023438	-2.713143
3132.257813	0.000000
3129.491211	0.903592
3126.722656	1.806394
3123.954102	3.611211
3121.183594	-1.804816
3118.412109	0.902014
3115.638672	2.704859
3112.865234	1.802451
3110.089844	-1.801663
3107.313477	0.000000
3104.536133	-0.900044
3101.756836	7.197197
3098.976563	2.697768
3096.195313	-2.696587
3093.413086	4.492343
3090.628906	0.000000
3087.844727	-1.795363
3085.058594	-1.794577
3082.270508	4.484475
3079.482422	1.793004
3076.692383	-1.792217
3073.901367	-1.791431
3071.109375	5.371937
3068.315430	1.789860
3065.520508	2.683611
3062.724609	1.788289
3059.927734	0.893752
3057.128906	2.680078
3054.329102	-1.785933
3051.528320	2.677723
3048.726563	-2.676546
3045.922852	2.675370
3043.118164	4.456989
3040.312500	0.891006
3037.505859	-0.890614
3034.697266	0.890222
3031.887695	1.779660
3029.077148	0.889438
3026.264648	-1.778093
3023.452148	2.665965
3020.637695	-2.664791
3017.821289	0.000000
3015.004883	0.000000
3012.186523	0.000000
3009.367188	-1.773397
3006.545898	-4.431537
3003.724609	2.657749
3000.901367	5.313153
2998.077148	0.000000
2995.250977	-4.423720
2992.423828	2.653060
2989.595703	0.000000
2986.766602	-1.767145
2983.935547	0.000000
2981.104492	0.000000
2978.270508	1.764803
2975.436523	0.000000
2972.600586	0.000000
2969.763672	1.762462
2966.925781	1.761682
2964.085938	0.000000
2961.245117	2.640185
2958.403320	-0.879672
2955.560547	0.879282
2952.715820	2.636678
2949.870117	0.878503
2947.023438	0.878114
2944.174805	2.633174
2941.325195	1.754671
2938.474609	-2.630840
2935.622070	3.506230
2932.768555	0.000000
2929.914063	0.875780
2927.058594	0.875391
2924.201172	-1.750005
2921.342773	3.498455
2918.483398	-2.622675
2915.622070	2.621510
2912.759766	0.000000
2909.896484	1.746120
2907.032227	1.745344
2904.166016	0.000000
2901.298828	3.487583
2898.429688	0.000000
2895.559570	-2.613360
2892.688477	4.353662
2889.816406	2.611034
2886.942383	4.349785
2884.067383	2.608708
2881.191406	2.607546
2878.314453	4.343974
2875.435547	3.473630
2872.554688	0.000000
2869.673828	-1.735266
2866.791016	-0.867246
2863.907227	-0.866859
2861.021484	-1.732945
2858.134766	7.794770
2855.247070	-1.731398
2852.358398	-3.461249
2849.467773	0.000000
2846.576172	0.000000
2843.682617	0.000000
2840.789063	2.591300
2837.893555	0.863380
2834.996094	-2.588983
2832.097656	2.587825
2829.198242	0.000000
2826.297852	0.000000
2823.395508	2.584352
2820.492188	-1.722130
2817.587891	-0.860679
2814.681641	0.860294
2811.774414	1.719817
2808.866211	2.578569
2805.956055	0.000000
2803.044922	0.858753
2800.131836	2.575102
2797.218750	5.147894
2794.303711	6.860780
2791.386719	-1.714425
2788.468750	-0.856828
2785.549805	0.856443
2782.629883	2.568175
2779.708008	-1.711348
2776.785156	1.710579
2773.860352	1.709810
2770.935547	4.272604
2768.007813	5.124819
2765.080078	2.561257
2762.150391	-2.560105
2759.219727	4.264922
2756.287109	3.410402
2753.353516	0.852217
2750.418945	2.555499
2747.482422	1.702899
2744.544922	2.553197
2741.606445	-1.701365
2738.666016	0.000000
2735.724609	-1.699831
2732.782227	5.097194
2729.837891	1.698298
2726.892578	3.395065
2723.945313	5.938682
2720.997070	3.392001
2718.047852	0.000000
2715.097656	0.000000
2712.145508	2.540556
2709.191406	-1.692939
2706.237305	2.538261
2703.281250	0.845705
2700.323242	0.000000
2697.364258	-1.689880
2694.404297	2.533674
2691.443359	-0.844176
2688.480469	2.531381
2685.515625	-0.843412
2682.550781	0.843030
2679.583984	0.842648
2676.615234	-4.211333
2673.646484	3.367540
2670.674805	0.841503
2667.703125	0.841122
2664.729492	-4.203703
2661.754883	3.361438
2658.778320	-0.839978
2655.800781	0.000000
2652.821289	2.517648
2649.840820	1.677670
2646.859375	0.838454
2643.876953	0.838073
2640.892578	2.513078
2637.906250	-0.837312
2634.918945	-0.836932
2631.930664	-1.673102
2628.941406	3.344683
2625.950195	2.507371
2622.957031	0.835410
2619.963867	2.505090
2616.967773	3.338600
2613.971680	0.834270
2610.973633	3.335560
2607.974609	-0.833510
2604.973633	0.000000
2601.971680	2.498253
2598.967773	4.994227
2595.962891	1.663984
2592.957031	2.494837
2589.949219	1.662466
2586.940430	-2.492561
2583.929688	0.830475
2580.917969	0.000000
2577.905273	-3.318866
2574.890625	1.658675
2571.875000	4.973752
2568.857422	-2.485739
2565.838867	3.312804
2562.819336	3.311290
2559.797852	2.482332
2556.775391	5.789458
2553.750977	0.826687
2550.725586	1.652618
2547.698242	3.303722
2544.669922	-1.651105
2541.640625	0.000000
2538.609375	3.299185
2535.577148	0.000000
2532.542969	-1.648081
2529.507813	-2.470989
2526.471680	-1.646570
2523.433594	0.822908
2520.393555	4.112650
2517.353516	0.000000
2514.310547	0.000000
2511.267578	0.821398
2508.222656	2.463062
2505.175781	0.820644
2502.127930	2.460799
2499.079102	5.739226
2496.028320	2.458538
2492.976563	2.457407
2489.922852	4.093795
2486.868164	1.636765
2483.812500	2.454017
2480.754883	-4.088146
2477.695313	1.634506
2474.634766	2.450629
2471.573242	-1.633000
2468.509766	1.632248
2465.445313	2.447243
2462.378906	1.630744
2459.311523	-2.444988
2456.242188	4.073100
2453.171875	2.442732
2450.100586	3.255473
2447.027344	-2.440478
2443.953125	2.439351
2440.876953	0.000000
2437.799805	-5.686563
2434.720703	3.247963
2431.640625	0.811616
2428.558594	2.433721
2425.475586	6.486921
2422.390625	0.000000
2419.304688	2.430345
2416.217773	0.809740
2413.128906	-1.618731
2410.038086	-2.426972
2406.946289	0.000000
2403.853516	4.041207
2400.758789	4.847201
2397.663086	1.614985
2394.565430	-1.614236
2391.466797	1.613487
2388.366211	-0.806369
2385.264648	2.417986
2382.161133	-0.805621
2379.056641	-1.610494
2375.950195	4.829240
2372.842773	5.631496
2369.734375	2.412377
2366.624023	0.000000
2363.511719	-2.410135
2360.398438	-2.409014
2357.284180	1.605263
2354.167969	0.802258
2351.049805	2.405653
2347.930664	2.404534
2344.810547	0.000000
2341.688477	-1.601530
2338.564453	0.000000
2335.439453	-2.400057
2332.313477	0.000000
2329.185547	3.996366
2326.056641	0.798900
2322.925781	-1.597056
2319.792969	0.000000
2316.660156	-0.797783
2313.524414	0.797410
2310.387695	3.188151
2307.250000	3.186662
2304.110352	-3.981466
2300.969727	-1.591842
2297.827148	2.386647
2294.682617	-1.590354
2291.537109	0.794805
2288.390625	-5.561032
2285.242188	2.382184
2282.092773	1.587379
2278.941406	0.000000
2275.788086	-2.378839
2272.633789	-3.962874
2269.478516	0.792203
2266.321289	1.583664
2263.162109	1.582921
2260.001953	2.373268
2256.840820	3.953591
2253.676758	1.580694
2250.512695	1.579952
2247.346680	0.789605
2244.178711	-1.578468
2241.009766	-3.155454
2237.838867	3.942463
2234.666992	3.940610
2231.493164	0.787751
2228.318359	1.574762
2225.141602	-0.787010
2221.963867	0.786640
2218.784180	-0.786270
2215.602539	0.000000
2212.419922	0.785529
2209.236328	-0.785159
2206.050781	0.784789
2202.863281	-2.353257
2199.674805	4.704295
2196.485352	3.134717
2193.292969	-1.566619
2190.100586	2.348819
2186.905273	2.347710
2183.709961	2.346602
2180.511719	-0.781831
2177.312500	1.562923
2174.112305	-0.781092
2170.910156	-2.342169
2167.706055	-3.901769
2164.500977	2.339954
2161.294922	1.559231
2158.085938	2.337739
2154.876953	-0.778877
2151.665039	0.000000
2148.452148	2.334419
2145.238281	0.000000
2142.022461	5.441816
2138.804688	0.777034
2135.585938	2.329995
2132.365234	3.105186
2129.143555	-1.551856
2125.919922	4.653358
2122.695313	2.325574
2119.468750	0.774823
2116.240234	2.323365
2113.010742	0.774087
2109.780273	2.321157
2106.546875	0.773351
2103.312500	0.000000
2100.077148	0.772615
2096.839844	0.000000
2093.600586	0.771880
2090.360352	2.314536
2087.119141	-0.771144
2083.875000	-5.395439
2080.629883	0.770409
2077.383789	-2.310126
2074.135742	2.309024
2070.885742	0.000000
2067.634766	0.000000
2064.381836	-2.305720
2061.127930	0.000000
2057.871094	0.000000
2054.614258	0.000000
2051.355469	0.767105
2048.094727	1.533477
2044.832031	-3.065487
2041.568359	0.000000
2038.303711	0.765638
2035.037109	3.061087
2031.768555	-3.059621
2028.498047	-0.764539
2025.226563	-0.764172
2021.954102	0.763806
2018.678711	2.290320
2015.403320	-0.763074
2012.125000	0.000000
2008.845703	-0.762341
2005.564453	-3.047902
2002.282227	3.046438
1998.998047	0.000000
1995.712891	1.521756
1992.424805	2.281536
1989.136719	3.800731
1985.845703	3.039123
1982.553711	-3.797075
1979.260742	4.554297
1975.964844	4.552104
1972.667969	-2.274956
1969.370117	1.515907
1966.070313	2.272764
1962.768555	0.000000
1959.465820	-0.756858
1956.161133	3.025970
1952.854492	2.268382
1949.546875	2.267287
1946.237305	-3.776988
1942.925781	-1.510065
1939.613281	1.509336
1936.298828	2.262909
1932.982422	-1.507877
1929.665039	-0.753574
1926.346680	-3.012836
1923.025391	2.258534
1919.703125	3.762401
1916.378906	1.504231
1913.053711	0.000000
1909.726563	2.254161
1906.397461	3.755114
1903.067383	0.000000
1899.735352	3.751472
1896.401367	-3.749652
1893.066406	0.000000
1889.729492	0.000000
1886.390625	2.246516
1883.050781	0.748475
1879.708984	0.000000
1876.365234	2.990989
1873.020508	1.494767
1869.673828	0.000000
1866.326172	2.986625
1862.975586	2.238878
1859.624023	-1.491859
1856.271484	-0.745566
1852.916016	0.745203
1849.559570	0.744839
1846.202148	0.744476
1842.841797	-1.488226
1839.480469	5.949998
1836.118164	0.743387
1832.752930	4.458142
1829.386719	2.227982
1826.018555	2.226893
1822.649414	5.193544
1819.278320	-1.483144
1815.905273	2.964837
1812.531250	-1.481693
1809.154297	0.000000
1805.777344	-2.220364
1802.397461	1.479518
1799.016602	2.218189
1795.633789	2.217102
1792.249023	-1.477343
1788.863281	0.738309
1785.475586	0.000000
1782.085938	0.737585
1778.694336	0.737222
1775.301758	-1.473721
1771.907227	2.209495
1768.510742	0.000000
1765.113281	-2.207323
1761.713867	2.206237
1758.312500	0.000000
1754.910156	2.204066
1751.505859	-0.734327
1748.099609	0.000000
1744.691406	1.467207
1741.282227	0.733242
1737.871094	0.000000
1734.458008	-2.197556
1731.042969	0.000000
1727.626953	2.927183
1724.208984	-1.462869
1720.790039	-0.731073
1717.368164	2.922847
1713.945313	2.191051
1710.520508	-2.189968
1707.093750	-2.918513
1703.666016	0.729267
1700.236328	-3.644530
1696.804688	-2.185635
1693.371094	0.728184
1689.936523	-0.727823
1686.500000	2.182387
1683.061523	2.181305
1679.622070	1.453482
1676.179688	-2.179140
1672.736328	1.452039
1669.291016	0.000000
1665.844727	2.175894
1662.396484	0.000000
1658.945313	-1.449154
1655.494141	2.172650
1652.040039	5.066994
1648.584961	-3.617480
1645.126953	1.446271
1641.668945	0.000000
1638.208008	0.000000
1634.745117	-1.444110
1631.281250	-6.495255
1627.815430	3.606674
1624.347656	0.720975
1620.878906	-2.161844
1617.408203	-0.720255
1613.935547	-1.439790
1610.460938	-2.878140
1606.984375	0.000000
1603.506836	1.437631
1600.027344	-1.436912
1596.545898	-1.436192
1593.062500	0.717736
1589.577148	2.869508
1586.090820	3.585087
1582.602539	2.866631
1579.112305	3.581492
1575.620117	2.147817
1572.126953	-0.715580
1568.630859	-2.145660
1565.133789	0.000000
1561.634766	-4.287010
1558.133789	-1.428285
1554.631836	2.141350
1551.127930	2.140272
1547.621094	2.139195
1544.114258	6.414353
1540.604492	2.849387
1537.092773	0.000000
1533.580078	0.000000
1530.065430	-1.422540
1526.548828	-2.132734
1523.030273	4.263314
1519.509766	0.000000
1515.988281	2.129504
1512.463867	-1.418952
1508.938477	2.127352
1505.411133	-2.835035
1501.882813	5.667202
1498.351563	-2.832167
1494.818359	2.123049
1491.284180	0.707325
1487.748047	-0.706966
1484.209961	-1.413216
1480.669922	2.118748
1477.128906	-1.411782
1473.584961	-0.705533
1470.040039	2.820698
1466.493164	0.704816
1462.944336	1.408916
1459.393555	-2.112300
1455.840820	2.111226
1452.287109	2.813536
1448.730469	-0.703026
1445.172852	2.108004
1441.613281	-1.404620
1438.051758	-2.807808
1434.488281	3.507971
1430.922852	4.207417
1427.356445	0.700878
1423.787109	-0.700521
1420.216797	2.100489
1416.644531	0.000000
1413.070313	1.398895
1409.494141	-2.097270
1405.916016	-0.698732
1402.336914	0.698375
1398.754883	0.698017
1395.171875	2.092979
1391.585938	2.091907
1387.999023	0.696945
1384.410156	0.696587
1380.819336	2.088690
1377.226563	3.479363
1373.632813	2.086546
1370.036133	2.780632
1366.438477	1.389601
1362.837891	1.388887
1359.236328	-2.776345
1355.632813	0.000000
1352.027344	-2.080116
1348.419922	0.000000
1344.810547	3.463289
1341.199219	0.692301
1337.585938	0.000000
1333.970703	0.000000
1330.354492	2.073690
1326.735352	3.454365
1323.115234	2.071548
1319.493164	0.690159
1315.869141	-1.379605
1312.242188	-1.378891
1308.614258	0.000000
1304.984375	-0.688732
1301.353516	-0.688375
1297.719727	0.688019
1294.083984	2.750648
1290.446289	2.061916
1286.807617	-0.686949
1283.166016	0.000000
1279.523438	2.058707
1275.877930	0.685879
1272.231445	-0.685523
1268.582031	2.055499
1264.931641	-2.054430
1261.279297	0.000000
1257.625000	2.736389
1253.968750	2.051222
1250.310547	0.000000
1246.650391	1.366056
1242.988281	-0.682672
1239.324219	2.046947
1235.658203	-2.727838
1231.990234	4.771223
1228.320313	3.406236
1224.648438	0.000000
1220.975586	2.041605
1217.299805	2.720715
1213.622070	1.359645
1209.943359	0.679467
1206.261719	2.716443
1202.578125	0.000000
1198.893555	1.356797
1195.206055	0.678043
1191.517578	1.355374
1187.826172	2.709324
1184.133789	4.061851
1180.438477	-0.676619
1176.742188	3.381317
1173.042969	0.000000
1169.342773	1.351104
1165.639648	3.375980
1161.935547	-0.674840
1158.228516	2.697938
1154.520508	-2.696516
1150.809570	-0.673773
1147.097656	0.000000
1143.382813	4.038372
1139.666992	-0.672706
1135.948242	3.361754
1132.227539	3.359976
1128.505859	2.014919
1124.781250	6.041557
1121.055664	-0.670929
1117.327148	0.000000
1113.596680	2.680871
1109.865234	-1.339725
1106.130859	0.669507
1102.394531	-2.007454
1098.657227	4.012776
1094.916992	0.000000
1091.174805	2.004256
1087.430664	2.003190
1083.684570	2.002124
1079.936523	2.001058
1076.186523	-3.333321
1072.434570	0.666309
1068.680664	1.331907
1064.924805	-1.996795
1061.166992	-2.660973
1057.406250	-3.989328
1053.644531	1.993599
1049.880859	-0.664178
1046.114258	1.991468
1042.346680	-1.990403
1038.576172	0.663112
1034.803711	1.988272
1031.030273	0.000000
1027.253906	0.662047
1023.475586	0.000000
1019.695313	0.000000
1015.913086	0.000000
1012.128906	0.660627
1008.342773	0.000000
1004.553711	-0.659917
