4046.277344	189.718567
4043.892578	201.248428
4041.505859	208.503387
4039.119141	222.036621
4036.731445	196.822723
4034.342773	220.814926
4031.952148	214.451141
4029.561523	206.000931
4027.169922	224.734512
4024.777344	229.870010
4022.383789	222.467972
4019.989258	224.468063
4017.593750	223.335617
4015.197266	232.636124
4012.799805	240.886383
4010.401367	214.731339
4008.001953	242.779495
4005.601563	243.724808
4003.201172	233.216705
4000.798828	233.124176
3998.395508	248.636459
3995.991211	246.457932
3993.585938	244.281067
3991.180664	257.692078
3988.773438	256.550995
3986.365234	277.214081
3983.957031	262.574036
3981.546875	272.843872
3979.135742	267.550171
3976.724609	269.516846
3974.311523	260.083801
3971.898438	286.910370
3969.483398	277.477722
3967.068359	251.493301
3964.651367	305.188995
3962.234375	280.248199
3959.815430	296.675751
3957.396484	300.690491
3954.975586	302.636139
3952.554688	277.735809
3950.131836	317.875214
3947.708984	289.893555
3945.284180	304.214935
3942.859375	330.894623
3940.432617	323.549286
3938.005859	319.299713
3935.577148	325.349335
3933.148438	329.335663
3930.718750	341.548767
3928.287109	348.610260
3925.855469	317.632324
3923.421875	349.358093
3920.988281	355.380524
3918.552734	354.211121
3916.117188	340.727112
3913.680664	345.719543
3911.242188	368.140747
3908.803711	374.143005
3906.363281	366.820038
3903.922852	384.084259
3901.480469	360.381958
3899.038086	373.541046
3896.593750	382.597473
3894.149414	397.781952
3891.703125	385.355652
3889.256836	394.396027
3886.808594	386.066254
3884.360352	413.475494
3881.910156	416.370148
3879.459961	421.302551
3877.007813	434.388397
3874.555664	443.386383
3872.101563	426.905304
3869.646484	427.751190
3867.191406	474.408173
3864.734375	479.304413
3862.277344	481.144867
3859.818359	470.782013
3857.358398	476.689728
3854.897461	465.320801
3852.436523	461.069946
3849.973633	480.171082
3847.509766	485.050140
3845.044922	501.082794
3842.579102	516.088379
3840.113281	486.486938
3837.645508	529.852844
3835.176758	519.510742
3832.707031	509.176849
3830.236328	542.361572
3827.764648	562.370239
3825.291992	526.754883
3822.818359	548.774597
3820.343750	549.561462
3817.868164	539.239624
3815.390625	583.433716
3812.913086	564.025269
3810.434570	597.078491
3807.955078	572.639099
3805.473633	602.638367
3802.992188	588.289734
3800.509766	623.292419
3798.025391	603.914063
3795.541016	622.783691
3793.054688	620.517944
3790.568359	646.402039
3788.080078	657.191589
3785.591797	651.900574
3783.101563	661.674622
3780.610352	668.429565
3778.119141	663.139893
3775.625977	699.973083
3773.131836	679.638184
3770.636719	677.355835
3768.140625	681.084717
3765.643555	725.858948
3763.145508	698.540527
3760.646484	701.255188
3758.146484	725.966431
3755.645508	751.656738
3753.143555	724.371643
3750.639648	782.000183
3748.135742	762.711121
3745.630859	746.431396
3743.124023	789.016846
3740.617188	790.686707
3738.108398	830.228516
3735.599609	782.066467
3733.088867	796.682495
3730.577148	834.181519
3728.064453	839.808350
3725.551758	839.462524
3723.037109	858.006836
3720.521484	857.653320
3718.004883	868.227173
3715.487305	853.967468
3712.967773	864.533630
3710.448242	876.083008
3707.927734	913.408264
3705.406250	952.685181
3702.882813	930.491150
3700.359375	929.116333
3697.833984	935.663330
3695.308594	924.389893
3692.781250	962.590515
3690.252930	954.281372
3687.723633	1000.345398
3685.193359	979.182007
3682.662109	1029.147705
3680.129883	989.231384
3677.596680	1033.229980
3675.062500	1038.720581
3672.527344	1051.108643
3669.990234	1074.327881
3667.453125	1057.133911
3664.915039	1122.677490
3662.375000	1116.305420
3659.833984	1113.874268
3657.292969	1146.853638
3654.750000	1106.067505
3652.206055	1166.539429
3649.661133	1133.637207
3647.115234	1167.534302
3644.568359	1187.661255
3642.019531	1158.714722
3639.470703	1181.770142
3636.920898	1252.841553
3634.369141	1254.280029
3631.817383	1228.291016
3629.263672	1272.817749
3626.708984	1274.244995
3624.153320	1310.888672
3621.596680	1301.541626
3619.039063	1330.322876
3616.480469	1339.538818
3613.920898	1370.232788
3611.360352	1390.162231
3608.797852	1438.373535
3606.235352	1404.608887
3603.670898	1422.547729
3601.105469	1437.547363
3598.540039	1480.785889
3595.972656	1505.485718
3593.404297	1495.122681
3590.834961	1513.957153
3588.264648	1594.047607
3585.692383	1574.909546
3583.120117	1571.335327
3580.545898	1600.789551
3577.971680	1581.671387
3575.395508	1627.594971
3572.818359	1626.913208
3570.240234	1644.656250
3567.661133	1676.923828
3565.081055	1651.029053
3562.500000	1756.872559
3559.917969	1731.933105
3557.333984	1812.492798
3554.750000	1776.909668
3552.164063	1832.242920
3549.577148	1841.138306
3546.989258	1819.111450
3544.400391	1866.630371
3541.810547	1902.525757
3539.219727	1948.038940
3536.626953	1893.210815
3534.034180	1992.674927
3531.439453	2001.472900
3528.844727	1976.549927
3526.248047	2067.186279
3523.650391	2058.616699
3521.051758	2123.166748
3518.451172	2131.888428
3515.850586	2122.339111
3513.249023	2158.915771
3510.645508	2206.985596
3508.041016	2248.294434
3505.436523	2213.760742
3502.830078	2255.030518
3500.222656	2311.605225
3497.613281	2283.794922
3495.003906	2318.275391
3492.393555	2368.046875
3489.781250	2395.760986
3487.167969	2364.132568
3484.553711	2509.454346
3481.938477	2495.010010
3479.322266	2452.866699
3476.705078	2552.118164
3474.086914	2590.182129
3471.466797	2579.542725
3468.845703	2670.027100
3466.224609	2630.755615
3463.601563	2733.530762
3460.977539	2731.419922
3458.351563	2699.788330
3455.725586	2824.295166
3453.098633	2840.224609
3450.469727	2870.406006
3447.839844	2888.202148
3445.208984	2943.993896
3442.577148	3000.687256
3439.944336	3035.493652
3437.310547	3000.986816
3434.674805	3078.452148
3432.039063	3114.126709
3429.401367	3088.158447
3426.762695	3158.853271
3424.123047	3235.169189
3421.481445	3241.366455
3418.839844	3278.784180
3416.197266	3374.812012
3413.552734	3371.484619
3410.907227	3456.048828
3408.260742	3474.414551
3405.613281	3534.310547
3402.963867	3610.199951
3400.314453	3597.339844
3397.663086	3642.958496
3395.011719	3682.881104
3392.358398	3764.227051
3389.704102	3809.712646
3387.047852	3884.343018
3384.391602	3880.802979
3381.733398	3936.524414
3379.075195	3982.794922
3376.415039	4110.789551
3373.753906	4066.759033
3371.090820	4149.533203
3368.427734	4168.408691
3365.762695	4305.482910
3363.097656	4337.402832
3360.430664	4341.171875
3357.762695	4458.315430
3355.092773	4491.998535
3352.422852	4608.038086
3349.750977	4594.835449
3347.079102	4675.183594
3344.405273	4816.237305
3341.729492	4883.334473
3339.053711	4884.978027
3336.376953	4915.567383
3333.698242	5012.400391
3331.018555	5124.077637
3328.337891	5091.103027
3325.656250	5115.020020
3322.973633	5206.004883
3320.289063	5229.849121
3317.604492	5390.529297
3314.917969	5472.898926
3312.230469	5602.636719
3309.541016	5510.037598
3306.851563	5607.115723
3304.160156	5648.368164
3301.467773	5764.800781
3298.774414	5935.895996
3296.080078	5928.702637
3293.384766	5944.699219
3290.687500	6050.600098
3287.990234	6120.270508
3285.291016	6122.265137
3282.589844	6314.974609
3279.888672	6290.968750
3277.186523	6430.709473
3274.482422	6547.212891
3271.777344	6465.831055
3269.071289	6609.929199
3266.364258	6778.833984
3263.655273	6798.983887
3260.945313	6921.525879
3258.234375	6964.648926
3255.522461	7123.882813
3252.809570	7065.520020
3250.095703	7315.750977
3247.379883	7335.604980
3244.663086	7311.269043
3241.945313	7417.568359
3239.226563	7502.626465
3236.505859	7574.742676
3233.784180	7720.285645
3231.061523	7762.856934
3228.337891	7916.448730
3225.613281	7918.525391
3222.886719	8109.511719
3220.160156	8125.248535
3217.431641	8195.028320
3214.702148	8310.539063
3211.970703	8404.891602
3209.239258	8667.532227
3206.505859	8706.762695
3203.771484	8793.499023
3201.035156	8918.540039
3198.298828	8946.641602
3195.560547	9024.021484
3192.821289	9138.752930
3190.081055	9102.853516
3187.339844	9308.635742
3184.596680	9475.041016
3181.853516	9526.500000
3179.108398	9643.482422
3176.361328	9761.271484
3173.614258	9842.557617
3170.865234	9954.694336
3168.115234	10006.728516
3165.364258	10055.988281
3162.612305	10188.768555
3159.858398	10335.958008
3157.104492	10391.353516
3154.347656	10466.655273
3151.590820	10667.927734
3148.833008	10762.070313
3146.073242	10876.059570
3143.312500	11094.085938
3140.550781	11026.791016
3137.787109	11262.650391
3135.023438	11283.962891
3132.257813	11462.546875
3129.491211	11538.866211
3126.722656	11580.793945
3123.954102	11877.272461
3121.183594	11902.764648
3118.412109	12104.125000
3115.638672	12237.684570
3112.865234	12264.778320
3110.089844	12291.844727
3107.313477	12503.474609
3104.536133	12486.303711
3101.756836	12739.939453
3098.976563	12849.467773
3096.195313	12841.145508
3093.413086	13087.992188
3090.628906	13266.365234
3087.844727	13558.583984
3085.058594	13575.972656
3082.270508	13883.038086
3079.482422	13861.711914
3076.692383	14064.426758
3073.901367	14216.799805
3071.109375	14333.221680
3068.315430	14552.455078
3065.520508	14735.709961
3062.724609	14788.253906
3059.927734	15059.717773
3057.128906	15161.199219
3054.329102	15227.762695
3051.528320	15437.074219
3048.726563	15598.912109
3045.922852	15735.632813
3043.118164	15813.395508
3040.312500	16106.709961
3037.505859	16158.404297
3034.697266	16325.778320
3031.887695	16771.515625
3029.077148	16781.921875
3026.264648	16779.867188
3023.452148	17116.384766
3020.637695	17238.531250
3017.821289	17298.414063
3015.004883	17511.773438
3012.186523	17588.326172
3009.367188	18037.220703
3006.545898	18159.552734
3003.724609	18140.025391
3000.901367	18543.791016
2998.077148	18587.830078
2995.250977	18845.931641
2992.423828	18908.359375
2989.595703	19113.925781
2986.766602	19447.425781
2983.935547	19405.271484
2981.104492	19742.750000
2978.270508	19839.027344
2975.436523	20015.478516
2972.600586	20211.162109
2969.763672	20203.103516
2966.925781	20398.517578
2964.085938	20577.908203
2961.245117	20926.103516
2958.403320	20920.355469
2955.560547	21185.427734
2952.715820	21298.208984
2949.870117	21629.630859
2947.023438	21819.376953
2944.174805	21992.271484
2941.325195	22040.423828
2938.474609	22274.441406
2935.622070	22706.345703
2932.768555	22472.847656
2929.914063	22721.228516
2927.058594	22893.224609
2924.201172	23008.185547
2921.342773	23325.947266
2918.483398	23697.621094
2915.622070	23704.570313
2912.759766	24079.224609
2909.896484	24029.234375
2907.032227	24276.861328
2904.166016	24547.812500
2901.298828	24629.314453
2898.429688	24764.769531
2895.559570	25039.474609
2892.688477	25228.597656
2889.816406	25609.019531
2886.942383	25687.220703
2884.067383	25854.041016
2881.191406	26078.937500
2878.314453	26178.521484
2875.435547	26381.349609
2872.554688	26504.130859
2869.673828	26680.585938
2866.791016	27049.406250
2863.907227	27150.896484
2861.021484	27400.455078
2858.134766	27666.236328
2855.247070	27837.412109
2852.358398	28126.109375
2849.467773	28289.125000
2846.576172	28290.318359
2843.682617	28819.500000
2840.789063	28956.912109
2837.893555	29162.402344
2834.996094	29282.261719
2832.097656	29458.935547
2829.198242	29720.804688
2826.297852	29695.437500
2823.395508	30042.232422
2820.492188	30150.191406
2817.587891	30330.341797
2814.681641	30133.513672
2811.774414	30484.613281
2808.866211	30818.199219
2805.956055	30842.185547
2803.044922	31433.779297
2800.131836	31388.781250
2797.218750	31570.320313
2794.303711	31530.427734
2791.386719	31795.728516
2788.468750	31945.966797
2785.549805	32114.044922
2782.629883	32216.904297
2779.708008	32380.412109
2776.785156	32667.779297
2773.860352	32936.925781
2770.935547	32989.628906
2768.007813	33125.125000
2765.080078	33232.312500
2762.150391	33365.851563
2759.219727	33613.554688
2756.287109	33612.070313
2753.353516	33730.738281
2750.418945	33995.804688
2747.482422	33899.605469
2744.544922	33799.226563
2741.606445	34111.511719
2738.666016	34056.171875
2735.724609	34467.476563
2732.782227	34607.402344
2729.837891	34867.765625
2726.892578	34975.957031
2723.945313	34861.761719
2720.997070	34625.546875
2718.047852	34782.832031
2715.097656	35015.363281
2712.145508	35234.972656
2709.191406	34970.195313
2706.237305	35379.128906
2703.281250	35291.253906
2700.323242	35243.175781
2697.364258	35285.539063
2694.404297	35481.562500
2691.443359	35207.195313
2688.480469	35271.421875
2685.515625	35504.265625
2682.550781	35317.898438
2679.583984	35455.265625
2676.615234	35746.636719
2673.646484	35535.964844
2670.674805	35539.214844
2667.703125	35250.582031
2664.729492	35339.691406
2661.754883	35264.839844
2658.778320	35101.847656
2655.800781	35205.984375
2652.821289	34943.277344
2649.840820	34877.925781
2646.859375	34944.257813
2643.876953	34730.601563
2640.892578	34879.011719
2637.906250	35028.113281
2634.918945	34905.066406
2631.930664	34486.820313
2628.941406	34430.164063
2625.950195	34103.589844
2622.957031	34261.843750
2619.963867	34300.527344
2616.967773	34111.308594
2613.971680	34024.867188
2610.973633	34296.230469
2607.974609	33694.652344
2604.973633	33555.996094
2601.971680	33382.484375
2598.967773	33235.753906
2595.962891	33124.089844
2592.957031	33136.425781
2589.949219	32860.304688
2586.940430	32498.843750
2583.929688	32544.636719
2580.917969	32120.542969
2577.905273	32333.218750
2574.890625	31907.929688
2571.875000	31912.419922
2568.857422	31855.580078
2565.838867	31363.148438
2562.819336	31433.248047
2559.797852	30929.855469
2556.775391	30779.242188
2553.750977	30729.613281
2550.725586	30432.953125
2547.698242	30059.742188
2544.669922	30111.197266
2541.640625	29898.541016
2538.609375	29368.523438
2535.577148	29425.140625
2532.542969	29312.771484
2529.507813	29074.472656
2526.471680	28787.810547
2523.433594	28647.878906
2520.393555	28350.140625
2517.353516	28133.238281
2514.310547	28016.781250
2511.267578	27672.894531
2508.222656	27666.753906
2505.175781	27343.841797
2502.127930	27227.105469
2499.079102	26860.400391
2496.028320	26702.998047
2492.976563	26376.171875
2489.922852	26341.115234
2486.868164	25858.427734
2483.812500	25573.314453
2480.754883	25521.480469
2477.695313	25291.523438
2474.634766	24910.648438
2471.573242	24815.074219
2468.509766	24566.964844
2465.445313	24332.943359
2462.378906	24183.111328
2459.311523	24090.460938
2456.242188	23630.494141
2453.171875	23510.484375
2450.100586	23237.570313
2447.027344	22840.433594
2443.953125	22716.052734
2440.876953	22308.943359
2437.799805	22471.671875
2434.720703	22311.070313
2431.640625	21819.470703
2428.558594	21631.722656
2425.475586	21457.925781
2422.390625	20890.382813
2419.304688	20728.416016
2416.217773	20531.773438
2413.128906	20499.607422
2410.038086	20147.912109
2406.946289	20029.417969
2403.853516	19745.335938
2400.758789	19577.843750
2397.663086	19312.794922
2394.565430	19037.492188
2391.466797	18902.810547
2388.366211	18437.636719
2385.264648	18435.531250
2382.161133	18314.992188
2379.056641	18114.841797
2375.950195	17799.773438
2372.842773	17560.613281
2369.734375	17291.917969
2366.624023	17238.068359
2363.511719	17066.968750
2360.398438	16957.853516
2357.284180	16595.203125
2354.167969	16451.902344
2351.049805	16151.557617
2347.930664	16150.451172
2344.810547	15797.641602
2341.688477	15778.272461
2338.564453	15490.785156
2335.439453	15387.564453
2332.313477	15102.115234
2329.185547	15180.595703
2326.056641	14779.658203
2322.925781	14617.849609
2319.792969	14574.313477
2316.660156	14288.287109
2313.524414	14101.401367
2310.387695	13841.358398
2307.250000	13858.792969
2304.110352	13575.207031
2300.969727	13429.576172
2297.827148	13228.388672
2294.682617	13012.275391
2291.537109	12974.396484
2288.390625	12845.983398
2285.242188	12616.839844
2282.092773	12510.928711
2278.941406	12277.387695
2275.788086	12166.967773
2272.633789	11992.449219
2269.478516	11771.348633
2266.321289	11632.802734
2263.162109	11497.548828
2260.001953	11322.071289
2256.840820	11337.317383
2253.676758	11098.053711
2250.512695	10855.061523
2247.346680	10756.000977
2244.178711	10632.563477
2241.009766	10466.639648
2237.838867	10445.162109
2234.666992	10136.037109
2231.493164	10003.654297
2228.318359	9891.865234
2225.141602	9891.146484
2221.963867	9586.781250
2218.784180	9561.039063
2215.602539	9458.298828
2212.419922	9263.746094
2209.236328	9127.474609
2206.050781	9093.350586
2202.863281	8883.545898
2199.674805	8850.346680
2196.485352	8684.733398
2193.292969	8531.023438
2190.100586	8428.346680
2186.905273	8407.933594
2183.709961	8216.234375
2180.511719	8192.807617
2177.312500	8017.014648
2174.112305	7931.991699
2170.910156	7769.754883
2167.706055	7727.842773
2164.500977	7551.030273
2161.294922	7563.829102
2158.085938	7279.720215
2154.876953	7326.121094
2151.665039	7197.311523
2148.452148	7110.640625
2145.238281	6996.049805
2142.022461	6922.767090
2138.804688	6892.288086
2135.585938	6732.909180
2132.365234	6632.677734
2129.143555	6541.850098
2125.919922	6426.288086
2122.695313	6406.957520
2119.468750	6304.736816
2116.240234	6263.792480
2113.010742	6014.655762
2109.780273	6023.401855
2106.546875	5845.759766
2103.312500	5877.763184
2100.077148	5803.885254
2096.839844	5703.046875
2093.600586	5590.724609
2090.360352	5534.055664
2087.119141	5371.020996
2083.875000	5381.564453
2080.629883	5250.340820
2077.383789	5220.885254
2074.135742	5107.561523
2070.885742	5062.812500
2067.634766	5028.869629
2064.381836	4890.431152
2061.127930	4861.976563
2057.871094	4794.387207
2054.614258	4720.721191
2051.355469	4680.109375
2048.094727	4621.899414
2044.832031	4608.959473
2041.568359	4418.316895
2038.303711	4430.749023
2035.037109	4383.476563
2031.768555	4239.870117
2028.498047	4224.841309
2025.226563	4063.104980
2021.954102	4048.172363
2018.678711	3992.027100
2015.403320	3948.906250
2012.125000	3830.317139
2008.845703	3832.290527
2005.564453	3777.874268
2002.282227	3668.672852
1998.998047	3665.387939
1995.712891	3579.168945
1992.424805	3502.918213
1989.136719	3460.185791
1985.845703	3463.839844
1982.553711	3371.043457
1979.260742	3325.395996
1975.964844	3289.654053
1972.667969	3190.246582
1969.370117	3146.264160
1966.070313	3179.596924
1962.768555	3066.752197
1959.465820	3040.296875
1956.161133	2973.015381
1952.854492	2978.385986
1949.546875	2912.708496
1946.237305	2852.380859
1942.925781	2840.432617
1939.613281	2789.252197
1936.298828	2732.085693
1932.982422	2689.298096
1929.665039	2671.418701
1926.346680	2645.270508
1923.025391	2557.413086
1919.703125	2582.511719
1916.378906	2551.928467
1913.053711	2444.695313
1909.726563	2442.007813
1906.397461	2379.240234
1903.067383	2345.808105
1899.735352	2358.925781
1896.401367	2324.034424
1893.066406	2274.934082
1889.729492	2206.401123
1886.390625	2199.338867
1883.050781	2141.386230
1879.708984	2136.604736
1876.365234	2118.367676
1873.020508	2041.104370
1869.673828	2025.170898
1866.326172	2017.465332
1862.975586	1985.885132
1859.624023	2017.738892
1856.271484	1900.447510
1852.916016	1856.299561
1849.559570	1835.283936
1846.202148	1811.310181
1842.841797	1805.217773
1839.480469	1752.274414
1836.118164	1730.604126
1832.752930	1677.004272
1829.386719	1677.670410
1826.018555	1679.819824
1822.649414	1641.901855
1819.278320	1608.469849
1815.905273	1558.021973
1812.531250	1558.000366
1809.154297	1526.877930
1805.777344	1498.745728
1802.397461	1478.777832
1799.016602	1428.513672
1795.633789	1442.594116
1792.249023	1407.907837
1788.863281	1393.927612
1785.475586	1402.098999
1782.085938	1336.503296
1778.694336	1324.051514
1775.301758	1281.400024
1771.907227	1288.135376
1768.510742	1225.666748
1765.113281	1246.401489
1761.713867	1215.636475
1758.312500	1185.636353
1754.910156	1164.481445
1751.505859	1183.734863
1748.099609	1120.764648
1744.691406	1123.146851
1741.282227	1096.929688
1737.871094	1111.779297
1734.458008	1054.826904
1731.042969	1058.699341
1727.626953	1006.950928
1724.208984	1018.156616
1720.790039	1008.880798
1717.368164	979.884460
1713.945313	988.164246
1710.520508	942.416199
1707.093750	928.087036
1703.666016	944.400879
1700.236328	917.692688
1696.804688	902.667297
1693.371094	888.384583
1689.936523	842.819275
1686.500000	854.040771
1683.061523	836.893860
1679.622070	821.943787
1676.179688	783.037720
1672.736328	800.073364
1669.291016	759.764709
1665.844727	757.211304
1662.396484	753.210205
1658.945313	737.619568
1655.494141	732.183105
1652.040039	744.848206
1648.584961	701.791138
1645.126953	716.627502
1641.668945	665.676208
1638.208008	675.458252
1634.745117	674.399414
1631.281250	642.308472
1627.815430	641.266663
1624.347656	600.572021
1620.878906	613.963867
1617.408203	585.567200
1613.935547	595.353149
1610.460938	565.554626
1606.984375	573.901917
1603.506836	557.800842
1600.027344	541.715698
1596.545898	555.806396
1593.062500	526.818604
1589.577148	525.119873
1586.090820	501.912140
1582.602539	508.827057
1579.112305	499.259949
1575.620117	476.099365
1572.126953	467.273438
1568.630859	454.880035
1565.133789	460.370392
1561.634766	449.421509
1558.133789	439.911713
1554.631836	425.414795
1551.127930	441.609497
1547.621094	421.421387
1544.114258	399.115295
1540.604492	410.311798
1537.092773	395.153259
1533.580078	376.451721
1530.065430	399.733765
1526.548828	388.868408
1523.030273	375.882202
1519.509766	356.517181
1515.988281	355.627258
1512.463867	346.224335
1508.938477	346.049316
1505.411133	334.534180
1501.882813	342.157318
1498.351563	339.860016
1494.818359	319.872803
1491.284180	316.881470
1487.748047	307.530334
1484.209961	309.494232
1480.669922	302.981049
1477.128906	301.415527
1473.584961	273.746765
1470.040039	267.261200
1466.493164	282.631378
1462.944336	250.082687
1459.393555	259.108856
1455.840820	265.310730
1452.287109	249.701294
1448.730469	242.543945
1445.172852	242.420425
1441.613281	250.022339
1438.051758	236.557831
1434.488281	225.913315
1430.922852	233.511688
1427.356445	226.383743
1423.787109	227.669220
1420.216797	213.549698
1416.644531	206.442535
1413.070313	207.735916
1409.494141	192.948807
1405.916016	203.331085
1402.336914	207.417282
1398.754883	177.296356
1395.171875	192.554062
1391.585938	186.876968
1387.999023	181.205627
1384.410156	183.899048
1380.819336	167.791412
1377.226563	169.097031
1373.632813	169.010208
1370.036133	171.008850
1366.438477	154.940552
1362.837891	159.027557
1359.236328	139.511353
1355.632813	148.458038
1352.027344	144.221375
1348.419922	134.444901
1344.810547	130.912338
1341.199219	141.229370
1337.585938	134.929047
1333.970703	130.018326
1330.354492	127.186302
1326.735352	134.029358
1323.115234	130.507538
1319.493164	130.440094
1315.869141	118.646019
1312.242188	135.131348
1308.614258	119.901466
1304.984375	121.905586
1301.353516	121.842453
1297.719727	113.523094
1294.083984	99.711006
1290.446289	102.408516
1286.807617	99.607590
1283.166016	112.601143
1279.523438	101.562897
1275.877930	103.567772
1272.231445	109.683647
1268.582031	90.441956
1264.931641	91.764534
1261.279297	84.187782
1257.625000	89.616730
1253.968750	84.783859
1250.310547	99.090752
1246.650391	88.110641
1242.988281	86.016663
1239.324219	78.466301
1235.658203	86.608856
1231.990234	78.384377
1228.320313	74.255936
1224.648438	72.174446
1220.975586	63.289742
1217.299805	63.936806
1213.622070	71.381386
1209.943359	77.459198
1206.261719	76.739502
1202.578125	62.445431
1198.893555	73.267059
1195.206055	64.414063
1191.517578	65.057938
1187.826172	58.927792
1184.133789	64.312630
1180.438477	62.248970
1176.742188	55.453598
1173.042969	50.693069
1169.342773	66.879631
1165.639648	55.366077
1161.935547	60.060787
1158.228516	50.586346
1154.520508	50.559669
1150.809570	43.121487
1147.097656	51.853153
1143.382813	47.114338
1139.666992	38.344261
1135.948242	51.098660
1132.227539	45.695675
1128.505859	42.984940
1124.781250	41.619617
1121.055664	44.281292
1117.327148	40.234390
1113.596680	44.234367
1109.865234	45.550632
1106.130859	37.492382
1102.394531	42.156540
1098.657227	40.127762
1094.916992	40.774883
1091.174805	43.425549
1087.430664	35.389690
1083.684570	32.701363
1079.936523	35.352028
1076.186523	34.666534
1072.434570	37.979607
1068.680664	30.633869
1064.924805	32.614323
1061.166992	31.931677
1057.406250	31.914627
1053.644531	29.903980
1049.880859	31.216354
1046.114258	30.535841
1042.346680	25.875233
1038.576172	23.872047
1034.803711	35.126141
1031.030273	27.158493
1027.253906	25.819841
1023.475586	32.422916
1019.695313	32.405521
1015.913086	21.151430
1012.128906	25.103832
1008.342773	25.750616
1004.553711	23.097105
