4046.277344	223.259979
4043.892578	232.693497
4041.505859	226.315231
4039.119141	252.409561
4036.731445	258.591553
4034.342773	264.768616
4031.952148	255.249161
4029.561523	254.102661
4027.169922	255.047546
4024.777344	275.844025
4022.383789	299.757324
4019.989258	281.890106
4017.593750	292.214813
4015.197266	299.401642
4012.799805	276.341522
4010.401367	271.020142
4008.001953	296.962036
4005.601563	315.592377
4003.201172	297.767761
4000.798828	296.608887
3998.395508	303.773407
3995.991211	298.453278
3993.585938	306.650696
3991.180664	308.607025
3988.773438	310.561707
3986.365234	318.744293
3983.957031	305.125549
3981.546875	338.201904
3979.135742	325.623077
3976.724609	327.566650
3974.311523	329.508545
3971.898438	350.092804
3969.483398	350.988617
3967.068359	340.499146
3964.651367	362.088654
3962.234375	347.466400
3959.815430	339.057983
3957.396484	378.188019
3954.975586	373.905396
3952.554688	362.398773
3950.131836	389.087524
3947.708984	394.090179
3945.284180	365.057922
3942.859375	419.545532
3940.432617	427.620880
3938.005859	392.429657
3935.577148	405.657074
3933.148438	415.786255
3930.718750	426.935974
3928.287109	429.849792
3925.855469	409.118652
3923.421875	421.284760
3920.988281	433.440979
3918.552734	445.587311
3916.117188	438.224304
3913.680664	458.565704
3911.242188	477.865143
3908.803711	457.171997
3906.363281	483.628662
3903.922852	454.755768
3901.480469	475.048950
3899.038086	452.342865
3896.593750	496.149139
3894.149414	484.700897
3891.703125	477.350372
3889.256836	489.418915
3886.808594	504.541595
3884.360352	532.923950
3881.910156	517.401123
3879.459961	519.232483
3877.007813	513.924316
3874.555664	545.314270
3872.101563	539.999573
3869.646484	531.633606
3867.191406	544.653137
3864.734375	535.274109
3862.277344	577.780701
3859.818359	564.328308
3857.358398	583.411316
3854.897461	579.111023
3852.436523	584.969788
3849.973633	590.823608
3847.509766	615.952759
3845.044922	590.344482
3842.579102	590.104919
3840.113281	613.176270
3837.645508	647.372803
3835.176758	621.792542
3832.707031	652.920593
3830.236328	641.524719
3827.764648	653.401367
3825.291992	654.146667
3822.818359	678.135803
3820.343750	657.655396
3817.868164	683.642761
3815.390625	689.420776
3812.913086	671.987122
3810.434570	701.970703
3807.955078	700.676392
3805.473633	701.398438
3802.992188	730.325439
3800.509766	711.902649
3798.025391	752.879578
3795.541016	755.590515
3793.054688	730.139465
3790.568359	738.888794
3788.080078	754.664917
3785.591797	771.432434
3783.101563	815.295593
3780.610352	784.852722
3778.119141	841.716125
3775.625977	806.272705
3773.131836	813.961914
3770.636719	868.738892
3768.140625	847.349548
3765.643555	882.043823
3763.145508	853.660583
3760.646484	902.328369
3758.146484	908.957947
3755.645508	919.580017
3753.143555	918.203491
3750.639648	920.822693
3748.135742	949.395630
3745.630859	936.032898
3743.124023	956.595642
3740.617188	1010.044922
3738.108398	999.662964
3735.599609	1016.188293
3733.088867	992.865601
3730.577148	986.484375
3728.064453	1055.730591
3725.551758	1026.451782
3723.037109	1042.930664
3720.521484	1083.246948
3718.004883	1067.899536
3715.487305	1107.178711
3712.967773	1119.625610
3710.448242	1136.030640
3707.927734	1134.570068
3705.406250	1117.248901
3702.882813	1166.334473
3700.359375	1150.004395
3697.833984	1191.114258
3695.308594	1189.632324
3692.781250	1187.161987
3690.252930	1231.171387
3687.723633	1222.754272
3685.193359	1219.284180
3682.662109	1251.372559
3680.129883	1280.472168
3677.596680	1292.770996
3675.062500	1319.855835
3672.527344	1341.001587
3669.990234	1334.532104
3667.453125	1398.017700
3664.915039	1344.258545
3662.375000	1342.716553
3659.833984	1402.182739
3657.292969	1401.600708
3654.750000	1427.564453
3652.206055	1429.919922
3649.661133	1451.920044
3647.115234	1458.190430
3644.568359	1463.473511
3642.019531	1469.733032
3639.470703	1514.234985
3636.920898	1536.152344
3634.369141	1564.910278
3631.817383	1526.058472
3629.263672	1590.043091
3626.708984	1604.061157
3624.153320	1623.936768
3621.596680	1631.083008
3619.039063	1656.794556
3616.480469	1681.507080
3613.920898	1726.708130
3611.360352	1723.059204
3608.797852	1743.808472
3606.235352	1724.547485
3603.670898	1800.853760
3601.105469	1828.365356
3598.540039	1822.730469
3595.972656	1884.291748
3593.404297	1888.371094
3590.834961	1917.743896
3588.264648	1929.585327
3585.692383	1921.973022
3583.120117	1970.728516
3580.545898	1947.562622
3577.971680	2005.004028
3575.395508	2026.486694
3572.818359	2056.682129
3570.240234	2111.094727
3567.661133	2135.412354
3565.081055	2063.786377
3562.500000	2122.968262
3559.917969	2168.546631
3557.333984	2123.122803
3554.750000	2210.255127
3552.164063	2254.770752
3549.577148	2229.662109
3546.989258	2267.368408
3544.400391	2307.939209
3541.810547	2308.899902
3539.219727	2354.242188
3536.626953	2386.043457
3534.034180	2417.817383
3531.439453	2491.000244
3528.844727	2419.636230
3526.248047	2473.498779
3523.650391	2523.465576
3521.051758	2544.529053
3518.451172	2594.422607
3515.850586	2568.337891
3513.249023	2584.549805
3510.645508	2654.529297
3508.041016	2711.009277
3505.436523	2699.310303
3502.830078	2747.089355
3500.222656	2846.601318
3497.613281	2803.231445
3495.003906	2917.003418
3492.393555	2865.020752
3489.781250	2924.111084
3487.167969	2983.150635
3484.553711	2971.369873
3481.938477	3015.042969
3479.322266	3044.344971
3476.705078	3151.942383
3474.086914	3221.258545
3471.466797	3157.864014
3468.845703	3217.578125
3466.224609	3260.077393
3463.601563	3314.930176
3460.977539	3356.397705
3458.351563	3394.019775
3455.725586	3513.472656
3453.098633	3475.825928
3450.469727	3570.412354
3447.839844	3648.755615
3445.208984	3605.394775
3442.577148	3716.900635
3439.944336	3766.594727
3437.310547	3731.777344
3434.674805	3837.392334
3432.039063	3825.331055
3429.401367	3882.473145
3426.762695	4007.783203
3424.123047	4053.432129
3421.481445	4196.547363
3418.839844	4233.558594
3416.197266	4227.973633
3413.552734	4241.301270
3410.907227	4356.681641
3408.260742	4321.763672
3405.613281	4372.800293
3402.963867	4527.615234
3400.314453	4525.685547
3397.663086	4528.471680
3395.011719	4609.492676
3392.358398	4745.093262
3389.704102	4838.193848
3387.047852	4791.882324
3384.391602	4837.829102
3381.733398	4948.639160
3379.075195	4987.895996
3376.415039	5005.501465
3373.753906	5079.456055
3371.090820	5176.821777
3368.427734	5231.864746
3365.762695	5368.483887
3363.097656	5263.965820
3360.430664	5444.510254
3357.762695	5554.622559
3355.092773	5555.054688
3352.422852	5654.724121
3349.750977	5764.600098
3347.079102	5782.709961
3344.405273	5838.203125
3341.729492	5907.666504
3339.053711	5981.739258
3336.376953	6166.870605
3333.698242	6142.757324
3331.018555	6256.748535
3328.337891	6331.470703
3325.656250	6339.939941
3322.973633	6347.468262
3320.289063	6470.482910
3317.604492	6534.736816
3314.917969	6593.349609
3312.230469	6707.722656
3309.541016	6790.382324
3306.851563	6928.733398
3304.160156	6901.599609
3301.467773	6950.633789
3298.774414	7054.387695
3296.080078	7195.162598
3293.384766	7218.960449
3290.687500	7318.750977
3287.990234	7377.682617
3285.291016	7431.930176
3282.589844	7506.496582
3279.888672	7491.231445
3277.186523	7665.605469
3274.482422	7727.948730
3271.777344	7860.476074
3269.071289	7979.953613
3266.364258	8083.627441
3263.655273	8066.293945
3260.945313	8293.467773
3258.234375	8323.087891
3255.522461	8402.458008
3252.809570	8455.035156
3250.095703	8536.117188
3247.379883	8624.491211
3244.663086	8749.596680
3241.945313	8803.763672
3239.226563	8913.046875
3236.505859	9061.751953
3233.784180	9214.000977
3231.061523	9255.007813
3228.337891	9351.046875
3225.613281	9549.754883
3222.886719	9533.697266
3220.160156	9746.814453
3217.431641	9863.538086
3214.702148	10036.940430
3211.970703	10063.715820
3209.239258	10140.792969
3206.505859	10283.657227
3203.771484	10417.250977
3201.035156	10564.435547
3198.298828	10674.035156
3195.560547	10739.708984
3192.821289	10884.726563
3190.081055	11033.264648
3187.339844	11188.964844
3184.596680	11377.340820
3181.853516	11444.373047
3179.108398	11556.879883
3176.361328	11754.853516
3173.614258	11904.426758
3170.865234	11935.628906
3168.115234	12212.263672
3165.364258	12218.761719
3162.612305	12128.967773
3159.858398	12269.864258
3157.104492	12601.217773
3154.347656	12764.458008
3151.590820	12981.049805
3148.833008	13001.675781
3146.073242	13255.112305
3143.312500	13280.122070
3140.550781	13341.312500
3137.787109	13535.447266
3135.023438	13653.441406
3132.257813	13863.535156
3129.491211	14003.864258
3126.722656	14161.228516
3123.954102	14235.392578
3121.183594	14320.316406
3118.412109	14526.934570
3115.638672	14655.828125
3112.865234	14787.308594
3110.089844	14687.156250
3107.313477	14897.737305
3104.536133	15060.428711
3101.756836	15066.433594
3098.976563	15377.276367
3096.195313	15475.710938
3093.413086	15630.659180
3090.628906	15761.218750
3087.844727	15918.588867
3085.058594	16242.712891
3082.270508	16538.744141
3079.482422	16509.082031
3076.692383	16777.843750
3073.901367	16743.613281
3071.109375	17046.050781
3068.315430	17321.367188
3065.520508	17306.609375
3062.724609	17359.814453
3059.927734	17580.990234
3057.128906	17765.341797
3054.329102	17930.773438
3051.528320	18043.390625
3048.726563	18287.949219
3045.922852	18272.775391
3043.118164	18480.457031
3040.312500	18752.105469
3037.505859	18828.464844
3034.697266	18791.693359
3031.887695	19174.056641
3029.077148	19320.378906
3026.264648	19429.224609
3023.452148	19675.712891
3020.637695	19588.876953
3017.821289	20102.314453
3015.004883	20041.093750
3012.186523	20203.466797
3009.367188	20541.257813
3006.545898	20742.253906
3003.724609	20743.734375
3000.901367	21266.781250
2998.077148	21221.990234
2995.250977	21406.380859
2992.423828	21434.955078
2989.595703	21706.589844
2986.766602	22000.949219
2983.935547	22141.369141
2981.104492	22271.064453
2978.270508	22478.291016
2975.436523	22684.443359
2972.600586	22893.052734
2969.763672	23103.234375
2966.925781	23241.873047
2964.085938	23302.904297
2961.245117	23575.087891
2958.403320	23790.724609
2955.560547	24034.300781
2952.715820	24121.212891
2949.870117	24498.822266
2947.023438	24734.714844
2944.174805	24719.361328
2941.325195	25019.855469
2938.474609	25247.289063
2935.622070	25513.082031
2932.768555	25543.818359
2929.914063	25838.128906
2927.058594	25951.839844
2924.201172	26162.568359
2921.342773	26585.632813
2918.483398	26755.662109
2915.622070	26916.792969
2912.759766	27219.271484
2909.896484	27277.017578
2907.032227	27551.126953
2904.166016	28038.691406
2901.298828	28147.414063
2898.429688	28093.056641
2895.559570	28433.359375
2892.688477	28640.998047
2889.816406	28790.128906
2886.942383	29113.980469
2884.067383	29375.796875
2881.191406	29672.136719
2878.314453	29804.001953
2875.435547	29979.162109
2872.554688	30088.185547
2869.673828	30586.671875
2866.791016	30862.687500
2863.907227	30993.683594
2861.021484	31206.000000
2858.134766	31531.576172
2855.247070	31564.246094
2852.358398	31853.875000
2849.467773	32253.080078
2846.576172	32538.664063
2843.682617	32480.916016
2840.789063	32907.781250
2837.893555	32815.363281
2834.996094	33133.804688
2832.097656	33295.816406
2829.198242	33560.281250
2826.297852	33615.070313
2823.395508	34046.253906
2820.492188	34136.921875
2817.587891	34125.937500
2814.681641	34157.968750
2811.774414	34475.449219
2808.866211	34434.210938
2805.956055	34926.527344
2803.044922	35201.984375
2800.131836	35162.164063
2797.218750	35425.234375
2794.303711	35508.820313
2791.386719	35627.468750
2788.468750	35819.683594
2785.549805	35874.687500
2782.629883	36195.863281
2779.708008	36058.097656
2776.785156	36301.906250
2773.860352	36695.089844
2770.935547	36683.722656
2768.007813	36627.082031
2765.080078	36894.058594
2762.150391	36682.039063
2759.219727	37063.023438
2756.287109	37215.160156
2753.353516	37316.011719
2750.418945	37562.425781
2747.482422	37472.285156
2744.544922	37522.640625
2741.606445	37604.410156
2738.666016	37740.519531
2735.724609	37629.164063
2732.782227	37777.007813
2729.837891	37880.546875
2726.892578	37799.800781
2723.945313	38053.378906
2720.997070	37904.765625
2718.047852	38013.101563
2715.097656	38181.480469
2712.145508	38029.585938
2709.191406	38412.785156
2706.237305	38026.535156
2703.281250	38019.496094
2700.323242	38326.910156
2697.364258	38253.812500
2694.404297	38548.152344
2691.443359	38188.824219
2688.480469	38369.832031
2685.515625	38374.394531
2682.550781	38334.261719
2679.583984	38391.054688
2676.615234	38453.679688
2673.646484	38249.359375
2670.674805	38497.097656
2667.703125	38133.949219
2664.729492	38412.597656
2661.754883	37896.847656
2658.778320	37727.621094
2655.800781	37927.957031
2652.821289	37904.871094
2649.840820	37632.660156
2646.859375	37738.824219
2643.876953	37373.886719
2640.892578	37521.933594
2637.906250	37765.289063
2634.918945	37425.906250
2631.930664	37047.500000
2628.941406	37262.273438
2625.950195	36693.707031
2622.957031	36811.515625
2619.963867	36913.335938
2616.967773	36692.046875
2613.971680	36673.675781
2610.973633	36359.277344
2607.974609	36189.347656
2604.973633	35945.417969
2601.971680	35752.492188
2598.967773	35657.953125
2595.962891	35503.585938
2592.957031	35261.195313
2589.949219	35152.843750
2586.940430	34689.804688
2583.929688	34760.343750
2580.917969	34439.832031
2577.905273	34390.917969
2574.890625	34174.507813
2571.875000	33899.433594
2568.857422	34000.773438
2565.838867	33354.144531
2562.819336	33462.242188
2559.797852	32834.628906
2556.775391	32749.312500
2553.750977	32355.705078
2550.725586	32162.416016
2547.698242	31999.027344
2544.669922	31625.261719
2541.640625	31535.687500
2538.609375	31199.570313
2535.577148	31166.312500
2532.542969	30941.074219
2529.507813	30534.828125
2526.471680	30175.046875
2523.433594	29860.021484
2520.393555	29815.888672
2517.353516	29345.089844
2514.310547	29531.312500
2511.267578	28967.417969
2508.222656	28923.736328
2505.175781	28636.355469
2502.127930	28317.240234
2499.079102	27862.304688
2496.028320	27698.707031
2492.976563	27310.806641
2489.922852	27159.875000
2486.868164	26896.955078
2483.812500	26635.904297
2480.754883	26512.447266
2477.695313	26264.054688
2474.634766	25979.123047
2471.573242	25691.994141
2468.509766	25492.449219
2465.445313	25319.998047
2462.378906	25026.207031
2459.311523	24686.222656
2456.242188	24572.195313
2453.171875	24095.111328
2450.100586	24035.974609
2447.027344	23535.158203
2443.953125	23402.324219
2440.876953	23069.669922
2437.799805	22715.382813
2434.720703	22683.775391
2431.640625	22314.556641
2428.558594	22217.437500
2425.475586	21890.927734
2422.390625	21701.683594
2419.304688	21513.417969
2416.217773	21344.751953
2413.128906	21081.541016
2410.038086	20582.339844
2406.946289	20490.328125
2403.853516	20267.460938
2400.758789	20210.404297
2397.663086	19720.578125
2394.565430	19395.851563
2391.466797	19336.839844
2388.366211	19014.998047
2385.264648	18850.617188
2382.161133	18548.623047
2379.056641	18445.798828
2375.950195	18217.501953
2372.842773	17986.193359
2369.734375	17843.548828
2366.624023	17695.402344
2363.511719	17396.353516
2360.398438	17336.070313
2357.284180	17031.033203
2354.167969	16941.279297
2351.049805	16583.773438
2347.930664	16399.720703
2344.810547	16390.484375
2341.688477	16098.578125
2338.564453	15760.516602
2335.439453	15588.369141
2332.313477	15466.753906
2329.185547	15342.048828
2326.056641	15115.196289
2322.925781	14800.711914
2319.792969	14679.669922
2316.660156	14473.373047
2313.524414	14386.077148
2310.387695	14070.905273
2307.250000	13945.628906
2304.110352	13740.040039
2300.969727	13577.617188
2297.827148	13622.184570
2294.682617	13339.888672
2291.537109	13103.950195
2288.390625	12892.060547
2285.242188	12792.327148
2282.092773	12468.069336
2278.941406	12477.303711
2275.788086	12276.394531
2272.633789	12120.845703
2269.478516	11952.763672
2266.321289	11840.262695
2263.162109	11701.745117
2260.001953	11506.394531
2256.840820	11373.690430
2253.676758	11264.817383
2250.512695	11028.856445
2247.346680	10936.820313
2244.178711	10837.764648
2241.009766	10535.270508
2237.838867	10473.547852
2234.666992	10283.416016
2231.493164	10181.686523
2228.318359	10012.334961
2225.141602	9891.933594
2221.963867	9800.747070
2218.784180	9662.467773
2215.602539	9491.306641
2212.419922	9423.994141
2209.236328	9283.720703
2206.050781	9215.777344
2202.863281	9045.135742
2199.674805	8743.715820
2196.485352	8792.881836
2193.292969	8631.287109
2190.100586	8537.958008
2186.905273	8501.059570
2183.709961	8284.286133
2180.511719	8201.408203
2177.312500	8006.074219
2174.112305	8006.976563
2170.910156	7782.246582
2167.706055	7778.565918
2164.500977	7659.448242
2161.294922	7537.322266
2158.085938	7399.724121
2154.876953	7280.946289
2151.665039	7225.337891
2148.452148	7087.296387
2145.238281	7111.159668
2142.022461	6964.746582
2138.804688	6823.132324
2135.585938	6823.002441
2132.365234	6721.952148
2129.143555	6577.542969
2125.919922	6432.492676
2122.695313	6422.461426
2119.468750	6319.458008
2116.240234	6161.564453
2113.010742	6066.519531
2109.780273	5968.467773
2106.546875	5982.643066
2103.312500	5897.860352
2100.077148	5838.652832
2096.839844	5665.207031
2093.600586	5640.125000
2090.360352	5579.575195
2087.119141	5576.916504
2083.875000	5426.269531
2080.629883	5298.876465
2077.383789	5173.142578
2074.135742	5168.366211
2070.885742	5220.520508
2067.634766	5101.149902
2064.381836	4911.182617
2061.127930	4980.280273
2057.871094	4836.618164
2054.614258	4755.257324
2051.355469	4630.247070
2048.094727	4608.098145
2044.832031	4510.863770
2041.568359	4481.895020
2038.303711	4368.732422
2035.037109	4313.071777
2031.768555	4262.816895
2028.498047	4231.722168
2025.226563	4149.456543
2021.954102	4088.654053
2018.678711	4053.102295
2015.403320	3991.638428
2012.125000	3897.435547
2008.845703	3895.564697
2005.564453	3870.073242
2002.282227	3760.065918
1998.998047	3619.713379
1995.712891	3592.864746
1992.424805	3594.179688
1989.136719	3551.403320
1985.845703	3503.348389
1982.553711	3391.547607
1979.260742	3378.529297
1975.964844	3268.410889
1972.667969	3183.421631
1969.370117	3153.085693
1966.070313	3158.384277
1962.768555	3115.214355
1959.465820	3003.210938
1956.161133	2967.719971
1952.854492	2947.384766
1949.546875	2914.219971
1946.237305	2893.927734
1942.925781	2852.513184
1939.613281	2797.553467
1936.298828	2741.137207
1932.982422	2671.957520
1929.665039	2684.983154
1926.346680	2634.725586
1923.025391	2622.910645
1919.703125	2507.263672
1916.378906	2508.305908
1913.053711	2464.992676
1909.726563	2482.582764
1906.397461	2410.783203
1903.067383	2356.317383
1899.735352	2334.916504
1896.401367	2264.789795
1893.066406	2262.191406
1889.729492	2228.877197
1886.390625	2241.273682
1883.050781	2196.024658
1879.708984	2144.085938
1876.365234	2104.160645
1873.020508	2032.135742
1869.673828	2055.051758
1866.326172	2022.691895
1862.975586	1981.407349
1859.624023	1943.891846
1856.271484	1924.305664
1852.916016	1903.247437
1849.559570	1818.152710
1846.202148	1807.587891
1842.841797	1824.564697
1839.480469	1731.449341
1836.118164	1749.932129
1832.752930	1734.960205
1829.386719	1662.817261
1826.018555	1669.427612
1822.649414	1632.998657
1819.278320	1585.481079
1815.905273	1607.682983
1812.531250	1568.372314
1809.154297	1583.154663
1805.777344	1491.344482
1802.397461	1465.462158
1799.016602	1478.792603
1795.633789	1424.857300
1792.249023	1404.953125
1788.863281	1392.451050
1785.475586	1335.683838
1782.085938	1317.326172
1778.694336	1327.000366
1775.301758	1318.979980
1771.907227	1246.891479
1768.510742	1244.806274
1765.113281	1246.401489
1761.713867	1199.457397
1758.312500	1228.269287
1754.910156	1196.072998
1751.505859	1166.110962
1748.099609	1121.498657
1744.691406	1105.540283
1741.282227	1121.126709
1737.871094	1112.512085
1734.458008	1083.395142
1731.042969	1034.538086
1727.626953	1011.341736
1724.208984	1010.842285
1720.790039	1008.880798
1717.368164	979.884460
1713.945313	983.782166
1710.520508	947.526123
1707.093750	948.516663
1703.666016	945.859436
1700.236328	929.355225
1696.804688	867.697144
1693.371094	891.297363
1689.936523	879.210388
1686.500000	857.678101
1683.061523	831.804138
1679.622070	834.298401
1676.179688	797.565308
1672.736328	826.210083
1669.291016	796.047668
1665.844727	767.365479
1662.396484	751.035400
1658.945313	757.907715
1655.494141	738.701050
1652.040039	712.274658
1648.584961	716.984558
1645.126953	673.962463
1641.668945	674.349487
1638.208008	674.013428
1634.745117	646.961304
1631.281250	650.968811
1627.815430	646.316040
1624.347656	602.734924
1620.878906	611.081360
1617.408203	607.174866
1613.935547	592.473572
1610.460938	571.310913
1606.984375	538.662292
1603.506836	554.206787
1600.027344	567.580078
1596.545898	519.183472
1593.062500	541.173279
1589.577148	521.533020
1586.090820	533.460876
1582.602539	495.210541
1579.112305	500.692535
1575.620117	492.565979
1572.126953	485.878479
1568.630859	481.343170
1565.133789	457.510956
1561.634766	445.848999
1558.133789	450.623840
1554.631836	426.842346
1551.127930	432.334961
1547.621094	426.412842
1544.114258	425.485413
1540.604492	403.188324
1537.092773	424.344788
1533.580078	414.168030
1530.065430	391.909790
1526.548828	380.337494
1523.030273	375.171631
1519.509766	356.517181
1515.988281	360.596100
1512.463867	363.961243
1508.938477	348.176666
1505.411133	335.242920
1501.882813	333.656525
1498.351563	326.407227
1494.818359	328.364990
1491.284180	305.564270
1487.748047	292.684021
1484.209961	307.374420
1480.669922	295.918549
1477.128906	312.709808
1473.584961	273.041229
1470.040039	289.121613
1466.493164	292.498810
1462.944336	264.171844
1459.393555	266.149841
1455.840820	257.569580
1452.287109	262.362213
1448.730469	246.762100
1445.172852	246.636444
1441.613281	257.747742
1438.051758	249.894928
1434.488281	221.002151
1430.922852	215.980774
1427.356445	229.187256
1423.787109	224.166611
1420.216797	231.753937
1416.644531	212.740784
1413.070313	197.244202
1409.494141	199.939713
1405.916016	198.439972
1402.336914	196.243286
1398.754883	194.746780
1395.171875	191.856400
1391.585938	189.666183
1387.999023	182.599518
1384.410156	186.685394
1380.819336	185.893387
1377.226563	176.751633
1373.632813	163.446075
1370.036133	168.228226
1366.438477	173.700180
1362.837891	163.194214
1359.236328	163.110275
1355.632813	142.908203
1352.027344	158.088821
1348.419922	138.602982
1344.810547	140.609543
1341.199219	141.229370
1337.585938	125.241829
1333.970703	130.018326
1330.354492	125.803841
1326.735352	132.647614
1323.115234	127.745483
1319.493164	123.538506
1315.869141	130.372665
1312.242188	115.826866
1308.614258	128.859619
1304.984375	120.528122
1301.353516	122.530830
1297.719727	105.266869
1294.083984	111.401260
1290.446289	112.718102
1286.807617	103.729286
1283.166016	100.929070
1279.523438	100.190430
1275.877930	100.824257
1272.231445	98.029762
1268.582031	97.978790
1264.931641	91.079720
1261.279297	95.139038
1257.625000	91.669022
1253.968750	92.305008
1250.310547	92.940292
1246.650391	80.597328
1242.988281	86.016663
1239.324219	80.513252
1235.658203	81.835136
1231.990234	75.657967
1228.320313	70.849701
1224.648438	81.026024
1220.975586	69.414558
1217.299805	72.779129
1213.622070	70.021736
1209.943359	67.946671
1206.261719	68.590179
1202.578125	61.087921
1198.893555	63.769478
1195.206055	62.379932
1191.517578	60.991817
1187.826172	61.637115
1184.133789	63.635658
1180.438477	52.099682
1176.742188	56.129864
1173.042969	56.776237
1169.342773	46.613075
1165.639648	50.639706
1161.935547	49.938183
1158.228516	52.609798
1154.520508	46.514896
1150.809570	53.901859
1147.097656	55.220242
1143.382813	43.075966
1139.666992	46.416740
1135.948242	43.030449
1132.227539	50.399643
1128.505859	38.283463
1124.781250	47.661175
1121.055664	40.255718
1117.327148	38.222672
1113.596680	43.564152
1109.865234	40.861599
1106.130859	40.170410
1102.394531	42.156540
1098.657227	37.452579
1094.916992	40.774883
1091.174805	40.753208
1087.430664	30.715582
1083.684570	32.033985
1079.936523	34.017990
1076.186523	27.333231
1072.434570	30.650209
1068.680664	34.629589
1064.924805	30.617529
1061.166992	31.266434
1057.406250	30.584850
1053.644531	29.239449
1049.880859	23.246222
1046.114258	31.863485
1042.346680	32.509907
1038.576172	31.829395
1034.803711	26.510294
1031.030273	26.496092
1027.253906	31.778267
1023.475586	29.114456
1019.695313	32.405521
1015.913086	25.778305
1012.128906	25.103832
1008.342773	23.109528
1004.553711	25.736773
