4046.277344	212.778290
4043.892578	221.163635
4041.505859	226.315231
4039.119141	232.510056
4036.731445	236.606049
4034.342773	209.303253
4031.952148	229.096588
4029.561523	233.188858
4027.169922	219.508133
4024.777344	233.004608
4022.383789	249.623688
4019.989258	236.996506
4017.593750	230.640991
4015.197266	260.802826
4012.799805	262.785156
4010.401367	247.045273
4008.001953	262.576965
4005.601563	258.306641
4003.201172	251.957321
4000.798828	260.183228
3998.395508	278.805725
3995.991211	274.535431
3993.585938	253.636520
3991.180664	266.004730
3988.773438	287.711029
3986.365234	288.634888
3983.957031	275.028137
3981.546875	289.442719
3979.135742	310.067841
3976.724609	297.505157
3974.311523	303.603790
3971.898438	297.268158
3969.483398	293.008209
3967.068359	312.555450
3964.651367	311.396240
3962.234375	323.681488
3959.815430	318.383728
3957.396484	320.323181
3954.975586	328.458344
3952.554688	340.716797
3950.131836	343.676788
3947.708984	352.824188
3945.284180	338.245758
3942.859375	327.802155
3940.432617	357.552856
3938.005859	332.689697
3935.577148	355.207336
3933.148438	364.327576
3930.718750	361.095245
3928.287109	377.404022
3925.855469	384.448181
3923.421875	378.128754
3920.988281	369.760071
3918.552734	360.371307
3916.117188	362.279114
3913.680664	397.013245
3911.242188	373.268036
3908.803711	406.944580
3906.363281	400.633057
3903.922852	387.156921
3901.480469	406.453522
3899.038086	435.968475
3896.593750	422.494019
3894.149414	417.210876
3891.703125	416.020569
3889.256836	423.005066
3886.808594	436.111877
3884.360352	414.496429
3881.910156	420.452209
3879.459961	440.684509
3877.007813	438.467163
3874.555664	445.424957
3872.101563	471.735474
3869.646484	434.880371
3867.191406	473.390137
3864.734375	476.251495
3862.277344	476.058777
3859.818359	492.134979
3857.358398	486.853699
3854.897461	523.231873
3852.436523	498.646118
3849.973633	530.929138
3847.509766	517.522095
3845.044922	532.527222
3842.579102	502.907318
3840.113281	543.243774
3837.645508	556.193542
3835.176758	554.954956
3832.707031	547.643494
3830.236328	554.504028
3827.764648	582.599365
3825.291992	555.064209
3822.818359	594.253113
3820.343750	584.919312
3817.868164	607.906860
3815.390625	597.565308
3812.913086	621.537659
3810.434570	640.447388
3807.955078	609.941345
3805.473633	623.801208
3802.992188	633.620239
3800.509766	648.465759
3798.025391	652.227234
3795.541016	651.960938
3793.054688	654.711792
3790.568359	664.497253
3788.080078	690.352600
3785.591797	695.092773
3783.101563	707.861328
3780.610352	711.586426
3778.119141	740.389160
3775.625977	736.074829
3773.131836	703.696167
3770.636719	751.504272
3768.140625	796.268188
3765.643555	770.912292
3763.145508	763.590881
3760.646484	784.285400
3758.146484	798.963074
3755.645508	807.631165
3753.143555	835.275452
3750.639648	817.954224
3748.135742	814.623413
3745.630859	838.238464
3743.124023	848.866455
3740.617188	860.482544
3738.108398	895.012268
3735.599609	893.647949
3733.088867	898.259521
3730.577148	895.898987
3728.064453	912.445801
3725.551758	953.844238
3723.037109	940.526611
3720.521484	928.213440
3718.004883	971.540283
3715.487305	950.287048
3712.967773	961.806030
3710.448242	1009.033264
3707.927734	1015.559265
3705.406250	1009.191956
3702.882813	1028.594116
3700.359375	1056.894653
3697.833984	1069.329590
3695.308594	1044.144897
3692.781250	1077.349487
3690.252930	1079.870728
3687.723633	1120.940430
3685.193359	1138.261963
3682.662109	1103.222656
3680.129883	1111.651245
3677.596680	1124.020020
3675.062500	1157.093384
3672.527344	1157.599976
3669.990234	1155.148926
3667.453125	1154.670044
3664.915039	1173.887329
3662.375000	1204.901123
3659.833984	1218.177002
3657.292969	1235.375732
3654.750000	1240.761963
3652.206055	1225.505249
3649.661133	1250.537354
3647.115234	1276.530273
3644.568359	1254.405884
3642.019531	1310.789917
3639.470703	1321.032715
3636.920898	1322.443848
3634.369141	1335.612183
3631.817383	1350.728271
3629.263672	1365.831421
3626.708984	1345.688843
3624.153320	1394.042114
3621.596680	1396.394775
3619.039063	1442.730835
3616.480469	1467.532715
3613.920898	1463.014038
3611.360352	1480.952271
3608.797852	1480.334229
3606.235352	1518.733276
3603.670898	1525.899414
3601.105469	1522.338257
3598.540039	1536.315308
3595.972656	1617.472046
3593.404297	1566.179932
3590.834961	1586.930664
3588.264648	1629.060181
3585.692383	1659.488037
3583.120117	1640.330322
3580.545898	1678.497803
3577.971680	1707.894409
3575.395508	1724.648926
3572.818359	1764.672119
3570.240234	1774.599609
3567.661133	1799.058228
3565.081055	1816.713379
3562.500000	1820.794067
3559.917969	1888.765503
3557.333984	1871.522217
3554.750000	1894.918945
3552.164063	1930.864990
3549.577148	1885.596313
3546.989258	1961.123901
3544.400391	2018.239746
3541.810547	1997.121216
3539.219727	2005.930176
3536.626953	2029.197876
3534.034180	2081.366699
3531.439453	2062.182129
3528.844727	2159.563721
3526.248047	2167.320313
3523.650391	2175.069336
3521.051758	2224.178223
3518.451172	2245.358154
3515.850586	2257.868896
3513.249023	2339.546143
3510.645508	2306.866699
3508.041016	2321.253662
3505.436523	2337.547119
3502.830078	2371.091309
3500.222656	2441.039795
3497.613281	2496.553223
3495.003906	2493.583008
3492.393555	2525.086914
3489.781250	2503.919678
3487.167969	2588.012451
3484.553711	2573.529541
3481.938477	2606.855469
3479.322266	2732.839600
3476.705078	2704.939697
3474.086914	2740.074707
3471.466797	2767.544922
3468.845703	2818.838867
3466.224609	2885.344971
3463.601563	2939.403320
3460.977539	2944.826904
3458.351563	2966.434082
3455.725586	2988.974365
3453.098633	3064.778320
3450.469727	3046.358643
3447.839844	3254.218506
3445.208984	3200.571777
3442.577148	3219.160889
3439.944336	3273.813477
3437.310547	3224.020264
3434.674805	3303.288086
3432.039063	3411.884277
3429.401367	3419.912842
3426.762695	3461.094971
3424.123047	3528.759033
3421.481445	3509.271484
3418.839844	3564.554199
3416.197266	3651.001709
3413.552734	3691.993164
3410.907227	3795.321777
3408.260742	3735.137451
3405.613281	3803.420410
3402.963867	3837.666016
3400.314453	3925.657471
3397.663086	3933.414307
3395.011719	3952.475098
3392.358398	4026.168213
3389.704102	4186.445801
3387.047852	4252.442383
3384.391602	4149.937012
3381.733398	4372.034668
3379.075195	4261.101563
3376.415039	4271.499023
3373.753906	4340.130859
3371.090820	4431.239258
3368.427734	4541.040527
3365.762695	4558.801758
3363.097656	4655.322754
3360.430664	4604.585938
3357.762695	4790.018555
3355.092773	4782.348633
3352.422852	4825.239746
3349.750977	4813.815430
3347.079102	4894.069824
3344.405273	4969.579102
3341.729492	5086.145020
3339.053711	5111.056641
3336.376953	5116.335938
3333.698242	5233.618164
3331.018555	5289.219727
3328.337891	5374.615723
3325.656250	5449.682129
3322.973633	5378.389160
3320.289063	5505.545410
3317.604492	5603.729980
3314.917969	5665.534668
3312.230469	5723.563965
3309.541016	5757.366211
3306.851563	5759.538574
3304.160156	5960.514648
3301.467773	5993.238281
3298.774414	5965.598633
3296.080078	6015.916504
3293.384766	6084.737793
3290.687500	6212.827148
3287.990234	6323.198242
3285.291016	6312.139160
3282.589844	6397.372070
3279.888672	6425.153809
3277.186523	6347.458008
3274.482422	6649.845215
3271.777344	6727.384766
3269.071289	6791.921875
3266.364258	6884.103516
3263.655273	6988.203613
3260.945313	7083.907715
3258.234375	7121.427246
3255.522461	7028.012695
3252.809570	7234.141602
3250.095703	7349.829102
3247.379883	7354.938477
3244.663086	7508.199219
3241.945313	7500.353516
3239.226563	7636.864746
3236.505859	7823.803223
3233.784180	7847.977051
3231.061523	7939.160156
3228.337891	8130.307617
3225.613281	8138.713867
3222.886719	8254.406250
3220.160156	8412.162109
3217.431641	8426.842773
3214.702148	8438.759766
3211.970703	8605.378906
3209.239258	8738.907227
3206.505859	8844.877930
3203.771484	8843.784180
3201.035156	9015.411133
3198.298828	9103.759766
3195.560547	9244.988281
3192.821289	9387.916992
3190.081055	9563.561523
3187.339844	9640.565430
3184.596680	9822.322266
3181.853516	9862.697266
3179.108398	9977.712891
3176.361328	10031.633789
3173.614258	10023.630859
3170.865234	10224.822266
3168.115234	10368.560547
3165.364258	10631.213867
3162.612305	10601.152344
3159.858398	10572.021484
3157.104492	10781.596680
3154.347656	10846.750000
3151.590820	11119.489258
3148.833008	11198.027344
3146.073242	11367.996094
3143.312500	11490.723633
3140.550781	11526.445313
3137.787109	11729.514648
3135.023438	11661.994141
3132.257813	11842.221680
3129.491211	12109.033203
3126.722656	12162.453125
3123.954102	12514.650391
3121.183594	12323.287109
3118.412109	12480.264648
3115.638672	12784.065430
3112.865234	12760.452148
3110.089844	12835.947266
3107.313477	12976.204102
3104.536133	13054.231445
3101.756836	13282.427734
3098.976563	13363.841797
3096.195313	13481.135742
3093.413086	13613.596680
3090.628906	13820.478516
3087.844727	14000.243164
3085.058594	14047.946289
3082.270508	14320.723633
3079.482422	14456.989258
3076.692383	14673.780273
3073.901367	14491.784180
3071.109375	14711.047852
3068.315430	14966.807617
3065.520508	15083.684570
3062.724609	15196.877930
3059.927734	15351.080078
3057.128906	15598.051758
3054.329102	15752.827148
3051.528320	15646.829102
3048.726563	15866.566406
3045.922852	16022.789063
3043.118164	16115.580078
3040.312500	16260.853516
3037.505859	16488.822266
3034.697266	16452.189453
3031.887695	16874.736328
3029.077148	17036.300781
3026.264648	17012.796875
3023.452148	17155.486328
3020.637695	17238.531250
3017.821289	17480.427734
3015.004883	17572.121094
3012.186523	17637.117188
3009.367188	17918.404297
3006.545898	18057.626953
3003.724609	18209.126953
3000.901367	18470.291016
2998.077148	18614.382813
2995.250977	18792.847656
2992.423828	18890.671875
2989.595703	19104.203125
2986.766602	19352.000000
2983.935547	19270.144531
2981.104492	19647.408203
2978.270508	19621.957031
2975.436523	19887.585938
2972.600586	20108.011719
2969.763672	20011.875000
2966.925781	20180.951172
2964.085938	20376.283203
2961.245117	20656.804688
2958.403320	20842.945313
2955.560547	21077.275391
2952.715820	21182.195313
2949.870117	21293.164063
2947.023438	21565.601563
2944.174805	21613.972656
2941.325195	21811.439453
2938.474609	21985.048828
2935.622070	22167.261719
2932.768555	22344.050781
2929.914063	22543.445313
2927.058594	22608.722656
2924.201172	22995.060547
2921.342773	23207.000000
2918.483398	23478.191406
2915.622070	23526.306641
2912.759766	23528.080078
2909.896484	23901.767578
2907.032227	24045.603516
2904.166016	24365.505859
2901.298828	24536.892578
2898.429688	24411.808594
2895.559570	24677.960938
2892.688477	24848.087891
2889.816406	25250.437500
2886.942383	25394.914063
2884.067383	25556.646484
2881.191406	25568.728516
2878.314453	25917.015625
2875.435547	26171.195313
2872.554688	26450.312500
2869.673828	26464.546875
2866.791016	26802.242188
2863.907227	26959.320313
2861.021484	27104.121094
2858.134766	27465.304688
2855.247070	27362.144531
2852.358398	27886.417969
2849.467773	27957.859375
2846.576172	28123.462891
2843.682617	28212.000000
2840.789063	28469.748047
2837.893555	28507.095703
2834.996094	28921.529297
2832.097656	28913.767578
2829.198242	29143.978516
2826.297852	29343.808594
2823.395508	29540.005859
2820.492188	29549.167969
2817.587891	29881.068359
2814.681641	29770.468750
2811.774414	29915.353516
2808.866211	30227.707031
2805.956055	30330.140625
2803.044922	30593.917969
2800.131836	30534.705078
2797.218750	30683.166016
2794.303711	30874.365234
2791.386719	31171.677734
2788.468750	31139.691406
2785.549805	31330.400391
2782.629883	31256.406250
2779.708008	31526.449219
2776.785156	31685.052734
2773.860352	31866.585938
2770.935547	31904.386719
2768.007813	32037.808594
2765.080078	32049.865234
2762.150391	31975.712891
2759.219727	32182.248047
2756.287109	32350.220703
2753.353516	32454.117188
2750.418945	32450.578125
2747.482422	32637.755859
2744.544922	32369.435547
2741.606445	32554.761719
2738.666016	32682.089844
2735.724609	32479.525391
2732.782227	32788.550781
2729.837891	33101.535156
2726.892578	32913.453125
2723.945313	33155.664063
2720.997070	32981.273438
2718.047852	33135.910156
2715.097656	33131.960938
2712.145508	32997.589844
2709.191406	33471.941406
2706.237305	33237.683594
2703.281250	33143.164063
2700.323242	33151.003906
2697.364258	33165.585938
2694.404297	33267.976563
2691.443359	33181.171875
2688.480469	33123.125000
2685.515625	33115.722656
2682.550781	33197.679688
2679.583984	33440.496094
2676.615234	33284.691406
2673.646484	33068.398438
2670.674805	33338.683594
2667.703125	32972.824219
2664.729492	33157.128906
2661.754883	32842.925781
2658.778320	32935.542969
2655.800781	32814.812500
2652.821289	32830.132813
2649.840820	32582.871094
2646.859375	32678.753906
2643.876953	32381.482422
2640.892578	32336.615234
2637.906250	32790.816406
2634.918945	32575.050781
2631.930664	32214.746094
2628.941406	32296.257813
2625.950195	32076.800781
2622.957031	31967.806641
2619.963867	31974.970703
2616.967773	31914.511719
2613.971680	31798.201172
2610.973633	31787.056641
2607.974609	31436.673828
2604.973633	31246.560547
2601.971680	31160.705078
2598.967773	31163.148438
2595.962891	30826.958984
2592.957031	30673.189453
2589.949219	30777.232422
2586.940430	30177.439453
2583.929688	30297.373047
2580.917969	30123.333984
2577.905273	29807.562500
2574.890625	29957.328125
2571.875000	29680.035156
2568.857422	29449.384766
2565.838867	29170.072266
2562.819336	29047.462891
2559.797852	28731.335938
2556.775391	28345.187500
2553.750977	28282.619141
2550.725586	28092.845703
2547.698242	27877.632813
2544.669922	27775.710938
2541.640625	27622.710938
2538.609375	27410.455078
2535.577148	27294.019531
2532.542969	27057.371094
2529.507813	26848.935547
2526.471680	26439.800781
2523.433594	26317.404297
2520.393555	26232.126953
2517.353516	25782.703125
2514.310547	25653.355469
2511.267578	25763.966797
2508.222656	25349.013672
2505.175781	25297.158203
2502.127930	24880.322266
2499.079102	24512.236328
2496.028320	24387.056641
2492.976563	23964.636719
2489.922852	23784.130859
2486.868164	23709.355469
2483.812500	23430.138672
2480.754883	23216.582031
2477.695313	23202.625000
2474.634766	22932.990234
2471.573242	22492.130859
2468.509766	22338.945313
2465.445313	22072.505859
2462.378906	21923.716797
2459.311523	21932.353516
2456.242188	21377.255859
2453.171875	21176.046875
2450.100586	21064.541016
2447.027344	20755.453125
2443.953125	20553.974609
2440.876953	20388.435547
2437.799805	19941.964844
2434.720703	19742.744141
2431.640625	19738.488281
2428.558594	19434.072266
2425.475586	19167.230469
2422.390625	19161.607422
2419.304688	18728.242188
2416.217773	18756.011719
2413.128906	18222.052734
2410.038086	18236.267578
2406.946289	17986.853516
2403.853516	17661.689453
2400.758789	17542.828125
2397.663086	17411.150391
2394.565430	16989.833984
2391.466797	16766.554688
2388.366211	16749.906250
2385.264648	16506.783203
2382.161133	16331.553711
2379.056641	16085.618164
2375.950195	15997.661133
2372.842773	15648.318359
2369.734375	15684.470703
2366.624023	15224.668945
2363.511719	15355.772461
2360.398438	15149.487305
2357.284180	14857.506836
2354.167969	14687.736328
2351.049805	14546.987305
2347.930664	14372.699219
2344.810547	14162.518555
2341.688477	14077.447266
2338.564453	13854.784180
2335.439453	13725.924805
2332.313477	13551.601563
2329.185547	13367.044922
2326.056641	13215.411133
2322.925781	13114.221680
2319.792969	12910.958008
2316.660156	12691.125977
2313.524414	12519.339844
2310.387695	12237.717773
2307.250000	12208.898438
2304.110352	12079.768555
2300.969727	11903.795898
2297.827148	11794.013672
2294.682617	11599.246094
2291.537109	11509.571289
2288.390625	11379.459961
2285.242188	11096.212891
2282.092773	11044.983398
2278.941406	10962.066406
2275.788086	10740.457031
2272.633789	10557.095703
2269.478516	10509.369141
2266.321289	10461.683594
2263.162109	10190.846680
2260.001953	10142.556641
2256.840820	10012.074219
2253.676758	9854.837891
2250.512695	9651.137695
2247.346680	9532.113281
2244.178711	9380.837891
2241.009766	9333.832031
2237.838867	9196.978516
2234.666992	9130.393555
2231.493164	8882.684570
2228.318359	8748.588867
2225.141602	8713.779297
2221.963867	8638.093750
2218.784180	8531.811523
2215.602539	8277.877930
2212.419922	8338.392578
2209.236328	8118.544922
2206.050781	7937.355957
2202.863281	7826.933105
2199.674805	7863.228516
2196.485352	7662.815918
2193.292969	7560.503418
2190.100586	7440.276855
2186.905273	7399.983398
2183.709961	7288.544922
2180.511719	7115.444336
2177.312500	7162.095703
2174.112305	7071.228027
2170.910156	6926.574219
2167.706055	6819.511230
2164.500977	6661.848145
2161.294922	6690.659668
2158.085938	6511.382813
2154.876953	6412.498047
2151.665039	6342.509277
2148.452148	6306.044434
2145.238281	6176.279297
2142.022461	6104.939941
2138.804688	5948.969238
2135.585938	5994.300781
2132.365234	5834.645020
2129.143555	5769.025391
2125.919922	5658.483887
2122.695313	5526.339844
2119.468750	5536.111816
2116.240234	5487.788574
2113.010742	5291.658203
2109.780273	5316.222656
2106.546875	5224.758789
2103.312500	5178.986328
2100.077148	4998.820313
2096.839844	4936.205566
2093.600586	4943.889648
2090.360352	4910.674316
2087.119141	4799.603027
2083.875000	4706.363770
2080.629883	4580.084473
2077.383789	4620.252441
2074.135742	4579.564941
2070.885742	4498.141113
2067.634766	4400.645508
2064.381836	4332.446777
2061.127930	4335.755371
2057.871094	4232.329102
2054.614258	4202.677246
2051.355469	4093.273682
2048.094727	4020.009521
2044.832031	3977.468994
2041.568359	3916.583496
2038.303711	3863.411133
2035.037109	3870.744629
2031.768555	3799.284424
2028.498047	3671.315430
2025.226563	3593.903076
2021.954102	3585.305908
2018.678711	3562.210449
2015.403320	3507.849609
2012.125000	3440.573730
2008.845703	3356.589355
2005.564453	3320.688965
2002.282227	3266.542969
1998.998047	3186.565674
1995.712891	3153.838379
1992.424805	3128.746338
1989.136719	3086.954102
1985.845703	3059.636719
1982.553711	2978.425781
1979.260742	2938.280762
1975.964844	2903.483887
1972.667969	2820.187012
1969.370117	2808.974854
1966.070313	2788.681396
1962.768555	2788.094238
1959.465820	2691.385498
1956.161133	2640.915283
1952.854492	2615.444824
1949.546875	2568.836426
1946.237305	2523.782959
1942.925781	2480.282227
1939.613281	2471.537109
1936.298828	2374.545898
1932.982422	2406.571289
1929.665039	2372.250000
1926.346680	2284.483154
1923.025391	2285.636230
1919.703125	2277.757324
1916.378906	2224.758301
1913.053711	2193.610352
1909.726563	2190.293213
1906.397461	2168.202881
1903.067383	2138.626465
1899.735352	2078.315674
1896.401367	2008.313721
1893.066406	1949.622192
1889.729492	1987.634033
1886.390625	1934.998779
1883.050781	1890.647095
1879.708984	1910.675293
1876.365234	1871.611206
1873.020508	1831.836914
1869.673828	1744.291382
1866.326172	1742.695801
1862.975586	1785.878662
1859.624023	1737.269409
1856.271484	1664.103149
1852.916016	1619.325195
1849.559570	1616.301270
1846.202148	1646.036499
1842.841797	1599.098511
1839.480469	1548.486938
1836.118164	1536.580200
1832.752930	1521.712402
1829.386719	1504.630493
1826.018555	1461.584229
1822.649414	1414.869751
1819.278320	1409.728516
1815.905273	1387.543823
1812.531250	1352.785889
1809.154297	1356.566650
1805.777344	1304.833984
1802.397461	1282.001953
1799.016602	1262.888916
1795.633789	1229.752319
1792.249023	1217.330566
1788.863281	1250.695679
1785.475586	1177.763184
1782.085938	1217.752197
1778.694336	1153.015869
1775.301758	1190.766235
1771.907227	1131.261230
1768.510742	1105.676514
1765.113281	1113.226440
1761.713867	1070.760254
1758.312500	1073.173584
1754.910156	1053.543457
1751.505859	1042.744019
1748.099609	993.054749
1744.691406	997.700623
1741.282227	990.609619
1737.871094	933.689331
1734.458008	951.541748
1731.042969	923.982361
1727.626953	903.767761
1724.208984	917.218689
1720.790039	877.287659
1717.368164	854.202026
1713.945313	874.959900
1710.520508	868.687317
1707.093750	837.613159
1703.666016	840.115662
1700.236328	807.627869
1696.804688	759.143921
1693.371094	766.049683
1689.936523	767.853455
1686.500000	742.739075
1683.061523	740.916443
1679.622070	729.647705
1676.179688	724.927307
1672.736328	704.238831
1669.291016	694.455444
1665.844727	671.626099
1662.396484	678.541626
1658.945313	657.916077
1655.494141	640.207581
1652.040039	621.792603
1648.584961	649.699402
1645.126953	620.450439
1641.668945	572.438171
1638.208008	583.711487
1634.745117	576.921997
1631.281250	585.294617
1627.815430	571.297180
1624.347656	567.407166
1620.878906	514.518982
1617.408203	526.506348
1613.935547	519.764160
1610.460938	513.028564
1606.984375	504.141907
1603.506836	506.046143
1600.027344	494.297607
1596.545898	466.044373
1593.062500	460.069092
1589.577148	466.294983
1586.090820	440.965668
1582.602539	457.227692
1579.112305	427.630096
1575.620117	426.699585
1572.126953	410.027069
1568.630859	420.549469
1565.133789	402.466675
1561.634766	417.983429
1558.133789	397.777313
1554.631836	381.160217
1551.127930	393.810059
1547.621094	377.211365
1544.114258	373.457886
1540.604492	360.447510
1537.092773	359.553894
1533.580078	351.544708
1530.065430	320.071503
1526.548828	351.190125
1523.030273	320.459106
1519.509766	323.848267
1515.988281	323.684692
1512.463867	307.912628
1508.938477	307.047852
1505.411133	271.454620
1501.882813	288.318909
1498.351563	288.881012
1494.818359	292.273163
1491.284180	273.027344
1487.748047	268.647186
1484.209961	253.672226
1480.669922	271.906067
1477.128906	268.238647
1473.584961	251.169708
1470.040039	232.002457
1466.493164	245.980942
1462.944336	241.629181
1459.393555	231.648941
1455.840820	218.863770
1452.287109	227.896393
1448.730469	209.501724
1445.172852	209.395035
1441.613281	215.609161
1438.051758	211.287567
1434.488281	203.462296
1430.922852	193.541214
1427.356445	199.750366
1423.787109	199.648392
1420.216797	192.544800
1416.644531	184.748581
1413.070313	183.255249
1409.494141	192.249725
1405.916016	177.477997
1402.336914	168.308304
1398.754883	165.430069
1395.171875	168.135971
1391.585938	149.222656
1387.999023	150.540054
1384.410156	167.877533
1380.819336	164.310257
1377.226563	150.308472
1373.632813	157.881958
1370.036133	153.629913
1366.438477	147.992554
1362.837891	139.583145
1359.236328	143.675858
1355.632813	134.583450
1352.027344	130.353943
1348.419922	136.523941
1344.810547	131.604996
1341.199219	123.229546
1337.585938	124.549889
1333.970703	127.251976
1330.354492	126.495071
1326.735352	118.139282
1323.115234	112.554123
1319.493164	120.087708
1315.869141	109.678589
1312.242188	117.895203
1308.614258	115.766930
1304.984375	97.799965
1301.353516	94.995811
1297.719727	95.634605
1294.083984	107.275291
1290.446289	89.349716
1286.807617	89.990303
1283.166016	92.003372
1279.523438	91.269363
1275.877930	80.247879
1272.231445	84.319305
1268.582031	85.645798
1264.931641	86.286049
1261.279297	79.396606
1257.625000	77.302979
1253.968750	69.057823
1250.310547	75.172295
1246.650391	69.668877
1242.988281	69.632538
1239.324219	66.866936
1235.658203	64.786148
1231.990234	68.841934
1228.320313	63.355984
1224.648438	68.769989
1220.975586	70.095093
1217.299805	59.855732
1213.622070	64.583160
1209.943359	62.510933
1206.261719	62.478180
1202.578125	67.196716
1198.893555	56.307091
1195.206055	54.921463
1191.517578	55.570320
1187.826172	49.445160
1184.133789	54.158005
1180.438477	53.452919
1176.742188	56.129864
1173.042969	44.609901
1169.342773	52.693043
1165.639648	46.588528
1161.935547	40.490417
1158.228516	50.586346
1154.520508	47.189026
1150.809570	49.859219
1147.097656	49.832901
1143.382813	43.749027
1139.666992	42.380501
1135.948242	41.685749
1132.227539	40.991707
1128.505859	40.298382
1124.781250	38.263195
1121.055664	34.217361
1117.327148	42.916683
1113.596680	34.181103
1109.865234	34.162975
1106.130859	35.483864
1102.394531	37.472481
1098.657227	36.783783
1094.916992	32.085152
1091.174805	35.408524
1087.430664	31.383310
1083.684570	39.375107
1079.936523	28.014816
1076.186523	31.999880
1072.434570	32.649136
1068.680664	33.297684
1064.924805	30.617529
1061.166992	29.270702
1057.406250	28.590187
1053.644531	27.245850
1049.880859	33.873066
1046.114258	29.208195
1042.346680	27.202168
1038.576172	26.524496
1034.803711	24.522022
1031.030273	24.508884
1027.253906	25.819841
1023.475586	23.159227
1019.695313	20.501451
1015.913086	20.490448
1012.128906	18.497561
1008.342773	20.468439
1004.553711	19.137600
