4046.277344	222.211807
4043.892578	240.030670
4041.505859	220.028702
4039.119141	224.131302
4036.731445	234.512192
4034.342773	220.814926
4031.952148	229.096588
4029.561523	232.143173
4027.169922	244.594772
4024.777344	237.184067
4022.383789	238.134735
4019.989258	249.524963
4017.593750	249.426224
4015.197266	246.197861
4012.799805	257.571167
4010.401367	271.020142
4008.001953	267.786835
4005.601563	265.597534
4003.201172	262.368774
4000.798828	265.386902
3998.395508	250.717102
3995.991211	289.094116
3993.585938	272.347412
3991.180664	304.450714
3988.773438	286.672363
3986.365234	310.438232
3983.957031	309.276917
3981.546875	291.517578
3979.135742	286.216461
3976.724609	286.102509
3974.311523	291.169495
3971.898438	302.447052
3969.483398	318.892334
3967.068359	311.520508
3964.651367	326.914337
3962.234375	318.510864
3959.815430	297.709473
3957.396484	334.789398
3954.975586	315.030792
3952.554688	371.691040
3950.131836	345.740906
3947.708984	349.729248
3945.284180	355.776764
3942.859375	349.449463
3940.432617	350.339996
3938.005859	353.289703
3935.577148	368.591980
3933.148438	371.531769
3930.718750	369.325317
3928.287109	379.460724
3925.855469	379.308502
3923.421875	382.238861
3920.988281	398.519196
3918.552734	390.145569
3916.117188	409.488281
3913.680664	398.039124
3911.242188	411.210144
3908.803711	380.293304
3906.363281	408.830170
3903.922852	423.004791
3901.480469	423.858337
3899.038086	432.898254
3896.593750	416.356079
3894.149414	432.549530
3891.703125	435.441650
3889.256836	462.853363
3886.808594	441.218567
3884.360352	445.124237
3881.910156	469.436951
3879.459961	482.508759
3877.007813	472.116943
3874.555664	470.906921
3872.101563	503.320343
3869.646484	479.692383
3867.191406	502.913391
3864.734375	526.115417
3862.277344	497.420380
3859.818359	497.218994
3857.358398	523.443970
3854.897461	527.295837
3852.436523	510.833008
3849.973633	527.883667
3847.509766	555.067810
3845.044922	529.484253
3842.579102	534.338989
3840.113281	529.054565
3837.645508	584.560425
3835.176758	578.246826
3832.707031	584.085571
3830.236328	581.824463
3827.764648	572.484802
3825.291992	605.616516
3822.818359	588.189331
3820.343750	601.082886
3817.868164	596.798950
3815.390625	633.903748
3812.913086	640.708435
3810.434570	611.198608
3807.955078	643.210876
3805.473633	655.041687
3802.992188	688.016907
3800.509766	671.625244
3798.025391	657.259827
3795.541016	673.089294
3793.054688	653.706116
3790.568359	658.465515
3788.080078	686.333069
3785.591797	698.106201
3783.101563	700.832947
3780.610352	724.633850
3778.119141	747.411804
3775.625977	734.069153
3773.131836	760.833862
3770.636719	766.534363
3768.140625	765.218750
3765.643555	785.930054
3763.145508	812.628784
3760.646484	778.283264
3758.146484	799.963013
3755.645508	844.614258
3753.143555	844.267639
3750.639648	834.932556
3748.135742	882.508667
3745.630859	862.188110
3743.124023	849.863953
3740.617188	860.482544
3738.108398	854.148682
3735.599609	894.644165
3733.088867	952.035583
3730.577148	904.857971
3728.064453	953.242126
3725.551758	980.699097
3723.037109	956.434021
3720.521484	957.033752
3718.004883	992.401550
3715.487305	1004.901245
3712.967773	1009.449707
3710.448242	1019.947144
3707.927734	1034.402588
3705.406250	1031.992920
3702.882813	1037.512573
3700.359375	1020.245056
3697.833984	1051.507446
3695.308594	1054.041992
3692.781250	1083.285400
3690.252930	1114.482056
3687.723633	1143.675537
3685.193359	1116.524414
3682.662109	1118.037598
3680.129883	1148.179810
3677.596680	1171.388672
3675.062500	1223.184814
3672.527344	1213.803711
3669.990234	1216.257446
3667.453125	1196.049072
3664.915039	1216.233887
3662.375000	1251.167725
3659.833984	1278.200195
3657.292969	1258.981689
3654.750000	1303.684937
3652.206055	1292.333130
3649.661133	1307.513916
3647.115234	1339.374878
3644.568359	1378.079712
3642.019531	1335.318115
3639.470703	1349.473633
3636.920898	1358.715454
3634.369141	1378.728149
3631.817383	1414.395630
3629.263672	1464.719482
3626.708984	1375.049438
3624.153320	1496.760986
3621.596680	1425.730835
3619.039063	1470.099731
3616.480469	1494.890137
3613.920898	1521.612793
3611.360352	1553.193848
3608.797852	1591.578979
3606.235352	1533.364624
3603.670898	1545.399658
3601.105469	1586.662476
3598.540039	1624.967651
3595.972656	1629.157593
3593.404297	1656.704956
3590.834961	1660.877197
3588.264648	1681.579224
3585.692383	1727.539795
3583.120117	1716.127563
3580.545898	1757.177368
3577.971680	1779.744507
3575.395508	1768.323242
3572.818359	1830.641113
3570.240234	1830.843750
3567.661133	1813.598022
3565.081055	1910.697998
3562.500000	1901.180176
3559.917969	1939.106689
3557.333984	1948.937744
3554.750000	1974.236572
3552.164063	1989.844849
3549.577148	2016.070679
3546.989258	2057.730957
3544.400391	2099.355713
3541.810547	2079.168213
3539.219727	2130.396240
3536.626953	2149.753906
3534.034180	2196.087891
3531.439453	2144.091064
3528.844727	2192.313721
3526.248047	2247.234619
3523.650391	2265.536865
3521.051758	2259.772705
3518.451172	2241.511719
3515.850586	2387.631592
3513.249023	2337.624512
3510.645508	2449.965332
3508.041016	2417.252686
3505.436523	2505.474365
3502.830078	2482.355957
3500.222656	2511.030273
3497.613281	2579.931396
3495.003906	2568.304199
3492.393555	2628.503418
3489.781250	2637.921631
3487.167969	2693.255127
3484.553711	2813.572754
3481.938477	2783.704834
3479.322266	2782.527588
3476.705078	2792.812012
3474.086914	2821.226807
3471.466797	2876.337891
3468.845703	2876.074219
3466.224609	2933.020752
3463.601563	3038.527100
3460.977539	3071.537354
3458.351563	3050.237061
3455.725586	3157.460938
3453.098633	3129.480225
3450.469727	3104.375488
3447.839844	3218.092285
3445.208984	3225.279297
3442.577148	3354.994385
3439.944336	3410.538818
3437.310547	3366.382080
3434.674805	3388.668945
3432.039063	3508.607910
3429.401367	3543.135986
3426.762695	3601.320068
3424.123047	3642.406494
3421.481445	3616.244141
3418.839844	3684.728760
3416.197266	3771.125488
3413.552734	3849.883789
3410.907227	3813.277832
3408.260742	3894.782959
3405.613281	3920.507080
3402.963867	4029.266113
3400.314453	4026.605469
3397.663086	4076.756104
3395.011719	4061.821045
3392.358398	4135.467285
3389.704102	4219.409668
3387.047852	4289.158203
3384.391602	4423.776855
3381.733398	4417.185059
3379.075195	4453.847656
3376.415039	4513.034180
3373.753906	4527.076172
3371.090820	4642.519043
3368.427734	4722.194336
3365.762695	4745.507324
3363.097656	4850.388672
3360.430664	4884.873047
3357.762695	4885.593750
3355.092773	4988.403809
3352.422852	5048.994629
3349.750977	5020.629883
3347.079102	5171.886719
3344.405273	5163.125977
3341.729492	5191.755859
3339.053711	5284.819824
3336.376953	5319.906250
3333.698242	5432.434082
3331.018555	5444.099121
3328.337891	5524.765137
3325.656250	5578.326660
3322.973633	5713.839844
3320.289063	5790.556152
3317.604492	5852.308594
3314.917969	5856.309082
3312.230469	6001.695801
3309.541016	6005.625000
3306.851563	6056.948730
3304.160156	6143.529297
3301.467773	6250.462891
3298.774414	6320.174316
3296.080078	6312.815430
3293.384766	6388.928711
3290.687500	6555.820801
3287.990234	6588.209473
3285.291016	6720.598633
3282.589844	6639.935059
3279.888672	6720.361328
3277.186523	6705.439453
3274.482422	6902.265625
3271.777344	6923.318848
3269.071289	7069.991211
3266.364258	7175.904785
3263.655273	7240.188965
3260.945313	7219.533691
3258.234375	7441.439941
3255.522461	7540.548828
3252.809570	7549.270508
3250.095703	7636.270020
3247.379883	7698.334473
3244.663086	7932.427734
3241.945313	7902.322754
3239.226563	7997.285156
3236.505859	8012.206543
3233.784180	8201.655273
3231.061523	8198.105469
3228.337891	8401.991211
3225.613281	8475.418945
3222.886719	8594.633789
3220.160156	8650.493164
3217.431641	8866.647461
3214.702148	8841.739258
3211.970703	8952.339844
3209.239258	9144.283203
3206.505859	9295.811523
3203.771484	9408.805664
3201.035156	9479.661133
3198.298828	9540.404297
3195.560547	9697.878906
3192.821289	9798.626953
3190.081055	9909.320313
3187.339844	10059.125977
3184.596680	10197.860352
3181.853516	10272.694336
3179.108398	10385.709961
3176.361328	10580.551758
3173.614258	10563.210938
3170.865234	10658.663086
3168.115234	10808.576172
3165.364258	10817.502930
3162.612305	10923.610352
3159.858398	10992.396484
3157.104492	11174.562500
3154.347656	11246.801758
3151.590820	11512.112305
3148.833008	11583.229492
3146.073242	11716.791016
3143.312500	11900.945313
3140.550781	12083.125000
3137.787109	11998.233398
3135.023438	12118.707031
3132.257813	12258.055664
3129.491211	12525.588867
3126.722656	12660.114258
3123.954102	12685.280273
3121.183594	12934.217773
3118.412109	13033.199219
3115.638672	13180.778320
3112.865234	13202.052734
3110.089844	13249.428711
3107.313477	13357.088867
3104.536133	13515.953125
3101.756836	13699.865234
3098.976563	13760.414063
3096.195313	13719.333984
3093.413086	13979.273438
3090.628906	14081.818359
3087.844727	14412.279297
3085.058594	14405.963867
3082.270508	14744.057617
3079.482422	14764.489258
3076.692383	14927.379883
3073.901367	15102.663086
3071.109375	15282.264648
3068.315430	15437.541016
3065.520508	15397.666992
3062.724609	15697.598633
3059.927734	15818.512695
3057.128906	15911.621094
3054.329102	16085.903320
3051.528320	16106.504883
3048.726563	16296.597656
3045.922852	16405.367188
3043.118164	16559.496094
3040.312500	16793.675781
3037.505859	16890.488281
3034.697266	17040.626953
3031.887695	17175.500000
3029.077148	17398.302734
3026.264648	17493.771484
3023.452148	17632.693359
3020.637695	17642.691406
3017.821289	17851.558594
3015.004883	17941.314453
3012.186523	18217.273438
3009.367188	18344.906250
3006.545898	18621.320313
3003.724609	18732.703125
3000.901367	18856.380859
2998.077148	18809.113281
2995.250977	19186.558594
2992.423828	19090.535156
2989.595703	19370.275391
2986.766602	19567.591797
2983.935547	19672.875000
2981.104492	19944.025391
2978.270508	20116.984375
2975.436523	20274.789063
2972.600586	20405.119141
2969.763672	20525.632813
2966.925781	20638.988281
2964.085938	20828.835938
2961.245117	21056.351563
2958.403320	21241.435547
2955.560547	21399.972656
2952.715820	21521.447266
2949.870117	21763.164063
2947.023438	21902.796875
2944.174805	22025.625000
2941.325195	22467.687500
2938.474609	22571.726563
2935.622070	22816.791016
2932.768555	22776.876953
2929.914063	22892.005859
2927.058594	22978.136719
2924.201172	23178.810547
2921.342773	23593.578125
2918.483398	23688.878906
2915.622070	23859.238281
2912.759766	23938.599609
2909.896484	24345.281250
2907.032227	24340.566406
2904.166016	24500.708984
2901.298828	24838.568359
2898.429688	24885.037109
2895.559570	25237.218750
2892.688477	25215.537109
2889.816406	25569.853516
2886.942383	25820.324219
2884.067383	25648.822266
2881.191406	25920.748047
2878.314453	26304.498047
2875.435547	26575.003906
2872.554688	26498.921875
2869.673828	26749.998047
2866.791016	26779.693359
2863.907227	27203.775391
2861.021484	27447.244141
2858.134766	27569.234375
2855.247070	27749.976563
2852.358398	27914.107422
2849.467773	28155.062500
2846.576172	28363.804688
2843.682617	28548.156250
2840.789063	28539.712891
2837.893555	28943.103516
2834.996094	28925.843750
2832.097656	29148.396484
2829.198242	29193.986328
2826.297852	29468.775391
2823.395508	29674.392578
2820.492188	29636.996094
2817.587891	29979.185547
2814.681641	29732.617188
2811.774414	30019.402344
2808.866211	30042.048828
2805.956055	30227.902344
2803.044922	30726.166016
2800.131836	30601.658203
2797.218750	30729.498047
2794.303711	30685.693359
2791.386719	30751.644531
2788.468750	31187.673828
2785.549805	31157.398438
2782.629883	31531.201172
2779.708008	31319.376953
2776.785156	31528.535156
2773.860352	31749.464844
2770.935547	32027.437500
2768.007813	31862.708984
2765.080078	31917.533203
2762.150391	31880.134766
2759.219727	32249.634766
2756.287109	32184.816406
2753.353516	32462.638672
2750.418945	32379.875000
2747.482422	32596.886719
2744.544922	32554.968750
2741.606445	32486.707031
2738.666016	32701.646484
2735.724609	32897.683594
2732.782227	32729.933594
2729.837891	32907.082031
2726.892578	32925.335938
2723.945313	33098.820313
2720.997070	32797.257813
2718.047852	33195.242188
2715.097656	33098.070313
2712.145508	33424.406250
2709.191406	33160.441406
2706.237305	33197.070313
2703.281250	33196.441406
2700.323242	33370.785156
2697.364258	33392.875000
2694.404297	33511.210938
2691.443359	33383.773438
2688.480469	33299.476563
2685.515625	33188.253906
2682.550781	33228.871094
2679.583984	33421.957031
2676.615234	33338.593750
2673.646484	33462.402344
2670.674805	33420.308594
2667.703125	33334.507813
2664.729492	33365.632813
2661.754883	33200.078125
2658.778320	33079.179688
2655.800781	33075.085938
2652.821289	32820.898438
2649.840820	32859.687500
2646.859375	32760.921875
2643.876953	32724.253906
2640.892578	32823.312500
2637.906250	32733.042969
2634.918945	32878.019531
2631.930664	32584.501953
2628.941406	32430.044922
2625.950195	32254.822266
2622.957031	32372.144531
2619.963867	32216.292969
2616.967773	32107.314453
2613.971680	32223.677734
2610.973633	31827.082031
2607.974609	31834.257813
2604.973633	31697.283203
2601.971680	31394.707031
2598.967773	31221.414063
2595.962891	31204.683594
2592.957031	30752.193359
2589.949219	30951.792969
2586.940430	30506.457031
2583.929688	30634.544922
2580.917969	30470.314453
2577.905273	30106.259766
2574.890625	30069.289063
2571.875000	29959.392578
2568.857422	29760.929688
2565.838867	29575.062500
2562.819336	29530.912109
2559.797852	29192.222656
2556.775391	28845.562500
2553.750977	28578.572266
2550.725586	28432.458984
2547.698242	28168.361328
2544.669922	28003.562500
2541.640625	27887.591797
2538.609375	27663.667969
2535.577148	27272.585938
2532.542969	27320.240234
2529.507813	26877.763672
2526.471680	26816.042969
2523.433594	26430.966797
2520.393555	26538.107422
2517.353516	26126.363281
2514.310547	26186.687500
2511.267578	25806.679688
2508.222656	25640.476563
2505.175781	25299.619141
2502.127930	25033.712891
2499.079102	24877.906250
2496.028320	24528.011719
2492.976563	24311.949219
2489.922852	24221.347656
2486.868164	23960.599609
2483.812500	23695.992188
2480.754883	23480.677734
2477.695313	23257.380859
2474.634766	22866.005859
2471.573242	22863.638672
2468.509766	22689.062500
2465.445313	22386.568359
2462.378906	22253.126953
2459.311523	21907.902344
2456.242188	21700.660156
2453.171875	21552.226563
2450.100586	21309.515625
2447.027344	20831.921875
2443.953125	20806.041016
2440.876953	20468.083984
2437.799805	20463.503906
2434.720703	20268.914063
2431.640625	19919.478516
2428.558594	19836.447266
2425.475586	19644.830078
2422.390625	19471.214844
2419.304688	19211.070313
2416.217773	18948.730469
2413.128906	18841.216797
2410.038086	18492.716797
2406.946289	18176.070313
2403.853516	18191.896484
2400.758789	17857.896484
2397.663086	17665.509766
2394.565430	17412.763672
2391.466797	17284.482422
2388.366211	17070.841797
2385.264648	16825.152344
2382.161133	16585.324219
2379.056641	16342.492188
2375.950195	16314.781250
2372.842773	16098.837891
2369.734375	15997.275391
2366.624023	15625.741211
2363.511719	15473.869141
2360.398438	15383.162109
2357.284180	15249.191406
2354.167969	15111.329102
2351.049805	14931.089844
2347.930664	14702.921875
2344.810547	14446.121094
2341.688477	14260.823242
2338.564453	14165.335938
2335.439453	13907.529297
2332.313477	13772.303711
2329.185547	13812.240234
2326.056641	13472.657227
2322.925781	13243.583008
2319.792969	13087.350586
2316.660156	12890.572266
2313.524414	12889.337891
2310.387695	12599.573242
2307.250000	12509.241211
2304.110352	12394.303711
2300.969727	12215.796875
2297.827148	12113.824219
2294.682617	11880.738281
2291.537109	11735.295898
2288.390625	11709.944336
2285.242188	11410.661133
2282.092773	11329.125000
2278.941406	11103.277344
2275.788086	10955.345703
2272.633789	10924.850586
2269.478516	10664.640625
2266.321289	10607.380859
2263.162109	10378.422852
2260.001953	10269.921875
2256.840820	10045.284180
2253.676758	10150.427734
2250.512695	9892.080078
2247.346680	9777.679688
2244.178711	9735.204102
2241.009766	9447.427734
2237.838867	9384.639648
2234.666992	9322.695313
2231.493164	9116.646484
2228.318359	8964.331055
2225.141602	8903.448242
2221.963867	8682.145508
2218.784180	8726.806641
2215.602539	8617.386719
2212.419922	8308.541992
2209.236328	8208.052734
2206.050781	8178.286133
2202.863281	8066.965332
2199.674805	7808.345215
2196.485352	7838.359863
2193.292969	7784.529785
2190.100586	7614.089355
2186.905273	7502.500000
2183.709961	7445.767090
2180.511719	7435.213379
2177.312500	7230.864258
2174.112305	7171.989258
2170.910156	7139.711426
2167.706055	6903.008789
2164.500977	6859.184082
2161.294922	6734.318359
2158.085938	6668.791016
2154.876953	6653.950195
2151.665039	6495.096680
2148.452148	6367.517090
2145.238281	6304.611328
2142.022461	6258.865723
2138.804688	6123.024902
2135.585938	6119.344238
2132.365234	5934.010742
2129.143555	5895.501953
2125.919922	5774.042480
2122.695313	5689.905273
2119.468750	5670.931152
2116.240234	5491.660645
2113.010742	5485.954102
2109.780273	5402.879395
2106.546875	5283.533691
2103.312500	5342.858887
2100.077148	5247.602539
2096.839844	5164.790527
2093.600586	5040.374512
2090.360352	4953.107422
2087.119141	4846.643066
2083.875000	4821.209961
2080.629883	4766.523438
2077.383789	4755.779785
2074.135742	4654.993164
2070.885742	4573.533203
2067.634766	4477.539551
2064.381836	4463.104492
2061.127930	4437.158203
2057.871094	4353.647461
2054.614258	4331.612793
2051.355469	4255.899902
2048.094727	4186.391602
2044.832031	4104.686523
2041.568359	3986.290039
2038.303711	3966.772217
2035.037109	3906.712402
2031.768555	3821.466797
2028.498047	3828.810547
2025.226563	3720.755615
2021.954102	3682.309326
2018.678711	3680.543457
2015.403320	3548.292480
2012.125000	3498.539307
2008.845703	3466.366455
2005.564453	3460.892334
2002.282227	3332.041504
1998.998047	3341.098145
1995.712891	3251.991455
1992.424805	3190.347900
1989.136719	3199.455811
1985.845703	3053.558350
1982.553711	3046.773193
1979.260742	3022.535156
1975.964844	2929.279053
1972.667969	2945.309570
1969.370117	2869.611084
1966.070313	2856.864258
1962.768555	2774.464111
1959.465820	2773.883057
1956.161133	2678.739990
1952.854492	2650.226563
1949.546875	2612.670654
1946.237305	2633.315674
1942.925781	2564.090820
1939.613281	2528.891846
1936.298828	2471.096680
1932.982422	2436.728760
1929.665039	2387.321533
1926.346680	2365.076660
1923.025391	2279.613281
1919.703125	2308.608887
1916.378906	2251.082275
1913.053711	2216.162842
1909.726563	2224.105713
1906.397461	2205.753906
1903.067383	2143.130371
1899.735352	2071.562988
1896.401367	2101.304932
1893.066406	2059.808594
1889.729492	2003.367310
1886.390625	2028.603638
1883.050781	1976.721680
1879.708984	1939.103516
1876.365234	1914.232788
1873.020508	1875.932617
1869.673828	1851.115234
1866.326172	1803.921631
1862.975586	1809.760010
1859.624023	1754.425781
1856.271484	1756.553345
1852.916016	1740.047974
1849.559570	1662.481323
1846.202148	1669.859741
1842.841797	1606.539673
1839.480469	1594.599365
1836.118164	1586.387085
1832.752930	1558.863525
1829.386719	1507.601074
1826.018555	1539.525513
1822.649414	1470.514893
1819.278320	1463.863281
1815.905273	1468.335693
1812.531250	1389.828247
1809.154297	1380.262085
1805.777344	1342.580078
1802.397461	1320.469482
1799.016602	1305.773926
1795.633789	1282.223755
1792.249023	1303.016479
1788.863281	1238.882690
1785.475586	1232.371216
1782.085938	1198.574951
1778.694336	1150.804199
1775.301758	1192.239990
1771.907227	1145.254761
1768.510742	1136.594238
1765.113281	1112.490601
1761.713867	1120.032959
1758.312500	1088.609619
1754.910156	1082.196289
1751.505859	1049.353027
1748.099609	1015.073669
1744.691406	1024.110352
1741.282227	1016.273071
1737.871094	971.799133
1734.458008	947.879150
1731.042969	967.911804
1727.626953	911.817505
1724.208984	936.967407
1720.790039	921.152039
1717.368164	895.852600
1713.945313	907.825684
1710.520508	876.717163
1707.093750	882.120483
1703.666016	844.491272
1700.236328	830.223999
1696.804688	821.070251
1693.371094	790.079773
1689.936523	810.067200
1686.500000	766.017822
1683.061523	767.819214
1679.622070	746.362793
1676.179688	734.370239
1672.736328	715.855103
1669.291016	709.694275
1665.844727	696.286255
1662.396484	672.017212
1658.945313	691.246643
1655.494141	666.279419
1652.040039	655.089966
1648.584961	651.146423
1645.126953	638.528809
1641.668945	628.814636
1638.208008	603.216736
1634.745117	593.529236
1631.281250	577.355957
1627.815430	578.510559
1624.347656	559.476440
1620.878906	537.578674
1617.408203	551.715271
1613.935547	547.840088
1610.460938	522.382507
1606.984375	527.155518
1603.506836	524.735352
1600.027344	503.637512
1596.545898	495.486328
1593.062500	490.931763
1589.577148	473.468750
1586.090820	457.457062
1582.602539	457.227692
1579.112305	461.296143
1575.620117	428.131470
1572.126953	442.228149
1568.630859	434.853851
1565.133789	431.775970
1561.634766	414.410919
1558.133789	395.634888
1554.631836	384.015350
1551.127930	384.535553
1547.621094	387.907318
1544.114258	372.745178
1540.604492	387.516693
1537.092773	373.793640
1533.580078	359.372620
1530.065430	352.078674
1526.548828	349.057373
1523.030273	338.222931
1519.509766	338.052155
1515.988281	330.073181
1512.463867	322.811646
1508.938477	301.374908
1505.411133	299.804993
1501.882813	304.612091
1498.351563	311.538330
1494.818359	283.073273
1491.284180	292.832428
1487.748047	301.874603
1484.209961	279.110107
1480.669922	275.437317
1477.128906	276.003448
1473.584961	269.513580
1470.040039	262.324982
1466.493164	260.077271
1462.944336	252.196060
1459.393555	235.169434
1455.840820	228.716156
1452.287109	247.591141
1448.730469	225.671310
1445.172852	225.556396
1441.613281	217.716080
1438.051758	228.836365
1434.488281	226.614914
1430.922852	213.877060
1427.356445	206.058273
1423.787109	194.044235
1420.216797	205.147736
1416.644531	194.545853
1413.070313	203.539230
1409.494141	179.666107
1405.916016	199.837433
1402.336914	177.387177
1398.754883	180.088425
1395.171875	179.298523
1391.585938	176.417450
1387.999023	179.114792
1384.410156	161.608246
1380.819336	163.614029
1377.226563	158.658936
1373.632813	149.535782
1370.036133	149.458954
1366.438477	147.297745
1362.837891	151.388672
1359.236328	138.123169
1355.632813	131.114807
1352.027344	149.768356
1348.419922	140.682022
1344.810547	121.215126
1341.199219	124.614143
1337.585938	128.009613
1333.970703	121.027695
1330.354492	125.112610
1326.735352	127.811501
1323.115234	119.459290
1319.493164	115.946754
1315.869141	109.678589
1312.242188	112.379639
1308.614258	104.741508
1304.984375	104.687286
1301.353516	105.321442
1297.719727	94.946587
1294.083984	110.025940
1290.446289	94.160851
1286.807617	100.981491
1283.166016	91.316780
1279.523438	85.093239
1275.877930	85.049034
1272.231445	85.004829
1268.582031	84.275459
1264.931641	86.286049
1261.279297	79.396606
1257.625000	79.355270
1253.968750	78.630196
1250.310547	79.955986
1246.650391	72.400986
1242.988281	62.805817
1239.324219	73.690094
1235.658203	73.651627
1231.990234	72.931549
1228.320313	70.849701
1224.648438	61.961079
1220.975586	71.456161
1217.299805	65.297165
1213.622070	74.780502
1209.943359	65.228798
1206.261719	63.157291
1202.578125	55.657883
1198.893555	54.950294
1195.206055	58.311676
1191.517578	64.380249
1187.826172	55.541138
1184.133789	58.219856
1180.438477	51.423061
1176.742188	50.719753
1173.042969	45.285809
1169.342773	55.395248
1165.639648	51.990097
1161.935547	45.214302
1158.228516	51.935314
1154.520508	49.885540
1150.809570	43.795261
1147.097656	46.465813
1143.382813	45.095154
1139.666992	47.089447
1135.948242	47.064556
1132.227539	47.711662
1128.505859	49.029697
1124.781250	36.920628
1121.055664	42.268505
1117.327148	42.246109
1113.596680	44.234367
1109.865234	38.182148
1106.130859	47.534985
1102.394531	38.141632
1098.657227	28.089434
1094.916992	39.438000
1091.174805	30.731926
1087.430664	36.057423
1083.684570	34.036110
1079.936523	34.017990
1076.186523	28.666559
1072.434570	34.648064
1068.680664	31.965776
1064.924805	30.617529
1061.166992	32.596920
1057.406250	27.260410
1053.644531	32.562111
1049.880859	32.544712
1046.114258	24.561438
1042.346680	28.529102
1038.576172	27.187609
1034.803711	26.510294
1031.030273	28.483297
1027.253906	25.157795
1023.475586	27.129379
1019.695313	26.453487
1015.913086	21.151430
1012.128906	24.443207
1008.342773	31.032795
1004.553711	23.097105
