4046.277344	250.512360
4043.892578	262.042236
4041.505859	252.509125
4039.119141	251.362213
4036.731445	258.591553
4034.342773	267.908173
4031.952148	256.295258
4029.561523	245.737137
4027.169922	255.047546
4024.777344	281.068329
4022.383789	288.268372
4019.989258	287.110321
4017.593750	284.909454
4015.197266	298.358429
4012.799805	275.298737
4010.401367	279.359222
4008.001953	271.954712
4005.601563	298.927429
4003.201172	304.014618
4000.798828	301.812561
3998.395508	310.015350
3995.991211	304.692719
3993.585938	336.796021
3991.180664	311.724274
3988.773438	321.987061
3986.365234	339.509369
3983.957031	323.806732
3981.546875	325.752747
3979.135742	352.585510
3976.724609	341.042480
3974.311523	326.399963
3971.898438	336.627686
3969.483398	367.554474
3967.068359	343.604004
3964.651367	361.054108
3962.234375	370.217163
3959.815430	360.765991
3957.396484	351.322205
3954.975586	374.938293
3952.554688	374.788483
3950.131836	387.023407
3947.708984	410.596588
3945.284180	381.557709
3942.859375	399.959839
3940.432617	420.407990
3938.005859	413.029633
3935.577148	414.923370
3933.148438	430.194702
3930.718750	419.734619
3928.287109	422.651367
3925.855469	412.202454
3923.421875	441.835236
3920.988281	440.630768
3918.552734	458.934387
3916.117188	454.644897
3913.680664	484.212555
3911.242188	472.737823
3908.803711	475.622894
3906.363281	477.480835
3903.922852	484.458282
3901.480469	490.406128
3899.038086	490.208679
3896.593750	462.390533
3894.149414	518.445862
3891.703125	501.882294
3889.256836	524.158447
3886.808594	551.523193
3884.360352	539.049561
3881.910156	526.585815
3879.459961	535.554077
3877.007813	535.337769
3874.555664	575.892639
3872.101563	550.188232
3869.646484	573.390259
3867.191406	576.212524
3864.734375	586.155701
3862.277344	578.797974
3859.818359	577.546814
3857.358398	574.263733
3854.897461	619.750427
3852.436523	626.608276
3849.973633	610.111694
3847.509766	620.011780
3845.044922	629.903687
3842.579102	624.578430
3840.113281	600.000549
3837.645508	631.163147
3835.176758	648.122559
3832.707031	677.215332
3830.236328	678.963867
3827.764648	670.596130
3825.291992	701.665833
3822.818359	693.295349
3820.343750	677.859863
3817.868164	722.015625
3815.390625	716.674622
3812.913086	741.607422
3810.434570	734.245178
3807.955078	749.068420
3805.473633	731.631165
3802.992188	750.472351
3800.509766	763.256287
3798.025391	781.062195
3795.541016	785.773926
3793.054688	793.498657
3790.568359	802.222107
3788.080078	834.050476
3785.591797	859.825745
3783.101563	881.563477
3780.610352	866.148193
3778.119141	855.761414
3775.625977	880.481873
3773.131836	879.119019
3770.636719	891.785034
3768.140625	889.416565
3765.643555	942.114868
3763.145508	927.717896
3760.646484	904.329102
3758.146484	952.955933
3755.645508	941.570007
3753.143555	961.166199
3750.639648	1018.697571
3748.135742	995.318054
3745.630859	1004.888245
3743.124023	1021.432678
3740.617188	1020.015747
3738.108398	1005.643005
3735.599609	1026.150879
3733.088867	1067.554565
3730.577148	1063.133423
3728.064453	1106.477295
3725.551758	1117.957153
3723.037109	1092.641357
3720.521484	1110.079712
3718.004883	1133.463623
3715.487305	1140.940186
3712.967773	1135.506836
3710.448242	1192.584106
3707.927734	1169.281616
3705.406250	1208.452881
3702.882813	1199.035522
3700.359375	1218.350830
3697.833984	1237.649902
3695.308594	1243.076782
3692.781250	1301.921021
3690.252930	1348.849609
3687.723633	1336.429810
3685.193359	1312.163208
3682.662109	1343.225464
3680.129883	1329.835083
3677.596680	1336.192261
3675.062500	1374.109985
3672.527344	1390.303223
3669.990234	1392.683838
3667.453125	1389.150879
3664.915039	1425.997314
3662.375000	1474.625610
3659.833984	1499.597534
3657.292969	1503.892944
3654.750000	1519.982544
3652.206055	1542.937622
3649.661133	1551.137817
3647.115234	1556.385010
3644.568359	1560.645874
3642.019531	1600.223267
3639.470703	1634.863770
3636.920898	1637.124634
3634.369141	1634.483643
3631.817383	1625.967285
3629.263672	1669.349487
3626.708984	1665.718140
3624.153320	1742.307983
3621.596680	1763.095093
3619.039063	1795.593872
3616.480469	1802.661621
3613.920898	1836.092407
3611.360352	1818.730469
3608.797852	1797.479126
3606.235352	1945.968506
3603.670898	1881.780029
3601.105469	1949.216797
3598.540039	1930.866821
3595.972656	1939.797974
3593.404297	1946.774292
3590.834961	1999.474243
3588.264648	2028.787842
3585.692383	2088.213379
3583.120117	2066.932861
3580.545898	2108.807129
3577.971680	2138.023682
3575.395508	2151.686279
3572.818359	2153.695313
3570.240234	2200.309570
3567.661133	2217.804443
3565.081055	2243.035400
3562.500000	2323.449463
3559.917969	2309.889404
3557.333984	2302.146484
3554.750000	2332.133545
3552.164063	2362.094727
3549.577148	2410.393066
3546.989258	2491.496826
3544.400391	2485.621582
3541.810547	2504.847412
3539.219727	2462.305908
3536.626953	2502.741699
3534.034180	2581.704590
3531.439453	2522.800293
3528.844727	2658.517334
3526.248047	2607.331543
3523.650391	2712.099854
3521.051758	2749.438232
3518.451172	2746.356689
3515.850586	2762.501221
3513.249023	2841.083252
3510.645508	2806.271484
3508.041016	2888.607178
3505.436523	2981.427979
3502.830078	2987.843506
3500.222656	2978.912354
3497.613281	3038.990479
3495.003906	3095.185059
3492.393555	3087.174805
3489.781250	3116.499512
3487.167969	3193.635986
3484.553711	3228.627197
3481.938477	3244.468994
3479.322266	3244.052490
3476.705078	3423.200439
3474.086914	3355.875488
3471.466797	3432.709961
3468.845703	3475.136963
3466.224609	3507.991943
3463.601563	3554.161865
3460.977539	3654.595947
3458.351563	3696.853027
3455.725586	3734.313965
3453.098633	3776.499512
3450.469727	3723.538574
3447.839844	3892.132813
3445.208984	3839.165527
3442.577148	3971.469971
3439.944336	4040.045410
3437.310547	4099.070801
3434.674805	4164.685547
3432.039063	4091.795654
3429.401367	4248.350586
3426.762695	4272.126465
3424.123047	4317.663086
3421.481445	4362.212891
3418.839844	4443.627930
3416.197266	4475.787598
3413.552734	4626.100586
3410.907227	4715.800781
3408.260742	4712.847656
3405.613281	4738.223633
3402.963867	4767.351563
3400.314453	4854.002930
3397.663086	5033.940430
3395.011719	5042.163086
3392.358398	5070.164063
3389.704102	5100.965332
3387.047852	5228.706055
3384.391602	5268.820313
3381.733398	5266.571289
3379.075195	5415.698242
3376.415039	5505.487793
3373.753906	5500.317383
3371.090820	5603.137207
3368.427734	5686.156250
3365.762695	5829.148926
3363.097656	5801.334961
3360.430664	5897.282227
3357.762695	5918.184082
3355.092773	5938.129883
3352.422852	6055.422852
3349.750977	6140.796387
3347.079102	6226.094727
3344.405273	6222.492676
3341.729492	6303.940918
3339.053711	6432.962402
3336.376953	6491.835938
3333.698242	6636.530273
3331.018555	6679.400879
3328.337891	6772.593750
3325.656250	6775.280762
3322.973633	6860.894043
3320.289063	7014.424805
3317.604492	7083.099609
3314.917969	7152.644531
3312.230469	7237.940918
3309.541016	7229.251465
3306.851563	7375.778320
3304.160156	7443.211426
3301.467773	7606.230957
3298.774414	7632.661621
3296.080078	7679.479004
3293.384766	7693.794434
3290.687500	7925.943359
3287.990234	8053.182617
3285.291016	8076.574219
3282.589844	8173.082520
3279.888672	8089.049316
3277.186523	8247.440430
3274.482422	8460.245117
3271.777344	8388.205078
3269.071289	8560.112305
3266.364258	8627.522461
3263.655273	8701.333008
3260.945313	8973.442383
3258.234375	8974.178711
3255.522461	9070.782227
3252.809570	9169.143555
3250.095703	9219.522461
3247.379883	9380.331055
3244.663086	9533.636719
3241.945313	9560.789063
3239.226563	9574.124023
3236.505859	9796.066406
3233.784180	9893.797852
3231.061523	9985.013672
3228.337891	10219.332031
3225.613281	10221.329102
3222.886719	10324.198242
3220.160156	10562.639648
3217.431641	10810.951172
3214.702148	10783.369141
3211.970703	10787.848633
3209.239258	11041.220703
3206.505859	11241.318359
3203.771484	11170.614258
3201.035156	11282.743164
3198.298828	11522.660156
3195.560547	11688.404297
3192.821289	11710.709961
3190.081055	11801.415039
3187.339844	12130.954102
3184.596680	12152.116211
3181.853516	12320.855469
3179.108398	12419.319336
3176.361328	12651.510742
3173.614258	12689.684570
3170.865234	12957.928711
3168.115234	13053.203125
3165.364258	13161.113281
3162.612305	13135.400391
3159.858398	13290.385742
3157.104492	13507.852539
3154.347656	13693.375977
3151.590820	13788.057617
3148.833008	13998.667969
3146.073242	13989.846680
3143.312500	14146.748047
3140.550781	14360.535156
3137.787109	14688.131836
3135.023438	14700.714844
3132.257813	14765.713867
3129.491211	14993.297852
3126.722656	15183.647461
3123.954102	15369.312500
3121.183594	15368.915039
3118.412109	15632.803711
3115.638672	15711.625000
3112.865234	15850.754883
3110.089844	15902.377930
3107.313477	15981.864258
3104.536133	16146.781250
3101.756836	16285.458984
3098.976563	16557.099609
3096.195313	16527.380859
3093.413086	16635.146484
3090.628906	16683.541016
3087.844727	17100.835938
3085.058594	17259.341797
3082.270508	17641.029297
3079.482422	17609.089844
3076.692383	17773.419922
3073.901367	17952.830078
3071.109375	18166.099609
3068.315430	18411.392578
3065.520508	18500.816406
3062.724609	18622.345703
3059.927734	18877.824219
3057.128906	18985.669922
3054.329102	18988.044922
3051.528320	19172.498047
3048.726563	19426.373047
3045.922852	19581.031250
3043.118164	19692.759766
3040.312500	19735.775391
3037.505859	20003.183594
3034.697266	20100.318359
3031.887695	20216.937500
3029.077148	20601.169922
3026.264648	20651.664063
3023.452148	20766.091797
3020.637695	20689.435547
3017.821289	21004.392578
3015.004883	21201.917969
3012.186523	21332.732422
3009.367188	21470.517578
3006.545898	21764.166016
3003.724609	22047.802734
3000.901367	22189.500000
2998.077148	22306.279297
2995.250977	22459.226563
2992.423828	22660.669922
2989.595703	22710.771484
2986.766602	22936.652344
2983.935547	23162.328125
2981.104492	23371.906250
2978.270508	23613.058594
2975.436523	23825.765625
2972.600586	24078.833984
2969.763672	24208.296875
2966.925781	24201.109375
2964.085938	24339.195313
2961.245117	24563.396484
2958.403320	24847.210938
2955.560547	24881.929688
2952.715820	25153.031250
2949.870117	25403.681641
2947.023438	25527.652344
2944.174805	25800.718750
2941.325195	25945.445313
2938.474609	26028.648438
2935.622070	26190.660156
2932.768555	26426.996094
2929.914063	26668.367188
2927.058594	26716.056641
2924.201172	26969.320313
2921.342773	27255.585938
2918.483398	27405.210938
2915.622070	27657.806641
2912.759766	27735.480469
2909.896484	27880.302734
2907.032227	28182.068359
2904.166016	28473.089844
2901.298828	28629.572266
2898.429688	28651.693359
2895.559570	28970.839844
2892.688477	29072.880859
2889.816406	29368.039063
2886.942383	29486.322266
2884.067383	29468.839844
2881.191406	29727.763672
2878.314453	30100.261719
2875.435547	30211.894531
2872.554688	30602.052734
2869.673828	30689.050781
2866.791016	30924.261719
2863.907227	31047.427734
2861.021484	31081.228516
2858.134766	31576.613281
2855.247070	31768.550781
2852.358398	31911.849609
2849.467773	32060.201172
2846.576172	32253.367188
2843.682617	32237.224609
2840.789063	32581.277344
2837.893555	32741.976563
2834.996094	32909.425781
2832.097656	33167.289063
2829.198242	33081.746094
2826.297852	33020.402344
2823.395508	33207.203125
2820.492188	33524.707031
2817.587891	33783.386719
2814.681641	33673.621094
2811.774414	33686.050781
2808.866211	33791.289063
2805.956055	34186.808594
2803.044922	34474.621094
2800.131836	34272.035156
2797.218750	34431.691406
2794.303711	34743.843750
2791.386719	34666.535156
2788.468750	34752.933594
2785.549805	34794.710938
2782.629883	34970.843750
2779.708008	34886.679688
2776.785156	35126.738281
2773.860352	35559.777344
2770.935547	35586.515625
2768.007813	35684.117188
2765.080078	35446.093750
2762.150391	35478.789063
2759.219727	35574.566406
2756.287109	36001.058594
2753.353516	35876.617188
2750.418945	35904.761719
2747.482422	35964.367188
2744.544922	35962.636719
2741.606445	36052.765625
2738.666016	36081.585938
2735.724609	36364.488281
2732.782227	36415.207031
2729.837891	36392.839844
2726.892578	36076.804688
2723.945313	36634.882813
2720.997070	36422.460938
2718.047852	36633.179688
2715.097656	36663.234375
2712.145508	36761.847656
2709.191406	36658.054688
2706.237305	36800.554688
2703.281250	36717.957031
2700.323242	36847.597656
2697.364258	36791.222656
2694.404297	36847.214844
2691.443359	36744.437500
2688.480469	36640.898438
2685.515625	36814.925781
2682.550781	36635.554688
2679.583984	36839.738281
2676.615234	36960.339844
2673.646484	36663.246094
2670.674805	36857.851563
2667.703125	36446.656250
2664.729492	36571.378906
2661.754883	36403.527344
2658.778320	36342.496094
2655.800781	36066.570313
2652.821289	36224.761719
2649.840820	36062.359375
2646.859375	36025.863281
2643.876953	35682.652344
2640.892578	35735.132813
2637.906250	36084.800781
2634.918945	36013.164063
2631.930664	35475.621094
2628.941406	35537.253906
2625.950195	35456.734375
2622.957031	35207.527344
2619.963867	35343.480469
2616.967773	35117.898438
2613.971680	34934.222656
2610.973633	34829.085938
2607.974609	34499.824219
2604.973633	34311.648438
2601.971680	34146.117188
2598.967773	33995.707031
2595.962891	33708.980469
2592.957031	33748.492188
2589.949219	33580.980469
2586.940430	33037.238281
2583.929688	33174.968750
2580.917969	32969.730469
2577.905273	32751.396484
2574.890625	32500.078125
2571.875000	32403.992188
2568.857422	32006.380859
2565.838867	32155.736328
2562.819336	31764.376953
2559.797852	31660.488281
2556.775391	31414.427734
2553.750977	30911.484375
2550.725586	30669.277344
2547.698242	30618.070313
2544.669922	30183.021484
2541.640625	30196.429688
2538.609375	29714.111328
2535.577148	29533.964844
2532.542969	29478.402344
2529.507813	29305.099609
2526.471680	29004.333984
2523.433594	28569.703125
2520.393555	28550.837891
2517.353516	28179.279297
2514.310547	28205.789063
2511.267578	27853.601563
2508.222656	27601.894531
2505.175781	27330.712891
2502.127930	26929.347656
2499.079102	26612.792969
2496.028320	26696.443359
2492.976563	26277.056641
2489.922852	26165.082031
2486.868164	26023.740234
2483.812500	25613.396484
2480.754883	25291.726563
2477.695313	25008.753906
2474.634766	24965.378906
2471.573242	24644.425781
2468.509766	24234.800781
2465.445313	24184.476563
2462.378906	23955.623047
2459.311523	23845.962891
2456.242188	23557.994141
2453.171875	23235.269531
2450.100586	22963.296875
2447.027344	22615.910156
2443.953125	22450.164063
2440.876953	22035.863281
2437.799805	21840.464844
2434.720703	21806.824219
2431.640625	21713.960938
2428.558594	21324.261719
2425.475586	21256.830078
2422.390625	20810.955078
2419.304688	20706.542969
2416.217773	20550.396484
2413.128906	20177.478516
2410.038086	19961.843750
2406.946289	19713.248047
2403.853516	19368.695313
2400.758789	19190.068359
2397.663086	18927.621094
2394.565430	18649.267578
2391.466797	18555.105469
2388.366211	18269.105469
2385.264648	18215.494141
2382.161133	17987.105469
2379.056641	17758.117188
2375.950195	17633.968750
2372.842773	17435.111328
2369.734375	17110.185547
2366.624023	16976.044922
2363.511719	16685.363281
2360.398438	16485.687500
2357.284180	16233.216797
2354.167969	16297.065430
2351.049805	16044.907227
2347.930664	15821.832031
2344.810547	15578.930664
2341.688477	15341.054688
2338.564453	15206.645508
2335.439453	15030.755859
2332.313477	14686.298828
2329.185547	14905.645508
2326.056641	14436.130859
2322.925781	14341.558594
2319.792969	14143.309570
2316.660156	13806.426758
2313.524414	13874.937500
2310.387695	13581.524414
2307.250000	13492.326172
2304.110352	13318.003906
2300.969727	13101.656250
2297.827148	13070.074219
2294.682617	12815.867188
2291.537109	12648.526367
2288.390625	12459.888672
2285.242188	12246.807617
2282.092773	12103.765625
2278.941406	11972.753906
2275.788086	11872.785156
2272.633789	11679.381836
2269.478516	11471.896484
2266.321289	11358.829102
2263.162109	11125.561523
2260.001953	11012.754883
2256.840820	10871.584961
2253.676758	10767.689453
2250.512695	10706.545898
2247.346680	10516.750977
2244.178711	10283.721680
2241.009766	10250.491211
2237.838867	10070.627930
2234.666992	9931.125000
2231.493164	9788.598633
2228.318359	9537.543945
2225.141602	9502.363281
2221.963867	9309.097656
2218.784180	9323.584961
2215.602539	9149.440430
2212.419922	9039.870117
2209.236328	8831.468750
2206.050781	8879.887695
2202.863281	8715.679688
2199.674805	8499.875977
2196.485352	8529.565430
2193.292969	8372.794922
2190.100586	8278.022461
2186.905273	8078.471680
2183.709961	7960.455078
2180.511719	7883.984375
2177.312500	7803.675781
2174.112305	7731.250977
2170.910156	7698.708984
2167.706055	7470.326172
2164.500977	7412.193359
2161.294922	7284.726563
2158.085938	7172.184082
2154.876953	7025.474609
2151.665039	7047.059570
2148.452148	6951.900391
2145.238281	6828.051270
2142.022461	6720.642578
2138.804688	6613.333008
2135.585938	6603.206543
2132.365234	6478.971191
2129.143555	6345.540039
2125.919922	6282.809570
2122.695313	6282.151367
2119.468750	6176.115723
2116.240234	6057.787598
2113.010742	5917.120605
2109.780273	5785.870117
2106.546875	5741.357422
2103.312500	5712.344727
2100.077148	5624.638672
2096.839844	5584.121094
2093.600586	5488.836426
2090.360352	5337.320313
2087.119141	5238.384277
2083.875000	5234.346191
2080.629883	5157.891602
2077.383789	5089.208008
2074.135742	5014.431152
2070.885742	4932.799805
2067.634766	4882.770996
2064.381836	4788.979492
2061.127930	4775.168945
2057.871094	4696.104004
2054.614258	4607.902832
2051.355469	4536.660645
2048.094727	4500.754395
2044.832031	4415.833496
2041.568359	4341.716309
2038.303711	4305.950195
2035.037109	4249.554199
2031.768555	4118.250000
2028.498047	4108.631836
2025.226563	4037.123047
2021.954102	3948.877686
2018.678711	3965.306641
2015.403320	3835.208252
2012.125000	3763.961670
2008.845703	3731.661377
2005.564453	3669.673584
2002.282227	3591.750244
1998.998047	3583.934814
1995.712891	3529.711914
1992.424805	3430.669678
1989.136719	3410.016113
1985.845703	3350.632568
1982.553711	3256.371582
1979.260742	3209.261230
1975.964844	3175.092773
1972.667969	3181.905029
1969.370117	3092.449463
1966.070313	3104.595703
1962.768555	2953.168701
1959.465820	2913.901611
1956.161133	2911.739502
1952.854492	2863.454590
1949.546875	2860.560791
1946.237305	2796.481445
1942.925781	2716.607422
1939.613281	2690.390625
1936.298828	2726.805420
1932.982422	2628.982910
1929.665039	2605.857910
1926.346680	2580.494385
1923.025391	2503.208252
1919.703125	2448.570313
1916.378906	2422.564697
1913.053711	2371.775391
1909.726563	2363.863525
1906.397461	2358.211670
1903.067383	2312.028564
1899.735352	2263.638428
1896.401367	2253.541016
1893.066406	2162.499023
1889.729492	2213.144043
1886.390625	2117.715332
1883.050781	2142.883057
1879.708984	2049.823975
1876.365234	1977.791260
1873.020508	2023.167114
1869.673828	1954.203979
1866.326172	1989.092407
1862.975586	1959.018555
1859.624023	1902.865723
1856.271484	1890.755249
1852.916016	1878.655640
1849.559570	1812.938843
1846.202148	1765.897217
1842.841797	1747.921143
1839.480469	1743.349365
1836.118164	1717.223145
1832.752930	1653.227539
1829.386719	1603.404297
1826.018555	1623.405151
1822.649414	1581.063232
1819.278320	1555.818237
1815.905273	1508.360962
1812.531250	1569.113159
1809.154297	1483.189331
1805.777344	1469.140869
1802.397461	1420.336914
1799.016602	1440.343994
1795.633789	1421.901123
1792.249023	1390.179688
1788.863281	1348.152466
1785.475586	1341.587402
1782.085938	1295.198608
1778.694336	1277.606445
1775.301758	1267.399780
1771.907227	1238.790039
1768.510742	1236.708862
1765.113281	1214.027466
1761.713867	1234.021851
1758.312500	1190.046631
1754.910156	1145.379517
1751.505859	1119.114014
1748.099609	1116.360840
1744.691406	1112.142700
1741.282227	1018.472839
1737.871094	1054.614624
1734.458008	1040.176514
1731.042969	1041.859619
1727.626953	1002.560181
1724.208984	994.750732
1720.790039	1000.107910
1717.368164	960.155212
1713.945313	965.523376
1710.520508	973.805725
1707.093750	926.627808
1703.666016	926.898438
1700.236328	892.909912
1696.804688	920.152405
1693.371094	866.539063
1689.936523	853.008789
1686.500000	862.770325
1683.061523	796.903259
1679.622070	804.502014
1676.179688	793.933411
1672.736328	804.429504
1669.291016	770.649597
1665.844727	759.387207
1662.396484	721.312988
1658.945313	739.068726
1655.494141	711.905029
1652.040039	676.805664
1648.584961	695.279663
1645.126953	676.855042
1641.668945	653.388977
1638.208008	633.558167
1634.745117	643.351074
1631.281250	632.926453
1627.815430	620.347961
1624.347656	609.223755
1620.878906	611.802002
1617.408203	590.609009
1613.935547	585.274597
1610.460938	572.030457
1606.984375	542.258179
1603.506836	537.674011
1600.027344	552.492493
1596.545898	526.364441
1593.062500	515.334778
1589.577148	507.902832
1586.090820	483.986694
1582.602539	511.693665
1579.112305	480.636169
1575.620117	472.519684
1572.126953	461.548798
1568.630859	469.184418
1565.133789	443.213745
1561.634766	443.705505
1558.133789	433.484406
1554.631836	442.545563
1551.127930	424.487305
1547.621094	415.003784
1544.114258	416.932953
1540.604492	414.585876
1537.092773	381.625519
1533.580078	363.642395
1530.065430	386.219635
1526.548828	370.384735
1523.030273	371.618896
1519.509766	357.937561
1515.988281	354.207581
1512.463867	347.643311
1508.938477	316.975494
1505.411133	326.737823
1501.882813	325.864105
1498.351563	325.699188
1494.818359	316.334381
1491.284180	314.759491
1487.748047	318.841797
1484.209961	292.535645
1480.669922	290.974792
1477.128906	272.473999
1473.584961	286.446350
1470.040039	272.902588
1466.493164	262.896515
1462.944336	271.216431
1459.393555	253.476044
1455.840820	255.458344
1452.287109	253.921600
1448.730469	260.822601
1445.172852	229.069748
1441.613281	240.892319
1438.051758	227.432465
1434.488281	231.526062
1430.922852	219.486954
1427.356445	210.263535
1423.787109	220.664017
1420.216797	218.450836
1416.644531	212.040985
1413.070313	212.632050
1409.494141	200.638794
1405.916016	183.766586
1402.336914	187.164413
1398.754883	182.880493
1395.171875	186.972778
1391.585938	188.271576
1387.999023	183.993408
1384.410156	185.292221
1380.819336	167.791412
1377.226563	167.705292
1373.632813	161.359543
1370.036133	164.057281
1366.438477	154.940552
1362.837891	152.777573
1359.236328	149.922638
1355.632813	146.376846
1352.027344	148.381607
1348.419922	151.770264
1344.810547	134.375626
1341.199219	128.767960
1337.585938	147.384033
1333.970703	129.326736
1330.354492	134.789825
1326.735352	131.956741
1323.115234	129.817032
1319.493164	116.636917
1315.869141	125.544044
1312.242188	122.721321
1308.614258	109.565132
1304.984375	111.574608
1301.353516	113.581947
1297.719727	115.587151
1294.083984	109.338272
1290.446289	106.532349
1286.807617	93.425049
1283.166016	98.182701
1279.523438	94.700539
1275.877930	95.337219
1272.231445	96.658714
1268.582031	79.479294
1264.931641	84.231621
1261.279297	82.818878
1257.625000	78.671173
1253.968750	92.988747
1250.310547	86.106445
1246.650391	86.744583
1242.988281	86.016663
1239.324219	76.419357
1235.658203	80.471222
1231.990234	79.747581
1228.320313	70.168457
1224.648438	73.536224
1220.975586	76.219902
1217.299805	78.220558
1213.622070	75.460320
1209.943359	70.664536
1206.261719	69.269287
1202.578125	60.409164
1198.893555	70.553467
1195.206055	56.277550
1191.517578	59.636444
1187.826172	58.250462
1184.133789	57.542881
1180.438477	60.895729
1176.742188	50.043491
1173.042969	52.044884
1169.342773	48.639732
1165.639648	57.391666
1161.935547	53.987225
1158.228516	53.958767
1154.520508	51.233799
1150.809570	57.270725
1147.097656	47.139233
1143.382813	51.825771
1139.666992	49.780270
1135.948242	49.753960
1132.227539	55.103607
1128.505859	51.716255
1124.781250	52.360165
1121.055664	42.939434
1117.327148	39.563816
1113.596680	41.553497
1109.865234	44.880772
1106.130859	40.839916
1102.394531	37.472481
1098.657227	38.121376
1094.916992	42.111763
1091.174805	38.748951
1087.430664	40.731533
1083.684570	38.040359
1079.936523	34.017990
1076.186523	39.333183
1072.434570	33.981754
1068.680664	35.961498
1064.924805	37.273514
1061.166992	31.266434
1057.406250	27.260410
1053.644531	28.574915
1049.880859	28.559643
1046.114258	29.872019
1042.346680	37.817650
1038.576172	33.155621
1034.803711	19.882721
1031.030273	25.833689
1027.253906	27.143936
1023.475586	25.144302
1019.695313	29.098835
1015.913086	24.456341
1012.128906	23.782579
1008.342773	31.693066
1004.553711	25.736773
