4046.277344	209.633774
4043.892578	203.344772
4041.505859	207.455627
4039.119141	216.799911
4036.731445	226.136749
4034.342773	218.721893
4031.952148	222.819962
4029.561523	222.731964
4027.169922	226.825073
4024.777344	239.273788
4022.383789	257.979309
4019.989258	227.600174
4017.593750	221.248367
4015.197266	242.025024
4012.799805	240.886383
4010.401367	278.316833
4008.001953	280.290497
4005.601563	241.641693
4003.201172	257.163055
4000.798828	258.101776
3998.395508	278.805725
3995.991211	259.976715
3993.585938	260.912964
3991.180664	246.262177
3988.773438	275.247009
3986.365234	267.869781
3983.957031	268.801086
3981.546875	274.918701
3979.135742	295.549622
3976.724609	261.224030
3974.311523	273.554260
3971.898438	278.624146
3969.483398	282.654541
3967.068359	281.506897
3964.651367	293.809082
3962.234375	311.271973
3959.815430	314.248871
3957.396484	340.989197
3954.975586	307.800598
3952.554688	313.872437
3950.131836	330.259979
3947.708984	332.191193
3945.284180	314.527283
3942.859375	309.247314
3940.432617	329.731750
3938.005859	335.779694
3935.577148	358.296112
3933.148438	358.152527
3930.718750	331.261169
3928.287109	335.241699
3925.855469	373.140869
3923.421875	360.660858
3920.988281	360.516083
3918.552734	344.970825
3916.117188	370.489410
3913.680664	384.702759
3911.242188	389.675446
3908.803711	386.443604
3906.363281	385.263519
3903.922852	394.326508
3901.480469	409.524963
3899.038086	409.360046
3896.593750	399.988281
3894.149414	420.278625
3891.703125	406.821075
3889.256836	419.939819
3886.808594	413.642395
3884.360352	432.873108
3881.910156	462.293335
3879.459961	441.704620
3877.007813	421.132416
3874.555664	455.617737
3872.101563	442.188324
3869.646484	455.249481
3867.191406	462.191650
3864.734375	483.374939
3862.277344	467.921021
3859.818359	462.647552
3857.358398	503.116028
3854.897461	498.848267
3852.436523	488.490387
3849.973633	499.459137
3847.509766	477.946899
3845.044922	514.269165
3842.579102	531.297241
3840.113281	543.243774
3837.645508	529.852844
3835.176758	552.929565
3832.707031	530.434753
3830.236328	562.598938
3827.764648	547.198364
3825.291992	570.229858
3822.818359	546.753296
3820.343750	580.878418
3817.868164	627.093323
3815.390625	593.527710
3812.913086	607.411804
3810.434570	574.889771
3807.955078	589.777954
3805.473633	611.708130
3802.992188	609.443970
3800.509766	651.486572
3798.025391	609.953247
3795.541016	640.893677
3793.054688	647.671875
3790.568359	658.465515
3788.080078	648.147644
3785.591797	653.909546
3783.101563	679.747681
3780.610352	696.531677
3778.119141	691.230530
3775.625977	710.001343
3773.131836	704.698547
3770.636719	728.458130
3768.140625	747.190002
3765.643555	697.825806
3763.145508	750.580811
3760.646484	771.280701
3758.146484	757.964966
3755.645508	780.643494
3753.143555	774.328308
3750.639648	781.001465
3748.135742	764.707764
3745.630859	814.288757
3743.124023	805.974243
3740.617188	811.625427
3738.108398	837.205261
3735.599609	862.763794
3733.088867	859.421265
3730.577148	872.008362
3728.064453	870.654358
3725.551758	872.285095
3723.037109	883.856384
3720.521484	908.337341
3718.004883	890.081848
3715.487305	927.448364
3712.967773	890.340576
3710.448242	926.683472
3707.927734	982.831238
3705.406250	982.425598
3702.882813	987.965576
3700.359375	1002.415527
3697.833984	1017.843323
3695.308594	986.741638
3692.781250	1017.002136
3690.252930	1052.181763
3687.723633	1033.953857
3685.193359	1059.216064
3682.662109	1072.604980
3680.129883	1086.969849
3677.596680	1126.980469
3675.062500	1137.364502
3672.527344	1109.284424
3669.990234	1118.680908
3667.453125	1161.566528
3664.915039	1165.024048
3662.375000	1180.291138
3659.833984	1233.920776
3657.292969	1226.523560
3654.750000	1242.728271
3652.206055	1225.505249
3649.661133	1243.660889
3647.115234	1259.837158
3644.568359	1304.464355
3642.019531	1289.205078
3639.470703	1304.360474
3636.920898	1320.483154
3634.369141	1300.335571
3631.817383	1359.543823
3629.263672	1343.312256
3626.708984	1390.708252
3624.153320	1407.737915
3621.596680	1417.907837
3619.039063	1392.880371
3616.480469	1429.427612
3613.920898	1459.107422
3611.360352	1492.667114
3608.797852	1498.875000
3606.235352	1513.856201
3603.670898	1559.049927
3601.105469	1545.728882
3598.540039	1571.386597
3595.972656	1588.258301
3593.404297	1644.050903
3590.834961	1624.876831
3588.264648	1645.593994
3585.692383	1665.321045
3583.120117	1649.076050
3580.545898	1700.838989
3577.971680	1730.226196
3575.395508	1730.472168
3572.818359	1754.000610
3570.240234	1758.114258
3567.661133	1797.119507
3565.081055	1858.376587
3562.500000	1825.636597
3559.917969	1882.956909
3557.333984	1886.037598
3554.750000	1904.591797
3552.164063	1948.268921
3549.577148	1971.612671
3546.989258	1986.241699
3544.400391	2032.724731
3541.810547	1939.205688
3539.219727	2065.751221
3536.626953	2102.495850
3534.034180	2148.849609
3531.439453	2122.891113
3528.844727	2187.497559
3526.248047	2218.349854
3523.650391	2195.280273
3521.051758	2190.507568
3518.451172	2229.972412
3515.850586	2253.062988
3513.249023	2314.565186
3510.645508	2302.064697
3508.041016	2375.973145
3505.436523	2397.041260
3502.830078	2407.540039
3500.222656	2444.875000
3497.613281	2539.679688
3495.003906	2541.481201
3492.393555	2542.322998
3489.781250	2556.563232
3487.167969	2611.931152
3484.553711	2640.473877
3481.938477	2729.216064
3479.322266	2688.884766
3476.705078	2737.414307
3474.086914	2822.181641
3471.466797	2868.703369
3468.845703	2869.396729
3466.224609	2938.741943
3463.601563	2950.840576
3460.977539	2971.502686
3458.351563	2972.147949
3455.725586	3041.328857
3453.098633	3094.274658
3450.469727	3154.783691
3447.839844	3246.613037
3445.208984	3213.875732
3442.577148	3241.958008
3439.944336	3357.367920
3437.310547	3387.261719
3434.674805	3368.746826
3432.039063	3481.108154
3429.401367	3541.240234
3426.762695	3586.160645
3424.123047	3598.841553
3421.481445	3648.430664
3418.839844	3674.320068
3416.197266	3765.450195
3413.552734	3790.320313
3410.907227	3863.365479
3408.260742	3953.351074
3405.613281	3923.339600
3402.963867	4008.501709
3400.314453	4141.705566
3397.663086	4189.920898
3395.011719	4137.231934
3392.358398	4247.593262
3389.704102	4297.582031
3387.047852	4466.146973
3384.391602	4467.063965
3381.733398	4507.484863
3379.075195	4557.272461
3376.415039	4588.219727
3373.753906	4642.625000
3371.090820	4754.262207
3368.427734	4750.353027
3365.762695	4932.212402
3363.097656	4938.543457
3360.430664	4969.240723
3357.762695	5104.855469
3355.092773	5078.318848
3352.422852	5207.214355
3349.750977	5239.609863
3347.079102	5307.521484
3344.405273	5341.712891
3341.729492	5397.369629
3339.053711	5508.095703
3336.376953	5561.762695
3333.698242	5680.720703
3331.018555	5630.700684
3328.337891	5767.243164
3325.656250	5759.174805
3322.973633	5867.587891
3320.289063	6003.848145
3317.604492	6094.370605
3314.917969	6108.503418
3312.230469	6158.900879
3309.541016	6290.145996
3306.851563	6313.465332
3304.160156	6307.034668
3301.467773	6549.474609
3298.774414	6587.498535
3296.080078	6618.992676
3293.384766	6749.690918
3290.687500	6809.821777
3287.990234	6943.101563
3285.291016	6916.029785
3282.589844	7088.028809
3279.888672	7120.140137
3277.186523	7233.623047
3274.482422	7376.594238
3271.777344	7341.989746
3269.071289	7476.472168
3266.364258	7455.701172
3263.655273	7602.936523
3260.945313	7719.596191
3258.234375	7842.607910
3255.522461	7881.625000
3252.809570	8017.356445
3250.095703	8047.970703
3247.379883	8218.492188
3244.663086	8283.037109
3241.945313	8350.283203
3239.226563	8455.166016
3236.505859	8613.259766
3233.784180	8619.638672
3231.061523	8813.331055
3228.337891	8908.643555
3225.613281	9047.908203
3222.886719	9043.990234
3220.160156	9263.736328
3217.431641	9206.580078
3214.702148	9426.975586
3211.970703	9634.362305
3209.239258	9887.318359
3206.505859	9802.539063
3203.771484	10068.913086
3201.035156	10143.136719
3198.298828	10175.274414
3195.560547	10342.516602
3192.821289	10499.572266
3190.081055	10553.398438
3187.339844	10745.783203
3184.596680	11030.059570
3181.853516	11052.598633
3179.108398	11251.792969
3176.361328	11343.392578
3173.614258	11383.955078
3170.865234	11654.586914
3168.115234	11773.157227
3165.364258	11791.659180
3162.612305	11993.625977
3159.858398	12107.343750
3157.104492	12103.884766
3154.347656	12358.962891
3151.590820	12617.442383
3148.833008	12672.668945
3146.073242	12861.019531
3143.312500	13129.797852
3140.550781	13027.217773
3137.787109	13282.110352
3135.023438	13364.040039
3132.257813	13597.762695
3129.491211	13729.172852
3126.722656	13958.008789
3123.954102	14202.891602
3121.183594	14159.688477
3118.412109	14364.572266
3115.638672	14577.387695
3112.865234	14733.235352
3110.089844	14643.015625
3107.313477	14952.664063
3104.536133	15037.027344
3101.756836	15228.370117
3098.976563	15193.828125
3096.195313	15580.877930
3093.413086	15716.912109
3090.628906	15723.499023
3087.844727	16087.353516
3085.058594	16212.205078
3082.270508	16628.433594
3079.482422	16635.488281
3076.692383	16813.687500
3073.901367	16998.892578
3071.109375	17236.753906
3068.315430	17357.166016
3065.520508	17479.255859
3062.724609	17675.447266
3059.927734	17879.503906
3057.128906	17881.478516
3054.329102	18233.488281
3051.528320	18250.468750
3048.726563	18654.634766
3045.922852	18628.599609
3043.118164	18970.726563
3040.312500	19085.341797
3037.505859	19174.914063
3034.697266	19304.460938
3031.887695	19586.048828
3029.077148	19676.154297
3026.264648	19831.962891
3023.452148	20078.273438
3020.637695	20215.103516
3017.821289	20515.175781
3015.004883	20657.892578
3012.186523	20804.027344
3009.367188	21078.597656
3006.545898	21047.142578
3003.724609	21310.720703
3000.901367	21589.998047
2998.077148	21930.097656
2995.250977	22080.556641
2992.423828	21977.064453
2989.595703	22211.332031
2986.766602	22427.714844
2983.935547	22574.128906
2981.104492	23009.078125
2978.270508	23177.152344
2975.436523	23360.945313
2972.600586	23563.966797
2969.763672	23661.933594
2966.925781	23720.169922
2964.085938	23927.144531
2961.245117	24388.265625
2958.403320	24397.699219
2955.560547	24644.523438
2952.715820	25002.742188
2949.870117	25265.755859
2947.023438	25208.896484
2944.174805	25485.615234
2941.325195	25746.289063
2938.474609	26103.189453
2935.622070	26156.474609
2932.768555	26393.701172
2929.914063	26466.062500
2927.058594	26865.748047
2924.201172	27041.070313
2921.342773	27192.613281
2918.483398	27510.117188
2915.622070	27879.761719
2912.759766	27963.451172
2909.896484	28326.435547
2907.032227	28546.845703
2904.166016	28779.261719
2901.298828	28900.732422
2898.429688	29114.464844
2895.559570	29440.373047
2892.688477	29538.722656
2889.816406	29816.265625
2886.942383	30021.345703
2884.067383	30121.017578
2881.191406	30503.074219
2878.314453	30651.076172
2875.435547	30776.359375
2872.554688	31147.169922
2869.673828	31813.503906
2866.791016	31942.408203
2863.907227	31981.902344
2861.021484	32169.517578
2858.134766	32615.916016
2855.247070	32632.517578
2852.358398	32775.433594
2849.467773	33200.175781
2846.576172	33315.886719
2843.682617	33716.656250
2840.789063	33796.597656
2837.893555	33764.218750
2834.996094	34262.601563
2832.097656	34380.117188
2829.198242	34481.996094
2826.297852	34586.359375
2823.395508	34706.988281
2820.492188	35056.539063
2817.587891	35183.714844
2814.681641	35123.218750
2811.774414	35213.250000
2808.866211	35450.167969
2805.956055	35795.117188
2803.044922	36095.085938
2800.131836	36265.164063
2797.218750	36384.460938
2794.303711	36169.171875
2791.386719	36630.406250
2788.468750	36726.210938
2785.549805	36677.175781
2782.629883	36826.777344
2779.708008	37057.523438
2776.785156	37056.269531
2773.860352	37433.726563
2770.935547	37473.300781
2768.007813	37626.421875
2765.080078	37440.457031
2762.150391	37853.714844
2759.219727	37769.296875
2756.287109	37833.296875
2753.353516	38181.867188
2750.418945	38070.972656
2747.482422	38357.792969
2744.544922	38200.089844
2741.606445	38421.917969
2738.666016	38278.757813
2735.724609	38473.980469
2732.782227	38359.785156
2729.837891	38467.308594
2726.892578	38684.214844
2723.945313	38738.875000
2720.997070	38476.316406
2718.047852	38777.652344
2715.097656	38693.210938
2712.145508	38883.210938
2709.191406	38996.003906
2706.237305	38844.699219
2703.281250	38666.460938
2700.323242	38864.535156
2697.364258	39078.476563
2694.404297	39043.910156
2691.443359	39104.753906
2688.480469	38913.238281
2685.515625	38831.523438
2682.550781	39070.226563
2679.583984	39252.238281
2676.615234	39264.781250
2673.646484	38986.007813
2670.674805	38994.429688
2667.703125	38716.847656
2664.729492	38870.804688
2661.754883	38936.371094
2658.778320	38666.714844
2655.800781	38573.609375
2652.821289	38350.496094
2649.840820	38203.066406
2646.859375	38306.457031
2643.876953	38334.316406
2640.892578	38151.878906
2637.906250	38291.121094
2634.918945	38096.289063
2631.930664	37871.503906
2628.941406	37988.906250
2625.950195	37669.910156
2622.957031	37552.523438
2619.963867	37494.519531
2616.967773	37312.191406
2613.971680	37397.820313
2610.973633	37210.675781
2607.974609	37142.050781
2604.973633	36936.007813
2601.971680	36659.359375
2598.967773	36501.976563
2595.962891	36377.175781
2592.957031	35989.687500
2589.949219	35915.085938
2586.940430	35455.851563
2583.929688	35360.777344
2580.917969	35489.070313
2577.905273	35050.539063
2574.890625	34686.210938
2571.875000	34811.289063
2568.857422	34814.437500
2565.838867	34306.574219
2562.819336	34197.347656
2559.797852	33838.320313
2556.775391	33842.691406
2553.750977	33355.996094
2550.725586	33075.488281
2547.698242	32915.808594
2544.669922	32575.472656
2541.640625	32442.552734
2538.609375	32093.650391
2535.577148	31966.000000
2532.542969	31684.359375
2529.507813	31482.039063
2526.471680	31056.785156
2523.433594	30920.750000
2520.393555	30876.953125
2517.353516	30572.564453
2514.310547	30436.087891
2511.267578	30202.800781
2508.222656	29914.708984
2505.175781	29708.937500
2502.127930	29153.091797
2499.079102	29001.951172
2496.028320	28657.537109
2492.976563	28283.121094
2489.922852	28026.121094
2486.868164	27763.621094
2483.812500	27743.484375
2480.754883	27491.966797
2477.695313	27221.875000
2474.634766	26827.857422
2471.573242	26492.982422
2468.509766	26270.214844
2465.445313	25948.123047
2462.378906	26060.097656
2459.311523	25625.099609
2456.242188	25296.392578
2453.171875	25211.439453
2450.100586	24717.996094
2447.027344	24643.134766
2443.953125	24200.804688
2440.876953	23733.679688
2437.799805	23678.849609
2434.720703	23617.564453
2431.640625	23600.966797
2428.558594	23078.164063
2425.475586	22961.269531
2422.390625	22569.718750
2419.304688	22451.531250
2416.217773	22133.439453
2413.128906	21878.765625
2410.038086	21665.578125
2406.946289	21421.853516
2403.853516	21124.195313
2400.758789	20971.414063
2397.663086	20710.564453
2394.565430	20376.500000
2391.466797	20112.925781
2388.366211	19839.107422
2385.264648	19489.771484
2382.161133	19417.082031
2379.056641	19259.902344
2375.950195	19067.447266
2372.842773	18703.806641
2369.734375	18576.107422
2366.624023	18275.710938
2363.511719	18153.136719
2360.398438	17864.447266
2357.284180	17749.386719
2354.167969	17661.707031
2351.049805	17501.128906
2347.930664	17291.802734
2344.810547	16969.707031
2341.688477	16737.587891
2338.564453	16361.611328
2335.439453	16287.584961
2332.313477	16176.039063
2329.185547	16055.799805
2326.056641	15907.706055
2322.925781	15551.328125
2319.792969	15441.908203
2316.660156	15101.227539
2313.524414	14953.036133
2310.387695	14756.357422
2307.250000	14698.478516
2304.110352	14405.741211
2300.969727	14231.068359
2297.827148	14192.593750
2294.682617	13881.404297
2291.537109	13785.097656
2288.390625	13608.638672
2285.242188	13418.047852
2282.092773	13255.409180
2278.941406	13027.073242
2275.788086	12863.967773
2272.633789	12659.003906
2269.478516	12672.875977
2266.321289	12445.222656
2263.162109	12270.805664
2260.001953	12047.500000
2256.840820	11811.749023
2253.676758	11742.977539
2250.512695	11626.868164
2247.346680	11479.279297
2244.178711	11321.565430
2241.009766	11217.637695
2237.838867	10930.084961
2234.666992	10850.075195
2231.493164	10718.932617
2228.318359	10523.344727
2225.141602	10321.640625
2221.963867	10319.143555
2218.784180	10101.992188
2215.602539	9912.548828
2212.419922	9740.561523
2209.236328	9745.394531
2206.050781	9659.967773
2202.863281	9507.943359
2199.674805	9307.447266
2196.485352	9160.426758
2193.292969	8986.910156
2190.100586	9026.512695
2186.905273	8865.737305
2183.709961	8883.452148
2180.511719	8603.268555
2177.312500	8581.230469
2174.112305	8282.702148
2170.910156	8285.032227
2167.706055	8125.042969
2164.500977	8049.440430
2161.294922	7962.212402
2158.085938	7719.214844
2154.876953	7728.800781
2151.665039	7606.807129
2148.452148	7523.833008
2145.238281	7364.713379
2142.022461	7320.019531
2138.804688	7223.304688
2135.585938	7178.715332
2132.365234	7013.062988
2129.143555	6847.565918
2125.919922	6812.517090
2122.695313	6771.297363
2119.468750	6618.540039
2116.240234	6527.881836
2113.010742	6489.170898
2109.780273	6416.451172
2106.546875	6255.635742
2103.312500	6205.507813
2100.077148	6128.383789
2096.839844	6070.636719
2093.600586	5997.505371
2090.360352	5896.666504
2087.119141	5753.508789
2083.875000	5645.940918
2080.629883	5633.234375
2077.383789	5541.993164
2074.135742	5435.443359
2070.885742	5451.312988
2067.634766	5334.907715
2064.381836	5234.751953
2061.127930	5165.417969
2057.871094	5110.736816
2054.614258	4986.266602
2051.355469	4947.829102
2048.094727	4842.719727
2044.832031	4826.608887
2041.568359	4731.612793
2038.303711	4629.814941
2035.037109	4645.199707
2031.768555	4559.600098
2028.498047	4458.790527
2025.226563	4338.971191
2021.954102	4233.013672
2018.678711	4263.048340
2015.403320	4222.086426
2012.125000	4220.823242
2008.845703	4028.212158
2005.564453	3964.558105
2002.282227	3885.731689
1998.998047	3817.636719
1995.712891	3804.388916
1992.424805	3798.757324
1989.136719	3705.713135
1985.845703	3596.041748
1982.553711	3521.407471
1979.260742	3463.542969
1975.964844	3488.429199
1972.667969	3399.542480
1969.370117	3362.280762
1966.070313	3368.993896
1962.768555	3306.791748
1959.465820	3247.676025
1956.161133	3172.729492
1952.854492	3106.927490
1949.546875	3070.662842
1946.237305	3030.654785
1942.925781	3000.499756
1939.613281	2906.980469
1936.298828	2916.135498
1932.982422	2810.682129
1929.665039	2802.540527
1926.346680	2742.434326
1923.025391	2698.195068
1919.703125	2705.918457
1916.378906	2629.396484
1913.053711	2613.087646
1909.726563	2582.517334
1906.397461	2497.150879
1903.067383	2506.449219
1899.735352	2412.196777
1896.401367	2426.024902
1893.066406	2424.097656
1889.729492	2375.720947
1886.390625	2331.134277
1883.050781	2257.399658
1879.708984	2221.141357
1876.365234	2199.872070
1873.020508	2168.906982
1869.673828	2188.021240
1866.326172	2108.557373
1862.975586	2112.754883
1859.624023	2083.380615
1856.271484	2004.081177
1852.916016	1915.170654
1849.559570	1967.120605
1846.202148	1925.215088
1842.841797	1899.720093
1839.480469	1901.768066
1836.118164	1857.723267
1832.752930	1773.597412
1829.386719	1772.730957
1826.018555	1701.346436
1822.649414	1696.063110
1819.278320	1708.582031
1815.905273	1686.992432
1812.531250	1626.158325
1809.154297	1617.216919
1805.777344	1600.882446
1802.397461	1512.067017
1799.016602	1506.150269
1795.633789	1530.539185
1792.249023	1507.628540
1788.863281	1491.384521
1785.475586	1461.872681
1782.085938	1435.339722
1778.694336	1405.145996
1775.301758	1371.296997
1771.907227	1379.461182
1768.510742	1287.502197
1765.113281	1310.413818
1761.713867	1256.819580
1758.312500	1296.628906
1754.910156	1240.154297
1751.505859	1216.779541
1748.099609	1216.914063
1744.691406	1191.371948
1741.282227	1131.392090
1737.871094	1134.498535
1734.458008	1180.087524
1731.042969	1096.039307
1727.626953	1065.494629
1724.208984	1052.534058
1720.790039	1041.047974
1717.368164	1023.727173
1713.945313	1007.883728
1710.520508	1011.035217
1707.093750	978.431396
1703.666016	997.637390
1700.236328	964.342712
1696.804688	952.936890
1693.371094	988.874023
1689.936523	914.873779
1686.500000	911.510315
1683.061523	847.073303
1679.622070	848.106506
1676.179688	831.705139
1672.736328	819.675903
1669.291016	841.038513
1665.844727	839.895325
1662.396484	799.606262
1658.945313	800.657776
1655.494141	772.015015
1652.040039	766.563843
1648.584961	741.583374
1645.126953	712.288635
1641.668945	703.983276
1638.208008	685.572021
1634.745117	681.619995
1631.281250	680.558350
1627.815430	657.136047
1624.347656	638.062744
1620.878906	668.009949
1617.408203	631.663513
1613.935547	649.345276
1610.460938	616.641602
1606.984375	596.196350
1603.506836	593.741638
1600.027344	559.677063
1596.545898	589.556946
1593.062500	545.479736
1589.577148	563.140869
1586.090820	523.422668
1582.602539	536.060059
1579.112305	537.223755
1575.620117	520.487610
1572.126953	506.630310
1568.630859	498.508453
1565.133789	496.828308
1561.634766	484.432068
1558.133789	475.618805
1554.631836	475.379608
1551.127930	463.725616
1547.621094	462.779144
1544.114258	427.623535
1540.604492	421.709351
1537.092773	411.528992
1533.580078	417.726196
1530.065430	396.888672
1526.548828	398.110260
1523.030273	391.514343
1519.509766	397.708405
1515.988281	384.730469
1512.463867	361.123352
1508.938477	390.723724
1505.411133	355.796936
1501.882813	377.577332
1498.351563	350.480652
1494.818359	326.949615
1491.284180	308.393585
1487.748047	325.204498
1484.209961	315.147095
1480.669922	325.581024
1477.128906	327.533508
1473.584961	286.446350
1470.040039	288.416443
1466.493164	269.239868
1462.944336	279.669922
1459.393555	279.527740
1455.840820	269.533203
1452.287109	272.912964
1448.730469	268.555908
1445.172852	269.121826
1441.613281	252.129272
1438.051758	263.933960
1434.488281	248.364319
1430.922852	244.030228
1427.356445	232.691650
1423.787109	241.679642
1420.216797	224.052139
1416.644531	218.339233
1413.070313	218.227631
1409.494141	219.514221
1405.916016	216.607010
1402.336914	217.892899
1398.754883	198.934891
1395.171875	188.368103
1391.585938	199.428421
1387.999023	200.023132
1384.410156	178.326340
1380.819336	197.033066
1377.226563	185.797974
1373.632813	183.616028
1370.036133	172.399170
1366.438477	166.057373
1362.837891	158.333115
1359.236328	159.639847
1355.632813	158.170242
1352.027344	147.688232
1348.419922	153.156296
1344.810547	153.770050
1341.199219	151.613876
1337.585938	143.924316
1333.970703	141.775299
1330.354492	139.628433
1326.735352	140.938095
1323.115234	127.054962
1319.493164	147.003922
1315.869141	135.201279
1312.242188	136.510239
1308.614258	132.994156
1304.984375	126.726715
1301.353516	117.023827
1297.719727	116.963188
1294.083984	120.340866
1290.446289	112.030792
1286.807617	107.850975
1283.166016	109.168182
1279.523438	103.621605
1275.877930	113.855965
1272.231445	102.828423
1268.582031	91.812294
1264.931641	95.873390
1261.279297	97.192398
1257.625000	99.878181
1253.968750	87.518822
1250.310547	92.256905
1246.650391	86.061554
1242.988281	81.920631
1239.324219	86.654091
1235.658203	73.651627
1231.990234	79.747581
1228.320313	83.793396
1224.648438	78.983353
1220.975586	74.858833
1217.299805	68.017876
1213.622070	70.701561
1209.943359	74.741333
1206.261719	67.911064
1202.578125	74.663017
1198.893555	67.161469
1195.206055	69.160362
1191.517578	61.669502
1187.826172	70.442421
1184.133789	63.635658
1180.438477	56.836014
1176.742188	58.158653
1173.042969	62.859406
1169.342773	51.341938
1165.639648	64.143623
1161.935547	60.735630
1158.228516	51.935314
1154.520508	55.278572
1150.809570	53.901859
1147.097656	48.486069
1143.382813	53.844959
1139.666992	51.798389
1135.948242	57.822166
1132.227539	38.975723
1128.505859	49.701336
1124.781250	44.976040
1121.055664	47.635933
1117.327148	42.246109
1113.596680	45.574802
1109.865234	43.541046
1106.130859	44.856960
1102.394531	43.494843
1098.657227	46.815723
1094.916992	41.443321
1091.174805	42.757462
1087.430664	34.721962
1083.684570	30.699238
1079.936523	40.688187
1076.186523	37.333191
1072.434570	34.648064
1068.680664	35.961498
1064.924805	29.951931
1061.166992	34.592648
1057.406250	35.903957
1053.644531	32.562111
1049.880859	34.537243
1046.114258	29.872019
1042.346680	31.846441
1038.576172	34.481846
1034.803711	27.835808
1031.030273	23.846481
1027.253906	31.116220
1023.475586	29.776148
1019.695313	29.098835
1015.913086	23.134377
1012.128906	25.103832
1008.342773	23.109528
1004.553711	21.777269
