4046.277344	220.115463
4043.892578	207.537445
4041.505859	209.551147
4039.119141	237.746765
4036.731445	233.465256
4034.342773	222.907959
4031.952148	242.695923
4029.561523	223.777649
4027.169922	239.368393
4024.777344	230.914886
4022.383789	229.779129
4019.989258	235.952469
4017.593750	242.120850
4015.197266	237.852173
4012.799805	246.100372
4010.401367	249.130051
4008.001953	253.199219
4005.601563	258.306641
4003.201172	258.204193
4000.798828	262.264709
3998.395508	287.128296
3995.991211	265.176270
3993.585938	262.991974
3991.180664	283.669098
3988.773438	284.595032
3986.365234	274.099304
3983.957031	312.390442
3981.546875	296.704712
3979.135742	276.883331
3976.724609	301.651550
3974.311523	297.386658
3971.898438	302.447052
3969.483398	314.750854
3967.068359	323.939911
3964.651367	323.810699
3962.234375	300.930725
3959.815430	348.361420
3957.396484	328.589600
3954.975586	340.852997
3952.554688	323.164703
3950.131836	332.324097
3947.708984	334.254517
3945.284180	333.089569
3942.859375	336.048737
3940.432617	316.336395
3938.005859	360.499695
3935.577148	334.615601
3933.148438	365.356750
3930.718750	361.095245
3928.287109	357.865387
3925.855469	366.973267
3923.421875	375.046173
3920.988281	391.329407
3918.552734	395.279083
3916.117188	385.883698
3913.680664	374.444031
3911.242188	411.210144
3908.803711	377.218140
3906.363281	371.943237
3903.922852	403.544525
3901.480469	398.263031
3899.038086	412.430267
3896.593750	430.677917
3894.149414	400.849670
3891.703125	440.552490
3889.256836	463.875122
3886.808594	436.111877
3884.360352	445.124237
3881.910156	473.519012
3879.459961	465.166992
3877.007813	453.762512
3874.555664	459.694855
3872.101563	488.037354
3869.646484	472.563202
3867.191406	487.642731
3864.734375	486.427826
3862.277344	484.196533
3859.818359	510.437500
3857.358398	511.247192
3854.897461	520.183960
3852.436523	519.973145
3849.973633	534.989807
3847.509766	526.654846
3845.044922	521.369507
3842.579102	537.380798
3840.113281	519.932922
3837.645508	569.363892
3835.176758	559.005676
3832.707031	565.864563
3830.236328	594.978760
3827.764648	564.393127
3825.291992	588.428711
3822.818359	580.104248
3820.343750	602.093079
3817.868164	591.749878
3815.390625	619.772156
3812.913086	607.411804
3810.434570	584.975586
3807.955078	597.843323
3805.473633	653.026184
3802.992188	611.458679
3800.509766	654.507385
3798.025391	650.214172
3795.541016	653.973145
3793.054688	656.723206
3790.568359	642.380859
3788.080078	659.201355
3785.591797	691.074890
3783.101563	708.865417
3780.610352	682.480591
3778.119141	704.272583
3775.625977	713.009827
3773.131836	741.787964
3770.636719	751.504272
3768.140625	744.185242
3765.643555	755.894531
3763.145508	766.593201
3760.646484	768.279602
3758.146484	792.963318
3755.645508	789.639343
3753.143555	831.278870
3750.639648	838.927429
3748.135742	813.625061
3745.630859	823.269897
3743.124023	816.946655
3740.617188	831.567139
3738.108398	848.168640
3735.599609	855.789917
3733.088867	910.209778
3730.577148	894.903564
3728.064453	885.579895
3725.551758	883.225952
3723.037109	931.578674
3720.521484	957.033752
3718.004883	967.566650
3715.487305	1003.908264
3712.967773	971.731812
3710.448242	1006.056824
3707.927734	1007.625183
3705.406250	982.425598
3702.882813	1026.612183
3700.359375	1002.415527
3697.833984	1051.507446
3695.308594	1043.155151
3692.781250	1100.103516
3690.252930	1086.792969
3687.723633	1086.343506
3685.193359	1111.583984
3682.662109	1115.074585
3680.129883	1104.740479
3677.596680	1164.480713
3675.062500	1132.432373
3672.527344	1190.138916
3669.990234	1165.005127
3667.453125	1184.226440
3664.915039	1165.024048
3662.375000	1232.464111
3659.833984	1275.248291
3657.292969	1300.291992
3654.750000	1297.785889
3652.206055	1303.143433
3649.661133	1330.108154
3647.115234	1353.122070
3644.568359	1303.482788
3642.019531	1330.412476
3639.470703	1333.782104
3636.920898	1367.538330
3634.369141	1388.527222
3631.817383	1404.600708
3629.263672	1387.371338
3626.708984	1437.685059
3624.153320	1441.977539
3621.596680	1434.531616
3619.039063	1445.663208
3616.480469	1494.890137
3613.920898	1514.776245
3611.360352	1539.526489
3608.797852	1572.062378
3606.235352	1583.111206
3603.670898	1582.450317
3601.105469	1611.027588
3598.540039	1628.864502
3595.972656	1635.974243
3593.404297	1628.476685
3590.834961	1699.796387
3588.264648	1705.893555
3585.692383	1712.957275
3583.120117	1712.240479
3580.545898	1770.776367
3577.971680	1801.105225
3575.395508	1844.025269
3572.818359	1825.790405
3570.240234	1873.511719
3567.661133	1858.186768
3565.081055	1910.697998
3562.500000	1950.573975
3559.917969	1923.617065
3557.333984	2000.225586
3554.750000	1992.615112
3552.164063	2042.056519
3549.577148	2018.003540
3546.989258	2024.884521
3544.400391	2081.008057
3541.810547	2056.967285
3539.219727	2112.063965
3536.626953	2109.247070
3534.034180	2205.728271
3531.439453	2214.436523
3528.844727	2217.357666
3526.248047	2278.045166
3523.650391	2321.357422
3521.051758	2368.480469
3518.451172	2349.212158
3515.850586	2409.739258
3513.249023	2407.762695
3510.645508	2454.767334
3508.041016	2486.371826
3505.436523	2514.110596
3502.830078	2554.294434
3500.222656	2613.619141
3497.613281	2624.974609
3495.003906	2629.614014
3492.393555	2670.635986
3489.781250	2749.908691
3487.167969	2723.871094
3484.553711	2816.441650
3481.938477	2802.823730
3479.322266	2828.393311
3476.705078	2881.639404
3474.086914	2917.654541
3471.466797	2968.907471
3468.845703	3003.899658
3466.224609	3093.211670
3463.601563	3070.933105
3460.977539	3152.517578
3458.351563	3221.652344
3455.725586	3255.507080
3453.098633	3231.290527
3450.469727	3293.643555
3447.839844	3373.054932
3445.208984	3382.076904
3442.577148	3415.787109
3439.944336	3450.417236
3437.310547	3498.303955
3434.674805	3567.968506
3432.039063	3635.676514
3429.401367	3669.202393
3426.762695	3757.652100
3424.123047	3690.706787
3421.481445	3888.882568
3418.839844	3922.239746
3416.197266	3936.650146
3413.552734	3989.810791
3410.907227	4027.804199
3408.260742	4065.764160
3405.613281	4194.337891
3402.963867	4206.708496
3400.314453	4280.391113
3397.663086	4321.946289
3395.011719	4398.342285
3392.358398	4468.076172
3389.704102	4488.773926
3387.047852	4498.155762
3384.391602	4588.456543
3381.733398	4635.410156
3379.075195	4671.040039
3376.415039	4720.734863
3373.753906	4809.842285
3371.090820	4950.517578
3368.427734	4978.437500
3365.762695	5081.389160
3363.097656	5103.599121
3360.430664	5116.414551
3357.762695	5263.210938
3355.092773	5257.211914
3352.422852	5309.261719
3349.750977	5350.035645
3347.079102	5557.275879
3344.405273	5584.815430
3341.729492	5553.449707
3339.053711	5653.832031
3336.376953	5730.781738
3333.698242	5763.793945
3331.018555	5864.885254
3328.337891	5978.945313
3325.656250	5991.294434
3322.973633	6120.107422
3320.289063	6093.263184
3317.604492	6243.331543
3314.917969	6332.779785
3312.230469	6359.825195
3309.541016	6490.054688
3306.851563	6559.758301
3304.160156	6585.737305
3301.467773	6546.688965
3298.774414	6759.217285
3296.080078	6784.143066
3293.384766	6989.890137
3290.687500	6965.560059
3287.990234	7128.423828
3285.291016	7080.895508
3282.589844	7282.449707
3279.888672	7221.936035
3277.186523	7365.900391
3274.482422	7494.020508
3271.777344	7624.800293
3269.071289	7689.874512
3266.364258	7808.448242
3263.655273	7767.234375
3260.945313	7965.936523
3258.234375	8170.920410
3255.522461	8406.145508
3252.809570	8284.571289
3250.095703	8495.591797
3247.379883	8533.348633
3244.663086	8558.187500
3241.945313	8706.260742
3239.226563	8725.481445
3236.505859	8815.449219
3233.784180	9078.041992
3231.061523	9078.704102
3228.337891	9275.783203
3225.613281	9438.743164
3222.886719	9434.655273
3220.160156	9629.482422
3217.431641	9807.646484
3214.702148	10013.127930
3211.970703	9980.408203
3209.239258	10099.615234
3206.505859	10289.145508
3203.771484	10451.994141
3201.035156	10466.650391
3198.298828	10690.477539
3195.560547	10790.841797
3192.821289	10975.996094
3190.081055	10951.158203
3187.339844	11238.207031
3184.596680	11448.438477
3181.853516	11451.662109
3179.108398	11668.896484
3176.361328	11854.988281
3173.614258	11871.669922
3170.865234	12151.185547
3168.115234	12218.627930
3165.364258	12344.166016
3162.612305	12479.583984
3159.858398	12617.604492
3157.104492	12777.281250
3154.347656	12898.714844
3151.590820	13072.631836
3148.833008	13237.328125
3146.073242	13283.197266
3143.312500	13399.656250
3140.550781	13590.234375
3137.787109	13653.973633
3135.023438	13990.775391
3132.257813	14205.242188
3129.491211	14353.554688
3126.722656	14377.092773
3123.954102	14524.289063
3121.183594	14667.744141
3118.412109	14780.400391
3115.638672	15087.704102
3112.865234	15094.626953
3110.089844	15141.174805
3107.313477	15414.588867
3104.536133	15453.747070
3101.756836	15774.457031
3098.976563	15863.773438
3096.195313	16127.386719
3093.413086	16243.414063
3090.628906	16408.730469
3087.844727	16581.078125
3085.058594	16666.232422
3082.270508	17084.953125
3079.482422	17328.484375
3076.692383	17585.238281
3073.901367	17653.660156
3071.109375	17672.775391
3068.315430	17997.041016
3065.520508	18272.708984
3062.724609	18205.673828
3059.927734	18485.468750
3057.128906	18653.339844
3054.329102	18831.775391
3051.528320	18927.039063
3048.726563	19121.246094
3045.922852	19277.822266
3043.118164	19645.515625
3040.312500	19758.050781
3037.505859	19920.357422
3034.697266	20012.187500
3031.887695	20459.861328
3029.077148	20393.929688
3026.264648	20740.568359
3023.452148	20866.509766
3020.637695	20872.417969
3017.821289	21294.726563
3015.004883	21427.337891
3012.186523	21576.681641
3009.367188	21732.093750
3006.545898	22091.212891
3003.724609	22234.730469
3000.901367	22271.853516
2998.077148	22597.490234
2995.250977	22829.048828
2992.423828	23185.974609
2989.595703	23222.585938
2986.766602	23672.667969
2983.935547	23676.339844
2981.104492	23966.023438
2978.270508	24236.916016
2975.436523	24499.623047
2972.600586	24800.000000
2969.763672	24957.343750
2966.925781	24741.064453
2964.085938	25306.810547
2961.245117	25464.580078
2958.403320	25551.828125
2955.560547	25973.998047
2952.715820	26304.380859
2949.870117	26384.091797
2947.023438	26766.671875
2944.174805	26825.902344
2941.325195	27254.429688
2938.474609	27437.902344
2935.622070	27482.707031
2932.768555	27747.382813
2929.914063	27904.968750
2927.058594	28476.468750
2924.201172	28283.574219
2921.342773	28864.875000
2918.483398	28969.199219
2915.622070	29353.050781
2912.759766	29457.046875
2909.896484	29683.171875
2907.032227	29911.703125
2904.166016	30326.693359
2901.298828	30460.552734
2898.429688	30587.312500
2895.559570	30674.750000
2892.688477	31030.287109
2889.816406	31418.570313
2886.942383	31671.654297
2884.067383	31813.199219
2881.191406	31964.169922
2878.314453	32304.392578
2875.435547	32593.068359
2872.554688	32488.261719
2869.673828	33038.601563
2866.791016	33442.746094
2863.907227	33543.984375
2861.021484	33878.203125
2858.134766	33928.035156
2855.247070	34122.386719
2852.358398	34446.351563
2849.467773	34561.566406
2846.576172	34776.093750
2843.682617	34967.949219
2840.789063	35204.535156
2837.893555	35471.121094
2834.996094	35461.300781
2832.097656	35807.734375
2829.198242	36122.804688
2826.297852	36060.960938
2823.395508	36156.808594
2820.492188	36292.167969
2817.587891	36684.738281
2814.681641	36553.886719
2811.774414	36820.417969
2808.866211	36828.843750
2805.956055	37178.328125
2803.044922	37317.949219
2800.131836	37636.835938
2797.218750	37617.378906
2794.303711	37635.664063
2791.386719	37803.929688
2788.468750	37895.777344
2785.549805	37894.179688
2782.629883	38177.636719
2779.708008	38226.375000
2776.785156	38410.195313
2773.860352	38462.179688
2770.935547	38877.277344
2768.007813	38565.972656
2765.080078	38671.570313
2762.150391	38682.335938
2759.219727	39005.269531
2756.287109	38998.800781
2753.353516	39033.230469
2750.418945	39430.496094
2747.482422	39513.210938
2744.544922	39457.964844
2741.606445	39556.726563
2738.666016	39565.257813
2735.724609	39507.476563
2732.782227	39677.410156
2729.837891	39776.699219
2726.892578	39627.195313
2723.945313	39684.820313
2720.997070	39481.199219
2718.047852	39712.574219
2715.097656	39797.156250
2712.145508	39766.480469
2709.191406	39867.867188
2706.237305	39783.011719
2703.281250	39895.269531
2700.323242	39845.957031
2697.364258	39841.457031
2694.404297	39855.531250
2691.443359	39789.378906
2688.480469	39701.339844
2685.515625	39593.125000
2682.550781	39785.957031
2679.583984	39861.476563
2676.615234	39706.128906
2673.646484	39504.609375
2670.674805	39663.421875
2667.703125	39419.183594
2664.729492	39187.761719
2661.754883	39261.589844
2658.778320	39218.582031
2655.800781	39272.992188
2652.821289	38577.082031
2649.840820	38904.332031
2646.859375	38986.445313
2643.876953	38558.082031
2640.892578	38478.578125
2637.906250	38568.269531
2634.918945	38369.128906
2631.930664	38210.308594
2628.941406	38141.089844
2625.950195	37970.792969
2622.957031	38059.617188
2619.963867	37729.160156
2616.967773	37565.089844
2613.971680	37493.761719
2610.973633	37028.890625
2607.974609	36924.503906
2604.973633	36837.699219
2601.971680	36572.753906
2598.967773	36526.949219
2595.962891	36204.953125
2592.957031	36020.457031
2589.949219	35984.078125
2586.940430	35346.179688
2583.929688	35280.218750
2580.917969	35104.738281
2577.905273	34820.710938
2574.890625	34676.257813
2571.875000	34601.562500
2568.857422	34442.406250
2565.838867	33837.812500
2562.819336	33911.750000
2559.797852	33502.378906
2556.775391	33209.160156
2553.750977	32973.242188
2550.725586	32636.716797
2547.698242	32374.826172
2544.669922	32119.767578
2541.640625	32026.666016
2538.609375	31552.583984
2535.577148	31458.982422
2532.542969	31425.611328
2529.507813	30952.423828
2526.471680	30473.076172
2523.433594	30350.474609
2520.393555	30037.972656
2517.353516	29908.265625
2514.310547	29819.755859
2511.267578	29582.644531
2508.222656	29303.869141
2505.175781	28967.896484
2502.127930	28620.738281
2499.079102	28367.357422
2496.028320	28031.427734
2492.976563	27769.521484
2489.922852	27497.203125
2486.868164	27225.126953
2483.812500	27121.798828
2480.754883	26926.166016
2477.695313	26575.427734
2474.634766	26367.955078
2471.573242	26039.824219
2468.509766	25644.248047
2465.445313	25405.650391
2462.378906	25293.648438
2459.311523	25067.642578
2456.242188	24740.007813
2453.171875	24465.593750
2450.100586	24169.449219
2447.027344	23882.519531
2443.953125	23487.701172
2440.876953	23294.798828
2437.799805	23037.892578
2434.720703	22993.955078
2431.640625	22785.292969
2428.558594	22554.914063
2425.475586	22213.650391
2422.390625	22012.912109
2419.304688	21612.251953
2416.217773	21526.943359
2413.128906	21181.902344
2410.038086	21083.914063
2406.946289	20883.316406
2403.853516	20587.523438
2400.758789	20396.212891
2397.663086	20025.003906
2394.565430	19824.431641
2391.466797	19533.685547
2388.366211	19314.160156
2385.264648	19092.416016
2382.161133	18867.648438
2379.056641	18609.263672
2375.950195	18494.378906
2372.842773	18251.677734
2369.734375	17964.166016
2366.624023	17779.796875
2363.511719	17693.603516
2360.398438	17505.503906
2357.284180	17201.191406
2354.167969	17107.345703
2351.049805	16940.611328
2347.930664	16551.207031
2344.810547	16291.943359
2341.688477	16318.789063
2338.564453	16125.495117
2335.439453	15860.375000
2332.313477	15705.847656
2329.185547	15477.925781
2326.056641	15374.838867
2322.925781	15116.929688
2319.792969	14944.657227
2316.660156	14707.123047
2313.524414	14617.326172
2310.387695	14201.619141
2307.250000	14381.405273
2304.110352	14042.630859
2300.969727	13669.148438
2297.827148	13778.908203
2294.682617	13546.634766
2291.537109	13384.515625
2288.390625	13112.913086
2285.242188	12872.527344
2282.092773	12817.292969
2278.941406	12732.751953
2275.788086	12477.802734
2272.633789	12376.054688
2269.478516	12192.800781
2266.321289	12029.510742
2263.162109	11797.511719
2260.001953	11638.506836
2256.840820	11473.321289
2253.676758	11222.928711
2250.512695	11181.321289
2247.346680	11020.518555
2244.178711	11012.974609
2241.009766	10667.010742
2237.838867	10582.360352
2234.666992	10633.341797
2231.493164	10332.934570
2228.318359	10203.667969
2225.141602	10028.085938
2221.963867	9949.421875
2218.784180	9847.241211
2215.602539	9690.924805
2212.419922	9427.920898
2209.236328	9322.193359
2206.050781	9262.080078
2202.863281	9074.159180
2199.674805	8933.456055
2196.485352	8878.302734
2193.292969	8813.798828
2190.100586	8714.902344
2186.905273	8603.576172
2183.709961	8434.468750
2180.511719	8319.463867
2177.312500	8234.260742
2174.112305	8086.647949
2170.910156	8018.805176
2167.706055	7843.334961
2164.500977	7676.607910
2161.294922	7577.082520
2158.085938	7539.208984
2154.876953	7439.058594
2151.665039	7293.067871
2148.452148	7203.239258
2145.238281	7092.493164
2142.022461	7046.374023
2138.804688	6921.038574
2135.585938	6976.005371
2132.365234	6758.437988
2129.143555	6675.309570
2125.919922	6534.866699
2122.695313	6444.941895
2119.468750	6380.669434
2116.240234	6333.493652
2113.010742	6105.998047
2109.780273	6158.802734
2106.546875	6053.791016
2103.312500	5978.250977
2100.077148	5897.371582
2096.839844	5928.543457
2093.600586	5782.922852
2090.360352	5635.124023
2087.119141	5561.493652
2083.875000	5417.791016
2080.629883	5278.845703
2077.383789	5311.750488
2074.135742	5236.097656
2070.885742	5212.827637
2067.634766	5112.684082
2064.381836	5046.451172
2061.127930	4988.730469
2057.871094	4904.187988
2054.614258	4839.679199
2051.355469	4752.217285
2048.094727	4660.236328
2044.832031	4634.249512
2041.568359	4524.025391
2038.303711	4527.985352
2035.037109	4427.097168
2031.768555	4367.608887
2028.498047	4285.240234
2025.226563	4193.778320
2021.954102	4057.338135
2018.678711	4139.371094
2015.403320	4014.530518
2012.125000	4000.400879
2008.845703	3935.206543
2005.564453	3867.787354
2002.282227	3776.821533
1998.998047	3685.180176
1995.712891	3718.409668
1992.424805	3617.755615
1989.136719	3531.639648
1985.845703	3467.638916
1982.553711	3492.549805
1979.260742	3382.324707
1975.964844	3348.831299
1972.667969	3294.136230
1969.370117	3223.575439
1966.070313	3162.172363
1962.768555	3146.260498
1959.465820	3063.759521
1956.161133	3011.596680
1952.854492	3020.729004
1949.546875	2942.938965
1946.237305	2879.575195
1942.925781	2857.043457
1939.613281	2816.420166
1936.298828	2731.331299
1932.982422	2702.114990
1929.665039	2643.536621
1926.346680	2599.324707
1923.025391	2544.614746
1919.703125	2597.561279
1916.378906	2528.613037
1913.053711	2517.615234
1909.726563	2458.538330
1906.397461	2420.546387
1903.067383	2369.829346
1899.735352	2400.942383
1896.401367	2295.537109
1893.066406	2265.189697
1889.729492	2213.893311
1886.390625	2197.841064
1883.050781	2168.331299
1879.708984	2129.123535
1876.365234	2095.935303
1873.020508	2092.673828
1869.673828	2065.510010
1866.326172	1956.986206
1862.975586	1986.631348
1859.624023	2016.992920
1856.271484	1979.477539
1852.916016	1899.521362
1849.559570	1833.049438
1846.202148	1841.833740
1842.841797	1763.547485
1839.480469	1841.524292
1836.118164	1760.339600
1832.752930	1746.105469
1829.386719	1714.060791
1826.018555	1708.769409
1822.649414	1626.321289
1819.278320	1624.042847
1815.905273	1642.519775
1812.531250	1572.076538
1809.154297	1542.428101
1805.777344	1486.903809
1802.397461	1458.804321
1799.016602	1499.495728
1795.633789	1492.848389
1792.249023	1424.897339
1788.863281	1397.619263
1785.475586	1381.436523
1782.085938	1366.006714
1778.694336	1321.102661
1775.301758	1291.716064
1771.907227	1323.487305
1768.510742	1306.641724
1765.113281	1254.494995
1761.713867	1246.523804
1758.312500	1212.098145
1754.910156	1196.807739
1751.505859	1202.827271
1748.099609	1125.902466
1744.691406	1136.351685
1741.282227	1091.796997
1737.871094	1104.450439
1734.458008	1075.337402
1731.042969	1065.288696
1727.626953	1053.054077
1724.208984	1032.053833
1720.790039	998.645752
1717.368164	992.306580
1713.945313	981.591064
1710.520508	966.505859
1707.093750	936.112976
1703.666016	958.986206
1700.236328	894.367737
1696.804688	899.753113
1693.371094	882.559143
1689.936523	880.666077
1686.500000	869.317505
1683.061523	833.258362
1679.622070	812.496155
1676.179688	807.734619
1672.736328	799.347351
1669.291016	777.180542
1665.844727	777.519653
1662.396484	756.109985
1658.945313	747.763672
1655.494141	724.940979
1652.040039	726.751770
1648.584961	706.855591
1645.126953	681.916931
1641.668945	684.468323
1638.208008	659.565125
1634.745117	666.456848
1631.281250	652.412231
1627.815430	634.774658
1624.347656	620.759338
1620.878906	606.757690
1617.408203	618.698975
1613.935547	611.190857
1610.460938	583.542969
1606.984375	581.093628
1603.506836	588.709900
1600.027344	571.890808
1596.545898	551.497803
1593.062500	525.383118
1589.577148	507.902832
1586.090820	510.516327
1582.602539	485.177338
1579.112305	495.678436
1575.620117	463.212463
1572.126953	495.181030
1568.630859	477.051849
1565.133789	448.217773
1561.634766	454.423004
1558.133789	447.053131
1554.631836	454.679901
1551.127930	425.914154
1547.621094	419.282196
1544.114258	431.187073
1540.604492	406.037720
1537.092773	400.137177
1533.580078	397.088959
1530.065430	404.001373
1526.548828	369.673798
1523.030273	362.381714
1519.509766	365.749695
1515.988281	340.010895
1512.463867	354.028595
1508.938477	326.194031
1505.411133	338.077972
1501.882813	336.490112
1498.351563	329.239380
1494.818359	331.195740
1491.284180	318.296112
1487.748047	297.632813
1484.209961	292.535645
1480.669922	293.093536
1477.128906	295.768402
1473.584961	288.562958
1470.040039	275.018097
1466.493164	253.733917
1462.944336	281.078857
1459.393555	271.782654
1455.840820	257.569580
1452.287109	260.252045
1448.730469	269.258911
1445.172852	261.392456
1441.613281	238.785385
1438.051758	252.000778
1434.488281	233.630844
1430.922852	224.395615
1427.356445	215.870575
1423.787109	206.653595
1420.216797	214.950012
1416.644531	216.239807
1413.070313	218.227631
1409.494141	207.629700
1405.916016	210.318420
1402.336914	198.338409
1398.754883	203.122986
1395.171875	186.275116
1391.585938	187.574280
1387.999023	202.113968
1384.410156	174.146820
1380.819336	169.183868
1377.226563	177.447495
1373.632813	169.010208
1370.036133	180.045914
1366.438477	172.310577
1362.837891	152.083130
1359.236328	144.369949
1355.632813	160.251434
1352.027344	158.088821
1348.419922	154.542328
1344.810547	141.302200
1341.199219	139.152466
1337.585938	140.464600
1333.970703	145.233231
1330.354492	144.467056
1326.735352	129.193253
1323.115234	118.768768
1319.493164	120.087708
1315.869141	121.405228
1312.242188	125.479103
1308.614258	117.834198
1304.984375	119.150658
1301.353516	109.451691
1297.719727	109.394981
1294.083984	104.524643
1290.446289	106.532349
1286.807617	111.285721
1283.166016	104.362038
1279.523438	100.876663
1275.877930	100.138374
1272.231445	96.658714
1268.582031	90.441956
1264.931641	99.982246
1261.279297	91.716774
1257.625000	97.825897
1253.968750	97.091194
1250.310547	86.106445
1246.650391	87.427612
1242.988281	77.141930
1239.324219	76.419357
1235.658203	79.789261
1231.990234	83.155602
1228.320313	72.893440
1224.648438	76.259789
1220.975586	64.650810
1217.299805	74.819664
1213.622070	74.100677
1209.943359	74.061867
1206.261719	75.381287
1202.578125	67.875465
1198.893555	60.377483
1195.206055	69.838402
1191.517578	71.834808
1187.826172	64.346443
1184.133789	61.604733
1180.438477	56.159397
1176.742188	57.482388
1173.042969	59.479870
1169.342773	53.368595
1165.639648	58.066860
1161.935547	58.036266
1158.228516	52.609798
1154.520508	57.300957
1150.809570	51.206768
1147.097656	44.445560
1143.382813	51.825771
1139.666992	45.071327
1135.948242	49.081608
1132.227539	51.743633
1128.505859	51.044617
1124.781250	44.976040
1121.055664	37.572006
1117.327148	38.893246
1113.596680	38.202408
1109.865234	39.521873
1106.130859	46.195972
1102.394531	37.472481
1098.657227	37.452579
1094.916992	40.106441
1091.174805	35.408524
1087.430664	44.737911
1083.684570	39.375107
1079.936523	41.355206
1076.186523	28.666559
1072.434570	33.981754
1068.680664	28.636007
1064.924805	33.279922
1061.166992	35.923134
1057.406250	33.244404
1053.644531	33.891178
1049.880859	31.880533
1046.114258	26.552906
1042.346680	28.529102
1038.576172	32.492508
1034.803711	31.149595
1031.030273	25.171286
1027.253906	31.116220
1023.475586	25.144302
1019.695313	32.405521
1015.913086	25.778305
1012.128906	29.067596
1008.342773	19.147894
1004.553711	23.097105
