4046.277344	233.741669
4043.892578	249.464203
4041.505859	237.840546
4039.119141	245.078156
4036.731445	269.060852
4034.342773	253.256927
4031.952148	254.203049
4029.561523	265.605255
4027.169922	267.590881
4024.777344	249.722427
4022.383789	247.534790
4019.989258	256.833221
4017.593750	265.080597
4015.197266	277.494202
4012.799805	272.170319
4010.401367	284.571136
4008.001953	287.584290
4005.601563	289.553406
4003.201172	283.191711
4000.798828	279.957153
3998.395508	303.773407
3995.991211	310.932159
3993.585938	303.532227
3991.180664	298.216217
3988.773438	314.716400
3986.365234	332.241608
3983.957031	320.693207
3981.546875	320.565582
3979.135742	327.697113
3976.724609	320.310425
3974.311523	339.870453
3971.898438	326.269928
3969.483398	343.741058
3967.068359	330.149628
3964.651367	346.570557
3962.234375	341.261658
3959.815430	351.462555
3957.396484	337.889313
3954.975586	362.543640
3952.554688	376.853424
3950.131836	355.029480
3947.708984	353.855865
3945.284180	387.745117
3942.859375	364.911835
3940.432617	395.678101
3938.005859	368.739685
3935.577148	392.272461
3933.148438	408.582031
3930.718750	400.188171
3928.287109	392.829254
3925.855469	411.174530
3923.421875	422.312286
3920.988281	403.654755
3918.552734	433.266937
3916.117188	438.224304
3913.680664	438.048218
3911.242188	427.617523
3908.803711	447.946564
3906.363281	442.643188
3903.922852	453.731537
3901.480469	450.477448
3899.038086	466.670471
3896.593750	467.505463
3894.149414	494.926636
3891.703125	473.261719
3889.256836	480.223145
3886.808594	489.221497
3884.360352	467.584656
3881.910156	498.011353
3879.459961	519.232483
3877.007813	509.845520
3874.555664	530.025085
3872.101563	537.961853
3869.646484	516.356750
3867.191406	546.689270
3864.734375	566.820679
3862.277344	556.419128
3859.818359	552.126648
3857.358398	569.181763
3854.897461	581.143005
3852.436523	600.203369
3849.973633	600.975220
3847.509766	618.997009
3845.044922	600.487854
3842.579102	592.132813
3840.113281	641.554688
3837.645508	613.940369
3835.176758	626.856018
3832.707031	600.282043
3830.236328	637.477234
3827.764648	655.424316
3825.291992	646.058350
3822.818359	693.295349
3820.343750	686.951843
3817.868164	670.515198
3815.390625	682.354980
3812.913086	720.418640
3810.434570	729.202332
3807.955078	758.141968
3805.473633	747.755249
3802.992188	744.428223
3800.509766	763.256287
3798.025391	762.944763
3795.541016	775.712769
3793.054688	774.390320
3790.568359	786.137451
3788.080078	780.791809
3785.591797	802.570984
3783.101563	832.364624
3780.610352	804.925659
3778.119141	815.631958
3775.625977	855.411194
3773.131836	871.099670
3770.636719	882.767029
3768.140625	861.371887
3765.643555	890.053284
3763.145508	872.675293
3760.646484	844.307251
3758.146484	909.957947
3755.645508	933.573608
3753.143555	932.191345
3750.639648	953.780579
3748.135742	960.377075
3745.630859	934.037109
3743.124023	986.520447
3740.617188	1005.059509
3738.108398	1021.589722
3735.599609	1025.154663
3733.088867	1010.790955
3730.577148	1006.393188
3728.064453	1037.820068
3725.551758	1071.209839
3723.037109	1053.867065
3720.521484	1094.178833
3718.004883	1063.926025
3715.487305	1111.150635
3712.967773	1105.729614
3710.448242	1157.858276
3707.927734	1164.322754
3705.406250	1178.712402
3702.882813	1144.533813
3700.359375	1144.061157
3697.833984	1174.282227
3695.308594	1227.241333
3692.781250	1180.236938
3690.252930	1186.671143
3687.723633	1193.099731
3685.193359	1254.854858
3682.662109	1271.125854
3680.129883	1300.217285
3677.596680	1285.863037
3675.062500	1316.896484
3672.527344	1322.267090
3669.990234	1320.733398
3667.453125	1359.594482
3664.915039	1386.605103
3662.375000	1409.655518
3659.833984	1438.590210
3657.292969	1415.370850
3654.750000	1433.463501
3652.206055	1461.368286
3649.661133	1483.355347
3647.115234	1474.883423
3644.568359	1475.251953
3642.019531	1519.770630
3639.470703	1529.926514
3636.920898	1533.211426
3634.369141	1608.026123
3631.817383	1662.208740
3629.263672	1617.457642
3626.708984	1601.125122
3624.153320	1643.502197
3621.596680	1635.972290
3619.039063	1681.231079
3616.480469	1696.162964
3613.920898	1734.521362
3611.360352	1720.130493
3608.797852	1770.155884
3606.235352	1789.900879
3603.670898	1861.304688
3601.105469	1875.146484
3598.540039	1925.995850
3595.972656	1927.138672
3593.404297	1889.344482
3590.834961	1928.446655
3588.264648	1894.572754
3585.692383	1967.664795
3583.120117	1977.530884
3580.545898	2050.525879
3577.971680	2046.754639
3575.395508	2052.691406
3572.818359	2099.367920
3570.240234	2136.307617
3567.661133	2189.694336
3565.081055	2187.807373
3562.500000	2184.952881
3559.917969	2310.857666
3557.333984	2229.569336
3554.750000	2289.572754
3552.164063	2277.975830
3549.577148	2346.605713
3546.989258	2346.586182
3544.400391	2378.432861
3541.810547	2381.294434
3539.219727	2484.497559
3536.626953	2484.417236
3534.034180	2468.911621
3531.439453	2517.018555
3528.844727	2605.539795
3526.248047	2607.331543
3523.650391	2611.045654
3521.051758	2673.439209
3518.451172	2684.813721
3515.850586	2696.178223
3513.249023	2791.121582
3510.645508	2748.647949
3508.041016	2735.968994
3505.436523	2854.762939
3502.830078	2914.945801
3500.222656	2852.354004
3497.613281	2943.153320
3495.003906	3004.178223
3492.393555	3023.018311
3489.781250	3059.070068
3487.167969	3073.085449
3484.553711	3093.782227
3481.938477	3176.597168
3479.322266	3209.653076
3476.705078	3222.622314
3474.086914	3240.353271
3471.466797	3284.789307
3468.845703	3376.883057
3466.224609	3343.987061
3463.601563	3439.788086
3460.977539	3492.635254
3458.351563	3503.534912
3455.725586	3536.318359
3453.098633	3619.502197
3450.469727	3624.624756
3447.839844	3706.747803
3445.208984	3755.540283
3442.577148	3826.137451
3439.944336	3830.209961
3437.310547	3963.352539
3434.674805	3931.311279
3432.039063	3959.985596
3429.401367	4009.487549
3426.762695	4205.803711
3424.123047	4191.703613
3421.481445	4238.200195
3418.839844	4350.894531
3416.197266	4379.310547
3413.552734	4392.573730
3410.907227	4482.373535
3408.260742	4588.154297
3405.613281	4567.314941
3402.963867	4638.044922
3400.314453	4708.713379
3397.663086	4759.516113
3395.011719	4888.513184
3392.358398	4958.038086
3389.704102	4967.225098
3387.047852	5121.382813
3384.391602	5129.548340
3381.733398	5227.064941
3379.075195	5191.924805
3376.415039	5275.230957
3373.753906	5368.798340
3371.090820	5321.431152
3368.427734	5534.100098
3365.762695	5634.937988
3363.097656	5591.264160
3360.430664	5642.305176
3357.762695	5772.946777
3355.092773	5872.566895
3352.422852	5953.375977
3349.750977	6004.167969
3347.079102	6030.593750
3344.405273	6092.525879
3341.729492	6155.337891
3339.053711	6230.239258
3336.376953	6361.102539
3333.698242	6423.713379
3331.018555	6475.072266
3328.337891	6572.083496
3325.656250	6612.144531
3322.973633	6755.600098
3320.289063	6773.190430
3317.604492	6987.206055
3314.917969	6915.339844
3312.230469	6915.159180
3309.541016	7088.850586
3306.851563	7162.943848
3304.160156	7260.196777
3301.467773	7353.649414
3298.774414	7424.742676
3296.080078	7491.133789
3293.384766	7598.271484
3290.687500	7671.942383
3287.990234	7701.996582
3285.291016	7762.587891
3282.589844	7957.367676
3279.888672	7943.759277
3277.186523	8082.787598
3274.482422	8093.172363
3271.777344	8239.405273
3269.071289	8353.176758
3266.364258	8465.000977
3263.655273	8602.570313
3260.945313	8668.053711
3258.234375	8695.666992
3255.522461	8808.061523
3252.809570	8877.971680
3250.095703	9045.447266
3247.379883	9046.141602
3244.663086	9154.500000
3241.945313	9438.451172
3239.226563	9354.377930
3236.505859	9565.387695
3233.784180	9600.750000
3231.061523	9814.219727
3228.337891	9877.892578
3225.613281	10003.893555
3222.886719	10128.865234
3220.160156	10328.892578
3217.431641	10361.983398
3214.702148	10470.143555
3211.970703	10600.178711
3209.239258	10600.157227
3206.505859	10730.931641
3203.771484	10983.187500
3201.035156	11092.657227
3198.298828	11267.798828
3195.560547	11281.168945
3192.821289	11456.070313
3190.081055	11501.270508
3187.339844	11602.053711
3184.596680	11977.108398
3181.853516	11964.613281
3179.108398	12133.357422
3176.361328	12154.480469
3173.614258	12346.645508
3170.865234	12444.959961
3168.115234	12592.277344
3165.364258	12784.899414
3162.612305	12738.458984
3159.858398	13099.718750
3157.104492	13171.154297
3154.347656	13214.402344
3151.590820	13537.794922
3148.833008	13726.760742
3146.073242	13694.503906
3143.312500	13858.778320
3140.550781	14081.742188
3137.787109	14053.884766
3135.023438	14231.340820
3132.257813	14516.212891
3129.491211	14496.322266
3126.722656	14880.172852
3123.954102	14909.786133
3121.183594	15050.365234
3118.412109	15074.457031
3115.638672	15384.336914
3112.865234	15422.672852
3110.089844	15392.506836
3107.313477	15682.018555
3104.536133	15865.966797
3101.756836	15740.270508
3098.976563	15984.274414
3096.195313	16183.116211
3093.413086	16413.224609
3090.628906	16247.077148
3087.844727	16581.078125
3085.058594	16745.195313
3082.270508	17097.509766
3079.482422	17055.947266
3076.692383	17506.380859
3073.901367	17461.978516
3071.109375	17460.583984
3068.315430	17954.978516
3065.520508	18014.187500
3062.724609	18093.011719
3059.927734	18108.304688
3057.128906	18351.384766
3054.329102	18346.894531
3051.528320	18549.480469
3048.726563	18867.867188
3045.922852	18914.863281
3043.118164	19105.328125
3040.312500	19163.750000
3037.505859	19433.191406
3034.697266	19621.378906
3031.887695	19843.208984
3029.077148	19903.849609
3026.264648	19876.416016
3023.452148	20243.562500
3020.637695	20176.019531
3017.821289	20549.802734
3015.004883	20643.693359
3012.186523	20712.656250
3009.367188	21053.769531
3006.545898	21011.691406
3003.724609	21306.291016
3000.901367	21586.457031
2998.077148	21773.429688
2995.250977	21937.226563
2992.423828	21897.472656
2989.595703	22073.433594
2986.766602	22516.072266
2983.935547	22567.945313
2981.104492	22439.677734
2978.270508	22945.080078
2975.436523	23067.236328
2972.600586	23260.689453
2969.763672	23349.097656
2966.925781	23631.205078
2964.085938	23779.228516
2961.245117	23903.351563
2958.403320	24161.066406
2955.560547	24250.605469
2952.715820	24413.882813
2949.870117	24671.009766
2947.023438	24917.363281
2944.174805	24793.968750
2941.325195	25299.726563
2938.474609	25488.449219
2935.622070	25565.675781
2932.768555	25686.632813
2929.914063	25767.191406
2927.058594	26332.634766
2924.201172	26211.568359
2921.342773	26379.222656
2918.483398	26816.857422
2915.622070	26988.447266
2912.759766	27048.076172
2909.896484	27482.187500
2907.032227	27571.197266
2904.166016	27756.945313
2901.298828	27855.328125
2898.429688	27940.542969
2895.559570	28016.091797
2892.688477	28317.955078
2889.816406	28469.841797
2886.942383	28605.925781
2884.067383	28846.228516
2881.191406	29141.066406
2878.314453	29240.154297
2875.435547	29502.406250
2872.554688	29637.683594
2869.673828	29891.697266
2866.791016	30109.050781
2863.907227	30196.171875
2861.021484	30232.085938
2858.134766	30653.365234
2855.247070	30553.109375
2852.358398	31017.982422
2849.467773	31056.888672
2846.576172	31093.154297
2843.682617	31295.298828
2840.789063	31312.404297
2837.893555	31604.041016
2834.996094	31670.166016
2832.097656	32098.517578
2829.198242	32103.125000
2826.297852	32106.857422
2823.395508	32271.666016
2820.492188	32332.130859
2817.587891	32658.480469
2814.681641	32806.445313
2811.774414	32663.621094
2808.866211	32695.396484
2805.956055	32917.003906
2803.044922	33278.378906
2800.131836	33181.910156
2797.218750	33364.363281
2794.303711	33318.519531
2791.386719	33733.027344
2788.468750	33798.429688
2785.549805	33829.500000
2782.629883	33996.648438
2779.708008	34022.449219
2776.785156	34191.906250
2773.860352	34681.789063
2770.935547	34411.550781
2768.007813	34488.324219
2765.080078	34475.375000
2762.150391	34443.652344
2759.219727	34832.472656
2756.287109	35028.238281
2753.353516	35217.003906
2750.418945	35243.738281
2747.482422	35069.496094
2744.544922	35162.632813
2741.606445	35455.589844
2738.666016	35439.609375
2735.724609	35441.480469
2732.782227	35309.964844
2729.837891	35525.855469
2726.892578	35412.222656
2723.945313	35935.816406
2720.997070	35619.402344
2718.047852	35920.332031
2715.097656	35710.945313
2712.145508	35843.015625
2709.191406	35936.863281
2706.237305	35979.851563
2703.281250	35789.371094
2700.323242	35874.632813
2697.364258	36122.875000
2694.404297	36279.671875
2691.443359	36107.929688
2688.480469	36143.906250
2685.515625	35990.070313
2682.550781	36163.457031
2679.583984	36105.792969
2676.615234	36067.539063
2673.646484	35961.117188
2670.674805	36103.863281
2667.703125	35844.414063
2664.729492	36082.906250
2661.754883	35761.492188
2658.778320	35830.109375
2655.800781	35593.039063
2652.821289	35505.550781
2649.840820	35345.996094
2646.859375	35400.375000
2643.876953	35291.273438
2640.892578	35085.921875
2637.906250	35313.636719
2634.918945	35240.675781
2631.930664	35054.835938
2628.941406	34778.847656
2625.950195	34789.777344
2622.957031	34704.609375
2619.963867	34474.214844
2616.967773	34311.625000
2613.971680	34077.425781
2610.973633	34143.628906
2607.974609	33912.199219
2604.973633	33848.425781
2601.971680	33410.796875
2598.967773	33599.500000
2595.962891	33292.152344
2592.957031	32860.332031
2589.949219	32876.929688
2586.940430	32516.291016
2583.929688	32467.402344
2580.917969	32332.218750
2577.905273	32124.130859
2574.890625	32102.824219
2571.875000	31859.367188
2568.857422	31748.693359
2565.838867	31382.197266
2562.819336	31699.806641
2559.797852	31200.429688
2556.775391	30898.339844
2553.750977	30536.167969
2550.725586	30465.177734
2547.698242	30120.035156
2544.669922	29980.759766
2541.640625	29692.248047
2538.609375	29391.617188
2535.577148	29237.173828
2532.542969	29180.099609
2529.507813	29053.058594
2526.471680	28795.220703
2523.433594	28451.205078
2520.393555	28237.455078
2517.353516	28064.177734
2514.310547	28156.482422
2511.267578	27617.039063
2508.222656	27490.234375
2505.175781	27086.160156
2502.127930	27012.195313
2499.079102	26583.277344
2496.028320	26255.544922
2492.976563	26095.208984
2489.922852	25759.796875
2486.868164	25751.218750
2483.812500	25291.919922
2480.754883	25268.015625
2477.695313	24889.435547
2474.634766	24779.947266
2471.573242	24532.564453
2468.509766	24315.597656
2465.445313	24027.037109
2462.378906	23865.117188
2459.311523	23709.859375
2456.242188	23329.900391
2453.171875	23413.589844
2450.100586	22863.189453
2447.027344	22707.835938
2443.953125	22390.806641
2440.876953	22152.083984
2437.799805	22007.000000
2434.720703	21827.125000
2431.640625	21707.468750
2428.558594	21163.636719
2425.475586	21046.005859
2422.390625	20986.019531
2419.304688	20679.808594
2416.217773	20505.050781
2413.128906	20254.369141
2410.038086	19911.685547
2406.946289	19751.253906
2403.853516	19411.533203
2400.758789	19167.447266
2397.663086	18923.583984
2394.565430	18756.615234
2391.466797	18679.343750
2388.366211	18376.353516
2385.264648	18098.625000
2382.161133	17946.824219
2379.056641	17785.496094
2375.950195	17647.652344
2372.842773	17441.546875
2369.734375	17197.835938
2366.624023	16810.472656
2363.511719	16711.875000
2360.398438	16489.703125
2357.284180	16320.704102
2354.167969	16142.230469
2351.049805	16023.255859
2347.930664	15768.130859
2344.810547	15625.396484
2341.688477	15502.008789
2338.564453	15177.031250
2335.439453	14911.552734
2332.313477	14907.800781
2329.185547	14689.042969
2326.056641	14425.745117
2322.925781	14366.313477
2319.792969	14144.906250
2316.660156	13849.506836
2313.524414	13783.235352
2310.387695	13508.196289
2307.250000	13456.476563
2304.110352	13321.985352
2300.969727	13049.921875
2297.827148	13020.750000
2294.682617	12805.529297
2291.537109	12717.674805
2288.390625	12490.872070
2285.242188	12354.799805
2282.092773	12164.879883
2278.941406	11998.932617
2275.788086	12007.585938
2272.633789	11784.001953
2269.478516	11549.532227
2266.321289	11433.260742
2263.162109	11247.447266
2260.001953	11106.894531
2256.840820	10946.703125
2253.676758	10740.026367
2250.512695	10655.197266
2247.346680	10494.641602
2244.178711	10477.874023
2241.009766	10278.101563
2237.838867	10049.338867
2234.666992	10017.030273
2231.493164	9841.377930
2228.318359	9639.903320
2225.141602	9626.710938
2221.963867	9384.615234
2218.784180	9285.844727
2215.602539	9290.902344
2212.419922	9108.996094
2209.236328	8918.622070
2206.050781	8770.801758
2202.863281	8745.487305
2199.674805	8566.520508
2196.485352	8562.479492
2193.292969	8417.443359
2190.100586	8252.185547
2186.905273	8163.771484
2183.709961	8039.457520
2180.511719	7929.330566
2177.312500	7853.689453
2174.112305	7822.638672
2170.910156	7685.436523
2167.706055	7599.084473
2164.500977	7396.593262
2161.294922	7282.387695
2158.085938	7163.612305
2154.876953	7143.084961
2151.665039	7022.146973
2148.452148	6930.890625
2145.238281	6807.051270
2142.022461	6740.854980
2138.804688	6604.785645
2135.585938	6555.053223
2132.365234	6461.116211
2129.143555	6441.755371
2125.919922	6258.767090
2122.695313	6317.035156
2119.468750	6155.970703
2116.240234	6020.613770
2113.010742	5900.864746
2109.780273	5796.702148
2106.546875	5728.983887
2103.312500	5757.177734
2100.077148	5718.125000
2096.839844	5615.783203
2093.600586	5551.358887
2090.360352	5409.070801
2087.119141	5259.976563
2083.875000	5276.738770
2080.629883	5121.682129
2077.383789	5113.079590
2074.135742	5042.139160
2070.885742	4901.258301
2067.634766	4904.301270
2064.381836	4777.450684
2061.127930	4708.334961
2057.871094	4709.157227
2054.614258	4591.785645
2051.355469	4532.824707
2048.094727	4447.849609
2044.832031	4420.431641
2041.568359	4322.565918
2038.303711	4330.450684
2035.037109	4278.634277
2031.768555	4197.800293
2028.498047	4137.684082
2025.226563	4026.424561
2021.954102	4006.163086
2018.678711	3953.854980
2015.403320	3832.918945
2012.125000	3834.130615
2008.845703	3731.661377
2005.564453	3710.058350
2002.282227	3633.638916
1998.998047	3583.934814
1995.712891	3545.690430
1992.424805	3483.905518
1989.136719	3424.458984
1985.845703	3339.235840
1982.553711	3235.867432
1979.260742	3219.887939
1975.964844	3223.648438
1972.667969	3136.405762
1969.370117	3109.124268
1966.070313	3081.867920
1962.768555	3084.925537
1959.465820	2938.877930
1956.161133	2960.155029
1952.854492	2899.748779
1949.546875	2856.026123
1946.237305	2825.942139
1942.925781	2806.456299
1939.613281	2725.105469
1936.298828	2676.267090
1932.982422	2632.752686
1929.665039	2602.843506
1926.346680	2545.093506
1923.025391	2525.793457
1919.703125	2510.273682
1916.378906	2437.606934
1913.053711	2463.489258
1909.726563	2387.907959
1906.397461	2356.709473
1903.067383	2360.821289
1899.735352	2266.639648
1896.401367	2225.793457
1893.066406	2235.956543
1889.729492	2187.671143
1886.390625	2131.194580
1883.050781	2145.128418
1879.708984	2052.816406
1876.365234	2042.097534
1873.020508	2061.283691
1869.673828	1999.772217
1866.326172	1940.559692
1862.975586	1941.107544
1859.624023	1874.520386
1856.271484	1870.624878
1852.916016	1863.006470
1849.559570	1834.539185
1846.202148	1752.496582
1842.841797	1766.523926
1839.480469	1706.905640
1836.118164	1701.612061
1832.752930	1698.552002
1829.386719	1666.530518
1826.018555	1631.570435
1822.649414	1599.611572
1819.278320	1541.728271
1815.905273	1545.421387
1812.531250	1529.107422
1809.154297	1505.403931
1805.777344	1468.400757
1802.397461	1470.640503
1799.016602	1440.343994
1795.633789	1383.471436
1792.249023	1362.848877
1788.863281	1364.395264
1785.475586	1329.780273
1782.085938	1307.000000
1778.694336	1284.241455
1775.301758	1282.136963
1771.907227	1272.668945
1768.510742	1255.848389
1765.113281	1194.897339
1761.713867	1211.959473
1758.312500	1184.901245
1754.910156	1150.522339
1751.505859	1150.690063
1748.099609	1128.104370
1744.691406	1113.609985
1741.282227	1051.468750
1737.871094	1053.881714
1734.458008	1057.024414
1731.042969	1038.198853
1727.626953	1031.832031
1724.208984	1025.470947
1720.790039	986.217529
1717.368164	971.846619
1713.945313	1013.726501
1710.520508	970.885803
1707.093750	920.790771
1703.666016	923.981384
1700.236328	908.945862
1696.804688	869.882813
1693.371094	886.928223
1689.936523	877.026978
1686.500000	863.497803
1683.061523	841.983582
1679.622070	832.118164
1676.179688	786.669617
1672.736328	808.785583
1669.291016	789.516724
1665.844727	747.782410
1662.396484	767.708984
1658.945313	726.026306
1655.494141	698.144958
1652.040039	717.341614
1648.584961	700.344116
1645.126953	674.685608
1641.668945	693.864441
1638.208008	671.123718
1634.745117	637.574646
1631.281250	630.761353
1627.815430	646.316040
1624.347656	622.201294
1620.878906	621.890625
1617.408203	590.609009
1613.935547	581.675171
1610.460938	552.602966
1606.984375	552.326660
1603.506836	566.426636
1600.027344	557.521729
1596.545898	533.545410
1593.062500	518.205750
1589.577148	523.685120
1586.090820	519.837585
1582.602539	522.443542
1579.112305	482.785065
1575.620117	498.293488
1572.126953	475.144806
1568.630859	456.310455
1565.133789	459.655548
1561.634766	447.992493
1558.133789	430.627838
1554.631836	428.269897
1551.127930	413.072510
1547.621094	419.282196
1544.114258	421.921875
1540.604492	413.873535
1537.092773	380.201538
1533.580078	375.740082
1530.065430	394.043610
1526.548828	358.299225
1523.030273	355.276184
1519.509766	362.198730
1515.988281	340.010895
1512.463867	341.967499
1508.938477	331.157867
1505.411133	355.796936
1501.882813	334.364929
1498.351563	317.202667
1494.818359	309.965240
1491.284180	306.978912
1487.748047	301.167633
1484.209961	295.362091
1480.669922	291.681061
1477.128906	297.180176
1473.584961	282.213165
1470.040039	287.711243
1466.493164	261.486908
1462.944336	271.920898
1459.393555	256.996552
1455.840820	262.495758
1452.287109	254.624985
1448.730469	229.186447
1445.172852	248.744446
1441.613281	235.976151
1438.051758	233.048080
1434.488281	216.792587
1430.922852	240.524048
1427.356445	227.785507
1423.787109	215.059845
1420.216797	213.549698
1416.644531	216.239807
1413.070313	213.331497
1409.494141	192.249725
1405.916016	190.753906
1402.336914	200.433533
1398.754883	196.840836
1395.171875	186.275116
1391.585938	179.903961
1387.999023	179.114792
1384.410156	167.180954
1380.819336	167.095184
1377.226563	162.834183
1373.632813	185.702576
1370.036133	144.592850
1366.438477	167.446976
1362.837891	161.805328
1359.236328	156.863495
1355.632813	140.133286
1352.027344	156.702072
1348.419922	135.137909
1344.810547	150.999405
1341.199219	143.998566
1337.585938	122.474052
1333.970703	138.317368
1330.354492	136.863525
1326.735352	125.738884
1323.115234	124.983414
1319.493164	119.397552
1315.869141	132.442062
1312.242188	122.721321
1308.614258	120.590553
1304.984375	101.932358
1301.353516	107.386566
1297.719727	121.091301
1294.083984	103.149315
1290.446289	113.405403
1286.807617	104.416229
1283.166016	102.988853
1279.523438	109.111488
1275.877930	104.253654
1272.231445	92.545578
1268.582031	96.608459
1264.931641	102.721489
1261.279297	91.716774
1257.625000	89.616730
1253.968750	80.681419
1250.310547	80.639374
1246.650391	88.793663
1242.988281	72.363228
1239.324219	90.747986
1235.658203	81.153175
1231.990234	79.747581
1228.320313	74.255936
1224.648438	70.812660
1220.975586	70.775627
1217.299805	67.337700
1213.622070	64.583160
1209.943359	64.549332
1206.261719	68.590179
1202.578125	64.481697
1198.893555	67.839874
1195.206055	67.126236
1191.517578	64.380249
1187.826172	62.991779
1184.133789	64.312630
1180.438477	54.806156
1176.742188	54.101070
1173.042969	55.424423
1169.342773	65.528526
1165.639648	60.767647
1161.935547	53.987225
1158.228516	52.609798
1154.520508	53.256184
1150.809570	45.816582
1147.097656	52.526573
1143.382813	50.479649
1139.666992	43.725914
1135.948242	45.047501
1132.227539	43.679688
1128.505859	42.984940
1124.781250	42.962185
1121.055664	48.306862
1117.327148	45.598976
1113.596680	40.883282
1109.865234	44.210911
1106.130859	39.500904
1102.394531	38.141632
1098.657227	46.815723
1094.916992	33.422035
1091.174805	40.753208
1087.430664	34.721962
1083.684570	40.709858
1079.936523	40.021164
1076.186523	29.999887
1072.434570	33.981754
1068.680664	31.965776
1064.924805	30.617529
1061.166992	31.931677
1057.406250	31.249739
1053.644531	31.233047
1049.880859	31.216354
1046.114258	28.544373
1042.346680	25.875233
1038.576172	33.155621
1034.803711	29.161324
1031.030273	23.846481
1027.253906	25.819841
1023.475586	27.129379
1019.695313	28.437498
1015.913086	20.490448
1012.128906	23.782579
1008.342773	20.468439
1004.553711	23.097105
