4046.277344	208.585602
4043.892578	233.741669
4041.505859	232.601776
4039.119141	249.267532
4036.731445	224.042892
4034.342773	230.233582
4031.952148	232.234894
4029.561523	233.188858
4027.169922	256.092834
4024.777344	251.812149
4022.383789	237.090286
4019.989258	248.480927
4017.593750	236.902740
4015.197266	268.105316
4012.799805	270.084747
4010.401367	263.723450
4008.001953	261.535004
4005.601563	262.472870
4003.201172	270.697968
4000.798828	265.386902
3998.395508	277.765411
3995.991211	283.894592
3993.585938	269.228912
3991.180664	283.669098
3988.773438	270.053680
3986.365234	287.596619
3983.957031	288.520081
3981.546875	288.405304
3979.135742	305.919769
3976.724609	299.578339
3974.311523	303.603790
3971.898438	301.411255
3969.483398	303.361847
3967.068359	334.289429
3964.651367	317.603485
3962.234375	302.998962
3959.815430	304.945465
3957.396484	315.156677
3954.975586	357.379211
3952.554688	343.814209
3950.131836	352.965332
3947.708984	338.381104
3945.284180	335.152039
3942.859375	336.048737
3940.432617	348.279175
3938.005859	365.649689
3935.577148	366.532806
3933.148438	374.619293
3930.718750	368.296570
3928.287109	372.262268
3925.855469	381.364380
3923.421875	385.321411
3920.988281	371.814301
3918.552734	389.118866
3916.117188	388.962555
3913.680664	389.832153
3911.242188	422.490204
3908.803711	414.119934
3906.363281	425.224335
3903.922852	381.011566
3901.480469	401.334473
3899.038086	420.617462
3896.593750	407.149200
3894.149414	440.730133
3891.703125	413.976227
3889.256836	428.113831
3886.808594	429.983826
3884.360352	451.249817
3881.910156	459.231781
3879.459961	481.488647
3877.007813	456.821594
3874.555664	454.598450
3872.101563	464.603394
3869.646484	494.969208
3867.191406	501.895355
3864.734375	486.427826
3862.277344	504.540924
3859.818359	501.286224
3857.358398	527.509521
3854.897461	527.295837
3852.436523	537.237854
3849.973633	557.323303
3847.509766	539.846619
3845.044922	546.727966
3842.579102	568.812500
3840.113281	542.230225
3837.645508	599.756958
3835.176758	563.056458
3832.707031	608.380310
3830.236328	591.943115
3827.764648	619.011841
3825.291992	603.594421
3822.818359	617.497742
3820.343750	634.420227
3817.868164	646.279724
3815.390625	650.054138
3812.913086	655.843323
3810.434570	662.636108
3807.955078	645.227173
3805.473633	645.971863
3802.992188	698.090332
3800.509766	707.874878
3798.025391	721.677307
3795.541016	727.419373
3793.054688	716.059631
3790.568359	728.835876
3788.080078	731.552673
3785.591797	737.280518
3783.101563	750.031799
3780.610352	753.739624
3778.119141	772.492737
3775.625977	809.281189
3773.131836	796.920837
3770.636719	839.680786
3768.140625	848.351135
3765.643555	830.983398
3763.145508	847.655945
3760.646484	853.310547
3758.146484	844.960938
3755.645508	873.601013
3753.143555	900.219116
3750.639648	922.820190
3748.135742	928.431091
3745.630859	917.072754
3743.124023	914.700989
3740.617188	945.234558
3738.108398	933.882507
3735.599609	943.461060
3733.088867	960.998291
3730.577148	981.507141
3728.064453	1002.993835
3725.551758	1015.510925
3723.037109	1016.086853
3720.521484	1033.556763
3718.004883	1061.939209
3715.487305	1037.669800
3712.967773	1050.145264
3710.448242	1074.516235
3707.927734	1081.015259
3705.406250	1113.283447
3702.882813	1067.240723
3700.359375	1080.667358
3697.833984	1140.618164
3695.308594	1128.270264
3692.781250	1155.504395
3690.252930	1145.137695
3687.723633	1172.341553
3685.193359	1230.152954
3682.662109	1224.705566
3680.129883	1213.338745
3677.596680	1247.375977
3675.062500	1217.266113
3672.527344	1298.602295
3669.990234	1314.819702
3667.453125	1269.940063
3664.915039	1282.215820
3662.375000	1359.451294
3659.833984	1338.223511
3657.292969	1377.011230
3654.750000	1334.163208
3652.206055	1315.919434
3649.661133	1384.137573
3647.115234	1387.490234
3644.568359	1434.027344
3642.019531	1491.317871
3639.470703	1469.121826
3636.920898	1462.628784
3634.369141	1498.276611
3631.817383	1460.432129
3629.263672	1516.611328
3626.708984	1481.725830
3624.153320	1573.066406
3621.596680	1565.565918
3619.039063	1611.831421
3616.480469	1590.641235
3613.920898	1644.670044
3611.360352	1684.009644
3608.797852	1692.089478
3606.235352	1678.702637
3603.670898	1713.102295
3601.105469	1732.853638
3598.540039	1779.865601
3595.972656	1802.493042
3593.404297	1805.633179
3590.834961	1855.473145
3588.264648	1838.163452
3585.692383	1908.362671
3583.120117	1891.044312
3580.545898	1904.822998
3577.971680	1963.253296
3575.395508	2014.840210
3572.818359	2046.010620
3570.240234	2049.032227
3567.661133	2041.388184
3565.081055	2111.263184
3562.500000	2150.086670
3559.917969	2153.057129
3557.333984	2206.344727
3554.750000	2211.222412
3552.164063	2268.307129
3549.577148	2334.041504
3546.989258	2330.162842
3544.400391	2339.806152
3541.810547	2322.413574
3539.219727	2418.887451
3536.626953	2431.372559
3534.034180	2493.976807
3531.439453	2545.927490
3528.844727	2481.282959
3526.248047	2559.190186
3523.650391	2619.707520
3521.051758	2629.186523
3518.451172	2679.044189
3515.850586	2686.566162
3513.249023	2733.473633
3510.645508	2791.865723
3508.041016	2779.168457
3505.436523	2860.520508
3502.830078	2863.150146
3500.222656	2897.416504
3497.613281	3000.655518
3495.003906	3003.220459
3492.393555	3020.145508
3489.781250	3122.242432
3487.167969	3140.057861
3484.553711	3176.028076
3481.938477	3211.011230
3479.322266	3275.585205
3476.705078	3259.872559
3474.086914	3308.139160
3471.466797	3305.784668
3468.845703	3460.828125
3466.224609	3512.759521
3463.601563	3558.927246
3460.977539	3640.305176
3458.351563	3675.902344
3455.725586	3728.602539
3453.098633	3744.148682
3450.469727	3738.756104
3447.839844	3836.992676
3445.208984	3931.343750
3442.577148	3953.422119
3439.944336	3928.956055
3437.310547	4032.635254
3434.674805	4033.768311
3432.039063	4131.623047
3429.401367	4174.416992
3426.762695	4210.541016
3424.123047	4268.415527
3421.481445	4311.093262
3418.839844	4444.574219
3416.197266	4475.787598
3413.552734	4589.228027
3410.907227	4556.087402
3408.260742	4602.324219
3405.613281	4638.133301
3402.963867	4721.103027
3400.314453	4768.149902
3397.663086	4879.282227
3395.011719	4897.939453
3392.358398	4954.269043
3389.704102	5000.188965
3387.047852	5014.059570
3384.391602	5183.187012
3381.733398	5223.302246
3379.075195	5280.306152
3376.415039	5489.510742
3373.753906	5438.315430
3371.090820	5572.149414
3368.427734	5604.496582
3365.762695	5647.134766
3363.097656	5705.677734
3360.430664	5826.975586
3357.762695	5788.875977
3355.092773	6026.171387
3352.422852	6079.764648
3349.750977	6065.931641
3347.079102	6167.164063
3344.405273	6303.838379
3341.729492	6316.090820
3339.053711	6506.765137
3336.376953	6533.856934
3333.698242	6485.318359
3331.018555	6618.755371
3328.337891	6842.539551
3325.656250	6885.281250
3322.973633	6980.165527
3320.289063	6981.825195
3317.604492	7226.474609
3314.917969	7289.443848
3312.230469	7316.078125
3309.541016	7436.598145
3306.851563	7550.506836
3304.160156	7662.457031
3301.467773	7656.375977
3298.774414	7836.867676
3296.080078	7937.410156
3293.384766	8044.355469
3290.687500	8116.907227
3287.990234	8207.926758
3285.291016	8374.814453
3282.589844	8513.782227
3279.888672	8538.800781
3277.186523	8553.621094
3274.482422	8784.786133
3271.777344	8854.934570
3269.071289	9127.337891
3266.364258	9183.421875
3263.655273	9313.296875
3260.945313	9361.867188
3258.234375	9472.180664
3255.522461	9736.341797
3252.809570	9709.100586
3250.095703	9904.769531
3247.379883	10129.726563
3244.663086	10201.727539
3241.945313	10282.861328
3239.226563	10350.130859
3236.505859	10435.719727
3233.784180	10570.838867
3231.061523	10834.391602
3228.337891	10871.922852
3225.613281	11032.356445
3222.886719	11105.528320
3220.160156	11369.297852
3217.431641	11480.736328
3214.702148	11650.690430
3211.970703	11836.972656
3209.239258	11867.527344
3206.505859	12097.451172
3203.771484	12243.973633
3201.035156	12285.268555
3198.298828	12414.217773
3195.560547	12727.496094
3192.821289	12751.175781
3190.081055	13028.448242
3187.339844	13209.726563
3184.596680	13471.056641
3181.853516	13413.268555
3179.108398	13692.489258
3176.361328	13729.319336
3173.614258	13998.142578
3170.865234	14010.243164
3168.115234	14259.611328
3165.364258	14391.531250
3162.612305	14555.125000
3159.858398	14808.457031
3157.104492	14881.870117
3154.347656	15045.023438
3151.590820	15198.962891
3148.833008	15396.268555
3146.073242	15588.868164
3143.312500	15756.844727
3140.550781	15843.204102
3137.787109	16198.203125
3135.023438	16087.130859
3132.257813	16439.896484
3129.491211	16519.464844
3126.722656	16832.884766
3123.954102	16763.240234
3121.183594	16904.814453
3118.412109	17131.048828
3115.638672	17470.685547
3112.865234	17490.083984
3110.089844	17609.453125
3107.313477	17751.224609
3104.536133	17865.863281
3101.756836	18042.474609
3098.976563	18280.074219
3096.195313	18356.564453
3093.413086	18654.005859
3090.628906	18563.212891
3087.844727	19024.568359
3085.058594	19157.105469
3082.270508	19453.654297
3079.482422	19865.583984
3076.692383	19933.042969
3073.901367	20011.185547
3071.109375	20344.419922
3068.315430	20679.144531
3065.520508	20653.966797
3062.724609	20970.369141
3059.927734	21102.373047
3057.128906	21353.964844
3054.329102	21524.070313
3051.528320	21584.234375
3048.726563	21836.156250
3045.922852	22012.941406
3043.118164	22394.585938
3040.312500	22680.548828
3037.505859	22586.853516
3034.697266	22914.310547
3031.887695	23272.615234
3029.077148	23518.527344
3026.264648	23672.644531
3023.452148	23750.195313
3020.637695	23951.140625
3017.821289	24309.941406
3015.004883	24451.873047
3012.186523	24521.820313
3009.367188	24853.273438
3006.545898	25223.423828
3003.724609	25449.722656
3000.901367	25722.746094
2998.077148	25901.697266
2995.250977	26114.988281
2992.423828	26034.478516
2989.595703	26436.673828
2986.766602	26712.156250
2983.935547	26710.068359
2981.104492	27173.205078
2978.270508	27365.027344
2975.436523	27519.628906
2972.600586	27650.281250
2969.763672	27969.392578
2966.925781	28256.501953
2964.085938	28142.744141
2961.245117	28574.718750
2958.403320	28765.269531
2955.560547	29119.191406
2952.715820	29403.357422
2949.870117	29553.730469
2947.023438	29726.792969
2944.174805	29936.558594
2941.325195	30028.564453
2938.474609	30256.408203
2935.622070	30658.474609
2932.768555	30608.072266
2929.914063	30731.109375
2927.058594	31036.111328
2924.201172	31478.207031
2921.342773	31520.203125
2918.483398	31612.857422
2915.622070	31849.601563
2912.759766	32098.355469
2909.896484	32288.382813
2907.032227	32438.960938
2904.166016	32790.023438
2901.298828	32861.753906
2898.429688	33107.714844
2895.559570	33000.640625
2892.688477	33466.593750
2889.816406	33746.742188
2886.942383	33636.886719
2884.067383	33622.773438
2881.191406	34067.589844
2878.314453	34234.855469
2875.435547	34493.144531
2872.554688	34643.554688
2869.673828	34990.777344
2866.791016	35276.968750
2863.907227	35304.574219
2861.021484	35416.191406
2858.134766	35743.351563
2855.247070	35693.628906
2852.358398	35796.238281
2849.467773	36156.488281
2846.576172	36435.144531
2843.682617	36386.023438
2840.789063	36502.777344
2837.893555	36703.167969
2834.996094	36779.093750
2832.097656	37019.699219
2829.198242	37254.042969
2826.297852	37095.167969
2823.395508	37375.761719
2820.492188	37433.941406
2817.587891	37531.648438
2814.681641	37405.578125
2811.774414	37350.121094
2808.866211	37761.425781
2805.956055	37874.230469
2803.044922	38544.250000
2800.131836	38312.371094
2797.218750	38483.085938
2794.303711	38491.546875
2791.386719	38767.437500
2788.468750	38838.289063
2785.549805	38891.937500
2782.629883	38825.675781
2779.708008	38749.191406
2776.785156	38943.894531
2773.860352	39406.847656
2770.935547	39365.207031
2768.007813	39449.152344
2765.080078	39379.332031
2762.150391	39374.417969
2759.219727	39689.363281
2756.287109	39630.578125
2753.353516	39853.062500
2750.418945	39809.562500
2747.482422	39801.000000
2744.544922	39816.261719
2741.606445	39761.742188
2738.666016	39956.398438
2735.724609	40064.171875
2732.782227	39911.031250
2729.837891	40185.988281
2726.892578	40049.031250
2723.945313	40017.386719
2720.997070	40072.253906
2718.047852	40295.734375
2715.097656	40114.023438
2712.145508	40242.410156
2709.191406	40347.816406
2706.237305	40210.285156
2703.281250	40115.152344
2700.323242	40174.785156
2697.364258	40150.703125
2694.404297	39871.574219
2691.443359	39854.382813
2688.480469	39987.386719
2685.515625	39915.308594
2682.550781	39791.015625
2679.583984	39821.027344
2676.615234	39794.566406
2673.646484	39603.953125
2670.674805	39533.832031
2667.703125	39288.808594
2664.729492	39468.570313
2661.754883	39328.820313
2658.778320	39173.222656
2655.800781	39037.906250
2652.821289	38552.746094
2649.840820	38583.898438
2646.859375	38309.812500
2643.876953	38273.136719
2640.892578	38244.023438
2637.906250	38313.726563
2634.918945	38215.132813
2631.930664	37944.285156
2628.941406	37879.371094
2625.950195	37493.558594
2622.957031	37258.457031
2619.963867	37340.039063
2616.967773	37275.468750
2613.971680	36976.515625
2610.973633	37003.871094
2607.974609	36576.097656
2604.973633	36297.832031
2601.971680	36303.773438
2598.967773	36272.242188
2595.962891	35766.496094
2592.957031	35696.960938
2589.949219	35299.972656
2586.940430	35020.484375
2583.929688	35145.683594
2580.917969	34732.023438
2577.905273	34588.390625
2574.890625	34672.941406
2571.875000	33990.617188
2568.857422	33899.687500
2565.838867	33836.984375
2562.819336	33722.175781
2559.797852	33136.648438
2556.775391	33050.363281
2553.750977	32761.609375
2550.725586	32668.943359
2547.698242	32103.919922
2544.669922	31702.037109
2541.640625	31858.330078
2538.609375	31379.375000
2535.577148	31238.037109
2532.542969	31176.750000
2529.507813	30690.500000
2526.471680	30668.193359
2523.433594	30239.382813
2520.393555	30093.904297
2517.353516	29781.654297
2514.310547	29760.587891
2511.267578	29489.005859
2508.222656	29265.281250
2505.175781	29067.193359
2502.127930	28689.640625
2499.079102	28355.878906
2496.028320	28225.652344
2492.976563	27954.646484
2489.922852	27565.978516
2486.868164	27214.486328
2483.812500	27120.164063
2480.754883	26917.990234
2477.695313	26697.197266
2474.634766	26267.480469
2471.573242	26146.785156
2468.509766	25708.720703
2465.445313	25690.347656
2462.378906	25322.187500
2459.311523	25220.044922
2456.242188	24793.771484
2453.171875	24682.181641
2450.100586	24260.601563
2447.027344	24111.109375
2443.953125	23750.337891
2440.876953	23400.455078
2437.799805	23166.246094
2434.720703	23075.154297
2431.640625	22882.687500
2428.558594	22615.757813
2425.475586	22349.066406
2422.390625	22080.992188
2419.304688	22002.726563
2416.217773	21759.339844
2413.128906	21368.865234
2410.038086	21028.902344
2406.946289	21123.474609
2403.853516	20636.826172
2400.758789	20491.541016
2397.663086	20193.769531
2394.565430	19975.363281
2391.466797	19611.939453
2388.366211	19392.378906
2385.264648	19247.974609
2382.161133	18983.658203
2379.056641	18760.650391
2375.950195	18544.281250
2372.842773	18390.052734
2369.734375	18178.064453
2366.624023	17892.322266
2363.511719	17656.648438
2360.398438	17536.820313
2357.284180	17445.992188
2354.167969	17144.250000
2351.049805	17003.960938
2347.930664	16898.261719
2344.810547	16518.666016
2341.688477	16346.014648
2338.564453	16139.102539
2335.439453	15925.976563
2332.313477	15844.186523
2329.185547	15497.907227
2326.056641	15380.431641
2322.925781	15177.617188
2319.792969	14986.959961
2316.660156	14766.159180
2313.524414	14627.692383
2310.387695	14278.931641
2307.250000	14362.285156
2304.110352	14077.667969
2300.969727	13864.149414
2297.827148	13769.361328
2294.682617	13678.633789
2291.537109	13293.113281
2288.390625	13225.722656
2285.242188	12986.078125
2282.092773	12735.542969
2278.941406	12616.134766
2275.788086	12636.391602
2272.633789	12354.655273
2269.478516	12177.749023
2266.321289	12071.477539
2263.162109	11854.497070
2260.001953	11743.721680
2256.840820	11666.256836
2253.676758	11494.808594
2250.512695	11293.498047
2247.346680	11116.060547
2244.178711	11026.391602
2241.009766	10726.175781
2237.838867	10734.539063
2234.666992	10596.299805
2231.493164	10354.204102
2228.318359	10317.838867
2225.141602	10140.628906
2221.963867	9976.955078
2218.784180	9923.508789
2215.602539	9703.500000
2212.419922	9614.091797
2209.236328	9392.073242
2206.050781	9411.974609
2202.863281	9158.091797
2199.674805	9071.448242
2196.485352	9002.124023
2193.292969	8846.697266
2190.100586	8741.522461
2186.905273	8675.572266
2183.709961	8445.419922
2180.511719	8380.447266
2177.312500	8308.500000
2174.112305	8163.195313
2170.910156	8086.728516
2167.706055	7899.520508
2164.500977	8028.380859
2161.294922	7771.206543
2158.085938	7597.652344
2154.876953	7562.121094
2151.665039	7430.085449
2148.452148	7358.089355
2145.238281	7257.380859
2142.022461	7183.196777
2138.804688	7053.911133
2135.585938	6923.969238
2132.365234	6882.645508
2129.143555	6766.869141
2125.919922	6651.976074
2122.695313	6500.755371
2119.468750	6463.575195
2116.240234	6258.371094
2113.010742	6224.433105
2109.780273	6189.751465
2106.546875	6073.125000
2103.312500	6019.218750
2100.077148	5917.459961
2096.839844	5966.383301
2093.600586	5825.375977
2090.360352	5645.153809
2087.119141	5534.503906
2083.875000	5575.029785
2080.629883	5491.479004
2077.383789	5468.068848
2074.135742	5320.761719
2070.885742	5274.372070
2067.634766	5165.740723
2064.381836	5119.465820
2061.127930	5090.901855
2057.871094	5000.936035
2054.614258	4903.379395
2051.355469	4800.544434
2048.094727	4724.642090
2044.832031	4654.175293
2041.568359	4591.434082
2038.303711	4500.422363
2035.037109	4523.521484
2031.768555	4407.384277
2028.498047	4337.993164
2025.226563	4202.184082
2021.954102	4246.762207
2018.678711	4073.715088
2015.403320	4063.367188
2012.125000	4062.180176
2008.845703	3910.811523
2005.564453	3928.745361
2002.282227	3799.669678
1998.998047	3803.934326
1995.712891	3656.778564
1992.424805	3655.020508
1989.136719	3663.905029
1985.845703	3558.052734
1982.553711	3454.579102
1979.260742	3412.686523
1975.964844	3333.657715
1972.667969	3323.710693
1969.370117	3281.179688
1966.070313	3262.931396
1962.768555	3185.636230
1959.465820	3131.876709
1956.161133	3060.011963
1952.854492	3059.291504
1949.546875	3041.187988
1946.237305	2924.143799
1942.925781	2917.446045
1939.613281	2857.172363
1936.298828	2769.046387
1932.982422	2796.357422
1929.665039	2786.715576
1926.346680	2697.241943
1923.025391	2678.621094
1919.703125	2645.719971
1916.378906	2596.303467
1913.053711	2552.195801
1909.726563	2493.102295
1906.397461	2447.583252
1903.067383	2414.118164
1899.735352	2394.189697
1896.401367	2327.034180
1893.066406	2356.636719
1889.729492	2283.569092
1886.390625	2265.236572
1883.050781	2210.245850
1879.708984	2242.836426
1876.365234	2160.241699
1873.020508	2120.326904
1869.673828	2110.331055
1866.326172	2041.358276
1862.975586	2064.245850
1859.624023	2010.279541
1856.271484	1983.205322
1852.916016	1941.252686
1849.559570	1912.747314
1846.202148	1919.259277
1842.841797	1832.005859
1839.480469	1787.230591
1836.118164	1786.358154
1832.752930	1739.418335
1829.386719	1723.715332
1826.018555	1711.738525
1822.649414	1695.321167
1819.278320	1641.840576
1815.905273	1652.896729
1812.531250	1597.265259
1809.154297	1576.490356
1805.777344	1550.554199
1802.397461	1526.122437
1799.016602	1515.762451
1795.633789	1480.284790
1792.249023	1432.284058
1788.863281	1398.357544
1785.475586	1382.174438
1782.085938	1364.531494
1778.694336	1363.124268
1775.301758	1328.559082
1771.907227	1305.074829
1768.510742	1305.169434
1765.113281	1303.791870
1761.713867	1202.399048
1758.312500	1227.534180
1754.910156	1221.787109
1751.505859	1208.701904
1748.099609	1168.472412
1744.691406	1144.421265
1741.282227	1134.325073
1737.871094	1114.710815
1734.458008	1126.613647
1731.042969	1095.307129
1727.626953	1039.881714
1724.208984	1090.568604
1720.790039	1020.577942
1717.368164	999.613647
1713.945313	981.591064
1710.520508	1012.495178
1707.093750	992.294312
1703.666016	943.671631
1700.236328	951.951294
1696.804688	954.393982
1693.371094	893.481873
1689.936523	879.210388
1686.500000	899.870911
1683.061523	875.430237
1679.622070	854.647156
1676.179688	822.262207
1672.736328	853.798828
1669.291016	818.543091
1665.844727	800.729187
1662.396484	786.557373
1658.945313	770.225525
1655.494141	760.427551
1652.040039	740.505066
1648.584961	706.132080
1645.126953	731.813293
1641.668945	694.587219
1638.208008	692.796204
1634.745117	667.178894
1631.281250	632.926453
1627.815430	649.922729
1624.347656	625.085144
1620.878906	648.553345
1617.408203	651.110413
1613.935547	596.073059
1610.460938	627.434631
1606.984375	579.655273
1603.506836	560.676147
1600.027344	574.046204
1596.545898	568.014038
1593.062500	553.374817
1589.577148	546.641174
1586.090820	532.026855
1582.602539	520.293579
1579.112305	504.274017
1575.620117	486.122528
1572.126953	503.767975
1568.630859	485.634491
1565.133789	478.956787
1561.634766	457.281006
1558.133789	488.473389
1554.631836	478.948517
1551.127930	443.749756
1547.621094	422.134460
1544.114258	449.717407
1540.604492	438.093323
1537.092773	435.736572
1533.580078	419.861084
1530.065430	396.888672
1526.548828	403.797546
1523.030273	396.488220
1519.509766	358.647766
1515.988281	362.015778
1512.463867	368.927582
1508.938477	354.558716
1505.411133	338.786713
1501.882813	351.366516
1498.351563	341.276093
1494.818359	337.564880
1491.284180	332.442596
1487.748047	319.548767
1484.209961	325.746216
1480.669922	322.049774
1477.128906	299.297852
1473.584961	285.035278
1470.040039	282.069855
1466.493164	281.926575
1462.944336	264.876312
1459.393555	277.415436
1455.840820	277.274353
1452.287109	272.912964
1448.730469	262.931702
1445.172852	243.123093
1441.613281	257.747742
1438.051758	240.067596
1434.488281	256.081848
1430.922852	248.938889
1427.356445	238.999557
1423.787109	228.369736
1420.216797	232.454086
1416.644531	236.534164
1413.070313	219.626526
1409.494141	213.921509
1405.916016	211.017151
1402.336914	219.988022
1398.754883	198.236862
1395.171875	195.344696
1391.585938	209.887939
1387.999023	191.659790
1384.410156	185.292221
1380.819336	189.374527
1377.226563	179.535126
1373.632813	175.269836
1370.036133	169.618546
1366.438477	184.816986
1362.837891	165.277542
1359.236328	152.004898
1355.632813	174.126007
1352.027344	164.329163
1348.419922	151.770264
1344.810547	160.003967
1341.199219	142.613968
1337.585938	150.151810
1333.970703	147.307999
1330.354492	136.863525
1326.735352	143.701584
1323.115234	127.054962
1319.493164	132.510574
1315.869141	133.821671
1312.242188	135.820786
1308.614258	125.414177
1304.984375	130.170380
1301.353516	115.647072
1297.719727	120.403282
1294.083984	116.214897
1290.446289	118.216545
1286.807617	114.033516
1283.166016	102.302261
1279.523438	113.915146
1275.877930	106.311287
1272.231445	104.884987
1268.582031	101.404617
1264.931641	96.558197
1261.279297	93.770134
1257.625000	93.721313
1253.968750	86.151344
1250.310547	93.623672
1246.650391	96.306976
1242.988281	82.603302
1239.324219	72.325462
1235.658203	85.926895
1231.990234	76.339569
1228.320313	89.924622
1224.648438	74.217117
1220.975586	72.817230
1217.299805	78.220558
1213.622070	74.100677
1209.943359	66.587738
1206.261719	73.343948
1202.578125	71.947998
1198.893555	71.910263
1195.206055	63.736019
1191.517578	70.479431
1187.826172	61.637115
1184.133789	57.542881
1180.438477	59.542492
1176.742188	62.892498
1173.042969	55.424423
1169.342773	66.879631
1165.639648	66.844406
1161.935547	54.662067
1158.228516	58.005676
1154.520508	59.323345
1150.809570	55.249405
1147.097656	46.465813
1143.382813	50.479649
1139.666992	55.834629
1135.948242	59.839218
1132.227539	46.367668
1128.505859	50.372974
1124.781250	51.017597
1121.055664	46.294075
1117.327148	50.963562
1113.596680	51.606762
1109.865234	40.861599
1106.130859	45.526466
1102.394531	40.818237
1098.657227	40.127762
1094.916992	47.459290
1091.174805	44.093632
1087.430664	42.734722
1083.684570	41.377232
1079.936523	44.023281
1076.186523	35.333199
1072.434570	35.314373
1068.680664	40.623173
1064.924805	42.598301
1061.166992	33.262161
1057.406250	45.877277
1053.644531	43.859173
1049.880859	33.873066
1046.114258	29.208195
1042.346680	29.192570
1038.576172	32.492508
1034.803711	29.161324
1031.030273	37.094528
1027.253906	28.468031
1023.475586	29.114456
1019.695313	27.776161
1015.913086	27.100269
1012.128906	36.995121
1008.342773	30.372522
1004.553711	24.416939
