4046.277344	253.656876
4043.892578	229.548981
4041.505859	251.461380
4039.119141	233.557388
4036.731445	259.638489
4034.342773	232.326614
4031.952148	261.525787
4029.561523	268.742310
4027.169922	250.866440
4024.777344	255.991608
4022.383789	259.023743
4019.989258	246.392853
4017.593750	273.429596
4015.197266	256.629974
4012.799805	262.785156
4010.401367	294.994995
4008.001953	270.912750
4005.601563	301.010559
4003.201172	272.780243
4000.798828	291.405212
3998.395508	295.450867
3995.991211	310.932159
3993.585938	312.887665
3991.180664	320.036926
3988.773438	324.064392
3986.365234	322.897308
3983.957031	317.579681
3981.546875	320.565582
3979.135742	319.401001
3976.724609	326.530029
3974.311523	327.436157
3971.898438	314.876373
3969.483398	320.963043
3967.068359	320.835052
3964.651367	345.536041
3962.234375	371.251312
3959.815430	341.125427
3957.396484	361.655212
3954.975586	358.412079
3952.554688	376.853424
3950.131836	377.734833
3947.708984	398.216797
3945.284180	376.401520
3942.859375	365.942657
3940.432617	380.221924
3938.005859	384.189667
3935.577148	387.124512
3933.148438	393.144440
3930.718750	399.159393
3928.287109	398.999329
3925.855469	435.845001
3923.421875	408.954468
3920.988281	421.115631
3918.552734	412.732941
3916.117188	415.646027
3913.680664	425.737732
3911.242188	441.973969
3908.803711	453.071808
3906.363281	461.086639
3903.922852	448.610413
3901.480469	469.929901
3899.038086	449.272675
3896.593750	490.011200
3894.149414	485.723450
3891.703125	475.306030
3889.256836	473.070892
3886.808594	507.605621
3884.360352	505.358948
3881.910156	492.908783
3879.459961	511.071625
3877.007813	524.121216
3874.555664	526.967285
3872.101563	508.414673
3869.646484	518.393677
3867.191406	541.598999
3864.734375	548.503357
3862.277344	543.195251
3859.818359	543.992188
3857.358398	570.198181
3854.897461	538.471680
3852.436523	551.455872
3849.973633	569.505249
3847.509766	560.141602
3845.044922	581.215454
3842.579102	581.993530
3840.113281	608.108704
3837.645508	582.534180
3835.176758	605.589478
3832.707031	647.859192
3830.236328	633.429749
3827.764648	629.126404
3825.291992	641.003113
3822.818359	639.731689
3820.343750	656.645142
3817.868164	653.348389
3815.390625	677.307983
3812.913086	661.897217
3810.434570	676.756226
3807.955078	695.635559
3805.473633	708.452759
3802.992188	731.332764
3800.509766	740.096802
3798.025391	767.977417
3795.541016	773.700562
3793.054688	734.162231
3790.568359	743.915222
3788.080078	777.777161
3785.591797	780.472656
3783.101563	802.242859
3780.610352	810.947571
3778.119141	828.674011
3775.625977	825.326416
3773.131836	859.070679
3770.636719	838.678772
3768.140625	853.359131
3765.643555	861.018921
3763.145508	881.682251
3760.646484	867.315613
3758.146484	908.957947
3755.645508	876.599670
3753.143555	907.213013
3750.639648	925.816345
3748.135742	948.397339
3745.630859	966.967896
3743.124023	964.575623
3740.617188	969.164551
3738.108398	995.676270
3735.599609	1007.221924
3733.088867	1022.741211
3730.577148	1021.324890
3728.064453	1047.770386
3725.551758	1071.209839
3723.037109	1073.751343
3720.521484	1097.160156
3718.004883	1106.641968
3715.487305	1087.318970
3712.967773	1121.610718
3710.448242	1149.920898
3707.927734	1128.619507
3705.406250	1101.387329
3702.882813	1153.452271
3700.359375	1197.549805
3697.833984	1171.311890
3695.308594	1196.560303
3692.781250	1198.044312
3690.252930	1210.404541
3687.723633	1218.800293
3685.193359	1241.021729
3682.662109	1231.619141
3680.129883	1256.778076
3677.596680	1274.020874
3675.062500	1310.977905
3672.527344	1303.532471
3669.990234	1309.891602
3667.453125	1311.318970
3664.915039	1302.896729
3662.375000	1387.014404
3659.833984	1390.374878
3657.292969	1403.567871
3654.750000	1384.304932
3652.206055	1425.006104
3649.661133	1459.778931
3647.115234	1423.822266
3644.568359	1467.399658
3642.019531	1537.431030
3639.470703	1530.907227
3636.920898	1518.506714
3634.369141	1479.658447
3631.817383	1516.263550
3629.263672	1542.067627
3626.708984	1543.382813
3624.153320	1523.174438
3621.596680	1571.433105
3619.039063	1622.583496
3616.480469	1608.228149
3613.920898	1636.856812
3611.360352	1711.344360
3608.797852	1700.871948
3606.235352	1708.940796
3603.670898	1715.052368
3601.105469	1776.711060
3598.540039	1761.355835
3595.972656	1857.999268
3593.404297	1802.713013
3590.834961	1832.121704
3588.264648	1819.684570
3585.692383	1926.833862
3583.120117	1919.225342
3580.545898	1962.132813
3577.971680	1994.323608
3575.395508	1989.606201
3572.818359	1984.892212
3570.240234	2063.578125
3567.661133	2045.265503
3565.081055	2076.382324
3562.500000	2146.212646
3559.917969	2115.301270
3557.333984	2146.347656
3554.750000	2212.189697
3552.164063	2215.128418
3549.577148	2263.488770
3546.989258	2277.029053
3544.400391	2328.218262
3541.810547	2308.899902
3539.219727	2333.980225
3536.626953	2399.545898
3534.034180	2460.235352
3531.439453	2457.272949
3528.844727	2473.577148
3526.248047	2574.595459
3523.650391	2551.375732
3521.051758	2583.009766
3518.451172	2619.424316
3515.850586	2697.139404
3513.249023	2750.768066
3510.645508	2747.687500
3508.041016	2778.208496
3505.436523	2749.208740
3502.830078	2875.619385
3500.222656	2830.302246
3497.613281	2885.651123
3495.003906	2927.541016
3492.393555	2913.856445
3489.781250	2964.311768
3487.167969	3008.983154
3484.553711	3060.310303
3481.938477	3112.549072
3479.322266	3139.898682
3476.705078	3208.295410
3474.086914	3156.336914
3471.466797	3240.890381
3468.845703	3291.030029
3466.224609	3295.357422
3463.601563	3342.570557
3460.977539	3391.647949
3458.351563	3528.294922
3455.725586	3452.550781
3453.098633	3561.460693
3450.469727	3606.553955
3447.839844	3530.869873
3445.208984	3634.853516
3442.577148	3686.504395
3439.944336	3657.404297
3437.310547	3742.217285
3434.674805	3770.985107
3432.039063	3811.106934
3429.401367	3955.458984
3426.762695	3949.987793
3424.123047	3977.666992
3421.481445	4050.761475
3418.839844	4110.544922
3416.197266	4181.626465
3413.552734	4320.719238
3410.907227	4222.484375
3408.260742	4340.656738
3405.613281	4358.636719
3402.963867	4393.589844
3400.314453	4450.210449
3397.663086	4521.870605
3395.011719	4593.467773
3392.358398	4644.273926
3389.704102	4726.115723
3387.047852	4709.036133
3384.391602	4739.021484
3381.733398	4889.379883
3379.075195	4950.286621
3376.415039	4992.344238
3373.753906	5040.939941
3371.090820	5075.407715
3368.427734	5204.644531
3365.762695	5322.511230
3363.097656	5375.566406
3360.430664	5457.634277
3357.762695	5502.149414
3355.092773	5554.118164
3352.422852	5621.956543
3349.750977	5637.329590
3347.079102	5660.171387
3344.405273	5845.683594
3341.729492	5871.216797
3339.053711	5951.844727
3336.376953	6064.151367
3333.698242	6197.828613
3331.018555	6330.456055
3328.337891	6280.177246
3325.656250	6380.024902
3322.973633	6393.126953
3320.289063	6473.277344
3317.604492	6583.148926
3314.917969	6707.814453
3312.230469	6707.722656
3309.541016	6834.083008
3306.851563	6974.273926
3304.160156	7054.886230
3301.467773	7028.636719
3298.774414	7238.172852
3296.080078	7356.601563
3293.384766	7340.451172
3290.687500	7566.262695
3287.990234	7644.546875
3285.291016	7616.246094
3282.589844	7752.763184
3279.888672	7695.748047
3277.186523	7747.932129
3274.482422	7907.324219
3271.777344	8041.623047
3269.071289	8109.288574
3266.364258	8192.591797
3263.655273	8341.354492
3260.945313	8411.564453
3258.234375	8598.833008
3255.522461	8639.367188
3252.809570	8660.514648
3250.095703	8837.294922
3247.379883	8965.125977
3244.663086	9042.231445
3241.945313	9083.393555
3239.226563	9233.011719
3236.505859	9384.335938
3233.784180	9485.919922
3231.061523	9484.569336
3228.337891	9718.186523
3225.613281	9720.400391
3222.886719	9850.081055
3220.160156	10089.644531
3217.431641	10173.233398
3214.702148	10235.682617
3211.970703	10226.667969
3209.239258	10429.040039
3206.505859	10591.901367
3203.771484	10644.906250
3201.035156	10861.445313
3198.298828	10858.558594
3195.560547	11012.721680
3192.821289	11103.772461
3190.081055	11296.004883
3187.339844	11293.833008
3184.596680	11466.667969
3181.853516	11556.439453
3179.108398	11858.324219
3176.361328	11777.611328
3173.614258	12031.815430
3170.865234	12250.322266
3168.115234	12123.169922
3165.364258	12202.405273
3162.612305	12490.484375
3159.858398	12672.988281
3157.104492	12817.212891
3154.347656	12880.572266
3151.590820	13083.512695
3148.833008	13165.726563
3146.073242	13374.699219
3143.312500	13700.304688
3140.550781	13640.923828
3137.787109	13664.831055
3135.023438	13956.409180
3132.257813	14205.242188
3129.491211	14298.435547
3126.722656	14515.281250
3123.954102	14606.444336
3121.183594	14707.450195
3118.412109	14756.948242
3115.638672	14989.427734
3112.865234	15188.353516
3110.089844	15212.340820
3107.313477	15477.619141
3104.536133	15749.861328
3101.756836	15837.432617
3098.976563	15864.672852
3096.195313	16133.678711
3093.413086	16060.126953
3090.628906	16371.011719
3087.844727	16508.365234
3085.058594	16699.433594
3082.270508	17138.767578
3079.482422	17204.767578
3076.692383	17479.498047
3073.901367	17511.242188
3071.109375	17715.751953
3068.315430	18075.794922
3065.520508	17998.085938
3062.724609	18157.390625
3059.927734	18432.736328
3057.128906	18542.564453
3054.329102	18778.197266
3051.528320	18885.982422
3048.726563	19309.496094
3045.922852	19168.130859
3043.118164	19498.433594
3040.312500	19717.955078
3037.505859	20045.933594
3034.697266	20125.244141
3031.887695	20408.251953
3029.077148	20677.662109
3026.264648	20791.244141
3023.452148	20677.226563
3020.637695	20811.128906
3017.821289	21054.113281
3015.004883	21398.052734
3012.186523	21459.585938
3009.367188	21787.068359
3006.545898	21844.820313
3003.724609	22102.730469
3000.901367	22193.041016
2998.077148	22447.902344
2995.250977	22764.462891
2992.423828	22729.648438
2989.595703	22993.638672
2986.766602	23419.082031
2983.935547	23330.130859
2981.104492	23634.093750
2978.270508	23598.939453
2975.436523	23789.603516
2972.600586	24129.085938
2969.763672	24147.492188
2966.925781	24359.660156
2964.085938	24751.246094
2961.245117	24826.535156
2958.403320	24994.117188
2955.560547	25108.785156
2952.715820	25435.156250
2949.870117	25623.306641
2947.023438	25846.408203
2944.174805	26018.394531
2941.325195	26285.851563
2938.474609	26539.031250
2935.622070	26701.693359
2932.768555	26696.855469
2929.914063	26861.916016
2927.058594	27472.394531
2924.201172	27391.947266
2921.342773	27620.300781
2918.483398	27861.556641
2915.622070	28224.052734
2912.759766	28278.765625
2909.896484	28427.710938
2907.032227	28728.361328
2904.166016	29039.201172
2901.298828	29279.134766
2898.429688	29361.972656
2895.559570	29548.392578
2892.688477	29748.568359
2889.816406	30166.144531
2886.942383	30427.617188
2884.067383	30367.974609
2881.191406	30697.771484
2878.314453	31022.052734
2875.435547	31081.169922
2872.554688	31295.601563
2869.673828	31844.738281
2866.791016	32307.519531
2863.907227	32031.312500
2861.021484	32334.148438
2858.134766	32715.515625
2855.247070	32933.781250
2852.358398	33086.945313
2849.467773	33273.691406
2846.576172	33605.507813
2843.682617	33645.792969
2840.789063	33876.925781
2837.893555	34194.183594
2834.996094	34493.882813
2832.097656	34666.503906
2829.198242	34762.218750
2826.297852	34861.285156
2823.395508	34718.187500
2820.492188	35369.968750
2817.587891	35543.476563
2814.681641	35152.468750
2811.774414	35972.546875
2808.866211	35642.703125
2805.956055	35954.914063
2803.044922	36198.996094
2800.131836	36199.070313
2797.218750	36470.257813
2794.303711	36435.886719
2791.386719	36555.828125
2788.468750	36855.589844
2785.549805	36844.179688
2782.629883	37176.050781
2779.708008	37072.925781
2776.785156	37265.816406
2773.860352	37445.695313
2770.935547	37700.601563
2768.007813	37711.835938
2765.080078	37530.957031
2762.150391	37663.414063
2759.219727	37904.921875
2756.287109	37833.296875
2753.353516	38209.136719
2750.418945	38127.191406
2747.482422	38385.890625
2744.544922	38299.664063
2741.606445	38370.027344
2738.666016	38633.332031
2735.724609	38679.660156
2732.782227	38743.773438
2729.837891	38940.285156
2726.892578	38774.183594
2723.945313	38962.847656
2720.997070	38720.542969
2718.047852	38903.945313
2715.097656	38842.324219
2712.145508	38956.890625
2709.191406	38933.363281
2706.237305	38946.230469
2703.281250	38941.312500
2700.323242	39060.652344
2697.364258	39019.328125
2694.404297	39106.406250
2691.443359	39255.859375
2688.480469	38837.296875
2685.515625	39030.570313
2682.550781	38932.812500
2679.583984	39071.914063
2676.615234	39128.335938
2673.646484	39055.886719
2670.674805	38891.765625
2667.703125	38791.707031
2664.729492	39144.882813
2661.754883	38630.480469
2658.778320	38691.074219
2655.800781	38701.226563
2652.821289	38367.277344
2649.840820	38474.847656
2646.859375	38480.019531
2643.876953	38315.878906
2640.892578	38075.648438
2637.906250	38347.218750
2634.918945	38043.562500
2631.930664	37728.453125
2628.941406	37441.214844
2625.950195	37523.644531
2622.957031	37432.222656
2619.963867	37476.148438
2616.967773	37539.218750
2613.971680	37206.773438
2610.973633	36978.023438
2607.974609	36840.320313
2604.973633	36671.074219
2601.971680	36247.980469
2598.967773	36151.550781
2595.962891	35976.988281
2592.957031	35788.437500
2589.949219	35708.105469
2586.940430	35224.042969
2583.929688	35183.886719
2580.917969	35033.347656
2577.905273	34872.980469
2574.890625	34643.085938
2571.875000	34450.691406
2568.857422	34313.976563
2565.838867	34013.390625
2562.819336	33892.707031
2559.797852	33362.539063
2556.775391	33296.828125
2553.750977	32911.238281
2550.725586	32725.132813
2547.698242	32450.810547
2544.669922	32016.572266
2541.640625	31841.001953
2538.609375	31662.281250
2535.577148	31532.355469
2532.542969	31041.607422
2529.507813	30988.666016
2526.471680	30842.730469
2523.433594	30272.298828
2520.393555	30157.240234
2517.353516	29871.267578
2514.310547	29855.091797
2511.267578	29476.683594
2508.222656	29433.591797
2505.175781	29113.150391
2502.127930	28683.078125
2499.079102	28455.085938
2496.028320	28165.009766
2492.976563	27742.490234
2489.922852	27602.824219
2486.868164	27339.699219
2483.812500	27107.076172
2480.754883	26706.224609
2477.695313	26675.132813
2474.634766	26416.968750
2471.573242	25934.496094
2468.509766	25934.787109
2465.445313	25561.458984
2462.378906	25406.169922
2459.311523	25241.236328
2456.242188	24964.841797
2453.171875	24697.652344
2450.100586	24206.072266
2447.027344	24000.474609
2443.953125	23639.753906
2440.876953	23401.269531
2437.799805	23313.283203
2434.720703	23370.718750
2431.640625	22750.394531
2428.558594	22433.228516
2425.475586	22447.179688
2422.390625	22012.912109
2419.304688	21873.107422
2416.217773	21582.005859
2413.128906	21257.171875
2410.038086	21062.070313
2406.946289	20896.253906
2403.853516	20553.578125
2400.758789	20264.531250
2397.663086	20248.677734
2394.565430	19713.048828
2391.466797	19669.216797
2388.366211	19409.312500
2385.264648	19164.957031
2382.161133	19036.023438
2379.056641	18751.791016
2375.950195	18613.500000
2372.842773	18467.285156
2369.734375	17945.671875
2366.624023	17800.693359
2363.511719	17788.402344
2360.398438	17434.035156
2357.284180	17358.505859
2354.167969	16985.402344
2351.049805	16889.291016
2347.930664	16666.625000
2344.810547	16418.523438
2341.688477	16223.498047
2338.564453	16109.487305
2335.439453	15866.775391
2332.313477	15837.789063
2329.185547	15668.152344
2326.056641	15265.389648
2322.925781	15073.010742
2319.792969	14927.097656
2316.660156	14693.560547
2313.524414	14555.925781
2310.387695	14376.967773
2307.250000	14158.338867
2304.110352	13926.372070
2300.969727	13868.128906
2297.827148	13657.984375
2294.682617	13483.020508
2291.537109	13241.451172
2288.390625	13076.369141
2285.242188	13058.337891
2282.092773	12807.768555
2278.941406	12633.586914
2275.788086	12588.815430
2272.633789	12386.358398
2269.478516	12216.567383
2266.321289	12042.971680
2263.162109	11807.800781
2260.001953	11669.359375
2256.840820	11506.531250
2253.676758	11445.806641
2250.512695	11243.729492
2247.346680	11048.155273
2244.178711	10931.683594
2241.009766	10809.006836
2237.838867	10583.937500
2234.666992	10493.843750
2231.493164	10303.000000
2228.318359	10196.582031
2225.141602	10029.660156
2221.963867	9881.771484
2218.784180	9839.377930
2215.602539	9753.011719
2212.419922	9533.967773
2209.236328	9464.307617
2206.050781	9357.824219
2202.863281	9146.326172
2199.674805	8971.089844
2196.485352	8980.180664
2193.292969	8787.166016
2190.100586	8661.663086
2186.905273	8556.622070
2183.709961	8395.358398
2180.511719	8435.174805
2177.312500	8263.174805
2174.112305	8184.284668
2170.910156	7946.979004
2167.706055	7900.300781
2164.500977	7753.826172
2161.294922	7621.520508
2158.085938	7494.791992
2154.876953	7520.840820
2151.665039	7466.675293
2148.452148	7328.520020
2145.238281	7201.381348
2142.022461	7065.031738
2138.804688	7045.363770
2135.585938	6879.699219
2132.365234	6777.068848
2129.143555	6691.604004
2125.919922	6638.791504
2122.695313	6618.584473
2119.468750	6440.330566
2116.240234	6368.343750
2113.010742	6270.104492
2109.780273	6139.459473
2106.546875	6155.873535
2103.312500	6025.402832
2100.077148	5930.594238
2096.839844	5838.190430
2093.600586	5772.888184
2090.360352	5627.408691
2087.119141	5558.409180
2083.875000	5565.780273
2080.629883	5342.019531
2077.383789	5278.638672
2074.135742	5301.520020
2070.885742	5188.209961
2067.634766	5114.222168
2064.381836	5008.022949
2061.127930	4969.525391
2057.871094	4918.777344
2054.614258	4779.816406
2051.355469	4725.368164
2048.094727	4715.441406
2044.832031	4651.875977
2041.568359	4508.705078
2038.303711	4523.391602
2035.037109	4469.952637
2031.768555	4301.827148
2028.498047	4264.597656
2025.226563	4214.411133
2021.954102	4200.169922
2018.678711	4143.951660
2015.403320	4030.555176
2012.125000	3987.435059
2008.845703	3904.712891
2005.564453	3904.362061
2002.282227	3809.570557
1998.998047	3747.602295
1995.712891	3711.561768
1992.424805	3612.431885
1989.136719	3559.004883
1985.845703	3542.097412
1982.553711	3430.277832
1979.260742	3364.866455
1975.964844	3351.107422
1972.667969	3253.187012
1969.370117	3262.230957
1966.070313	3285.659180
1962.768555	3163.676758
1959.465820	3097.818115
1956.161133	3075.898438
1952.854492	3002.582031
1949.546875	2995.842285
1946.237305	2933.963867
1942.925781	2912.915771
1939.613281	2839.814941
1936.298828	2818.076172
1932.982422	2751.875000
1929.665039	2761.847656
1926.346680	2706.280273
1923.025391	2650.012939
1919.703125	2639.700195
1916.378906	2548.167969
1913.053711	2575.500000
1909.726563	2481.831299
1906.397461	2416.791504
1903.067383	2424.627441
1899.735352	2355.924805
1896.401367	2329.283936
1893.066406	2358.885498
1889.729492	2269.334229
1886.390625	2230.041260
1883.050781	2197.521729
1879.708984	2202.438477
1876.365234	2164.728027
1873.020508	2133.032471
1869.673828	2112.572266
1866.326172	2036.878418
1862.975586	2029.170044
1859.624023	1965.523804
1856.271484	1995.880005
1852.916016	1915.170654
1849.559570	1891.146973
1846.202148	1879.802002
1842.841797	1806.706055
1839.480469	1828.136841
1836.118164	1821.297241
1832.752930	1775.826416
1829.386719	1762.333740
1826.018555	1725.842285
1822.649414	1676.030884
1819.278320	1658.896729
1815.905273	1649.190674
1812.531250	1576.521606
1809.154297	1563.902100
1805.777344	1529.830811
1802.397461	1504.669434
1799.016602	1482.489624
1795.633789	1466.982178
1792.249023	1439.670776
1788.863281	1423.460083
1785.475586	1368.153442
1782.085938	1366.006714
1778.694336	1341.007568
1775.301758	1303.505859
1771.907227	1288.871948
1768.510742	1263.945801
1765.113281	1267.003174
1761.713867	1256.819580
1758.312500	1225.328979
1754.910156	1221.787109
1751.505859	1194.015381
1748.099609	1172.876221
1744.691406	1153.958130
1741.282227	1087.397583
1737.871094	1119.108032
1734.458008	1094.382935
1731.042969	1071.878052
1727.626953	1088.912109
1724.208984	1028.396729
1720.790039	1065.904419
1717.368164	1001.805786
1713.945313	999.849854
1710.520508	1002.275330
1707.093750	982.079529
1703.666016	980.864258
1700.236328	954.866943
1696.804688	924.523682
1693.371094	919.696533
1689.936523	916.329407
1686.500000	878.047058
1683.061523	870.340515
1679.622070	864.094788
1676.179688	836.063416
1672.736328	833.470276
1669.291016	827.250977
1665.844727	787.673828
1662.396484	772.058594
1658.945313	759.356873
1655.494141	773.463501
1652.040039	723.856323
1648.584961	697.450134
1645.126953	692.763977
1641.668945	696.755493
1638.208008	696.408264
1634.745117	688.840515
1631.281250	672.619690
1627.815430	664.349426
1624.347656	630.132019
1620.878906	628.376160
1617.408203	613.657166
1613.935547	606.871460
1610.460938	602.250916
1606.984375	591.162109
1603.506836	569.301880
1600.027344	565.424744
1596.545898	554.370239
1593.062500	550.503906
1589.577148	535.880554
1586.090820	537.763000
1582.602539	501.660461
1579.112305	492.813263
1575.620117	519.771667
1572.126953	508.061462
1568.630859	479.197510
1565.133789	472.523041
1561.634766	465.140533
1558.133789	447.767273
1554.631836	441.118011
1551.127930	436.615509
1547.621094	423.560577
1544.114258	461.120697
1540.604492	426.695770
1537.092773	407.969055
1533.580078	400.647095
1530.065430	400.445038
1526.548828	388.157501
1523.030273	377.303314
1519.509766	372.851624
1515.988281	358.466583
1512.463867	349.771729
1508.938477	358.813446
1505.411133	344.456787
1501.882813	337.198517
1498.351563	341.276093
1494.818359	343.226349
1491.284180	323.954712
1487.748047	301.167633
1484.209961	315.147095
1480.669922	288.149811
1477.128906	300.003754
1473.584961	312.551086
1470.040039	292.647491
1466.493164	290.384369
1462.944336	288.827881
1459.393555	278.119537
1455.840820	266.014465
1452.287109	264.472351
1448.730469	261.525635
1445.172852	257.879120
1441.613281	246.510788
1438.051758	252.702728
1434.488281	253.977081
1430.922852	237.719101
1427.356445	232.691650
1423.787109	231.872345
1420.216797	224.052139
1416.644531	221.138443
1413.070313	221.025421
1409.494141	213.222412
1405.916016	206.824753
1402.336914	197.640030
1398.754883	197.538849
1395.171875	189.763412
1391.585938	188.968887
1387.999023	193.053680
1384.410156	185.292221
1380.819336	187.285843
1377.226563	169.792908
1373.632813	172.487778
1370.036133	163.362122
1366.438477	170.226166
1362.837891	159.027557
1359.236328	160.333939
1355.632813	160.251434
1352.027344	138.674408
1348.419922	151.077255
1344.810547	139.916885
1341.199219	124.614143
1337.585938	140.464600
1333.970703	154.223862
1330.354492	138.245987
1326.735352	133.338486
1323.115234	113.935158
1319.493164	120.087708
1315.869141	141.409500
1312.242188	119.963539
1308.614258	115.766930
1304.984375	120.528122
1301.353516	128.037827
1297.719727	115.587151
1294.083984	119.653206
1290.446289	106.532349
1286.807617	109.224876
1283.166016	105.048630
1279.523438	100.876663
1275.877930	103.567772
1272.231445	100.771851
1268.582031	93.182625
1264.931641	86.970863
1261.279297	90.347862
1257.625000	95.773605
1253.968750	90.937531
1250.310547	88.156601
1246.650391	89.476692
1242.988281	79.189941
1239.324219	86.654091
1235.658203	83.881012
1231.990234	76.339569
1228.320313	77.662170
1224.648438	84.430481
1220.975586	83.705788
1217.299805	62.576447
1213.622070	69.341919
1209.943359	63.190403
1206.261719	64.515511
1202.578125	62.445431
1198.893555	63.769478
1195.206055	71.194489
1191.517578	64.380249
1187.826172	64.346443
1184.133789	60.927757
1180.438477	68.338539
1176.742188	54.777336
1173.042969	62.859406
1169.342773	52.693043
1165.639648	61.442841
1161.935547	56.011745
1158.228516	52.609798
1154.520508	57.975086
1150.809570	52.554314
1147.097656	59.260750
1143.382813	55.864143
1139.666992	43.053207
1135.948242	43.030449
1132.227539	53.087624
1128.505859	44.999859
1124.781250	43.633469
1121.055664	46.294075
1117.327148	45.598976
1113.596680	46.245022
1109.865234	40.861599
1106.130859	45.526466
1102.394531	44.163994
1098.657227	47.484520
1094.916992	44.785526
1091.174805	42.757462
1087.430664	37.392879
1083.684570	36.038235
1079.936523	34.017990
1076.186523	37.999855
1072.434570	31.982828
1068.680664	37.293404
1064.924805	34.611118
1061.166992	33.262161
1057.406250	35.903957
1053.644531	39.871975
1049.880859	33.208889
1046.114258	30.535841
1042.346680	30.519506
1038.576172	33.155621
1034.803711	38.439926
1031.030273	33.120113
1027.253906	20.523464
1023.475586	22.497534
1019.695313	28.437498
1015.913086	26.439287
1012.128906	29.728224
1008.342773	20.468439
1004.553711	27.056608
