4046.277344	213.826447
4043.892578	219.067291
4041.505859	231.554016
4039.119141	237.746765
4036.731445	207.292023
4034.342773	221.861450
4031.952148	233.280991
4029.561523	230.051788
4027.169922	221.598694
4024.777344	220.466248
4022.383789	206.801224
4019.989258	232.820358
4017.593750	227.510117
4015.197266	229.506485
4012.799805	227.330002
4010.401367	254.341980
4008.001953	240.695541
4005.601563	247.891052
4003.201172	249.875031
4000.798828	245.612976
3998.395508	244.475174
3995.991211	252.697372
3993.585938	261.952454
3991.180664	271.200134
3988.773438	255.512314
3986.365234	270.984558
3983.957031	270.876770
3981.546875	295.667297
3979.135742	293.475586
3976.724609	297.505157
3974.311523	279.771423
3971.898438	297.268158
3969.483398	300.255768
3967.068359	295.996216
3964.651367	282.429138
3962.234375	296.794220
3959.815430	288.406036
3957.396484	317.223297
3954.975586	341.885895
3952.554688	313.872437
3950.131836	313.746979
3947.708984	307.431610
3945.284180	324.839661
3942.859375	327.802155
3940.432617	323.549286
3938.005859	358.439697
3935.577148	308.875946
3933.148438	351.977478
3930.718750	361.095245
3928.287109	350.666931
3925.855469	355.665955
3923.421875	324.697510
3920.988281	360.516083
3918.552734	377.825195
3916.117188	371.515686
3913.680664	369.314667
3911.242188	397.879120
3908.803711	364.917542
3906.363281	397.559143
3903.922852	396.374939
3901.480469	396.215393
3899.038086	414.477051
3896.593750	414.310120
3894.149414	391.646484
3891.703125	398.643768
3889.256836	418.918060
3886.808594	417.727753
3884.360352	409.391785
3881.910156	418.411194
3879.459961	454.965973
3877.007813	460.900360
3874.555664	447.463501
3872.101563	471.735474
3869.646484	476.637024
3867.191406	460.155579
3864.734375	455.898865
3862.277344	468.938232
3859.818359	487.050934
3857.358398	492.952057
3854.897461	509.008118
3852.436523	506.770691
3849.973633	486.262054
3847.509766	509.404114
3845.044922	560.928711
3842.579102	550.561829
3840.113281	525.000488
3837.645508	539.983887
3835.176758	521.536133
3832.707031	538.532959
3830.236328	576.765137
3827.764648	572.484802
3825.291992	548.997925
3822.818359	555.848999
3820.343750	593.001099
3817.868164	597.808716
3815.390625	621.790955
3812.913086	607.411804
3810.434570	620.275818
3807.955078	615.990356
3805.473633	639.925354
3802.992188	637.649658
3800.509766	656.521240
3798.025391	641.155457
3795.541016	675.101563
3793.054688	656.723206
3790.568359	688.624268
3788.080078	671.259888
3785.591797	673.998901
3783.101563	678.743652
3780.610352	692.517090
3778.119141	735.372986
3775.625977	706.992859
3773.131836	707.705811
3770.636719	741.484192
3768.140625	722.150146
3765.643555	755.894531
3763.145508	763.590881
3760.646484	764.278137
3758.146484	786.963623
3755.645508	816.627014
3753.143555	787.317017
3750.639648	806.968262
3748.135742	830.596436
3745.630859	825.265686
3743.124023	845.873962
3740.617188	837.549622
3738.108398	858.135376
3735.599609	861.767517
3733.088867	863.404663
3730.577148	890.921814
3728.064453	898.515320
3725.551758	938.924927
3723.037109	926.607605
3720.521484	911.318726
3718.004883	947.698792
3715.487305	958.230896
3712.967773	960.813477
3710.448242	960.417114
3707.927734	998.699341
3705.406250	993.330383
3702.882813	1022.648438
3700.359375	1011.330261
3697.833984	1030.714844
3695.308594	1016.432983
3692.781250	1056.574219
3690.252930	1078.881836
3687.723633	1081.401123
3685.193359	1110.595947
3682.662109	1098.284302
3680.129883	1085.982544
3677.596680	1096.388184
3675.062500	1121.581543
3672.527344	1096.466064
3669.990234	1195.559448
3667.453125	1172.403931
3664.915039	1165.024048
3662.375000	1185.213135
3659.833984	1195.545288
3657.292969	1211.769897
3654.750000	1259.442139
3652.206055	1210.763794
3649.661133	1224.996094
3647.115234	1267.692749
3644.568359	1246.553589
3642.019531	1318.638916
3639.470703	1330.839966
3636.920898	1331.266602
3634.369141	1364.029541
3631.817383	1374.236206
3629.263672	1379.538696
3626.708984	1420.068848
3624.153320	1424.368652
3621.596680	1473.646362
3619.039063	1438.820923
3616.480469	1505.637695
3613.920898	1483.523560
3611.360352	1489.738403
3608.797852	1519.367554
3606.235352	1504.101929
3603.670898	1558.074829
3601.105469	1615.900635
3598.540039	1630.812866
3595.972656	1602.865234
3593.404297	1647.944458
3590.834961	1694.931519
3588.264648	1697.140381
3585.692383	1699.346924
3583.120117	1714.183960
3580.545898	1678.497803
3577.971680	1764.209351
3575.395508	1809.085815
3572.818359	1819.969604
3570.240234	1851.208008
3567.661133	1827.168457
3565.081055	1894.226440
3562.500000	1905.054199
3559.917969	1938.138672
3557.333984	1986.677856
3554.750000	2000.353394
3552.164063	1984.043579
3549.577148	1986.109863
3546.989258	2035.511353
3544.400391	2033.690430
3541.810547	2057.932617
3539.219727	2071.540283
3536.626953	2107.318115
3534.034180	2210.548340
3531.439453	2268.400146
3528.844727	2304.048340
3526.248047	2215.461426
3523.650391	2239.551514
3521.051758	2269.392822
3518.451172	2299.208252
3515.850586	2407.816895
3513.249023	2356.840332
3510.645508	2408.668457
3508.041016	2429.732422
3505.436523	2430.626709
3502.830078	2451.662354
3500.222656	2503.360107
3497.613281	2544.471680
3495.003906	2540.523193
3492.393555	2574.879883
3489.781250	2698.222412
3487.167969	2631.066162
3484.553711	2671.076904
3481.938477	2781.792969
3479.322266	2822.660156
3476.705078	2825.286621
3474.086914	2882.329590
3471.466797	2845.799561
3468.845703	2911.369141
3466.224609	2988.324707
3463.601563	3015.652344
3460.977539	3058.199463
3458.351563	3057.855713
3455.725586	3113.673584
3453.098633	3122.819824
3450.469727	3156.685791
3447.839844	3211.437500
3445.208984	3287.048096
3442.577148	3341.696045
3439.944336	3374.458496
3437.310547	3409.090576
3434.674805	3499.664063
3432.039063	3492.487305
3429.401367	3524.178467
3426.762695	3665.747803
3424.123047	3677.447998
3421.481445	3690.083740
3418.839844	3792.602295
3416.197266	3812.743164
3413.552734	3794.102051
3410.907227	3898.332275
3408.260742	3976.967285
3405.613281	4040.426025
3402.963867	4113.268066
3400.314453	4105.854492
3397.663086	4145.598145
3395.011719	4268.258301
3392.358398	4276.802734
3389.704102	4334.313477
3387.047852	4452.025879
3384.391602	4503.764160
3381.733398	4542.288086
3379.075195	4592.061035
3376.415039	4629.572266
3373.753906	4696.171875
3371.090820	4792.762207
3368.427734	4745.659668
3365.762695	4860.908203
3363.097656	4953.548828
3360.430664	5027.360352
3357.762695	5124.532715
3355.092773	5133.578613
3352.422852	5240.917969
3349.750977	5276.106445
3347.079102	5363.645996
3344.405273	5432.409180
3341.729492	5498.307617
3339.053711	5538.924316
3336.376953	5589.776855
3333.698242	5650.851563
3331.018555	5658.690918
3328.337891	5756.984375
3325.656250	5848.666992
3322.973633	5906.723633
3320.289063	6007.573730
3317.604492	6046.889160
3314.917969	6127.115723
3312.230469	6315.175293
3309.541016	6225.989258
3306.851563	6320.900879
3304.160156	6462.179199
3301.467773	6487.257813
3298.774414	6536.446777
3296.080078	6743.319336
3293.384766	6772.876465
3290.687500	6869.150879
3287.990234	6907.890137
3285.291016	6937.332520
3282.589844	7098.212891
3279.888672	7130.319824
3277.186523	7101.346191
3274.482422	7350.705078
3271.777344	7366.019531
3269.071289	7511.577148
3266.364258	7738.268066
3263.655273	7613.089844
3260.945313	7747.274902
3258.234375	7885.952637
3255.522461	8001.462891
3252.809570	7986.949219
3250.095703	8163.099609
3247.379883	8147.603516
3244.663086	8253.589844
3241.945313	8341.084961
3239.226563	8479.991211
3236.505859	8582.012695
3233.784180	8661.895508
3231.061523	8732.525391
3228.337891	8876.518555
3225.613281	8914.877930
3222.886719	9075.169922
3220.160156	9148.238281
3217.431641	9276.215820
3214.702148	9405.911133
3211.970703	9493.379883
3209.239258	9640.250000
3206.505859	9833.638672
3203.771484	9888.800781
3201.035156	9959.447266
3198.298828	10158.831055
3195.560547	10283.166016
3192.821289	10304.256836
3190.081055	10547.012695
3187.339844	10596.232422
3184.596680	10688.247070
3181.853516	10834.844727
3179.108398	10855.634766
3176.361328	11219.590820
3173.614258	11255.657227
3170.865234	11503.607422
3168.115234	11534.057617
3165.364258	11537.215820
3162.612305	11719.309570
3159.858398	11901.241211
3157.104492	11912.393555
3154.347656	12162.112305
3151.590820	12265.623047
3148.833008	12388.073242
3146.073242	12627.282227
3143.312500	12690.598633
3140.550781	12943.037109
3137.787109	12889.437500
3135.023438	13021.279297
3132.257813	13303.063477
3129.491211	13448.155273
3126.722656	13611.181641
3123.954102	13758.712891
3121.183594	13804.139648
3118.412109	13946.939453
3115.638672	14205.919922
3112.865234	14130.315430
3110.089844	14418.708008
3107.313477	14557.372070
3104.536133	14656.308594
3101.756836	14747.957031
3098.976563	14991.495117
3096.195313	15151.221680
3093.413086	15255.098633
3090.628906	15316.670898
3087.844727	15609.787109
3085.058594	15671.140625
3082.270508	15963.834961
3079.482422	16227.580078
3076.692383	16436.425781
3073.901367	16542.972656
3071.109375	16609.132813
3068.315430	16899.855469
3065.520508	16792.250000
3062.724609	16966.390625
3059.927734	17284.265625
3057.128906	17515.201172
3054.329102	17570.906250
3051.528320	17653.335938
3048.726563	17981.929688
3045.922852	18042.693359
3043.118164	18346.748047
3040.312500	18374.318359
3037.505859	18490.031250
3034.697266	18539.759766
3031.887695	18794.099609
3029.077148	18987.728516
3026.264648	19113.613281
3023.452148	19218.943359
3020.637695	19549.792969
3017.821289	19480.804688
3015.004883	19826.322266
3012.186523	19771.455078
3009.367188	20191.898438
3006.545898	20366.458984
3003.724609	20453.152344
3000.901367	20494.603516
2998.077148	20756.410156
2995.250977	20726.011719
2992.423828	21048.494141
2989.595703	21311.458984
2986.766602	21570.650391
2983.935547	21566.417969
2981.104492	21838.496094
2978.270508	21709.718750
2975.436523	21945.318359
2972.600586	22213.324219
2969.763672	22309.244141
2966.925781	22464.091797
2964.085938	22667.218750
2961.245117	22975.765625
2958.403320	23031.568359
2955.560547	23540.144531
2952.715820	23520.927734
2949.870117	23719.589844
2947.023438	24063.835938
2944.174805	24192.726563
2941.325195	24237.273438
2938.474609	24339.650391
2935.622070	24640.908203
2932.768555	24743.876953
2929.914063	24979.865234
2927.058594	25197.253906
2924.201172	25410.066406
2921.342773	25824.718750
2918.483398	25867.449219
2915.622070	26047.326172
2912.759766	26160.652344
2909.896484	26465.945313
2907.032227	26597.294922
2904.166016	27059.990234
2901.298828	27016.564453
2898.429688	27292.142578
2895.559570	27229.470703
2892.688477	27568.255859
2889.816406	27792.714844
2886.942383	27901.261719
2884.067383	28156.660156
2881.191406	28340.550781
2878.314453	28567.707031
2875.435547	28702.601563
2872.554688	28874.693359
2869.673828	29319.058594
2866.791016	29575.693359
2863.907227	29850.294922
2861.021484	29847.371094
2858.134766	30008.132813
2855.247070	30420.658203
2852.358398	30398.419922
2849.467773	30542.257813
2846.576172	30747.339844
2843.682617	31156.169922
2840.789063	31327.953125
2837.893555	31396.830078
2834.996094	31492.388672
2832.097656	31658.587891
2829.198242	31959.996094
2826.297852	32087.035156
2823.395508	32130.388672
2820.492188	32302.853516
2817.587891	32590.486328
2814.681641	32402.107422
2811.774414	32613.746094
2808.866211	32764.158203
2805.956055	32948.792969
2803.044922	33495.644531
2800.131836	33257.445313
2797.218750	33475.898438
2794.303711	33207.886719
2791.386719	33877.039063
2788.468750	33801.855469
2785.549805	33628.238281
2782.629883	33916.179688
2779.708008	33926.613281
2776.785156	34113.218750
2773.860352	34402.234375
2770.935547	34383.351563
2768.007813	34549.824219
2765.080078	34519.769531
2762.150391	34425.734375
2759.219727	34743.761719
2756.287109	34688.050781
2753.353516	34846.289063
2750.418945	35031.632813
2747.482422	35068.644531
2744.544922	34974.546875
2741.606445	35162.953125
2738.666016	35253.394531
2735.724609	35090.464844
2732.782227	35161.296875
2729.837891	35308.472656
2726.892578	35127.035156
2723.945313	35664.332031
2720.997070	35309.035156
2718.047852	35511.781250
2715.097656	35393.230469
2712.145508	35310.343750
2709.191406	35623.667969
2706.237305	35514.503906
2703.281250	35410.496094
2700.323242	35408.859375
2697.364258	35383.554688
2694.404297	35621.761719
2691.443359	35552.460938
2688.480469	35458.746094
2685.515625	35739.578125
2682.550781	35562.378906
2679.583984	35884.175781
2676.615234	35763.480469
2673.646484	35489.660156
2670.674805	35545.945313
2667.703125	35135.347656
2664.729492	35305.222656
2661.754883	35167.359375
2658.778320	35122.007813
2655.800781	35041.421875
2652.821289	34910.546875
2649.840820	34887.992188
2646.859375	34866.281250
2643.876953	34829.492188
2640.892578	34821.210938
2637.906250	34770.222656
2634.918945	34694.160156
2631.930664	34453.355469
2628.941406	34402.570313
2625.950195	34158.753906
2622.957031	34156.582031
2619.963867	34227.882813
2616.967773	34110.476563
2613.971680	34023.199219
2610.973633	33915.976563
2607.974609	33556.289063
2604.973633	33526.839844
2601.971680	33376.656250
2598.967773	33138.363281
2595.962891	33185.656250
2592.957031	32973.429688
2589.949219	32577.683594
2586.940430	32326.857422
2583.929688	32119.433594
2580.917969	32253.359375
2577.905273	31788.095703
2574.890625	31913.736328
2571.875000	31559.283203
2568.857422	31391.576172
2565.838867	31492.347656
2562.819336	31186.556641
2559.797852	30818.976563
2556.775391	30584.880859
2553.750977	30279.068359
2550.725586	29926.425781
2547.698242	29935.027344
2544.669922	29626.597656
2541.640625	29453.771484
2538.609375	29125.207031
2535.577148	29162.976563
2532.542969	28888.390625
2529.507813	28670.054688
2526.471680	28352.292969
2523.433594	28168.947266
2520.393555	27984.115234
2517.353516	27804.376953
2514.310547	27770.248047
2511.267578	27422.369141
2508.222656	27283.337891
2505.175781	26778.419922
2502.127930	26406.019531
2499.079102	26570.978516
2496.028320	26006.412109
2492.976563	25790.490234
2489.922852	25464.224609
2486.868164	25437.779297
2483.812500	25247.748047
2480.754883	24887.816406
2477.695313	24562.533203
2474.634766	24458.097656
2471.573242	24218.212891
2468.509766	23903.455078
2465.445313	23810.048828
2462.378906	23441.939453
2459.311523	23405.865234
2456.242188	23030.119141
2453.171875	22856.646484
2450.100586	22433.466797
2447.027344	22281.564453
2443.953125	22106.214844
2440.876953	21700.201172
2437.799805	21543.951172
2434.720703	21470.660156
2431.640625	21242.412109
2428.558594	20844.820313
2425.475586	20832.748047
2422.390625	20534.578125
2419.304688	20382.496094
2416.217773	19984.388672
2413.128906	19776.843750
2410.038086	19495.056641
2406.946289	19412.443359
2403.853516	19242.609375
2400.758789	19049.500000
2397.663086	18844.449219
2394.565430	18512.058594
2391.466797	18244.507813
2388.366211	18062.675781
2385.264648	17884.230469
2382.161133	17792.951172
2379.056641	17324.087891
2375.950195	17185.654297
2372.842773	17118.138672
2369.734375	16961.421875
2366.624023	16578.187500
2363.511719	16573.695313
2360.398438	16247.998047
2357.284180	16084.730469
2354.167969	15927.224609
2351.049805	15827.596680
2347.930664	15584.584961
2344.810547	15397.873047
2341.688477	15190.510742
2338.564453	14904.897461
2335.439453	14825.150391
2332.313477	14671.905273
2329.185547	14523.593750
2326.056641	14348.251953
2322.925781	14184.249023
2319.792969	14044.338867
2316.660156	13774.514648
2313.524414	13613.386719
2310.387695	13451.606445
2307.250000	13352.113281
2304.110352	13083.894531
2300.969727	12934.513672
2297.827148	12797.200195
2294.682617	12649.674805
2291.537109	12536.458984
2288.390625	12324.834961
2285.242188	12157.078125
2282.092773	11898.994141
2278.941406	11836.302734
2275.788086	11653.138672
2272.633789	11495.503906
2269.478516	11353.065430
2266.321289	11244.805664
2263.162109	11090.737305
2260.001953	10977.156250
2256.840820	10873.957031
2253.676758	10751.881836
2250.512695	10681.266602
2247.346680	10392.782227
2244.178711	10335.811523
2241.009766	10064.319336
2237.838867	10016.222656
2234.666992	9838.915039
2231.493164	9662.558594
2228.318359	9440.696289
2225.141602	9459.078125
2221.963867	9287.858398
2218.784180	9176.552734
2215.602539	8981.257813
2212.419922	8950.319336
2209.236328	8830.683594
2206.050781	8711.158203
2202.863281	8557.227539
2199.674805	8499.092773
2196.485352	8380.666016
2193.292969	8297.597656
2190.100586	8107.341309
2186.905273	8033.865234
2183.709961	7896.314453
2180.511719	7837.074707
2177.312500	7701.304199
2174.112305	7566.440430
2170.910156	7366.901855
2167.706055	7419.603027
2164.500977	7272.575684
2161.294922	7136.599609
2158.085938	7035.815918
2154.876953	6996.656250
2151.665039	6874.230469
2148.452148	6836.735352
2145.238281	6782.940430
2142.022461	6667.001953
2138.804688	6614.110352
2135.585938	6531.752930
2132.365234	6318.277832
2129.143555	6264.067871
2125.919922	6238.602539
2122.695313	6086.028320
2119.468750	5980.085449
2116.240234	5854.880371
2113.010742	5777.010742
2109.780273	5724.746094
2106.546875	5615.301270
2103.312500	5635.819336
2100.077148	5547.376953
2096.839844	5543.191895
2093.600586	5373.826660
2090.360352	5251.682617
2087.119141	5231.443848
2083.875000	5112.563477
2080.629883	5120.141602
2077.383789	5036.845215
2074.135742	5019.049316
2070.885742	4906.643066
2067.634766	4822.024414
2064.381836	4716.733398
2061.127930	4689.898438
2057.871094	4656.943848
2054.614258	4549.574707
2051.355469	4440.772461
2048.094727	4418.713379
2044.832031	4372.150391
2041.568359	4288.861816
2038.303711	4286.809082
2035.037109	4150.068848
2031.768555	4105.246582
2028.498047	4060.465820
2025.226563	3969.875732
2021.954102	3874.024658
2018.678711	3894.306641
2015.403320	3832.918945
2012.125000	3786.080078
2008.845703	3694.306641
2005.564453	3632.336914
2002.282227	3598.604736
1998.998047	3546.633789
1995.712891	3467.320068
1992.424805	3403.291260
1989.136719	3331.721191
1985.845703	3292.129395
1982.553711	3231.311035
1979.260742	3175.863037
1975.964844	3165.988525
1972.667969	3122.756104
1969.370117	2986.335938
1966.070313	2996.260498
1962.768555	2965.284424
1959.465820	2912.387939
1956.161133	2808.100098
1952.854492	2864.966797
1949.546875	2868.118408
1946.237305	2756.445557
1942.925781	2664.510010
1939.613281	2636.809326
1936.298828	2629.500488
1932.982422	2595.055664
1929.665039	2552.354004
1926.346680	2491.615723
1923.025391	2456.531982
1919.703125	2490.709229
1916.378906	2471.452148
1913.053711	2396.583252
1909.726563	2369.874756
1906.397461	2323.664551
1903.067383	2271.492920
1899.735352	2202.114258
1896.401367	2171.048584
1893.066406	2224.713135
1889.729492	2141.969727
1886.390625	2125.203857
1883.050781	2041.090454
1879.708984	2000.448608
1876.365234	2059.295654
1873.020508	1999.998169
1869.673828	1912.370850
1866.326172	1922.640015
1862.975586	1885.881836
1859.624023	1846.175049
1856.271484	1833.346558
1852.916016	1835.433960
1849.559570	1751.117188
1846.202148	1765.152710
1842.841797	1733.038818
1839.480469	1724.755615
1836.118164	1686.744263
1832.752930	1631.679932
1829.386719	1615.286865
1826.018555	1613.012939
1822.649414	1586.998657
1819.278320	1554.335083
1815.905273	1523.926392
1812.531250	1461.690308
1809.154297	1460.974854
1805.777344	1460.999512
1802.397461	1410.720093
1799.016602	1357.531616
1795.633789	1342.824585
1792.249023	1331.824707
1788.863281	1351.105713
1785.475586	1308.379761
1782.085938	1280.446899
1778.694336	1249.592041
1775.301758	1251.188843
1771.907227	1196.809570
1768.510742	1198.429688
1765.113281	1196.368896
1761.713867	1143.566162
1758.312500	1160.644653
1754.910156	1158.603882
1751.505859	1116.911011
1748.099609	1092.140015
1744.691406	1098.204224
1741.282227	1035.337402
1737.871094	1060.477661
1734.458008	1037.246460
1731.042969	1058.699341
1727.626953	990.851440
1724.208984	996.213623
1720.790039	988.410767
1717.368164	970.385193
1713.945313	937.770081
1710.520508	943.146179
1707.093750	925.898132
1703.666016	906.479004
1700.236328	887.078674
1696.804688	861.140259
1693.371094	840.324463
1689.936523	835.541016
1686.500000	804.573364
1683.061523	793.267761
1679.622070	811.042725
1676.179688	757.614380
1672.736328	784.100952
1669.291016	747.428528
1665.844727	736.902954
1662.396484	730.737183
1658.945313	707.911926
1655.494141	706.835510
1652.040039	663.052429
1648.584961	680.809753
1645.126953	666.007996
1641.668945	643.270142
1638.208008	633.558167
1634.745117	623.133545
1631.281250	622.822754
1627.815430	594.379944
1624.347656	602.734924
1620.878906	590.183533
1617.408203	561.798828
1613.935547	562.957886
1610.460938	571.310913
1606.984375	530.751404
1603.506836	558.519653
1600.027344	545.307983
1596.545898	533.545410
1593.062500	499.544586
1589.577148	483.512024
1586.090820	506.931244
1582.602539	476.577454
1579.112305	480.636169
1575.620117	476.815308
1572.126953	455.824158
1568.630859	467.753998
1565.133789	451.792053
1561.634766	415.125427
1558.133789	446.338989
1554.631836	433.266388
1551.127930	412.359100
1547.621094	401.455566
1544.114258	403.391541
1540.604492	408.887085
1537.092773	402.273163
1533.580078	397.088959
1530.065430	368.437866
1526.548828	366.119263
1523.030273	356.697296
1519.509766	353.676392
1515.988281	346.399384
1512.463867	339.129578
1508.938477	337.539917
1505.411133	321.776520
1501.882813	312.404510
1498.351563	314.370514
1494.818359	317.042053
1491.284180	315.466827
1487.748047	277.130768
1484.209961	292.535645
1480.669922	282.499817
1477.128906	280.944702
1473.584961	272.335693
1470.040039	263.735321
1466.493164	267.830231
1462.944336	274.034271
1459.393555	264.741638
1455.840820	255.458344
1452.287109	256.735138
1448.730469	250.980255
1445.172852	234.691086
1441.613281	228.250732
1438.051758	227.432465
1434.488281	224.510132
1430.922852	211.773361
1427.356445	206.058273
1423.787109	196.846313
1420.216797	200.946762
1416.644531	198.044876
1413.070313	204.238678
1409.494141	206.231522
1405.916016	186.561523
1402.336914	174.593674
1398.754883	184.974548
1395.171875	179.298523
1391.585938	178.509354
1387.999023	167.266724
1384.410156	172.057053
1380.819336	171.968781
1377.226563	153.787842
1373.632813	171.096756
1370.036133	152.934753
1366.438477	157.024963
1362.837891	157.638672
1359.236328	141.593597
1355.632813	140.133286
1352.027344	134.514175
1348.419922	132.365845
1344.810547	141.302200
1341.199219	136.383255
1337.585938	134.237106
1333.970703	124.485634
1330.354492	129.951218
1326.735352	119.521027
1323.115234	120.149803
1319.493164	126.989304
1315.869141	126.923645
1312.242188	111.690193
1308.614258	101.985153
1304.984375	107.442215
1301.353516	115.647072
1297.719727	108.018944
1294.083984	99.023346
1290.446289	98.284683
1286.807617	98.920639
1283.166016	93.376556
1279.523438	96.759247
1275.877930	87.792549
1272.231445	95.973190
1268.582031	108.256287
1264.931641	85.601242
1261.279297	82.134422
1257.625000	90.300827
1253.968750	78.630196
1250.310547	77.905830
1246.650391	84.695496
1242.988281	75.093910
1239.324219	70.960831
1235.658203	71.605743
1231.990234	74.976364
1228.320313	79.024666
1224.648438	76.940681
1220.975586	67.372955
1217.299805	72.779129
1213.622070	72.741028
1209.943359	63.869869
1206.261719	76.739502
1202.578125	60.409164
1198.893555	61.055885
1195.206055	58.311676
1191.517578	57.603382
1187.826172	52.831814
1184.133789	66.343559
1180.438477	63.602207
1176.742188	54.777336
1173.042969	50.693069
1169.342773	57.421906
1165.639648	49.964508
1161.935547	55.336906
1158.228516	49.911861
1154.520508	42.470123
1150.809570	55.923180
1147.097656	51.179737
1143.382813	49.806587
1139.666992	44.398621
1135.948242	40.341045
1132.227539	45.023678
1128.505859	49.029697
1124.781250	40.277050
1121.055664	40.926647
1117.327148	40.234390
1113.596680	38.202408
1109.865234	44.880772
1106.130859	40.170410
1102.394531	45.502296
1098.657227	39.458969
1094.916992	40.774883
1091.174805	36.076611
1087.430664	28.712391
1083.684570	36.038235
1079.936523	30.015875
1076.186523	39.999851
1072.434570	28.651283
1068.680664	38.625313
1064.924805	28.620733
1061.166992	33.927406
1057.406250	30.584850
1053.644531	38.542908
1049.880859	26.567110
1046.114258	34.518776
1042.346680	25.211765
1038.576172	33.155621
1034.803711	28.498566
1031.030273	30.470505
1027.253906	23.833700
1023.475586	32.422916
1019.695313	27.114824
1015.913086	20.490448
1012.128906	25.103832
1008.342773	23.769800
1004.553711	26.396690
