4046.277344	241.078842
4043.892578	264.138550
4041.505859	240.983810
4039.119141	261.835632
4036.731445	272.201660
4034.342773	252.210419
4031.952148	240.603714
4029.561523	256.194031
4027.169922	252.957001
4024.777344	254.946747
4022.383789	269.468262
4019.989258	273.537811
4017.593750	272.385956
4015.197266	284.796692
4012.799805	306.582672
4010.401367	297.079773
4008.001953	298.003998
4005.601563	299.968994
4003.201172	283.191711
4000.798828	293.486694
3998.395508	291.289581
3995.991211	302.612915
3993.585938	321.203613
3991.180664	318.997833
3988.773438	323.025726
3986.365234	344.700653
3983.957031	331.071625
3981.546875	319.528168
3979.135742	327.697113
3976.724609	363.847748
3974.311523	340.906647
3971.898438	356.307465
3969.483398	339.599609
3967.068359	369.477814
3964.651367	346.570557
3962.234375	346.432281
3959.815430	372.136810
3957.396484	369.921631
3954.975586	383.201385
3952.554688	390.275604
3950.131836	363.285980
3947.708984	374.488831
3945.284180	399.088745
3942.859375	371.096771
3940.432617	385.373993
3938.005859	378.009674
3935.577148	418.012115
3933.148438	393.144440
3930.718750	398.130646
3928.287109	411.339539
3925.855469	412.202454
3923.421875	400.734283
3920.988281	420.088531
3918.552734	425.053345
3916.117188	434.119171
3913.680664	454.462219
3911.242188	438.897583
3908.803711	437.696045
3906.363281	450.840271
3903.922852	451.683075
3901.480469	470.953705
3899.038086	513.746887
3896.593750	477.735352
3894.149414	475.497711
3891.703125	456.907104
3889.256836	451.614105
3886.808594	499.434906
3884.360352	497.191528
3881.910156	481.683136
3879.459961	499.850494
3877.007813	540.436279
3874.555664	510.658813
3872.101563	489.056213
3869.646484	508.209137
3867.191406	574.176392
3864.734375	541.379944
3862.277344	557.436340
3859.818359	556.193848
3857.358398	574.263733
3854.897461	574.031128
3852.436523	560.596069
3849.973633	585.747803
3847.509766	570.289063
3845.044922	604.545227
3842.579102	623.564514
3840.113281	602.027588
3837.645508	615.966614
3835.176758	632.932190
3832.707031	646.846924
3830.236328	655.690857
3827.764648	642.275330
3825.291992	650.102539
3822.818359	630.635986
3820.343750	681.900757
3817.868164	671.525024
3815.390625	666.204590
3812.913086	682.077026
3810.434570	717.099365
3807.955078	734.954102
3805.473633	695.351929
3802.992188	731.332764
3800.509766	739.089844
3798.025391	745.833923
3795.541016	757.602783
3793.054688	795.510071
3790.568359	802.222107
3788.080078	790.840637
3785.591797	777.459290
3783.101563	814.291565
3780.610352	829.013184
3778.119141	839.709656
3775.625977	844.380127
3773.131836	818.973999
3770.636719	868.738892
3768.140625	884.408569
3765.643555	874.034302
3763.145508	897.694641
3760.646484	919.334595
3758.146484	923.957275
3755.645508	933.573608
3753.143555	932.191345
3750.639648	925.816345
3748.135742	990.326477
3745.630859	983.932251
3743.124023	980.535461
3740.617188	994.091614
3738.108398	994.679565
3735.599609	1058.031372
3733.088867	1061.579468
3730.577148	1034.265625
3728.064453	1067.671021
3725.551758	1092.096924
3723.037109	1091.647095
3720.521484	1088.215942
3718.004883	1143.397583
3715.487305	1125.052490
3712.967773	1100.766724
3710.448242	1111.226440
3707.927734	1143.495850
3705.406250	1160.868164
3702.882813	1151.470459
3700.359375	1166.843384
3697.833984	1225.768555
3695.308594	1242.087036
3692.781250	1196.065796
3690.252930	1223.260132
3687.723633	1268.224487
3685.193359	1233.117188
3682.662109	1269.150513
3680.129883	1277.510376
3677.596680	1297.705200
3675.062500	1279.411865
3672.527344	1278.881714
3669.990234	1345.374023
3667.453125	1360.579590
3664.915039	1324.562500
3662.375000	1352.560547
3659.833984	1342.159424
3657.292969	1401.600708
3654.750000	1415.766357
3652.206055	1448.592407
3649.661133	1466.655396
3647.115234	1458.190430
3644.568359	1505.679688
3642.019531	1469.733032
3639.470703	1488.736206
3636.920898	1486.156250
3634.369141	1530.613525
3631.817383	1556.422974
3629.263672	1566.544922
3626.708984	1572.743286
3624.153320	1581.870850
3621.596680	1581.211792
3619.039063	1647.997437
3616.480469	1660.011963
3613.920898	1644.670044
3611.360352	1688.890869
3608.797852	1677.452026
3606.235352	1733.326294
3603.670898	1730.652588
3601.105469	1735.777466
3598.540039	1793.504517
3595.972656	1799.571655
3593.404297	1841.648438
3590.834961	1812.662109
3588.264648	1853.724609
3585.692383	1884.058472
3583.120117	1947.406372
3580.545898	1913.565186
3577.971680	1945.776245
3575.395508	1969.224854
3572.818359	1960.638916
3570.240234	2015.091797
3567.661133	2023.940430
3565.081055	2075.413330
3562.500000	2143.307129
3559.917969	2120.141602
3557.333984	2170.540039
3554.750000	2184.138428
3552.164063	2165.817627
3549.577148	2241.259766
3546.989258	2219.064697
3544.400391	2288.625977
3541.810547	2306.004150
3539.219727	2328.191162
3536.626953	2411.119141
3534.034180	2416.853516
3531.439453	2366.691162
3528.844727	2439.864014
3526.248047	2516.825928
3523.650391	2579.285889
3521.051758	2552.225342
3518.451172	2573.267090
3515.850586	2625.049072
3513.249023	2654.688232
3510.645508	2664.133301
3508.041016	2707.169189
3505.436523	2813.500732
3502.830078	2829.578857
3500.222656	2851.395264
3497.613281	2886.609619
3495.003906	2884.432617
3492.393555	2959.819336
3489.781250	2969.097412
3487.167969	3025.247803
3484.553711	3045.965088
3481.938477	3082.914795
3479.322266	3137.987793
3476.705078	3221.667236
3474.086914	3235.579590
3471.466797	3216.077881
3468.845703	3289.122314
3466.224609	3344.940430
3463.601563	3363.539063
3460.977539	3397.364258
3458.351563	3450.205811
3455.725586	3477.300293
3453.098633	3501.516357
3450.469727	3598.945068
3447.839844	3627.840576
3445.208984	3714.677734
3442.577148	3747.296875
3439.944336	3812.169678
3437.310547	3770.689453
3434.674805	3826.008301
3432.039063	3906.882324
3429.401367	3959.250488
3426.762695	3971.779541
3424.123047	3997.555420
3421.481445	4148.267578
3418.839844	4156.911621
3416.197266	4229.865234
3413.552734	4227.119629
3410.907227	4370.857422
3408.260742	4311.372559
3405.613281	4459.670898
3402.963867	4441.725586
3400.314453	4475.683594
3397.663086	4587.883301
3395.011719	4565.188965
3392.358398	4720.595215
3389.704102	4693.151855
3387.047852	4738.220703
3384.391602	4920.639648
3381.733398	4890.320313
3379.075195	4922.080078
3376.415039	4944.413086
3373.753906	5033.424316
3371.090820	5119.541504
3368.427734	5168.977051
3365.762695	5253.083008
3363.097656	5167.370605
3360.430664	5356.393066
3357.762695	5490.905273
3355.092773	5462.330078
3352.422852	5433.777832
3349.750977	5613.934570
3347.079102	5669.525391
3344.405273	5744.702148
3341.729492	5711.398438
3339.053711	5842.542480
3336.376953	5881.125000
3333.698242	6038.215820
3331.018555	5995.506348
3328.337891	6127.229492
3325.656250	6244.854980
3322.973633	6278.514648
3320.289063	6238.562988
3317.604492	6396.947754
3314.917969	6548.680664
3312.230469	6624.004395
3309.541016	6654.630371
3306.851563	6645.263672
3304.160156	6776.183594
3301.467773	6920.917969
3298.774414	6963.422852
3296.080078	6986.405273
3293.384766	7013.075684
3290.687500	7175.064453
3287.990234	7175.681152
3285.291016	7265.211914
3282.589844	7436.134766
3279.888672	7322.806152
3277.186523	7563.854004
3274.482422	7620.692871
3271.777344	7759.736328
3269.071289	7862.628418
3266.364258	7974.664063
3263.655273	8073.678223
3260.945313	8088.645508
3258.234375	8190.287109
3255.522461	8344.382813
3252.809570	8383.164063
3250.095703	8544.406250
3247.379883	8673.285156
3244.663086	8753.277344
3241.945313	8954.616211
3239.226563	8970.971680
3236.505859	9044.291016
3233.784180	9209.408203
3231.061523	9167.774414
3228.337891	9277.619141
3225.613281	9424.063477
3222.886719	9586.886719
3220.160156	9727.565430
3217.431641	9799.399414
3214.702148	9806.143555
3211.970703	9997.801758
3209.239258	10186.545898
3206.505859	10325.731445
3203.771484	10390.737305
3201.035156	10496.808594
3198.298828	10575.378906
3195.560547	10855.670898
3192.821289	10847.306641
3190.081055	11040.562500
3187.339844	11016.616211
3184.596680	11246.997070
3181.853516	11407.929688
3179.108398	11484.933594
3176.361328	11607.383789
3173.614258	11628.722656
3170.865234	11838.310547
3168.115234	12048.621094
3165.364258	12084.270508
3162.612305	12090.817383
3159.858398	12189.965820
3157.104492	12330.770508
3154.347656	12475.078125
3151.590820	12603.840820
3148.833008	12755.147461
3146.073242	12864.643555
3143.312500	13065.502930
3140.550781	13239.933594
3137.787109	13250.443359
3135.023438	13494.270508
3132.257813	13618.554688
3129.491211	13780.677734
3126.722656	14032.974609
3123.954102	13875.174805
3121.183594	14066.740234
3118.412109	14193.189453
3115.638672	14306.901367
3112.865234	14398.879883
3110.089844	14557.436523
3107.313477	14813.997070
3104.536133	14885.820313
3101.756836	14876.607422
3098.976563	14837.722656
3096.195313	15105.379883
3093.413086	15346.743164
3090.628906	15489.101563
3087.844727	15580.163086
3085.058594	15685.497070
3082.270508	16141.419922
3079.482422	16089.518555
3076.692383	16371.907227
3073.901367	16497.292969
3071.109375	16522.287109
3068.315430	16680.597656
3065.520508	16829.820313
3062.724609	16935.095703
3059.927734	17220.808594
3057.128906	17558.976563
3054.329102	17536.974609
3051.528320	17588.177734
3048.726563	17748.177734
3045.922852	17835.796875
3043.118164	17991.972656
3040.312500	18180.080078
3037.505859	18197.910156
3034.697266	18589.611328
3031.887695	18675.751953
3029.077148	18785.826172
3026.264648	19145.619141
3023.452148	19110.527344
3020.637695	19407.671875
3017.821289	19498.562500
3015.004883	19724.263672
3012.186523	19723.550781
3009.367188	20120.962891
3006.545898	20275.169922
3003.724609	20187.378906
3000.901367	20465.380859
2998.077148	20739.591797
2995.250977	20833.951172
2992.423828	21044.072266
2989.595703	21175.328125
2986.766602	21525.587891
2983.935547	21562.001953
2981.104492	21730.796875
2978.270508	21775.015625
2975.436523	22181.697266
2972.600586	22420.503906
2969.763672	22411.466797
2966.925781	22620.880859
2964.085938	22736.773438
2961.245117	23135.937500
2958.403320	23211.021484
2955.560547	23328.238281
2952.715820	23619.365234
2949.870117	23558.824219
2947.023438	23883.822266
2944.174805	24106.710938
2941.325195	24437.304688
2938.474609	24655.351563
2935.622070	24786.416016
2932.768555	24743.876953
2929.914063	25180.417969
2927.058594	25317.181641
2924.201172	25213.191406
2921.342773	25421.521484
2918.483398	25826.359375
2915.622070	25920.619141
2912.759766	26227.908203
2909.896484	26451.103516
2907.032227	26461.158203
2904.166016	26791.326172
2901.298828	27054.056641
2898.429688	27159.671875
2895.559570	27356.654297
2892.688477	27557.806641
2889.816406	27768.345703
2886.942383	27836.013672
2884.067383	28152.312500
2881.191406	28459.628906
2878.314453	28312.281250
2875.435547	28578.419922
2872.554688	28892.054688
2869.673828	29125.576172
2866.791016	29537.535156
2863.907227	29565.966797
2861.021484	29900.226563
2858.134766	30005.533203
2855.247070	30327.162109
2852.358398	30387.169922
2849.467773	30667.671875
2846.576172	30951.371094
2843.682617	30998.029297
2840.789063	31258.851563
2837.893555	31347.617188
2834.996094	31450.964844
2832.097656	31715.519531
2829.198242	31846.183594
2826.297852	31932.765625
2823.395508	31980.496094
2820.492188	32054.005859
2817.587891	32453.638672
2814.681641	32465.769531
2811.774414	32530.335938
2808.866211	32552.716797
2805.956055	32918.722656
2803.044922	33216.550781
2800.131836	33058.304688
2797.218750	33424.421875
2794.303711	33375.976563
2791.386719	33384.144531
2788.468750	33573.082031
2785.549805	33663.351563
2782.629883	33959.839844
2779.708008	34086.625000
2776.785156	34285.988281
2773.860352	34391.121094
2770.935547	34348.316406
2768.007813	34349.957031
2765.080078	34276.453125
2762.150391	34559.710938
2759.219727	34854.648438
2756.287109	34922.515625
2753.353516	34940.886719
2750.418945	35337.441406
2747.482422	35098.445313
2744.544922	35234.125000
2741.606445	35399.441406
2738.666016	35404.746094
2735.724609	35474.628906
2732.782227	35267.488281
2729.837891	35552.179688
2726.892578	35408.828125
2723.945313	35734.750000
2720.997070	35604.988281
2718.047852	35609.257813
2715.097656	35758.390625
2712.145508	35944.636719
2709.191406	35920.781250
2706.237305	35933.316406
2703.281250	35835.886719
2700.323242	35760.511719
2697.364258	35913.332031
2694.404297	35953.671875
2691.443359	35896.886719
2688.480469	35846.890625
2685.515625	35974.886719
2682.550781	36058.078125
2679.583984	36110.003906
2676.615234	35959.726563
2673.646484	36036.042969
2670.674805	35999.515625
2667.703125	35710.675781
2664.729492	35860.109375
2661.754883	35651.406250
2658.778320	35847.750000
2655.800781	35415.882813
2652.821289	35284.000000
2649.840820	35325.023438
2646.859375	35033.972656
2643.876953	35111.085938
2640.892578	35112.726563
2637.906250	35352.992188
2634.918945	35412.250000
2631.930664	34712.687500
2628.941406	34878.351563
2625.950195	34506.441406
2622.957031	34443.960938
2619.963867	34471.710938
2616.967773	34495.250000
2613.971680	34192.554688
2610.973633	34181.156250
2607.974609	33761.332031
2604.973633	33531.003906
2601.971680	33550.699219
2598.967773	33287.359375
2595.962891	33060.023438
2592.957031	33021.664063
2589.949219	32907.683594
2586.940430	32468.101563
2583.929688	32418.404297
2580.917969	32051.646484
2577.905273	32047.796875
2574.890625	31847.388672
2571.875000	31623.113281
2568.857422	31535.748047
2565.838867	31195.023438
2562.819336	31121.986328
2559.797852	30958.814453
2556.775391	30473.226563
2553.750977	30375.791016
2550.725586	30125.564453
2547.698242	30001.101563
2544.669922	29525.880859
2541.640625	29531.337891
2538.609375	29006.437500
2535.577148	29032.718750
2532.542969	28905.695313
2529.507813	28632.990234
2526.471680	28323.478516
2523.433594	27834.847656
2520.393555	27873.896484
2517.353516	27471.404297
2514.310547	27376.619141
2511.267578	27217.019531
2508.222656	27047.705078
2505.175781	26575.720703
2502.127930	26380.589844
2499.079102	26142.996094
2496.028320	25993.300781
2492.976563	25668.439453
2489.922852	25490.425781
2486.868164	25125.156250
2483.812500	24762.669922
2480.754883	24631.082031
2477.695313	24498.787109
2474.634766	24148.501953
2471.573242	24022.251953
2468.509766	23800.623047
2465.445313	23509.037109
2462.378906	23340.017578
2459.311523	23054.601563
2456.242188	22783.291016
2453.171875	22667.742188
2450.100586	22263.369141
2447.027344	21961.048828
2443.953125	21738.685547
2440.876953	21401.923828
2437.799805	21218.191406
2434.720703	21092.273438
2431.640625	20730.283203
2428.558594	20567.375000
2425.475586	20583.812500
2422.390625	20208.759766
2419.304688	19920.730469
2416.217773	19675.876953
2413.128906	19551.031250
2410.038086	19246.695313
2406.946289	19061.503906
2403.853516	18895.875000
2400.758789	18576.898438
2397.663086	18575.554688
2394.565430	18171.455078
2391.466797	17929.072266
2388.366211	17674.812500
2385.264648	17497.351563
2382.161133	17287.826172
2379.056641	17088.150391
2375.950195	16969.949219
2372.842773	16758.527344
2369.734375	16525.585938
2366.624023	16286.425781
2363.511719	16074.796875
2360.398438	15958.916016
2357.284180	15984.401367
2354.167969	15498.017578
2351.049805	15398.587891
2347.930664	15202.263672
2344.810547	15018.935547
2341.688477	14782.121094
2338.564453	14695.995117
2335.439453	14575.544922
2332.313477	14256.089844
2329.185547	14245.446289
2326.056641	14017.507813
2322.925781	13832.896484
2319.792969	13604.554688
2316.660156	13510.449219
2313.524414	13343.862305
2310.387695	13049.102539
2307.250000	13029.463867
2304.110352	12780.506836
2300.969727	12641.614258
2297.827148	12472.616211
2294.682617	12398.398438
2291.537109	12221.715820
2288.390625	12012.623047
2285.242188	11918.860352
2282.092773	11656.918945
2278.941406	11613.380859
2275.788086	11431.906250
2272.633789	11210.969727
2269.478516	11115.404297
2266.321289	10964.497070
2263.162109	10692.632813
2260.001953	10677.333008
2256.840820	10551.343750
2253.676758	10502.922852
2250.512695	10317.087891
2247.346680	10067.464844
2244.178711	10017.750000
2241.009766	9843.437500
2237.838867	9619.610352
2234.666992	9546.521484
2231.493164	9384.482422
2228.318359	9215.504883
2225.141602	9141.912109
2221.963867	9068.385742
2218.784180	8920.229492
2215.602539	8853.942383
2212.419922	8649.461914
2209.236328	8581.003906
2206.050781	8390.963867
2202.863281	8387.007813
2199.674805	8198.017578
2196.485352	8178.477051
2193.292969	7920.042480
2190.100586	7898.296387
2186.905273	7835.875000
2183.709961	7737.527832
2180.511719	7598.616211
2177.312500	7511.409180
2174.112305	7396.943848
2170.910156	7249.793457
2167.706055	7158.184570
2164.500977	7090.059570
2161.294922	6986.133789
2158.085938	6946.202637
2154.876953	6840.101563
2151.665039	6723.199707
2148.452148	6591.621582
2145.238281	6514.609375
2142.022461	6510.744141
2138.804688	6336.708984
2135.585938	6313.510254
2132.365234	6134.295410
2129.143555	6148.454590
2125.919922	5985.770020
2122.695313	5890.679688
2119.468750	5848.365723
2116.240234	5691.470215
2113.010742	5605.937500
2109.780273	5634.221191
2106.546875	5501.618652
2103.312500	5451.076172
2100.077148	5378.174316
2096.839844	5300.706055
2093.600586	5190.891113
2090.360352	5145.213867
2087.119141	5015.523438
2083.875000	5012.362305
2080.629883	4955.273926
2077.383789	4867.436035
2074.135742	4799.691895
2070.885742	4761.244141
2067.634766	4669.774414
2064.381836	4648.330566
2061.127930	4571.594238
2057.871094	4452.698730
2054.614258	4454.408203
2051.355469	4407.019531
2048.094727	4279.934082
2044.832031	4247.998047
2041.568359	4126.468750
2038.303711	4196.463867
2035.037109	4010.024170
2031.768555	3985.921387
2028.498047	3892.267090
2025.226563	3828.503906
2021.954102	3747.232910
2018.678711	3756.887451
2015.403320	3719.220947
2012.125000	3651.080811
2008.845703	3626.458252
2005.564453	3523.374512
2002.282227	3529.298340
1998.998047	3442.343506
1995.712891	3350.905762
1992.424805	3332.563477
1989.136719	3210.857910
1985.845703	3246.542725
1982.553711	3146.256592
1979.260742	3127.283936
1975.964844	3045.357666
1972.667969	2987.017090
1969.370117	2984.820068
1966.070313	2972.017822
1962.768555	2906.220947
1959.465820	2820.051270
1956.161133	2786.918213
1952.854492	2799.183838
1949.546875	2663.306885
1946.237305	2646.157471
1942.925781	2659.979980
1939.613281	2571.153320
1936.298828	2529.932373
1932.982422	2453.315430
1929.665039	2474.736084
1926.346680	2459.227783
1923.025391	2390.281494
1919.703125	2419.223633
1916.378906	2334.567139
1913.053711	2250.743408
1909.726563	2263.929199
1906.397461	2232.790771
1903.067383	2196.427002
1899.735352	2183.356934
1896.401367	2147.050781
1893.066406	2132.516357
1889.729492	2053.563965
1886.390625	2072.785156
1883.050781	2015.642334
1879.708984	1983.990112
1876.365234	1911.989502
1873.020508	1911.807007
1869.673828	1895.936401
1866.326172	1847.227661
1862.975586	1863.493042
1859.624023	1858.109985
1856.271484	1816.944214
1852.916016	1723.653564
1849.559570	1679.612549
1846.202148	1717.506226
1842.841797	1680.206787
1839.480469	1646.661865
1836.118164	1606.458496
1832.752930	1582.640381
1829.386719	1569.984619
1826.018555	1575.155762
1822.649414	1514.289063
1819.278320	1516.514893
1815.905273	1506.878540
1812.531250	1488.360840
1809.154297	1435.057861
1805.777344	1401.789795
1802.397461	1367.074219
1799.016602	1352.355835
1795.633789	1333.956177
1792.249023	1274.947021
1788.863281	1283.919556
1785.475586	1289.931152
1782.085938	1270.120728
1778.694336	1197.249268
1775.301758	1193.713745
1771.907227	1193.127075
1768.510742	1187.387695
1765.113281	1174.295654
1761.713867	1139.153687
1758.312500	1103.310669
1754.910156	1085.869751
1751.505859	1096.349976
1748.099609	1050.304077
1744.691406	1056.388916
1741.282227	1034.604126
1737.871094	1008.443115
1734.458008	1016.003357
1731.042969	965.715332
1727.626953	965.238586
1724.208984	928.190186
1720.790039	924.076294
1717.368164	919.966064
1713.945313	923.163025
1710.520508	887.666992
1707.093750	878.472351
1703.666016	846.679077
1700.236328	856.464600
1696.804688	853.854797
1693.371094	845.421753
1689.936523	793.327271
1686.500000	810.393066
1683.061523	788.905151
1679.622070	785.606750
1676.179688	769.236450
1672.736328	745.621887
1669.291016	719.853516
1665.844727	725.298218
1662.396484	711.888794
1658.945313	696.318665
1655.494141	661.209900
1652.040039	685.491943
1648.584961	678.639221
1645.126953	626.958618
1641.668945	604.240295
1638.208008	604.661560
1634.745117	613.746826
1631.281250	607.667114
1627.815430	564.083862
1624.347656	576.779846
1620.878906	566.403259
1617.408203	586.287476
1613.935547	575.916016
1610.460938	548.285767
1606.984375	531.470581
1603.506836	532.642334
1600.027344	510.103638
1596.545898	489.741547
1593.062500	498.826843
1589.577148	472.033997
1586.090820	494.741943
1582.602539	472.994141
1579.112305	481.352478
1575.620117	443.882111
1572.126953	457.255310
1568.630859	439.860413
1565.133789	432.490814
1561.634766	433.702454
1558.133789	436.341003
1554.631836	401.146149
1551.127930	402.371155
1547.621094	395.751038
1544.114258	394.126343
1540.604492	372.557404
1537.092773	367.385742
1533.580078	372.893555
1530.065430	358.480103
1526.548828	341.237366
1523.030273	338.933472
1519.509766	339.472534
1515.988281	330.073181
1512.463867	324.940063
1508.938477	330.448730
1505.411133	318.232727
1501.882813	318.780121
1498.351563	299.501648
1494.818359	294.396210
1491.284180	290.710449
1487.748047	287.028290
1484.209961	275.577057
1480.669922	293.093536
1477.128906	269.650421
1473.584961	253.991837
1470.040039	255.273224
1466.493164	252.324280
1462.944336	241.629181
1459.393555	251.363739
1455.840820	243.494736
1452.287109	246.184387
1448.730469	236.919739
1445.172852	220.637726
1441.613281	242.296936
1438.051758	219.009033
1434.488281	219.598969
1430.922852	211.773361
1427.356445	209.562668
1423.787109	214.359329
1420.216797	217.750671
1416.644531	205.042923
1413.070313	195.845306
1409.494141	195.745163
1405.916016	181.670395
1402.336914	177.387177
1398.754883	183.578506
1395.171875	186.275116
1391.585938	171.536331
1387.999023	177.023956
1384.410156	163.001419
1380.819336	166.398941
1377.226563	165.617676
1373.632813	173.183289
1370.036133	155.715378
1366.438477	147.992554
1362.837891	152.777573
1359.236328	147.146301
1355.632813	140.133286
1352.027344	137.981033
1348.419922	146.919159
1344.810547	133.682968
1341.199219	127.383354
1337.585938	132.853210
1333.970703	133.476257
1330.354492	125.112610
1326.735352	129.884125
1323.115234	130.507538
1319.493164	109.735321
1315.869141	121.405228
1312.242188	115.826866
1308.614258	108.876045
1304.984375	113.640800
1301.353516	118.400574
1297.719727	91.506493
1294.083984	101.773994
1290.446289	103.095825
1286.807617	100.294540
1283.166016	95.436333
1279.523438	100.876663
1275.877930	91.221947
1272.231445	83.633781
1268.582031	80.164467
1264.931641	91.764534
1261.279297	82.818878
1257.625000	89.616730
1253.968750	90.937531
1250.310547	84.739677
1246.650391	86.061554
1242.988281	80.555290
1239.324219	77.101677
1235.658203	73.651627
1231.990234	65.433914
1228.320313	68.805962
1224.648438	74.898010
1220.975586	70.095093
1217.299805	76.180023
1213.622070	65.262978
1209.943359	64.549332
1206.261719	67.911064
1202.578125	60.409164
1198.893555	62.412682
1195.206055	65.092102
1191.517578	58.958755
1187.826172	58.927792
1184.133789	58.219856
1180.438477	54.806156
1176.742188	59.511181
1173.042969	53.396702
1169.342773	45.261971
1165.639648	57.391666
1161.935547	45.889141
1158.228516	53.284283
1154.520508	45.166637
1150.809570	47.164127
1147.097656	53.199989
1143.382813	59.902515
1139.666992	48.434860
1135.948242	43.702801
1132.227539	47.711662
1128.505859	43.656578
1124.781250	44.304752
1121.055664	42.939434
1117.327148	43.587257
1113.596680	32.840668
1109.865234	34.162975
1106.130859	38.831398
1102.394531	40.818237
1098.657227	38.790173
1094.916992	38.101120
1091.174805	35.408524
1087.430664	36.725151
1083.684570	36.705608
1079.936523	34.017990
1076.186523	32.666542
1072.434570	40.644844
1068.680664	36.627453
1064.924805	31.948725
1061.166992	28.605459
1057.406250	37.898621
1053.644531	35.220245
1049.880859	35.865601
1046.114258	31.863485
1042.346680	27.202168
1038.576172	27.187609
1034.803711	27.173050
1031.030273	27.158493
1027.253906	27.143936
1023.475586	24.482611
1019.695313	28.437498
1015.913086	24.456341
1012.128906	25.764460
1008.342773	23.769800
1004.553711	21.777269
