4046.277344	218.019135
4043.892578	231.645325
4041.505859	229.458496
4039.119141	212.610535
4036.731445	242.887619
4034.342773	232.326614
4031.952148	233.280991
4029.561523	229.006104
4027.169922	233.096741
4024.777344	226.735428
4022.383789	242.312531
4019.989258	266.229553
4017.593750	258.818848
4015.197266	250.370712
4012.799805	239.843582
4010.401367	254.341980
4008.001953	245.905411
4005.601563	274.971588
4003.201172	272.780243
4000.798828	261.223969
3998.395508	251.757416
3995.991211	259.976715
3993.585938	277.544861
3991.180664	274.317352
3988.773438	280.440338
3986.365234	278.252350
3983.957031	268.801086
3981.546875	290.480164
3979.135742	297.623657
3976.724609	321.347015
3974.311523	306.712372
3971.898438	305.554382
3969.483398	301.291107
3967.068359	284.611755
3964.651367	287.601837
3962.234375	307.135468
3959.815430	296.675751
3957.396484	316.190002
3954.975586	311.932129
3952.554688	331.424530
3950.131836	320.971405
3947.708984	341.476044
3945.284180	336.183258
3942.859375	350.480286
3940.432617	340.035858
3938.005859	321.359711
3935.577148	360.355286
3933.148438	346.831604
3930.718750	371.382843
3928.287109	360.950439
3925.855469	360.805634
3923.421875	370.936096
3920.988281	383.112518
3918.552734	379.878571
3916.117188	357.147675
3913.680664	388.806274
3911.242188	394.802734
3908.803711	395.669037
3906.363281	395.509888
3903.922852	399.447632
3901.480469	424.882141
3899.038086	403.219666
3896.593750	418.402069
3894.149414	408.007721
3891.703125	416.020569
3889.256836	424.026825
3886.808594	423.855804
3884.360352	443.082397
3881.910156	435.759949
3879.459961	428.443298
3877.007813	438.467163
3874.555664	442.367126
3872.101563	460.527924
3869.646484	497.006134
3867.191406	452.011230
3864.734375	468.110443
3862.277344	456.731598
3859.818359	499.252625
3857.358398	472.624146
3854.897461	520.183960
3852.436523	486.459259
3849.973633	505.550110
3847.509766	515.492615
3845.044922	511.226166
3842.579102	519.130127
3840.113281	537.162659
3837.645508	526.813538
3835.176758	540.777222
3832.707031	566.876831
3830.236328	580.812561
3827.764648	548.209839
3825.291992	591.461853
3822.818359	568.987244
3820.343750	609.164673
3817.868164	601.848022
3815.390625	615.734558
3812.913086	592.276978
3810.434570	628.344421
3807.955078	633.129150
3805.473633	651.010620
3802.992188	633.620239
3800.509766	652.493530
3798.025391	638.135864
3795.541016	638.881470
3793.054688	674.825867
3790.568359	659.470825
3788.080078	681.308716
3785.591797	705.137451
3783.101563	720.914063
3780.610352	730.655701
3778.119141	706.279053
3775.625977	719.026794
3773.131836	721.739624
3770.636719	744.490234
3768.140625	749.193237
3765.643555	760.900452
3763.145508	766.593201
3760.646484	748.272339
3758.146484	791.963379
3755.645508	808.630676
3753.143555	796.309204
3750.639648	789.989990
3748.135742	821.611572
3745.630859	829.257324
3743.124023	825.924072
3740.617188	880.424194
3738.108398	863.118774
3735.599609	877.707703
3733.088867	895.271973
3730.577148	884.949097
3728.064453	906.475586
3725.551758	930.967896
3723.037109	912.688599
3720.521484	937.157654
3718.004883	925.844116
3715.487305	980.076599
3712.967773	965.776367
3710.448242	986.213440
3707.927734	1001.674622
3705.406250	1012.166016
3702.882813	989.947449
3700.359375	1014.301880
3697.833984	1018.833435
3695.308594	1053.052246
3692.781250	1007.109131
3690.252930	1052.181763
3687.723633	1092.274414
3685.193359	1081.941772
3682.662109	1115.074585
3680.129883	1104.740479
3677.596680	1094.414551
3675.062500	1152.161133
3672.527344	1148.725708
3669.990234	1133.465210
3667.453125	1177.329956
3664.915039	1167.978516
3662.375000	1175.369141
3659.833984	1217.192993
3657.292969	1178.328125
3654.750000	1190.620239
3652.206055	1231.401855
3649.661133	1249.555054
3647.115234	1248.053833
3644.568359	1258.332031
3642.019531	1260.752319
3639.470703	1253.362915
3636.920898	1285.191895
3634.369141	1279.757568
3631.817383	1334.076782
3629.263672	1382.475952
3626.708984	1382.878906
3624.153320	1413.607544
3621.596680	1404.217773
3619.039063	1366.488892
3616.480469	1420.634155
3613.920898	1419.065063
3611.360352	1415.544312
3608.797852	1453.010986
3606.235352	1469.962158
3603.670898	1526.874390
3601.105469	1507.719116
3598.540039	1556.773560
3595.972656	1578.520386
3593.404297	1575.913818
3590.834961	1550.930420
3588.264648	1568.760742
3585.692383	1597.269409
3583.120117	1647.132568
3580.545898	1652.271240
3577.971680	1711.778198
3575.395508	1667.387085
3572.818359	1667.658813
3570.240234	1688.293945
3567.661133	1795.180908
3565.081055	1808.962036
3562.500000	1804.329468
3559.917969	1852.945679
3557.333984	1818.298950
3554.750000	1872.671265
3552.164063	1865.116943
3549.577148	1906.858765
3546.989258	1867.414917
3544.400391	1892.703369
3541.810547	1955.614990
3539.219727	1999.176270
3536.626953	2036.913452
3534.034180	2055.337646
3531.439453	2120.000244
3528.844727	2102.733154
3526.248047	2186.576660
3523.650391	2176.994385
3521.051758	2202.051758
3518.451172	2218.433105
3515.850586	2297.278320
3513.249023	2289.584473
3510.645508	2266.530029
3508.041016	2375.973145
3505.436523	2359.617432
3502.830078	2433.437744
3500.222656	2413.235352
3497.613281	2464.927002
3495.003906	2449.516602
3492.393555	2512.638428
3489.781250	2578.577881
3487.167969	2605.233887
3484.553711	2661.513428
3481.938477	2667.079834
3479.322266	2734.750488
3476.705078	2800.453125
3474.086914	2751.531494
3471.466797	2771.362061
3468.845703	2836.963379
3466.224609	2850.064697
3463.601563	2883.169678
3460.977539	2969.597412
3458.351563	2965.481934
3455.725586	2933.763916
3453.098633	3066.681396
3450.469727	3180.463135
3447.839844	3097.354492
3445.208984	3143.554443
3442.577148	3177.365967
3439.944336	3248.177490
3437.310547	3290.455811
3434.674805	3310.877441
3432.039063	3402.401367
3429.401367	3464.462646
3426.762695	3467.727295
3424.123047	3500.347168
3421.481445	3567.017822
3418.839844	3589.156738
3416.197266	3636.813965
3413.552734	3674.029541
3410.907227	3704.596924
3408.260742	3760.642822
3405.613281	3834.580566
3402.963867	3878.251221
3400.314453	3829.426514
3397.663086	4025.832031
3395.011719	3977.926270
3392.358398	4110.026855
3389.704102	4181.736816
3387.047852	4169.596680
3384.391602	4250.627441
3381.733398	4246.931152
3379.075195	4253.579590
3376.415039	4379.579102
3373.753906	4415.284668
3371.090820	4515.750977
3368.427734	4563.567383
3365.762695	4609.465332
3363.097656	4689.084473
3360.430664	4733.949219
3357.762695	4752.538086
3355.092773	4862.897461
3352.422852	4815.877441
3349.750977	4936.406738
3347.079102	5002.577637
3344.405273	5078.040039
3341.729492	5155.305664
3339.053711	5218.490723
3336.376953	5274.149902
3333.698242	5305.490723
3331.018555	5258.430664
3328.337891	5351.300293
3325.656250	5496.292480
3322.973633	5612.272949
3320.289063	5602.412109
3317.604492	5653.073242
3314.917969	5704.620117
3312.230469	5824.026367
3309.541016	5872.662598
3306.851563	5878.502441
3304.160156	5997.675293
3301.467773	5983.023438
3298.774414	6216.214844
3296.080078	6259.002930
3293.384766	6296.187500
3290.687500	6327.776367
3287.990234	6362.116211
3285.291016	6561.290039
3282.589844	6581.608887
3279.888672	6628.745117
3277.186523	6671.213867
3274.482422	6806.105469
3271.777344	6811.488281
3269.071289	6877.836914
3266.364258	7039.238281
3263.655273	7151.578613
3260.945313	7191.854980
3258.234375	7345.528320
3255.522461	7344.199707
3252.809570	7456.206055
3250.095703	7570.876465
3247.379883	7646.779297
3244.663086	7691.326172
3241.945313	7820.457031
3239.226563	7907.180176
3236.505859	7875.269531
3233.784180	8067.533203
3231.061523	8098.935059
3228.337891	8185.378418
3225.613281	8352.480469
3222.886719	8511.181641
3220.160156	8621.160156
3217.431641	8678.813477
3214.702148	8769.386719
3211.970703	8956.001953
3209.239258	8921.920898
3206.505859	9005.860352
3203.771484	9179.323242
3201.035156	9274.039063
3198.298828	9424.392578
3195.560547	9582.830078
3192.821289	9706.445313
3190.081055	9769.739258
3187.339844	9870.363281
3184.596680	10059.312500
3181.853516	10221.671875
3179.108398	10370.227539
3176.361328	10512.278320
3173.614258	10464.940430
3170.865234	10585.901367
3168.115234	10800.393555
3165.364258	10914.736328
3162.612305	10975.384766
3159.858398	10960.618164
3157.104492	11133.722656
3154.347656	11455.445313
3151.590820	11462.241211
3148.833008	11642.142578
3146.073242	11775.678711
3143.312500	11957.090820
3140.550781	12097.607422
3137.787109	12141.188477
3135.023438	12302.295898
3132.257813	12413.541016
3129.491211	12546.371094
3126.722656	12822.690430
3123.954102	12774.658203
3121.183594	12936.924805
3118.412109	13053.946289
3115.638672	13193.401367
3112.865234	13293.977539
3110.089844	13430.496094
3107.313477	13719.965820
3104.536133	13701.362305
3101.756836	13787.131836
3098.976563	13972.638672
3096.195313	14006.970703
3093.413086	14133.810547
3090.628906	14406.920898
3087.844727	14595.406250
3085.058594	14630.286133
3082.270508	14984.425781
3079.482422	15025.371094
3076.692383	15325.251953
3073.901367	15351.671875
3071.109375	15631.440430
3068.315430	15601.312500
3065.520508	15815.416016
3062.724609	16032.008789
3059.927734	16244.832031
3057.128906	16440.490234
3054.329102	16465.414063
3051.528320	16706.314453
3048.726563	16798.896484
3045.922852	16982.355469
3043.118164	17142.470703
3040.312500	17166.115234
3037.505859	17422.185547
3034.697266	17586.332031
3031.887695	17908.718750
3029.077148	17861.699219
3026.264648	18082.320313
3023.452148	18141.894531
3020.637695	18341.755859
3017.821289	18451.759766
3015.004883	18663.722656
3012.186523	18826.703125
3009.367188	19108.353516
3006.545898	19147.785156
3003.724609	19395.369141
3000.901367	19472.707031
2998.077148	19847.376953
2995.250977	20102.267578
2992.423828	20172.099609
2989.595703	20227.718750
2986.766602	20721.537109
2983.935547	20685.001953
2981.104492	20900.089844
2978.270508	21058.505859
2975.436523	21185.906250
2972.600586	21301.726563
2969.763672	21440.351563
2966.925781	21392.107422
2964.085938	21659.982422
2961.245117	21911.771484
2958.403320	22186.203125
2955.560547	22295.960938
2952.715820	22453.953125
2949.870117	22812.095703
2947.023438	22926.679688
2944.174805	23178.955078
2941.325195	23133.583984
2938.474609	23546.013672
2935.622070	23516.283203
2932.768555	23572.439453
2929.914063	24062.923828
2927.058594	24118.771484
2924.201172	24372.314453
2921.342773	24516.296875
2918.483398	24572.720703
2915.622070	24856.287109
2912.759766	25165.794922
2909.896484	25244.533203
2907.032227	25431.406250
2904.166016	25468.072266
2901.298828	25857.814453
2898.429688	26199.271484
2895.559570	26217.228516
2892.688477	26272.605469
2889.816406	26753.523438
2886.942383	26661.572266
2884.067383	26881.871094
2881.191406	27253.203125
2878.314453	27243.664063
2875.435547	27385.228516
2872.554688	27813.972656
2869.673828	27802.435547
2866.791016	28135.199219
2863.907227	28318.554688
2861.021484	28748.685547
2858.134766	28906.470703
2855.247070	29012.166016
2852.358398	29006.132813
2849.467773	29401.419922
2846.576172	29741.015625
2843.682617	29737.230469
2840.789063	30088.447266
2837.893555	30061.179688
2834.996094	30474.919922
2832.097656	30552.722656
2829.198242	30977.062500
2826.297852	30992.501953
2823.395508	31268.937500
2820.492188	31299.712891
2817.587891	31623.082031
2814.681641	31390.402344
2811.774414	31613.673828
2808.866211	31975.976563
2805.956055	31955.628906
2803.044922	32406.746094
2800.131836	32660.023438
2797.218750	32920.785156
2794.303711	32834.832031
2791.386719	32856.957031
2788.468750	33340.882813
2785.549805	33212.003906
2782.629883	33471.886719
2779.708008	33602.312500
2776.785156	33987.492188
2773.860352	34024.367188
2770.935547	34086.832031
2768.007813	34310.664063
2765.080078	34093.750000
2762.150391	34290.902344
2759.219727	34621.785156
2756.287109	34858.570313
2753.353516	34892.308594
2750.418945	35351.921875
2747.482422	35140.167969
2744.544922	35251.144531
2741.606445	35269.289063
2738.666016	35455.765625
2735.724609	35486.527344
2732.782227	35501.109375
2729.837891	35717.765625
2726.892578	35760.214844
2723.945313	36136.035156
2720.997070	35895.003906
2718.047852	35910.160156
2715.097656	35871.917969
2712.145508	35952.257813
2709.191406	36255.136719
2706.237305	36391.046875
2703.281250	36234.214844
2700.323242	36215.296875
2697.364258	36451.558594
2694.404297	36401.289063
2691.443359	36264.101563
2688.480469	36220.691406
2685.515625	36306.347656
2682.550781	36405.406250
2679.583984	36652.671875
2676.615234	36755.671875
2673.646484	36440.148438
2670.674805	36473.285156
2667.703125	36488.714844
2664.729492	36385.574219
2661.754883	36291.761719
2658.778320	36305.539063
2655.800781	36123.664063
2652.821289	35823.617188
2649.840820	36005.320313
2646.859375	35978.070313
2643.876953	36032.128906
2640.892578	35886.757813
2637.906250	36019.492188
2634.918945	36039.945313
2631.930664	35376.910156
2628.941406	35507.152344
2625.950195	35353.933594
2622.957031	35328.660156
2619.963867	35210.710938
2616.967773	35280.652344
2613.971680	35171.152344
2610.973633	34879.121094
2607.974609	34704.035156
2604.973633	34624.070313
2601.971680	34524.183594
2598.967773	34401.074219
2595.962891	34096.687500
2592.957031	34022.093750
2589.949219	33917.632813
2586.940430	33432.722656
2583.929688	33613.457031
2580.917969	33435.414063
2577.905273	33289.882813
2574.890625	33212.476563
2571.875000	32904.683594
2568.857422	32907.875000
2565.838867	32219.507813
2562.819336	32465.542969
2559.797852	32146.197266
2556.775391	31954.501953
2553.750977	31719.984375
2550.725586	31392.296875
2547.698242	31192.093750
2544.669922	30976.376953
2541.640625	31065.337891
2538.609375	30519.937500
2535.577148	30263.574219
2532.542969	30178.837891
2529.507813	30181.476563
2526.471680	29726.355469
2523.433594	29419.765625
2520.393555	29207.216797
2517.353516	29030.207031
2514.310547	29130.287109
2511.267578	28683.214844
2508.222656	28803.869141
2505.175781	28317.125000
2502.127930	28327.082031
2499.079102	27655.693359
2496.028320	27375.818359
2492.976563	27241.179688
2489.922852	27085.367188
2486.868164	26902.683594
2483.812500	26778.236328
2480.754883	26137.972656
2477.695313	26155.359375
2474.634766	25868.843750
2471.573242	25558.904297
2468.509766	25401.859375
2465.445313	25227.818359
2462.378906	25019.683594
2459.311523	24794.617188
2456.242188	24624.332031
2453.171875	24116.281250
2450.100586	23924.474609
2447.027344	23603.490234
2443.953125	23481.195313
2440.876953	23025.781250
2437.799805	22981.837891
2434.720703	22671.595703
2431.640625	22447.662109
2428.558594	22338.312500
2425.475586	22069.316406
2422.390625	21833.792969
2419.304688	21623.593750
2416.217773	21369.044922
2413.128906	21041.072266
2410.038086	20792.677734
2406.946289	20812.158203
2403.853516	20294.132813
2400.758789	20189.400391
2397.663086	19926.488281
2394.565430	19550.818359
2391.466797	19386.050781
2388.366211	19248.039063
2385.264648	18888.500000
2382.161133	18808.033203
2379.056641	18522.296875
2375.950195	18363.183594
2372.842773	18128.589844
2369.734375	17854.806641
2366.624023	17714.693359
2363.511719	17569.080078
2360.398438	17246.935547
2357.284180	17226.875000
2354.167969	17023.109375
2351.049805	16724.904297
2347.930664	16504.718750
2344.810547	16386.478516
2341.688477	16096.976563
2338.564453	16087.876953
2335.439453	15893.175781
2332.313477	15697.051758
2329.185547	15530.677734
2326.056641	15261.395508
2322.925781	15069.816406
2319.792969	14808.172852
2316.660156	14618.569336
2313.524414	14472.995117
2310.387695	14221.544922
2307.250000	14129.659180
2304.110352	13923.983398
2300.969727	13695.414063
2297.827148	13642.869141
2294.682617	13548.224609
2291.537109	13301.061523
2288.390625	13177.261719
2285.242188	12857.440430
2282.092773	12727.605469
2278.941406	12520.936523
2275.788086	12506.348633
2272.633789	12248.450195
2269.478516	12107.243164
2266.321289	11932.907227
2263.162109	11657.423828
2260.001953	11780.112305
2256.840820	11478.065430
2253.676758	11224.509766
2250.512695	11181.321289
2247.346680	11071.842773
2244.178711	10884.329102
2241.009766	10725.386719
2237.838867	10516.126953
2234.666992	10426.853516
2231.493164	10312.453125
2228.318359	10120.993164
2225.141602	10013.132813
2221.963867	9953.355469
2218.784180	9768.614258
2215.602539	9590.330078
2212.419922	9452.272461
2209.236328	9466.663086
2206.050781	9254.232422
2202.863281	9075.728516
2199.674805	9015.781250
2196.485352	8911.216797
2193.292969	8809.881836
2190.100586	8656.964844
2186.905273	8583.229492
2183.709961	8529.115234
2180.511719	8310.082031
2177.312500	8123.293457
2174.112305	8156.946289
2170.910156	7976.646484
2167.706055	7771.542480
2164.500977	7808.425293
2161.294922	7612.165039
2158.085938	7530.637207
2154.876953	7564.458008
2151.665039	7292.289551
2148.452148	7270.159180
2145.238281	7217.714355
2142.022461	7107.011230
2138.804688	6956.004883
2135.585938	6819.119141
2132.365234	6763.095703
2129.143555	6600.820801
2125.919922	6605.442383
2122.695313	6444.941895
2119.468750	6444.204590
2116.240234	6254.499023
2113.010742	6256.944824
2109.780273	6125.532715
2106.546875	6080.084961
2103.312500	5967.429199
2100.077148	5900.462402
2096.839844	5777.183105
2093.600586	5679.490723
2090.360352	5667.527344
2087.119141	5566.120605
2083.875000	5504.888672
2080.629883	5372.835938
2077.383789	5351.792480
2074.135742	5281.508301
2070.885742	5129.742188
2067.634766	5113.453125
2064.381836	5032.617188
2061.127930	4959.538574
2057.871094	4834.314941
2054.614258	4871.913086
2051.355469	4766.024902
2048.094727	4720.808594
2044.832031	4617.389160
2041.568359	4551.601563
2038.303711	4429.217773
2035.037109	4424.801270
2031.768555	4363.019531
2028.498047	4360.929688
2025.226563	4242.685547
2021.954102	4140.592773
2018.678711	4079.059082
2015.403320	4035.133545
2012.125000	3936.333496
2008.845703	3934.444336
2005.564453	3801.495361
2002.282227	3799.669678
1998.998047	3704.972656
1995.712891	3636.995605
1992.424805	3633.726318
1989.136719	3522.517822
1985.845703	3485.113770
1982.553711	3451.541260
1979.260742	3412.686523
1975.964844	3307.862549
1972.667969	3297.169434
1969.370117	3287.243408
1966.070313	3175.051270
1962.768555	3099.312744
1959.465820	3015.320557
1956.161133	2994.953613
1952.854492	2957.214355
1949.546875	2945.961914
1946.237305	2878.064453
1942.925781	2873.654053
1939.613281	2867.737549
1936.298828	2787.904053
1932.982422	2773.739258
1929.665039	2658.607910
1926.346680	2657.321777
1923.025391	2593.549561
1919.703125	2546.392822
1916.378906	2545.159424
1913.053711	2504.835449
1909.726563	2471.312012
1906.397461	2370.228027
1903.067383	2434.385986
1899.735352	2362.677246
1896.401367	2287.287842
1893.066406	2264.440186
1889.729492	2263.340576
1886.390625	2218.059814
1883.050781	2185.546143
1879.708984	2100.695313
1876.365234	2137.809082
1873.020508	2112.105713
1869.673828	2070.739014
1866.326172	2009.252075
1862.975586	2019.468262
1859.624023	1969.999390
1856.271484	1951.145996
1852.916016	1874.929688
1849.559570	1874.760498
1846.202148	1864.167969
1842.841797	1809.682495
1839.480469	1830.368042
1836.118164	1754.392456
1832.752930	1721.585693
1829.386719	1708.119507
1826.018555	1701.346436
1822.649414	1633.740601
1819.278320	1658.896729
1815.905273	1579.517090
1812.531250	1552.073608
1809.154297	1513.549194
1805.777344	1538.712280
1802.397461	1500.970581
1799.016602	1472.877441
1795.633789	1468.460327
1792.249023	1464.785522
1788.863281	1398.357544
1785.475586	1359.298096
1782.085938	1332.077881
1778.694336	1324.788696
1775.301758	1319.716797
1771.907227	1273.405396
1768.510742	1265.418091
1765.113281	1244.929932
1761.713867	1224.461426
1758.312500	1204.012573
1754.910156	1160.073242
1751.505859	1171.251221
1748.099609	1121.498657
1744.691406	1163.494995
1741.282227	1121.859863
1737.871094	1127.902588
1734.458008	1092.917847
1731.042969	1057.234985
1727.626953	1060.372070
1724.208984	1040.831055
1720.790039	1018.384705
1717.368164	997.421509
1713.945313	989.624939
1710.520508	962.125916
1707.093750	982.079529
1703.666016	934.191162
1700.236328	911.861450
1696.804688	887.367859
1693.371094	881.102783
1689.936523	891.583435
1686.500000	859.860474
1683.061523	846.346191
1679.622070	837.932129
1676.179688	830.252380
1672.736328	802.977417
1669.291016	798.950317
1665.844727	768.090759
1662.396484	776.408203
1658.945313	767.327209
1655.494141	724.940979
1652.040039	720.237061
1648.584961	740.859924
1645.126953	689.148315
1641.668945	712.656555
1638.208008	681.959961
1634.745117	659.236267
1631.281250	645.195251
1627.815430	652.808044
1624.347656	641.667603
1620.878906	616.125671
1617.408203	598.531799
1613.935547	624.868835
1610.460938	608.007202
1606.984375	585.408691
1603.506836	587.991089
1600.027344	574.046204
1596.545898	568.732117
1593.062500	555.528015
1589.577148	519.380859
1586.090820	527.007751
1582.602539	520.293579
1579.112305	510.004425
1575.620117	501.873169
1572.126953	483.731750
1568.630859	459.886566
1565.133789	476.097321
1561.634766	450.850494
1558.133789	456.336975
1554.631836	451.824768
1551.127930	438.755798
1547.621094	437.821869
1544.114258	416.220245
1540.604492	414.585876
1537.092773	402.985138
1533.580078	409.898254
1530.065430	394.043610
1526.548828	375.361115
1523.030273	388.672150
1519.509766	374.982208
1515.988281	359.176422
1512.463867	367.508636
1508.938477	347.467560
1505.411133	345.165558
1501.882813	347.824524
1498.351563	341.984131
1494.818359	326.241943
1491.284180	313.344849
1487.748047	323.790558
1484.209961	307.374420
1480.669922	317.106018
1477.128906	301.415527
1473.584961	306.201263
1470.040039	296.173340
1466.493164	278.402496
1462.944336	263.467377
1459.393555	273.190857
1455.840820	275.163116
1452.287109	263.768982
1448.730469	256.604462
1445.172852	248.744446
1441.613281	255.640823
1438.051758	271.655426
1434.488281	237.840408
1430.922852	231.407974
1427.356445	231.990768
1423.787109	240.979111
1420.216797	212.849533
1416.644531	216.939621
1413.070313	193.746964
1409.494141	215.319687
1405.916016	200.536163
1402.336914	211.607529
1398.754883	187.766617
1395.171875	194.647034
1391.585938	183.390472
1387.999023	182.599518
1384.410156	179.719513
1380.819336	170.576324
1377.226563	170.488770
1373.632813	168.314682
1370.036133	166.837906
1366.438477	163.278168
1362.837891	154.860901
1359.236328	154.781250
1355.632813	154.701599
1352.027344	158.782196
1348.419922	154.542328
1344.810547	146.150803
1341.199219	137.075562
1337.585938	141.848480
1333.970703	130.709915
1330.354492	143.775818
1326.735352	139.556351
1323.115234	118.768768
1319.493164	133.200729
1315.869141	117.266411
1312.242188	116.516312
1308.614258	124.035995
1304.984375	121.216858
1301.353516	121.154076
1297.719727	116.275169
1294.083984	118.277885
1290.446289	109.281570
1286.807617	110.598770
1283.166016	99.555885
1279.523438	94.700539
1275.877930	104.939529
1272.231445	104.884987
1268.582031	89.071625
1264.931641	93.134148
1261.279297	93.085678
1257.625000	93.721313
1253.968750	79.997673
1250.310547	98.407364
1246.650391	88.110641
1242.988281	94.208725
1239.324219	88.018723
1235.658203	77.743378
1231.990234	76.339569
1228.320313	79.705910
1224.648438	68.769989
1220.975586	79.622581
1217.299805	64.616982
1213.622070	84.977837
1209.943359	73.382401
1206.261719	73.343948
1202.578125	70.590485
1198.893555	64.447876
1195.206055	69.160362
1191.517578	63.024876
1187.826172	64.346443
1184.133789	70.405411
1180.438477	57.512634
1176.742188	55.453598
1173.042969	58.128052
1169.342773	56.746353
1165.639648	60.092449
1161.935547	56.011745
1158.228516	51.260830
1154.520508	55.278572
1150.809570	54.575634
1147.097656	49.159485
1143.382813	54.518021
1139.666992	43.053207
1135.948242	40.341045
1132.227539	41.663704
1128.505859	45.671497
1124.781250	44.304752
1121.055664	46.965004
1117.327148	37.552097
1113.596680	40.883282
1109.865234	43.541046
1106.130859	45.526466
1102.394531	39.479935
1098.657227	39.458969
1094.916992	37.432678
1091.174805	34.072353
1087.430664	42.734722
1083.684570	40.709858
1079.936523	42.689243
1076.186523	33.333206
1072.434570	34.648064
1068.680664	30.633869
1064.924805	37.939114
1061.166992	28.605459
1057.406250	32.579517
1053.644531	28.574915
1049.880859	37.858131
1046.114258	27.880550
1042.346680	29.856039
1038.576172	29.840059
1034.803711	33.137867
1031.030273	33.120113
1027.253906	30.454172
1023.475586	23.159227
1019.695313	24.469475
1015.913086	27.761251
1012.128906	24.443207
1008.342773	18.487621
1004.553711	22.437187
