4046.277344	181.333221
4043.892578	181.333221
4041.505859	194.882568
4039.119141	201.089767
4036.731445	190.541153
4034.342773	185.233383
4031.952148	209.220627
4029.561523	200.772476
4027.169922	179.787613
4024.777344	193.299789
4022.383789	203.667862
4019.989258	199.411163
4017.593750	211.855743
4015.197266	194.037308
4012.799805	212.730835
4010.401367	212.646561
4008.001953	212.562302
4005.601563	212.478043
4003.201172	198.858887
4000.798828	210.228058
3998.395508	217.426865
3995.991211	228.779526
3993.585938	218.293716
3991.180664	237.949539
3988.773438	225.390945
3986.365234	212.842270
3983.957031	223.136047
3981.546875	229.271835
3979.135742	222.958481
3976.724609	233.235748
3974.311523	243.504745
3971.898438	248.586609
3969.483398	250.558258
3967.068359	242.178726
3964.651367	229.667664
3962.234375	247.156158
3959.815430	262.563202
3957.396484	273.824677
3954.975586	258.221954
3952.554688	261.216217
3950.131836	261.111786
3947.708984	274.418823
3945.284180	270.184113
3942.859375	284.507538
3940.432617	272.028687
3938.005859	279.129761
3935.577148	270.781250
3933.148438	290.227051
3930.718750	295.254517
3928.287109	297.192810
3925.855469	284.738342
3923.421875	286.679138
3920.988281	296.835175
3918.552734	313.143158
3916.117188	321.227661
3913.680664	326.227936
3911.242188	321.994965
3908.803711	312.640045
3906.363281	322.760651
3903.922852	307.267395
3901.480469	339.905731
3899.038086	314.183838
3896.593750	333.494049
3894.149414	320.066193
3891.703125	353.668579
3889.256836	317.764679
3886.808594	323.764557
3884.360352	366.512848
3881.910156	347.995636
3879.459961	350.915436
3877.007813	346.694946
3874.555664	362.863342
3872.101563	359.660095
3869.646484	372.754608
3867.191406	376.676025
3864.734375	393.823364
3862.277344	383.491791
3859.818359	404.689484
3857.358398	408.591187
3854.897461	405.377716
3852.436523	413.338043
3849.973633	398.958221
3847.509766	405.899689
3845.044922	405.735046
3842.579102	421.793243
3840.113281	434.797699
3837.645508	449.817719
3835.176758	435.457336
3832.707031	462.611969
3830.236328	465.459564
3827.764648	449.087006
3825.291992	458.003784
3822.818359	482.072693
3820.343750	481.876526
3817.868164	475.621490
3815.390625	492.587616
3812.913086	488.351013
3810.434570	480.083405
3807.955078	533.320618
3805.473633	517.986816
3802.992188	514.753479
3800.509766	527.633606
3798.025391	529.431335
3795.541016	542.294678
3793.054688	541.067505
3790.568359	530.793579
3788.080078	559.718201
3785.591797	558.484924
3783.101563	587.374268
3780.610352	591.148621
3778.119141	571.845276
3775.625977	596.681885
3773.131836	576.389282
3770.636719	612.225464
3768.140625	619.987427
3765.643555	629.745239
3763.145508	598.463074
3760.646484	669.243530
3758.146484	644.970154
3755.645508	684.687317
3753.143555	670.418457
3750.639648	654.163635
3748.135742	684.842712
3745.630859	654.624329
3743.124023	699.242493
3740.617188	684.995911
3738.108398	723.584534
3735.599609	720.298157
3733.088867	730.956238
3730.577148	717.714661
3728.064453	724.384460
3725.551758	748.951782
3723.037109	739.695313
3720.521484	753.303833
3718.004883	752.000000
3715.487305	768.570679
3712.967773	798.031006
3710.448242	782.819336
3707.927734	809.273743
3705.406250	782.173340
3702.882813	803.651062
3700.359375	831.053955
3697.833984	823.779785
3695.308594	800.676025
3692.781250	832.992004
3690.252930	859.347717
3687.723633	880.738892
3685.193359	861.601135
3682.662109	835.565247
3680.129883	880.633179
3677.596680	931.584595
3675.062500	941.063110
3672.527344	931.798950
3669.990234	940.283325
3667.453125	931.026611
3664.915039	949.351807
3662.375000	942.067261
3659.833984	963.324097
3657.292969	952.104919
3654.750000	985.137451
3652.206055	995.538757
3649.661133	1000.036987
3647.115234	1051.664551
3644.568359	1044.356689
3642.019531	994.866028
3639.470703	1047.411255
3636.920898	1041.093628
3634.369141	1066.138062
3631.817383	1066.673706
3629.263672	1054.480591
3626.708984	1074.593750
3624.153320	1125.994629
3621.596680	1115.746826
3619.039063	1121.146484
3616.480469	1094.298706
3613.920898	1150.487671
3611.360352	1179.294922
3608.797852	1150.503662
3606.235352	1200.745483
3603.670898	1196.344116
3601.105469	1213.387451
3598.540039	1249.900146
3595.972656	1265.932373
3593.404297	1273.190430
3590.834961	1322.280029
3588.264648	1336.315674
3585.692383	1310.480347
3583.120117	1358.520020
3580.545898	1361.836792
3577.971680	1371.947021
3575.395508	1364.578735
3572.818359	1363.036987
3570.240234	1388.648438
3567.661133	1416.176758
3565.081055	1428.178955
3562.500000	1473.099854
3559.917969	1505.397339
3557.333984	1485.411865
3554.750000	1582.484619
3552.164063	1573.118286
3549.577148	1531.865723
3546.989258	1595.949097
3544.400391	1580.793579
3541.810547	1619.704834
3539.219727	1666.301758
3536.626953	1663.672241
3534.034180	1710.210571
3531.439453	1689.254761
3528.844727	1719.367310
3526.248047	1727.308960
3523.650391	1792.988647
3521.051758	1763.373047
3518.451172	1821.288452
3515.850586	1854.163086
3513.249023	1859.146484
3510.645508	1889.095215
3508.041016	1833.579224
3505.436523	1928.764160
3502.830078	1889.583130
3500.222656	1961.652588
3497.613281	1969.449707
3495.003906	1987.777466
3492.393555	1989.810547
3489.781250	2065.542236
3487.167969	2137.382568
3484.553711	2112.570313
3481.938477	2108.809326
3479.322266	2187.227051
3476.705078	2171.019775
3474.086914	2193.969238
3471.466797	2272.249756
3468.845703	2234.084717
3466.224609	2255.069580
3463.601563	2308.441895
3460.977539	2316.990967
3458.351563	2367.433594
3455.725586	2427.351807
3453.098633	2441.546387
3450.469727	2480.457031
3447.839844	2553.558594
3445.208984	2506.861084
3442.577148	2569.439453
3439.944336	2605.378174
3437.310547	2607.119141
3434.674805	2627.831055
3432.039063	2704.472900
3429.401367	2789.579590
3426.762695	2738.178223
3424.123047	2776.790527
3421.481445	2827.675781
3418.839844	2772.536133
3416.197266	2864.050049
3413.552734	2970.612549
3410.907227	2915.479980
3408.260742	3015.315674
3405.613281	3048.968506
3402.963867	3069.377686
3400.314453	3097.316406
3397.663086	3145.033936
3395.011719	3183.283691
3392.358398	3236.575684
3389.704102	3298.297607
3387.047852	3221.575684
3384.391602	3313.362549
3381.733398	3320.413574
3379.075195	3378.229980
3376.415039	3399.342773
3373.753906	3466.468262
3371.090820	3598.327637
3368.427734	3598.666748
3365.762695	3543.649658
3363.097656	3595.589844
3360.430664	3669.044922
3357.762695	3686.215332
3355.092773	3713.672607
3352.422852	3730.807129
3349.750977	3778.807617
3347.079102	3852.021973
3344.405273	3904.602295
3341.729492	3989.847900
3339.053711	4009.624512
3336.376953	4041.522705
3333.698242	4106.061523
3331.018555	4154.682617
3328.337891	4159.428223
3325.656250	4285.355469
3322.973633	4386.946777
3320.289063	4334.767090
3317.604492	4385.973145
3314.917969	4517.165527
3312.230469	4613.826660
3309.541016	4644.387207
3306.851563	4676.778809
3304.160156	4671.051758
3301.467773	4838.049316
3298.774414	4874.953125
3296.080078	4845.020996
3293.384766	4980.192383
3290.687500	4904.814453
3287.990234	5003.703125
3285.291016	5074.718750
3282.589844	5212.330566
3279.888672	5311.879883
3277.186523	5260.564453
3274.482422	5368.326172
3271.777344	5382.646973
3269.071289	5483.792969
3266.364258	5611.629395
3263.655273	5601.823730
3260.945313	5763.632813
3258.234375	5741.777832
3255.522461	5825.949707
3252.809570	5980.997559
3250.095703	6023.543945
3247.379883	6071.575684
3244.663086	6073.552246
3241.945313	6012.056641
3239.226563	6284.369141
3236.505859	6380.907227
3233.784180	6442.451660
3231.061523	6522.305664
3228.337891	6600.252930
3225.613281	6580.880859
3222.886719	6611.961914
3220.160156	6790.595703
3217.431641	6891.190918
3214.702148	6955.978027
3211.970703	6978.595703
3209.239258	7119.235840
3206.505859	7101.513184
3203.771484	7356.258301
3201.035156	7415.209961
3198.298828	7423.866699
3195.560547	7562.172363
3192.821289	7583.531250
3190.081055	7776.380371
3187.339844	7817.685059
3184.596680	7850.748047
3181.853516	8009.512695
3179.108398	8092.547852
3176.361328	8193.714844
3173.614258	8252.025391
3170.865234	8299.368164
3168.115234	8424.852539
3165.364258	8507.515625
3162.612305	8527.427734
3159.858398	8584.546875
3157.104492	8682.452148
3154.347656	8768.477539
3151.590820	8916.991211
3148.833008	9053.589844
3146.073242	9132.991211
3143.312500	9119.046875
3140.550781	9264.422852
3137.787109	9408.764648
3135.023438	9344.969727
3132.257813	9554.232422
3129.491211	9595.240234
3126.722656	9732.852539
3123.954102	9758.394531
3121.183594	9933.709961
3118.412109	10054.749023
3115.638672	10072.895508
3112.865234	10173.934570
3110.089844	10241.552734
3107.313477	10341.524414
3104.536133	10370.301758
3101.756836	10522.302734
3098.976563	10631.003906
3096.195313	10700.055664
3093.413086	10819.359375
3090.628906	10908.918945
3087.844727	11098.936523
3085.058594	11099.457031
3082.270508	11288.321289
3079.482422	11412.468750
3076.692383	11613.569336
3073.901367	11791.201172
3071.109375	11860.340820
3068.315430	11976.846680
3065.520508	12121.872070
3062.724609	12140.692383
3059.927734	12386.505859
3057.128906	12433.773438
3054.329102	12630.122070
3051.528320	12758.458008
3048.726563	12804.597656
3045.922852	12923.819336
3043.118164	13171.292969
3040.312500	13124.513672
3037.505859	13354.752930
3034.697266	13412.972656
3031.887695	13468.466797
3029.077148	13851.222656
3026.264648	13894.910156
3023.452148	13858.576172
3020.637695	14000.810547
3017.821289	14105.625977
3015.004883	14330.154297
3012.186523	14363.755859
3009.367188	14650.919922
3006.545898	14796.016602
3003.724609	15005.653320
3000.901367	15116.806641
2998.077148	15212.810547
2995.250977	15521.063477
2992.423828	15275.434570
2989.595703	15648.792969
2986.766602	15795.621094
2983.935547	15866.362305
2981.104492	16259.253906
2978.270508	16237.065430
2975.436523	16414.226563
2972.600586	16429.007813
2969.763672	16689.634766
2966.925781	16681.369141
2964.085938	16961.013672
2961.245117	17081.994141
2958.403320	17125.451172
2955.560547	17349.119141
2952.715820	17618.285156
2949.870117	17697.449219
2947.023438	17773.027344
2944.174805	17807.279297
2941.325195	18006.435547
2938.474609	18231.716797
2935.622070	18419.101563
2932.768555	18291.771484
2929.914063	18647.976563
2927.058594	18661.583984
2924.201172	18768.798828
2921.342773	19033.343750
2918.483398	19204.103516
2915.622070	19317.908203
2912.759766	19603.675781
2909.896484	19746.001953
2907.032227	19798.308594
2904.166016	19964.832031
2901.298828	20036.166016
2898.429688	20273.017578
2895.559570	20279.675781
2892.688477	20307.218750
2889.816406	20695.923828
2886.942383	20781.533203
2884.067383	20807.058594
2881.191406	21174.144531
2878.314453	21089.123047
2875.435547	21353.269531
2872.554688	21429.683594
2869.673828	21558.080078
2866.791016	21897.097656
2863.907227	21782.437500
2861.021484	22048.253906
2858.134766	22209.031250
2855.247070	22273.566406
2852.358398	22485.138672
2849.467773	22686.136719
2846.576172	22950.060547
2843.682617	23019.304688
2840.789063	23058.250000
2837.893555	23218.027344
2834.996094	23095.455078
2832.097656	23569.910156
2829.198242	23686.111328
2826.297852	23672.925781
2823.395508	23865.630859
2820.492188	23780.894531
2817.587891	24233.289063
2814.681641	23904.125000
2811.774414	24461.814453
2808.866211	24247.144531
2805.956055	24499.171875
2803.044922	24814.513672
2800.131836	24745.875000
2797.218750	25090.837891
2794.303711	24993.820313
2791.386719	25095.755859
2788.468750	25369.814453
2785.549805	25360.992188
2782.629883	25561.904297
2779.708008	25558.978516
2776.785156	25576.576172
2773.860352	25824.972656
2770.935547	25932.142578
2768.007813	26128.037109
2765.080078	26186.294922
2762.150391	26005.546875
2759.219727	26132.029297
2756.287109	26109.185547
2753.353516	26465.589844
2750.418945	26593.375000
2747.482422	26734.658203
2744.544922	26596.656250
2741.606445	26884.964844
2738.666016	26789.517578
2735.724609	26996.718750
2732.782227	26901.292969
2729.837891	27102.296875
2726.892578	27000.101563
2723.945313	27336.603516
2720.997070	27192.824219
2718.047852	27276.330078
2715.097656	27415.667969
2712.145508	27472.728516
2709.191406	27711.718750
2706.237305	27309.996094
2703.281250	27546.289063
2700.323242	27570.185547
2697.364258	27539.974609
2694.404297	27931.216797
2691.443359	27605.390625
2688.480469	27626.652344
2685.515625	27801.384766
2682.550781	27707.023438
2679.583984	28088.835938
2676.615234	27834.382813
2673.646484	27752.738281
2670.674805	27926.974609
2667.703125	27721.699219
2664.729492	27669.615234
2661.754883	27636.058594
2658.778320	27532.804688
2655.800781	27364.988281
2652.821289	27540.552734
2649.840820	27264.656250
2646.859375	27614.490234
2643.876953	27269.234375
2640.892578	27362.394531
2637.906250	27280.464844
2634.918945	27146.712891
2631.930664	27077.486328
2628.941406	26984.064453
2625.950195	26823.857422
2622.957031	26930.283203
2619.963867	26873.771484
2616.967773	26719.650391
2613.971680	26674.949219
2610.973633	26610.265625
2607.974609	26257.240234
2604.973633	26223.615234
2601.971680	26144.212891
2598.967773	26073.197266
2595.962891	25858.304688
2592.957031	25780.814453
2589.949219	25780.691406
2586.940430	25525.488281
2583.929688	25507.195313
2580.917969	25312.931641
2577.905273	25176.916016
2574.890625	25096.582031
2571.875000	24819.849609
2568.857422	24759.623047
2565.838867	24604.199219
2562.819336	24847.919922
2559.797852	24388.910156
2556.775391	24068.431641
2553.750977	23821.814453
2550.725586	23911.722656
2547.698242	23619.134766
2544.669922	23455.593750
2541.640625	23326.027344
2538.609375	23114.916016
2535.577148	22927.076172
2532.542969	22922.335938
2529.507813	22775.923828
2526.471680	22623.875000
2523.433594	22151.025391
2520.393555	22250.257813
2517.353516	21989.291016
2514.310547	21929.070313
2511.267578	21495.982422
2508.222656	21674.945313
2505.175781	21376.943359
2502.127930	21280.173828
2499.079102	20971.132813
2496.028320	20798.410156
2492.976563	20607.818359
2489.922852	20338.792969
2486.868164	20217.318359
2483.812500	20003.513672
2480.754883	19744.111328
2477.695313	19685.167969
2474.634766	19565.007813
2471.573242	19302.064453
2468.509766	19146.269531
2465.445313	18993.056641
2462.378906	18937.826172
2459.311523	18513.445313
2456.242188	18396.562500
2453.171875	18256.982422
2450.100586	18008.464844
2447.027344	17799.220703
2443.953125	17564.142578
2440.876953	17204.113281
2437.799805	17231.910156
2434.720703	17213.392578
2431.640625	16884.037109
2428.558594	16746.433594
2425.475586	16635.708984
2422.390625	16544.535156
2419.304688	16257.390625
2416.217773	16140.551758
2413.128906	15867.608398
2410.038086	15754.283203
2406.946289	15518.148438
2403.853516	15316.981445
2400.758789	15238.791992
2397.663086	15036.315430
2394.565430	14760.573242
2391.466797	14728.719727
2388.366211	14464.655273
2385.264648	14202.443359
2382.161133	14196.657227
2379.056641	13997.612305
2375.950195	13834.966797
2372.842773	13518.808594
2369.734375	13479.558594
2366.624023	13235.382813
2363.511719	13226.016602
2360.398438	13131.536133
2357.284180	12881.428711
2354.167969	12638.770508
2351.049805	12602.416992
2347.930664	12393.768555
2344.810547	12202.133789
2341.688477	12018.680664
2338.564453	12028.289063
2335.439453	11858.680664
2332.313477	11689.225586
2329.185547	11652.604492
2326.056641	11381.934570
2322.925781	11314.339844
2319.792969	11099.145508
2316.660156	11014.985352
2313.524414	10867.105469
2310.387695	10602.196289
2307.250000	10711.963867
2304.110352	10436.218750
2300.969727	10390.749023
2297.827148	10281.674805
2294.682617	10097.157227
2291.537109	9970.828125
2288.390625	9861.297852
2285.242188	9656.579102
2282.092773	9551.259766
2278.941406	9480.148438
2275.788086	9359.938477
2272.633789	9198.623047
2269.478516	9024.780273
2266.321289	9007.879883
2263.162109	8855.653320
2260.001953	8615.753906
2256.840820	8618.038086
2253.676758	8537.329102
2250.512695	8423.514648
2247.346680	8335.071289
2244.178711	8238.027344
2241.009766	8056.662109
2237.838867	7929.082031
2234.666992	7829.203613
2231.493164	7689.241211
2228.318359	7606.886230
2225.141602	7537.985352
2221.963867	7348.790527
2218.784180	7404.301270
2215.602539	7231.846191
2212.419922	7094.114258
2209.236328	7037.380859
2206.050781	6922.624023
2202.863281	6884.845703
2199.674805	6702.051758
2196.485352	6580.554688
2193.292969	6532.018066
2190.100586	6444.377441
2186.905273	6384.207031
2183.709961	6275.595215
2180.511719	6282.012695
2177.312500	6139.162598
2174.112305	6104.235840
2170.910156	5979.557129
2167.706055	5839.386719
2164.500977	5753.945801
2161.294922	5763.696777
2158.085938	5573.170410
2154.876953	5621.937500
2151.665039	5465.129883
2148.452148	5531.795410
2145.238281	5317.620117
2142.022461	5273.119629
2138.804688	5199.909180
2135.585938	5188.122559
2132.365234	5064.558594
2129.143555	4935.678711
2125.919922	4889.128906
2122.695313	4852.698730
2119.468750	4840.320801
2116.240234	4741.213867
2113.010742	4636.006836
2109.780273	4505.365234
2106.546875	4507.089355
2103.312500	4515.767090
2100.077148	4426.312500
2096.839844	4434.244629
2093.600586	4243.794434
2090.360352	4238.687012
2087.119141	4148.757324
2083.875000	4122.115234
2080.629883	4021.537598
2077.383789	4021.929932
2074.135742	3874.542725
2070.885742	3852.691895
2067.634766	3804.716553
2064.381836	3796.751465
2061.127930	3761.905273
2057.871094	3708.662842
2054.614258	3581.792480
2051.355469	3568.573730
2048.094727	3517.795898
2044.832031	3445.606934
2041.568359	3374.251953
2038.303711	3387.184082
2035.037109	3358.777832
2031.768555	3232.489746
2028.498047	3235.528320
2025.226563	3151.447266
2021.954102	3123.203125
2018.678711	3058.340088
2015.403320	3029.402344
2012.125000	2981.423828
2008.845703	2925.866455
2005.564453	2857.407959
2002.282227	2828.617676
1998.998047	2793.763916
1995.712891	2703.398682
1992.424805	2698.296631
1989.136719	2633.146729
1985.845703	2562.739990
1982.553711	2604.793701
1979.260742	2564.828369
1975.964844	2492.277100
1972.667969	2479.701904
1969.370117	2459.558350
1966.070313	2414.432861
1962.768555	2361.777832
1959.465820	2306.901855
1956.161133	2254.347656
1952.854492	2232.088135
1949.546875	2210.605225
1946.237305	2107.559082
1942.925781	2196.389893
1939.613281	2085.147217
1936.298828	2044.915527
1932.982422	2037.895386
1929.665039	1995.463135
1926.346680	1959.850098
1923.025391	1947.608887
1919.703125	1980.527710
1916.378906	1906.613281
1913.053711	1889.902832
1909.726563	1844.655151
1906.397461	1859.532471
1903.067383	1836.110962
1899.735352	1745.935303
1896.401367	1772.835571
1893.066406	1729.999268
1889.729492	1712.676758
1886.390625	1676.649536
1883.050781	1622.693115
1879.708984	1639.859131
1876.365234	1610.647461
1873.020508	1593.421631
1869.673828	1561.271484
1866.326172	1479.126099
1862.975586	1477.659668
1859.624023	1453.070313
1856.271484	1435.214355
1852.916016	1399.490479
1849.559570	1409.980713
1846.202148	1387.703369
1842.841797	1372.888184
1839.480469	1367.011963
1836.118164	1319.511353
1832.752930	1301.777344
1829.386719	1303.369507
1826.018555	1290.113525
1822.649414	1241.999023
1819.278320	1248.807373
1815.905273	1231.889893
1812.531250	1157.943237
1809.154297	1135.161865
1805.777344	1150.888672
1802.397461	1102.980347
1799.016602	1104.658081
1795.633789	1093.031128
1792.249023	1064.425659
1788.863281	1087.529419
1785.475586	1027.222046
1782.085938	1012.703674
1778.694336	1017.366943
1775.301758	978.550476
1771.907227	983.961609
1768.510742	954.768616
1765.113281	966.071533
1761.713867	902.350891
1758.312500	916.607849
1754.910156	868.401917
1751.505859	869.442932
1748.099609	871.950500
1744.691406	842.176697
1741.282227	844.694519
1737.871094	813.497009
1734.458008	796.980286
1731.042969	805.372925
1727.626953	774.971680
1724.208984	808.966431
1720.790039	777.130615
1717.368164	756.286682
1713.945313	761.755554
1710.520508	732.179260
1707.093750	714.305969
1703.666016	697.908630
1700.236328	661.846680
1696.804688	665.890198
1693.371094	659.734802
1689.936523	694.343323
1686.500000	648.168945
1683.061523	660.935303
1679.622070	622.816833
1676.179688	609.432861
1672.736328	621.472595
1669.291016	597.217163
1665.844727	580.963867
1662.396484	571.250854
1658.945313	565.894775
1655.494141	548.232056
1652.040039	556.645508
1648.584961	544.792480
1645.126953	523.550232
1641.668945	502.328918
1638.208008	512.914795
1634.745117	491.719482
1631.281250	472.710175
1627.815430	490.507690
1624.347656	457.098053
1620.878906	453.266724
1617.408203	463.844147
1613.935547	469.371521
1610.460938	446.111786
1606.984375	440.854462
1603.506836	444.946808
1600.027344	413.830536
1596.545898	435.884338
1593.062500	411.980743
1589.577148	419.665466
1586.090820	370.697968
1582.602539	387.711884
1579.112305	374.624023
1575.620117	364.412903
1572.126953	377.110413
1568.630859	369.053619
1565.133789	378.876251
1561.634766	355.821808
1558.133789	330.647919
1554.631836	343.329712
1551.127930	345.297241
1547.621094	329.436005
1544.114258	307.176239
1540.604492	329.816589
1537.092773	313.274658
1533.580078	311.693481
1530.065430	308.691193
1526.548828	304.269989
1523.030273	282.799835
1519.509766	264.902191
1515.988281	270.447083
1512.463867	288.756775
1508.938477	273.719330
1505.411133	253.735657
1501.882813	252.190491
1498.351563	249.230682
1494.818359	251.227524
1491.284180	245.441666
1487.748047	225.522232
1484.209961	233.180603
1480.669922	233.062332
1477.128906	228.708740
1473.584961	225.770523
1470.040039	224.245544
1466.493164	217.788284
1462.944336	200.770599
1459.393555	203.484940
1455.840820	196.344025
1452.287109	198.354279
1448.730469	192.629105
1445.172852	196.747009
1441.613281	191.028305
1438.051758	169.872391
1434.488281	171.890564
1430.922852	176.010315
1427.356445	159.099411
1423.787109	175.130173
1420.216797	165.238449
1416.644531	157.456177
1413.070313	160.173477
1409.494141	162.188858
1405.916016	156.516022
1402.336914	162.721298
1398.754883	154.959808
1395.171875	147.206177
1391.585938	144.341537
1387.999023	137.995056
1384.410156	141.407227
1380.819336	133.676147
1377.226563	123.865318
1373.632813	123.801712
1370.036133	131.384857
1366.438477	116.031715
1362.837891	115.277618
1359.236328	111.747894
1355.632813	113.771576
1352.027344	126.887077
1348.419922	117.812538
1344.810547	110.825256
1341.199219	106.614326
1337.585938	109.327126
1333.970703	111.345482
1330.354492	105.758171
1326.735352	100.867455
1323.115234	102.886902
1319.493164	96.622299
1315.869141	94.502930
1312.242188	84.112366
1308.614258	93.027000
1304.984375	95.733765
1301.353516	86.735306
1297.719727	88.066399
1294.083984	88.020752
1290.446289	76.978218
1286.807617	85.181664
1283.166016	85.137451
1279.523438	84.407005
1275.877930	71.331444
1272.231445	72.665421
1268.582031	76.738632
1264.931641	73.274666
1261.279297	69.814262
1257.625000	75.250687
1253.968750	67.690338
1250.310547	59.454453
1246.650391	62.155567
1242.988281	58.027115
1239.324219	63.455360
1235.658203	66.150070
1231.990234	60.662693
1228.320313	57.224758
1224.648438	51.066822
1220.975586	63.970280
1217.299805	53.734123
1213.622070	50.986702
1209.943359	50.959999
1206.261719	57.045296
1202.578125	53.621620
1198.893555	48.844707
1195.206055	41.360607
1191.517578	44.049644
1187.826172	44.703842
1184.133789	41.972454
1180.438477	43.980251
1176.742188	55.453598
1173.042969	46.637623
1169.342773	44.586418
1165.639648	52.665291
1161.935547	44.539463
1158.228516	46.539436
1154.520508	41.121864
1150.809570	41.100166
1147.097656	39.058220
1143.382813	41.056782
1139.666992	40.362381
1135.948242	33.617538
1132.227539	30.239784
1128.505859	28.880507
1124.781250	32.892925
1121.055664	33.546432
1117.327148	36.210953
1113.596680	34.851322
1109.865234	34.162975
1106.130859	34.814358
1102.394531	38.810783
1098.657227	29.427027
1094.916992	32.753593
1091.174805	27.391499
1087.430664	25.373741
1083.684570	29.364487
1079.936523	24.012699
1076.186523	26.666567
1072.434570	29.317593
1068.680664	34.629589
1064.924805	27.289537
1061.166992	25.944487
1057.406250	21.941307
1053.644531	25.252251
1049.880859	27.895466
1046.114258	23.897615
1042.346680	21.894428
1038.576172	19.893372
1034.803711	23.859264
1031.030273	24.508884
1027.253906	25.819841
1023.475586	20.512459
1019.695313	17.194767
1015.913086	21.812412
1012.128906	18.497561
1008.342773	17.827351
1004.553711	13.858262
