4046.277344	228.500824
4043.892578	231.645325
4041.505859	206.407883
4039.119141	218.894592
4036.731445	247.075333
4034.342773	223.954483
4031.952148	238.511505
4029.561523	247.828522
4027.169922	221.598694
4024.777344	257.036469
4022.383789	237.090286
4019.989258	251.613037
4017.593750	246.295349
4015.197266	258.716400
4012.799805	249.228775
4010.401367	263.723450
4008.001953	253.199219
4005.601563	258.306641
4003.201172	291.520874
4000.798828	256.020294
3998.395508	261.120300
3995.991211	257.896912
3993.585938	280.663361
3991.180664	286.786346
3988.773438	287.711029
3986.365234	286.558380
3983.957031	298.898499
3981.546875	298.779572
3979.135742	289.327515
3976.724609	306.834564
3974.311523	292.205688
3971.898438	315.912140
3969.483398	321.998413
3967.068359	306.345734
3964.651367	310.361694
3962.234375	318.510864
3959.815430	341.125427
3957.396484	323.423096
3954.975586	352.214752
3952.554688	344.846680
3950.131836	350.901215
3947.708984	338.381104
3945.284180	340.308228
3942.859375	348.418640
3940.432617	357.552856
3938.005859	368.739685
3935.577148	361.384857
3933.148438	374.619293
3930.718750	359.037720
3928.287109	370.205566
3925.855469	374.168823
3923.421875	384.293915
3920.988281	367.705841
3918.552734	357.291199
3916.117188	392.041412
3913.680664	397.013245
3911.242188	417.362915
3908.803711	398.744171
3906.363281	421.125793
3903.922852	434.271271
3901.480469	385.977264
3899.038086	413.453644
3896.593750	414.310120
3894.149414	411.075439
3891.703125	425.220032
3889.256836	433.222595
3886.808594	442.239899
3884.360352	460.438141
3881.910156	457.190765
3879.459961	448.845337
3877.007813	473.136658
3874.555664	464.791260
3872.101563	455.433594
3869.646484	457.286377
3867.191406	448.957092
3864.734375	485.410187
3862.277344	480.127655
3859.818359	494.168579
3857.358398	502.099640
3854.897461	505.960175
3852.436523	491.537109
3849.973633	502.504639
3847.509766	518.536865
3845.044922	500.068451
3842.579102	534.338989
3840.113281	521.959961
3837.645508	532.892151
3835.176758	548.878784
3832.707031	550.680359
3830.236328	572.717651
3827.764648	560.347290
3825.291992	554.053162
3822.818359	569.997925
3820.343750	587.949951
3817.868164	545.298523
3815.390625	556.179871
3812.913086	605.393799
3810.434570	602.121399
3807.955078	609.941345
3805.473633	584.498718
3802.992188	628.583557
3800.509766	629.333984
3798.025391	631.090210
3795.541016	639.887573
3793.054688	630.574951
3790.568359	672.539612
3788.080078	690.352600
3785.591797	679.021240
3783.101563	663.682739
3780.610352	670.436829
3778.119141	684.207825
3775.625977	679.916504
3773.131836	721.739624
3770.636719	716.434082
3768.140625	684.089539
3765.643555	722.855408
3763.145508	749.580017
3760.646484	765.278503
3758.146484	753.965149
3755.645508	756.654419
3753.143555	804.302307
3750.639648	794.983582
3748.135742	816.620056
3745.630859	791.336975
3743.124023	792.009338
3740.617188	786.698364
3738.108398	807.305054
3735.599609	823.909485
3733.088867	857.429565
3730.577148	876.985596
3728.064453	875.629517
3725.551758	877.258240
3723.037109	874.908447
3720.521484	864.609924
3718.004883	944.718567
3715.487305	889.714905
3712.967773	930.043640
3710.448242	958.432800
3707.927734	896.548401
3705.406250	947.728394
3702.882813	978.056213
3700.359375	972.699646
3697.833984	968.337341
3695.308594	1019.402100
3692.781250	1030.852417
3690.252930	1028.448364
3687.723633	1002.322388
3685.193359	1057.239868
3682.662109	1034.086060
3680.129883	1092.893433
3677.596680	1054.940552
3675.062500	1116.649292
3672.527344	1099.424194
3669.990234	1126.565918
3667.453125	1091.616455
3664.915039	1115.783813
3662.375000	1158.634399
3659.833984	1132.570068
3657.292969	1156.689453
3654.750000	1139.495361
3652.206055	1232.384521
3649.661133	1150.337158
3647.115234	1179.317627
3644.568359	1189.624390
3642.019531	1210.714600
3639.470703	1223.941284
3636.920898	1286.172241
3634.369141	1253.300049
3631.817383	1339.953857
3629.263672	1306.106812
3626.708984	1360.369141
3624.153320	1339.258667
3621.596680	1372.925903
3619.039063	1349.872192
3616.480469	1334.653564
3613.920898	1393.672241
3611.360352	1376.494873
3608.797852	1392.509521
3606.235352	1404.608887
3603.670898	1466.423462
3601.105469	1478.480957
3598.540039	1488.579468
3595.972656	1516.197510
3593.404297	1522.377441
3590.834961	1534.389771
3588.264648	1555.144653
3585.692383	1532.134277
3583.120117	1551.900146
3580.545898	1597.875488
3577.971680	1608.857910
3575.395508	1615.948486
3572.818359	1655.046997
3570.240234	1694.112305
3567.661133	1703.095459
3565.081055	1714.977417
3562.500000	1749.124512
3559.917969	1782.274292
3557.333984	1797.009644
3554.750000	1775.942383
3552.164063	1815.805908
3549.577148	1803.445679
3546.989258	1871.279297
3544.400391	1854.076782
3541.810547	1923.761475
3539.219727	1896.901733
3536.626953	1911.535278
3534.034180	1951.221069
3531.439453	1913.781982
3528.844727	2040.123169
3526.248047	2005.565552
3523.650391	2018.194946
3521.051758	2053.901611
3518.451172	2090.539063
3515.850586	2127.145264
3513.249023	2146.425293
3510.645508	2142.639160
3508.041016	2184.935303
3505.436523	2208.003174
3502.830078	2214.744873
3500.222656	2256.955078
3497.613281	2256.960693
3495.003906	2341.266602
3492.393555	2307.720703
3489.781250	2368.960693
3487.167969	2397.618896
3484.553711	2393.736328
3481.938477	2473.023438
3479.322266	2503.510254
3476.705078	2532.060303
3474.086914	2541.490967
3471.466797	2569.045166
3468.845703	2580.358398
3466.224609	2625.034424
3463.601563	2670.625244
3460.977539	2709.507568
3458.351563	2673.123779
3455.725586	2779.555664
3453.098633	2772.667969
3450.469727	2844.726563
3447.839844	2885.350098
3445.208984	2788.146484
3442.577148	2928.496094
3439.944336	3028.847168
3437.310547	2992.445068
3434.674805	3061.375977
3432.039063	3038.264893
3429.401367	3106.167969
3426.762695	3069.791260
3424.123047	3212.439697
3421.481445	3255.566406
3418.839844	3263.644043
3416.197266	3319.006592
3413.552734	3388.502686
3410.907227	3371.939209
3408.260742	3369.558594
3405.613281	3419.112549
3402.963867	3456.353516
3400.314453	3510.543457
3397.663086	3579.774902
3395.011719	3678.167969
3392.358398	3653.043213
3389.704102	3723.064209
3387.047852	3785.492676
3384.391602	3803.638672
3381.733398	3851.867920
3379.075195	3914.158447
3376.415039	3868.314697
3373.753906	4025.424561
3371.090820	4043.423584
3368.427734	4049.204102
3365.762695	4167.564941
3363.097656	4114.202637
3360.430664	4238.056152
3357.762695	4308.393066
3355.092773	4381.478027
3352.422852	4455.435547
3349.750977	4430.132813
3347.079102	4444.137207
3344.405273	4576.874512
3341.729492	4619.774414
3339.053711	4629.939453
3336.376953	4690.519531
3333.698242	4745.445801
3331.018555	4910.418945
3328.337891	4983.853027
3325.656250	4990.104004
3322.973633	5057.847656
3320.289063	5119.011719
3317.604492	5114.951172
3314.917969	5151.839844
3312.230469	5345.899902
3309.541016	5277.585938
3306.851563	5414.728516
3304.160156	5507.158691
3301.467773	5567.935547
3298.774414	5553.473633
3296.080078	5654.070801
3293.384766	5681.314453
3290.687500	5689.065918
3287.990234	5821.901367
3285.291016	5977.776367
3282.589844	5920.578125
3279.888672	6023.523926
3277.186523	6132.854492
3274.482422	6182.913574
3271.777344	6188.565430
3269.071289	6288.439941
3266.364258	6412.235840
3263.655273	6395.623047
3260.945313	6589.381348
3258.234375	6699.047852
3255.522461	6719.200684
3252.809570	6736.569824
3250.095703	6745.632813
3247.379883	6895.542480
3244.663086	6865.875000
3241.945313	7002.721680
3239.226563	7073.248535
3236.505859	7141.874023
3233.784180	7254.533203
3231.061523	7325.771484
3228.337891	7424.481445
3225.613281	7446.038086
3222.886719	7592.292969
3220.160156	7689.836426
3217.431641	7765.302734
3214.702148	7837.954102
3211.970703	7924.271973
3209.239258	8085.548340
3206.505859	8134.177734
3203.771484	8160.820313
3201.035156	8231.303711
3198.298828	8371.147461
3195.560547	8401.297852
3192.821289	8459.712891
3190.081055	8550.916992
3187.339844	8788.854492
3184.596680	8821.495117
3181.853516	8952.504883
3179.108398	9066.094727
3176.361328	9287.909180
3173.614258	9281.139648
3170.865234	9357.139648
3168.115234	9389.433594
3165.364258	9531.652344
3162.612305	9446.661133
3159.858398	9537.880859
3157.104492	9786.023438
3154.347656	9897.875000
3151.590820	9946.153320
3148.833008	10086.834961
3146.073242	10220.143555
3143.312500	10290.849609
3140.550781	10404.938477
3137.787109	10522.543945
3135.023438	10620.147461
3132.257813	10715.854492
3129.491211	10787.078125
3126.722656	10957.587891
3123.954102	11026.832031
3121.183594	11146.546875
3118.412109	11272.468750
3115.638672	11463.192383
3112.865234	11541.995117
3110.089844	11526.138672
3107.313477	11616.543945
3104.536133	11880.574219
3101.756836	12021.119141
3098.976563	12086.898438
3096.195313	12149.920898
3093.413086	12398.867188
3090.628906	12303.628906
3087.844727	12559.464844
3085.058594	12730.726563
3082.270508	13052.513672
3079.482422	13040.515625
3076.692383	13229.252930
3073.901367	13347.955078
3071.109375	13650.090820
3068.315430	13741.648438
3065.520508	13793.761719
3062.724609	13937.028320
3059.927734	14084.633789
3057.128906	14242.826172
3054.329102	14302.648438
3051.528320	14593.590820
3048.726563	14547.029297
3045.922852	14889.324219
3043.118164	14839.989258
3040.312500	15178.282227
3037.505859	15213.463867
3034.697266	15351.875000
3031.887695	15590.711914
3029.077148	15775.077148
3026.264648	15891.708984
3023.452148	15910.480469
3020.637695	16050.035156
3017.821289	16211.659180
3015.004883	16458.333984
3012.186523	16538.011719
3009.367188	16762.148438
3006.545898	16893.906250
3003.724609	17071.609375
3000.901367	17304.939453
2998.077148	17385.816406
2995.250977	17585.171875
2992.423828	17593.324219
2989.595703	17784.447266
2986.766602	18007.203125
2983.935547	18189.130859
2981.104492	18463.583984
2978.270508	18448.363281
2975.436523	18644.832031
2972.600586	18903.718750
2969.763672	19120.070313
2966.925781	18940.726563
2964.085938	19182.392578
2961.245117	19518.003906
2958.403320	19446.906250
2955.560547	19819.021484
2952.715820	19902.527344
2949.870117	19963.109375
2947.023438	20371.367188
2944.174805	20444.841797
2941.325195	20444.550781
2938.474609	20558.255859
2935.622070	20715.683594
2932.768555	21123.546875
2929.914063	21155.333984
2927.058594	21586.265625
2924.201172	21502.306641
2921.342773	21622.199219
2918.483398	21775.201172
2915.622070	21991.849609
2912.759766	22259.832031
2909.896484	22474.314453
2907.032227	22665.035156
2904.166016	22962.873047
2901.298828	22821.873047
2898.429688	23115.875000
2895.559570	23209.251953
2892.688477	23569.851563
2889.816406	23888.347656
2886.942383	23954.265625
2884.067383	24012.291016
2881.191406	24305.806641
2878.314453	24523.468750
2875.435547	24516.878906
2872.554688	24748.992188
2869.673828	24959.203125
2866.791016	25368.683594
2863.907227	25455.320313
2861.021484	25633.716797
2858.134766	25894.226563
2855.247070	26020.310547
2852.358398	26266.552734
2849.467773	26326.609375
2846.576172	26588.041016
2843.682617	26884.662109
2840.789063	26941.746094
2837.893555	27198.210938
2834.996094	27360.373047
2832.097656	27575.863281
2829.198242	27759.248047
2826.297852	27852.832031
2823.395508	27970.443359
2820.492188	28157.687500
2817.587891	28327.541016
2814.681641	28541.109375
2811.774414	28584.214844
2808.866211	28930.685547
2805.956055	29125.628906
2803.044922	29486.986328
2800.131836	29325.265625
2797.218750	29887.816406
2794.303711	29962.740234
2791.386719	30029.871094
2788.468750	30268.298828
2785.549805	30484.234375
2782.629883	30447.431641
2779.708008	30853.888672
2776.785156	31020.492188
2773.860352	31203.179688
2770.935547	31479.689453
2768.007813	31627.822266
2765.080078	31501.755859
2762.150391	31828.080078
2759.219727	31858.966797
2756.287109	32149.007813
2753.353516	32181.408203
2750.418945	32453.132813
2747.482422	32545.800781
2744.544922	32582.203125
2741.606445	32859.304688
2738.666016	32977.144531
2735.724609	33071.917969
2732.782227	33175.937500
2729.837891	33506.578125
2726.892578	33361.601563
2723.945313	33842.855469
2720.997070	33464.636719
2718.047852	33932.671875
2715.097656	33894.472656
2712.145508	33963.003906
2709.191406	34007.757813
2706.237305	34122.687500
2703.281250	34306.007813
2700.323242	34470.550781
2697.364258	34475.242188
2694.404297	34659.808594
2691.443359	34884.718750
2688.480469	34603.136719
2685.515625	34812.667969
2682.550781	34850.015625
2679.583984	35200.789063
2676.615234	34822.667969
2673.646484	35078.820313
2670.674805	34977.933594
2667.703125	34870.394531
2664.729492	35105.125000
2661.754883	35155.593750
2658.778320	35120.328125
2655.800781	35057.375000
2652.821289	34836.695313
2649.840820	35099.375000
2646.859375	35101.886719
2643.876953	34935.929688
2640.892578	34988.750000
2637.906250	35011.367188
2634.918945	35112.625000
2631.930664	34870.796875
2628.941406	34783.027344
2625.950195	34574.140625
2622.957031	34784.808594
2619.963867	34758.960938
2616.967773	34654.667969
2613.971680	34699.792969
2610.973633	34488.027344
2607.974609	34306.449219
2604.973633	34193.343750
2601.971680	34033.695313
2598.967773	34025.671875
2595.962891	33854.578125
2592.957031	33731.027344
2589.949219	33581.812500
2586.940430	33312.250000
2583.929688	33285.421875
2580.917969	33237.851563
2577.905273	33117.300781
2574.890625	33172.671875
2571.875000	32814.328125
2568.857422	32870.589844
2565.838867	32361.958984
2562.819336	32411.734375
2559.797852	31991.464844
2556.775391	31943.750000
2553.750977	31729.076172
2550.725586	31398.080078
2547.698242	31386.187500
2544.669922	31220.740234
2541.640625	31052.958984
2538.609375	30803.667969
2535.577148	30614.777344
2532.542969	30406.273438
2529.507813	30239.957031
2526.471680	30048.259766
2523.433594	29653.472656
2520.393555	29462.201172
2517.353516	29456.904297
2514.310547	29514.876953
2511.267578	28938.667969
2508.222656	29029.648438
2505.175781	28670.824219
2502.127930	28429.615234
2499.079102	28041.861328
2496.028320	27610.199219
2492.976563	27637.640625
2489.922852	27308.888672
2486.868164	27086.820313
2483.812500	26851.857422
2480.754883	26729.117188
2477.695313	26456.925781
2474.634766	26138.414063
2471.573242	26292.939453
2468.509766	25773.195313
2465.445313	25602.246094
2462.378906	25448.568359
2459.311523	25243.681641
2456.242188	24677.281250
2453.171875	24541.318359
2450.100586	24385.123047
2447.027344	24231.507813
2443.953125	23948.738281
2440.876953	23642.652344
2437.799805	23401.019531
2434.720703	23147.421875
2431.640625	23087.214844
2428.558594	22873.732422
2425.475586	22632.869141
2422.390625	22401.947266
2419.304688	22121.814453
2416.217773	21719.662109
2413.128906	21588.203125
2410.038086	21433.398438
2406.946289	21320.777344
2403.853516	20922.134766
2400.758789	20683.005859
2397.663086	20385.953125
2394.565430	20060.917969
2391.466797	19997.562500
2388.366211	19747.181641
2385.264648	19521.207031
2382.161133	19263.208984
2379.056641	18998.197266
2375.950195	19017.546875
2372.842773	18653.927734
2369.734375	18457.095703
2366.624023	18155.148438
2363.511719	18104.130859
2360.398438	17809.841797
2357.284180	17593.677734
2354.167969	17503.662109
2351.049805	17349.574219
2347.930664	17124.287109
2344.810547	16864.757813
2341.688477	16626.283203
2338.564453	16397.628906
2335.439453	16291.584961
2332.313477	16076.083984
2329.185547	15999.051758
2326.056641	15721.562500
2322.925781	15448.318359
2319.792969	15317.395508
2316.660156	15107.609375
2313.524414	14933.897461
2310.387695	14761.139648
2307.250000	14514.448242
2304.110352	14244.093750
2300.969727	14117.251953
2297.827148	14044.621094
2294.682617	13925.933594
2291.537109	13854.246094
2288.390625	13659.482422
2285.242188	13304.497070
2282.092773	13278.425781
2278.941406	12906.488281
2275.788086	12830.664063
2272.633789	12678.026367
2269.478516	12453.436523
2266.321289	12328.031250
2263.162109	12180.579102
2260.001953	12074.397461
2256.840820	11854.447266
2253.676758	11655.249023
2250.512695	11532.070313
2247.346680	11344.256836
2244.178711	11284.470703
2241.009766	11073.275391
2237.838867	10967.144531
2234.666992	10824.067383
2231.493164	10677.969727
2228.318359	10546.966797
2225.141602	10302.752930
2221.963867	10239.692383
2218.784180	10098.060547
2215.602539	10018.645508
2212.419922	9823.828125
2209.236328	9737.542969
2206.050781	9630.930664
2202.863281	9520.494141
2199.674805	9253.347656
2196.485352	9283.464844
2193.292969	9073.074219
2190.100586	8912.986328
2186.905273	8889.997070
2183.709961	8752.824219
2180.511719	8637.669922
2177.312500	8470.262695
2174.112305	8442.044922
2170.910156	8253.022461
2167.706055	8076.661133
2164.500977	7972.222168
2161.294922	7860.862793
2158.085938	7749.605469
2154.876953	7634.556641
2151.665039	7570.217285
2148.452148	7483.369629
2145.238281	7495.378906
2142.022461	7288.145996
2138.804688	7190.668945
2135.585938	7147.648438
2132.365234	6999.866211
2129.143555	6904.984375
2125.919922	6861.377441
2122.695313	6702.305176
2119.468750	6610.791992
2116.240234	6548.791992
2113.010742	6385.443359
2109.780273	6330.568359
2106.546875	6191.447754
2103.312500	6166.858398
2100.077148	6128.383789
2096.839844	5961.750000
2093.600586	5918.773438
2090.360352	5734.648926
2087.119141	5765.847168
2083.875000	5696.812500
2080.629883	5600.876953
2077.383789	5515.041504
2074.135742	5532.422363
2070.885742	5334.378418
2067.634766	5314.146484
2064.381836	5259.346191
2061.127930	5123.934570
2057.871094	5068.505859
2054.614258	5052.269043
2051.355469	4916.377441
2048.094727	4807.450195
2044.832031	4807.449707
2041.568359	4737.740723
2038.303711	4682.644043
2035.037109	4555.663086
2031.768555	4483.874512
2028.498047	4464.906738
2025.226563	4400.869141
2021.954102	4369.734863
2018.678711	4318.015625
2015.403320	4203.009766
2012.125000	4113.281738
2008.845703	4099.109863
2005.564453	4033.897949
2002.282227	3975.601563
1998.998047	3875.491211
1995.712891	3786.127686
1992.424805	3756.929199
1989.136719	3711.034180
1985.845703	3596.041748
1982.553711	3556.340576
1979.260742	3484.037354
1975.964844	3486.153076
1972.667969	3421.533691
1969.370117	3390.324951
1966.070313	3414.448975
1962.768555	3300.734131
1959.465820	3193.182129
1956.161133	3145.495850
1952.854492	3116.001221
1949.546875	3119.787354
1946.237305	3016.302246
1942.925781	2937.832031
1939.613281	2944.713867
1936.298828	2913.118408
1932.982422	2870.997314
1929.665039	2785.961914
1926.346680	2771.056396
1923.025391	2709.487549
1919.703125	2692.373779
1916.378906	2671.514893
1913.053711	2619.101563
1909.726563	2565.986816
1906.397461	2557.232666
1903.067383	2500.443848
1899.735352	2459.465332
1896.401367	2392.278076
1893.066406	2384.370850
1889.729492	2389.955811
1886.390625	2347.608887
1883.050781	2260.393555
1879.708984	2245.828857
1876.365234	2240.998291
1873.020508	2151.717041
1869.673828	2123.777588
1866.326172	2147.383545
1862.975586	2032.901611
1859.624023	2028.927734
1856.271484	1988.424316
1852.916016	2002.359375
1849.559570	1936.582153
1846.202148	1964.672241
1842.841797	1865.490967
1839.480469	1890.611816
1836.118164	1848.802612
1832.752930	1833.039307
1829.386719	1808.378662
1826.018555	1758.503296
1822.649414	1747.998535
1819.278320	1703.390991
1815.905273	1669.944580
1812.531250	1620.972412
1809.154297	1617.957397
1805.777344	1580.899170
1802.397461	1589.001953
1799.016602	1536.465576
1795.633789	1528.322021
1792.249023	1489.161743
1788.863281	1486.216309
1785.475586	1477.369629
1782.085938	1444.190674
1778.694336	1394.087646
1775.301758	1380.139404
1771.907227	1382.407227
1768.510742	1316.947632
1765.113281	1303.056152
1761.713867	1325.948364
1758.312500	1261.346558
1754.910156	1243.093018
1751.505859	1239.543701
1748.099609	1241.134888
1744.691406	1196.507080
1741.282227	1164.387939
1737.871094	1179.204224
1734.458008	1150.786865
1731.042969	1104.825195
1727.626953	1118.915649
1724.208984	1122.020264
1720.790039	1089.298828
1717.368164	1062.454834
1713.945313	1054.626099
1710.520508	1025.635010
1707.093750	1016.372070
1703.666016	964.820374
1700.236328	956.324707
1696.804688	975.521790
1693.371094	971.397583
1689.936523	917.057251
1686.500000	894.051208
1683.061523	897.970398
1679.622070	898.251587
1676.179688	854.949341
1672.736328	866.141113
1669.291016	825.074036
1665.844727	817.411072
1662.396484	811.205261
1658.945313	811.526428
1655.494141	800.259521
1652.040039	769.459290
1648.584961	767.629272
1645.126953	752.784241
1641.668945	734.339844
1638.208008	706.522095
1634.745117	716.278625
1631.281250	692.827148
1627.815430	676.612122
1624.347656	651.040283
1620.878906	655.038879
1617.408203	642.467346
1613.935547	644.306030
1610.460938	618.080688
1606.984375	607.703125
1603.506836	599.492188
1600.027344	558.240173
1596.545898	574.476929
1593.062500	584.955261
1589.577148	591.835938
1586.090820	555.688416
1582.602539	543.226624
1579.112305	507.855530
1575.620117	512.612244
1572.126953	516.648438
1568.630859	508.521545
1565.133789	516.844421
1561.634766	490.862610
1558.133789	489.187531
1554.631836	473.952026
1551.127930	453.737701
1547.621094	461.353027
1544.114258	447.579285
1540.604492	456.614349
1537.092773	437.160553
1533.580078	418.437805
1530.065430	399.022491
1526.548828	397.399353
1523.030273	411.409821
1519.509766	370.721039
1515.988281	374.082947
1512.463867	362.542297
1508.938477	381.505188
1505.411133	379.185974
1501.882813	340.032104
1498.351563	361.101257
1494.818359	336.857208
1491.284180	328.905975
1487.748047	328.739319
1484.209961	312.320679
1480.669922	310.043549
1477.128906	311.298004
1473.584961	326.661743
1470.040039	301.814758
1466.493164	299.546997
1462.944336	281.783295
1459.393555	297.834351
1455.840820	294.164154
1452.287109	277.133270
1448.730469	283.319427
1445.172852	269.121826
1441.613281	259.152374
1438.051758	249.192978
1434.488281	259.589844
1430.922852	256.652466
1427.356445	244.606583
1423.787109	251.486923
1420.216797	246.457352
1416.644531	221.138443
1413.070313	218.927078
1409.494141	218.815140
1405.916016	221.498123
1402.336914	201.131912
1398.754883	218.479370
1395.171875	205.809586
1391.585938	205.006836
1387.999023	200.720078
1384.410156	197.830795
1380.819336	200.514206
1377.226563	176.055756
1373.632813	179.442932
1370.036133	178.655594
1366.438477	163.972961
1362.837891	172.916428
1359.236328	165.886627
1355.632813	168.576187
1352.027344	164.329163
1348.419922	163.551514
1344.810547	161.389282
1341.199219	149.536972
1337.585938	151.535690
1333.970703	143.850067
1330.354492	144.467056
1326.735352	131.265869
1323.115234	139.484253
1319.493164	131.130264
1315.869141	142.099304
1312.242188	120.652985
1308.614258	128.859619
1304.984375	123.283051
1301.353516	114.958694
1297.719727	127.283470
1294.083984	120.340866
1290.446289	116.154625
1286.807617	105.103180
1283.166016	109.168182
1279.523438	109.797729
1275.877930	117.285362
1272.231445	99.400810
1268.582031	99.349121
1264.931641	102.721489
1261.279297	95.823494
1257.625000	97.825897
1253.968750	95.039970
1250.310547	99.774139
1246.650391	88.110641
1242.988281	83.968651
1239.324219	83.242516
1235.658203	81.153175
1231.990234	84.518806
1228.320313	93.330856
1224.648438	73.536224
1220.975586	72.817230
1217.299805	77.540382
1213.622070	77.499786
1209.943359	86.971733
1206.261719	73.343948
1202.578125	67.196716
1198.893555	73.267059
1195.206055	73.228615
1191.517578	61.669502
1187.826172	63.669109
1184.133789	64.989609
1180.438477	58.189255
1176.742188	61.539970
1173.042969	62.183498
1169.342773	58.097458
1165.639648	53.340488
1161.935547	56.011745
1158.228516	52.609798
1154.520508	59.323345
1150.809570	53.228088
1147.097656	54.546825
1143.382813	49.806587
1139.666992	53.143803
1135.948242	45.719852
1132.227539	49.055653
1128.505859	55.074455
1124.781250	50.346310
1121.055664	42.939434
1117.327148	46.940121
1113.596680	38.872627
1109.865234	48.230083
1106.130859	46.865479
1102.394531	42.156540
1098.657227	37.452579
1094.916992	38.101120
1091.174805	40.753208
1087.430664	38.728340
1083.684570	39.375107
1079.936523	34.685009
1076.186523	33.333206
1072.434570	41.977463
1068.680664	35.295544
1064.924805	35.276718
1061.166992	38.584110
1057.406250	35.903957
1053.644531	36.549309
1049.880859	32.544712
1046.114258	28.544373
1042.346680	34.500309
1038.576172	27.187609
1034.803711	32.475109
1031.030273	31.132906
1027.253906	34.426456
1023.475586	31.761225
1019.695313	29.760174
1015.913086	32.388126
1012.128906	25.103832
1008.342773	27.731434
1004.553711	24.416939
