4046.277344	237.934341
4043.892578	259.945892
4041.505859	254.604645
4039.119141	233.557388
4036.731445	259.638489
4034.342773	254.303452
4031.952148	274.079010
4029.561523	259.331116
4027.169922	259.228668
4024.777344	258.081329
4022.383789	264.246002
4019.989258	297.550690
4017.593750	270.298706
4015.197266	270.191711
4012.799805	291.983490
4010.401367	276.232056
4008.001953	293.836121
4005.601563	296.844330
4003.201172	280.068268
4000.798828	291.405212
3998.395508	298.571808
3995.991211	298.453278
3993.585938	317.045654
3991.180664	308.607025
3988.773438	316.793732
3986.365234	341.585907
3983.957031	297.860657
3981.546875	334.052185
3979.135742	303.845734
3976.724609	301.651550
3974.311523	317.074249
3971.898438	331.448822
3969.483398	353.059357
3967.068359	346.708862
3964.651367	340.363342
3962.234375	347.466400
3959.815430	342.159149
3957.396484	356.488708
3954.975586	357.379211
3952.554688	358.268860
3950.131836	371.542480
3947.708984	373.457184
3945.284180	368.151611
3942.859375	372.127594
3940.432617	377.130676
3938.005859	388.309662
3935.577148	402.568329
3933.148438	395.202789
3930.718750	402.245697
3928.287109	396.942657
3925.855469	450.236084
3923.421875	417.174652
3920.988281	448.847656
3918.552734	419.919830
3916.117188	460.802612
3913.680664	434.970612
3911.242188	432.744812
3908.803711	441.796265
3906.363281	460.062012
3903.922852	451.683075
3901.480469	455.596527
3899.038086	474.857666
3896.593750	478.758331
3894.149414	469.362244
3891.703125	491.660645
3889.256836	462.853363
3886.808594	504.541595
3884.360352	489.024109
3881.910156	516.380615
3879.459961	497.810303
3877.007813	522.081787
3874.555664	520.851624
3872.101563	522.678833
3869.646484	529.596680
3867.191406	555.851624
3864.734375	548.503357
3862.277344	548.281372
3859.818359	570.429138
3857.358398	564.099792
3854.897461	574.031128
3852.436523	590.047668
3849.973633	592.853943
3847.509766	615.952759
3845.044922	613.674255
3842.579102	633.703796
3840.113281	640.541138
3837.645508	648.385925
3835.176758	614.703735
3832.707031	626.601318
3830.236328	665.809570
3827.764648	675.653442
3825.291992	688.522278
3822.818359	673.082642
3820.343750	672.808716
3817.868164	668.495605
3815.390625	687.401978
3812.913086	690.148926
3810.434570	681.799133
3807.955078	727.896912
3805.473633	729.615662
3802.992188	740.398865
3800.509766	763.256287
3798.025391	704.566406
3795.541016	749.553833
3793.054688	778.413147
3790.568359	784.126892
3788.080078	802.899170
3785.591797	776.454773
3783.101563	767.100769
3780.610352	797.900146
3778.119141	826.667542
3775.625977	804.267029
3773.131836	833.007874
3770.636719	832.666687
3768.140625	864.376648
3765.643555	875.035522
3763.145508	880.681458
3760.646484	885.322205
3758.146484	889.958862
3755.645508	907.585510
3753.143555	917.204346
3750.639648	925.816345
3748.135742	908.464844
3745.630859	964.972107
3743.124023	1013.452759
3740.617188	980.132446
3738.108398	987.702881
3735.599609	993.274231
3733.088867	972.948547
3730.577148	1031.279297
3728.064453	1049.760376
3725.551758	1018.494812
3723.037109	1014.098450
3720.521484	1073.308838
3718.004883	1080.813721
3715.487305	1074.410156
3712.967773	1119.625610
3710.448242	1108.250000
3707.927734	1164.322754
3705.406250	1109.318115
3702.882813	1182.189575
3700.359375	1154.957031
3697.833984	1166.361328
3695.308594	1173.796997
3692.781250	1211.894531
3690.252930	1266.771484
3687.723633	1221.765747
3685.193359	1248.926392
3682.662109	1294.829834
3680.129883	1245.918213
3677.596680	1314.481689
3675.062500	1338.598145
3672.527344	1320.295044
3669.990234	1333.546509
3667.453125	1390.135986
3664.915039	1336.380127
3662.375000	1372.248413
3659.833984	1438.590210
3657.292969	1432.091675
3654.750000	1449.194214
3652.206055	1452.523438
3649.661133	1461.743652
3647.115234	1521.034912
3644.568359	1465.436646
3642.019531	1517.808350
3639.470703	1487.755493
3636.920898	1543.994873
3634.369141	1531.593506
3631.817383	1516.263550
3629.263672	1596.896729
3626.708984	1564.913818
3624.153320	1630.784668
3621.596680	1651.618164
3619.039063	1617.696167
3616.480469	1674.667725
3613.920898	1747.217773
3611.360352	1733.797729
3608.797852	1730.146851
3606.235352	1768.441528
3603.670898	1825.229126
3601.105469	1821.543091
3598.540039	1805.194946
3595.972656	1879.422729
3593.404297	1899.078247
3590.834961	1923.581787
3588.264648	1892.627563
3585.692383	1934.611206
3583.120117	1955.180420
3580.545898	2014.585938
3577.971680	2006.945923
3575.395508	2048.809082
3572.818359	2057.652344
3570.240234	2133.398438
3567.661133	2096.639404
3565.081055	2141.299561
3562.500000	2180.110352
3559.917969	2186.940674
3557.333984	2216.021484
3554.750000	2217.993408
3552.164063	2233.499268
3549.577148	2307.946533
3546.989258	2287.655762
3544.400391	2326.286865
3541.810547	2335.927246
3539.219727	2392.836426
3536.626953	2392.794678
3534.034180	2406.249023
3531.439453	2502.563965
3528.844727	2480.319824
3526.248047	2545.710693
3523.650391	2515.766113
3521.051758	2590.705811
3518.451172	2704.045898
3515.850586	2686.566162
3513.249023	2700.806396
3510.645508	2745.766846
3508.041016	2740.768799
3505.436523	2809.662354
3502.830078	2819.987061
3500.222656	2882.075928
3497.613281	2921.110840
3495.003906	2950.532227
3492.393555	2988.546143
3489.781250	3078.213135
3487.167969	3051.080078
3484.553711	3041.183350
3481.938477	3126.888184
3479.322266	3176.209229
3476.705078	3233.128662
3474.086914	3273.768799
3471.466797	3304.830322
3468.845703	3359.712402
3466.224609	3419.314941
3463.601563	3474.100098
3460.977539	3499.304199
3458.351563	3554.959473
3455.725586	3621.037598
3453.098633	3686.107178
3450.469727	3620.820313
3447.839844	3786.605957
3445.208984	3780.247803
3442.577148	3820.438232
3439.944336	3871.987061
3437.310547	3975.690430
3434.674805	3958.822998
3432.039063	4121.191895
3429.401367	4128.918945
3426.762695	4106.319824
3424.123047	4118.779785
3421.481445	4279.853516
3418.839844	4338.593262
3416.197266	4417.144531
3413.552734	4530.609863
3410.907227	4435.121094
3408.260742	4512.582520
3405.613281	4561.649414
3402.963867	4620.111816
3400.314453	4722.864746
3397.663086	4779.319824
3395.011719	4852.692871
3392.358398	4871.352539
3389.704102	4921.075195
3387.047852	4940.627930
3384.391602	4996.863281
3381.733398	5188.499023
3379.075195	5230.474121
3376.415039	5256.434570
3373.753906	5288.947266
3371.090820	5359.930664
3368.427734	5402.693359
3365.762695	5616.173340
3363.097656	5523.741211
3360.430664	5584.185059
3357.762695	5720.474121
3355.092773	5772.349121
3352.422852	5835.413086
3349.750977	5867.539551
3347.079102	6009.079590
3344.405273	6060.735840
3341.729492	6153.468750
3339.053711	6191.936523
3336.376953	6197.686035
3333.698242	6324.771973
3331.018555	6371.508789
3328.337891	6539.441895
3325.656250	6559.940918
3322.973633	6660.555664
3320.289063	6726.620117
3317.604492	6829.865723
3314.917969	6929.298828
3312.230469	6977.482910
3309.541016	7079.552246
3306.851563	7177.814453
3304.160156	7210.030273
3301.467773	7308.147949
3298.774414	7394.111816
3296.080078	7469.793945
3293.384766	7496.256348
3290.687500	7638.569824
3287.990234	7772.418945
3285.291016	7882.069336
3282.589844	8005.510254
3279.888672	7968.745605
3277.186523	8051.337402
3274.482422	8198.579102
3271.777344	8356.781250
3269.071289	8295.900391
3266.364258	8549.032227
3263.655273	8693.949219
3260.945313	8637.607422
3258.234375	8838.612305
3255.522461	9046.815430
3252.809570	9122.150391
3250.095703	9190.970703
3247.379883	9321.411133
3244.663086	9328.424805
3241.945313	9563.548828
3239.226563	9574.124023
3236.505859	9707.838867
3233.784180	9826.736328
3231.061523	10076.837891
3228.337891	10213.825195
3225.613281	10312.157227
3222.886719	10317.778320
3220.160156	10503.973633
3217.431641	10680.841797
3214.702148	10801.685547
3211.970703	10812.566406
3209.239258	11024.749023
3206.505859	11191.011719
3203.771484	11230.956055
3201.035156	11380.528320
3198.298828	11530.880859
3195.560547	11719.449219
3192.821289	11965.350586
3190.081055	11984.785156
3187.339844	12059.826172
3184.596680	12353.557617
3181.853516	12426.542969
3179.108398	12499.461914
3176.361328	12737.990234
3173.614258	12898.054688
3170.865234	12887.896484
3168.115234	13244.119141
3165.364258	13189.284180
3162.612305	13329.783203
3159.858398	13456.538086
3157.104492	13428.896484
3154.347656	13813.119141
3151.590820	13938.579102
3148.833008	14043.079102
3146.073242	14210.901367
3143.312500	14300.694336
3140.550781	14468.250000
3137.787109	14520.749023
3135.023438	14812.858398
3132.257813	14834.416016
3129.491211	15005.043945
3126.722656	15115.004883
3123.954102	15357.576172
3121.183594	15510.593750
3118.412109	15641.824219
3115.638672	15523.186523
3112.865234	15807.496094
3110.089844	16005.973633
3107.313477	16076.410156
3104.536133	16158.481445
3101.756836	16414.109375
3098.976563	16538.214844
3096.195313	16528.279297
3093.413086	16796.871094
3090.628906	16900.875000
3087.844727	17116.994141
3085.058594	17253.957031
3082.270508	17543.267578
3079.482422	17765.080078
3076.692383	17780.589844
3073.901367	18122.121094
3071.109375	18209.074219
3068.315430	18269.099609
3065.520508	18490.082031
3062.724609	18802.068359
3059.927734	19005.630859
3057.128906	19101.806641
3054.329102	19302.369141
3051.528320	19531.312500
3048.726563	19690.458984
3045.922852	19697.855469
3043.118164	20019.009766
3040.312500	20212.464844
3037.505859	20371.007813
3034.697266	20457.296875
3031.887695	20756.175781
3029.077148	20973.843750
3026.264648	21071.294922
3023.452148	20953.597656
3020.637695	21382.281250
3017.821289	21587.724609
3015.004883	21769.906250
3012.186523	21739.019531
3009.367188	22133.767578
3006.545898	22403.193359
3003.724609	22574.923828
3000.901367	22876.667969
2998.077148	23019.699219
2995.250977	23166.136719
2992.423828	23190.396484
2989.595703	23539.044922
2986.766602	23895.328125
2983.935547	23987.218750
2981.104492	24106.388672
2978.270508	24176.029297
2975.436523	24403.484375
2972.600586	24600.753906
2969.763672	24743.205078
2966.925781	25017.648438
2964.085938	25179.146484
2961.245117	25466.339844
2958.403320	25558.865234
2955.560547	25907.173828
2952.715820	25858.783203
2949.870117	26178.521484
2947.023438	26363.617188
2944.174805	26495.000000
2941.325195	26631.521484
2938.474609	26816.146484
2935.622070	27090.009766
2932.768555	27061.341797
2929.914063	27312.941406
2927.058594	27685.115234
2924.201172	27530.197266
2921.342773	27983.265625
2918.483398	28013.671875
2915.622070	28411.054688
2912.759766	28269.158203
2909.896484	28614.546875
2907.032227	28899.404297
2904.166016	29043.562500
2901.298828	29175.378906
2898.429688	29277.437500
2895.559570	29429.919922
2892.688477	29866.117188
2889.816406	29844.117188
2886.942383	30123.130859
2884.067383	29888.841797
2881.191406	30309.248047
2878.314453	30498.169922
2875.435547	30811.964844
2872.554688	30723.576172
2869.673828	31083.824219
2866.791016	31375.230469
2863.907227	31318.755859
2861.021484	31552.589844
2858.134766	31940.369141
2855.247070	31895.808594
2852.358398	32274.416016
2849.467773	32458.931641
2846.576172	32498.896484
2843.682617	32587.207031
2840.789063	32760.078125
2837.893555	32972.500000
2834.996094	32931.863281
2832.097656	33315.656250
2829.198242	33280.921875
2826.297852	33528.886719
2823.395508	33600.886719
2820.492188	33925.101563
2817.587891	34072.574219
2814.681641	33925.687500
2811.774414	34098.808594
2808.866211	34208.156250
2805.956055	34426.507813
2803.044922	34900.562500
2800.131836	34646.285156
2797.218750	35115.503906
2794.303711	34923.941406
2791.386719	34989.703125
2788.468750	35366.421875
2785.549805	35450.746094
2782.629883	35644.562500
2779.708008	35713.261719
2776.785156	35952.089844
2773.860352	36104.351563
2770.935547	35987.289063
2768.007813	36155.601563
2765.080078	36021.523438
2762.150391	36068.468750
2759.219727	36444.613281
2756.287109	36774.367188
2753.353516	36456.980469
2750.418945	36623.707031
2747.482422	36826.035156
2744.544922	36664.765625
2741.606445	36870.273438
2738.666016	36847.703125
2735.724609	36999.375000
2732.782227	36827.230469
2729.837891	37036.492188
2726.892578	36808.441406
2723.945313	37046.347656
2720.997070	36883.773438
2718.047852	37023.929688
2715.097656	37268.160156
2712.145508	37113.292969
2709.191406	37288.675781
2706.237305	37208.367188
2703.281250	37064.695313
2700.323242	37030.187500
2697.364258	37146.097656
2694.404297	37006.835938
2691.443359	37176.656250
2688.480469	37061.953125
2685.515625	36848.664063
2682.550781	36906.167969
2679.583984	36940.855469
2676.615234	36968.761719
2673.646484	36563.906250
2670.674805	36754.347656
2667.703125	36612.359375
2664.729492	36508.320313
2661.754883	36405.207031
2658.778320	36301.335938
2655.800781	36167.324219
2652.821289	35840.398438
2649.840820	35861.039063
2646.859375	35673.710938
2643.876953	35686.843750
2640.892578	35577.648438
2637.906250	35685.406250
2634.918945	35378.769531
2631.930664	35035.597656
2628.941406	35185.226563
2625.950195	34943.562500
2622.957031	34969.433594
2619.963867	34895.906250
2616.967773	34983.519531
2613.971680	34693.117188
2610.973633	34403.804688
2607.974609	34098.906250
2604.973633	34097.531250
2601.971680	33875.472656
2598.967773	33742.667969
2595.962891	33545.906250
2592.957031	33322.707031
2589.949219	33341.585938
2586.940430	32743.115234
2583.929688	32665.056641
2580.917969	32772.167969
2577.905273	32378.023438
2574.890625	32335.869141
2571.875000	31965.472656
2568.857422	32275.669922
2565.838867	31942.060547
2562.819336	31604.607422
2559.797852	31180.570313
2556.775391	31161.345703
2553.750977	30791.613281
2550.725586	30565.988281
2547.698242	30423.976563
2544.669922	30179.718750
2541.640625	29981.058594
2538.609375	29711.638672
2535.577148	29661.750000
2532.542969	29278.162109
2529.507813	29022.582031
2526.471680	28900.601563
2523.433594	28568.056641
2520.393555	28416.765625
2517.353516	28079.798828
2514.310547	28038.146484
2511.267578	27874.136719
2508.222656	27425.375000
2505.175781	27246.185547
2502.127930	26929.347656
2499.079102	26719.378906
2496.028320	26528.443359
2492.976563	26017.390625
2489.922852	25876.878906
2486.868164	25668.562500
2483.812500	25385.173828
2480.754883	25144.552734
2477.695313	24869.003906
2474.634766	24618.205078
2471.573242	24314.558594
2468.509766	24266.630859
2465.445313	24084.955078
2462.378906	23684.919922
2459.311523	23472.695313
2456.242188	23224.814453
2453.171875	23169.316406
2450.100586	22751.689453
2447.027344	22484.125000
2443.953125	22231.435547
2440.876953	21798.542969
2437.799805	21693.425781
2434.720703	21414.632813
2431.640625	21300.037109
2428.558594	21163.636719
2425.475586	20847.343750
2422.390625	20589.691406
2419.304688	20200.220703
2416.217773	20098.562500
2413.128906	19988.896484
2410.038086	19626.921875
2406.946289	19460.960938
2403.853516	19118.140625
2400.758789	19016.376953
2397.663086	18794.384766
2394.565430	18485.423828
2391.466797	18409.890625
2388.366211	17946.558594
2385.264648	17756.076172
2382.161133	17643.910156
2379.056641	17333.751953
2375.950195	17295.921875
2372.842773	17084.349609
2369.734375	16790.142578
2366.624023	16594.261719
2363.511719	16489.339844
2360.398438	16327.495117
2357.284180	16187.466797
2354.167969	16029.914063
2351.049805	15721.748047
2347.930664	15558.134766
2344.810547	15225.628906
2341.688477	15062.388672
2338.564453	15044.166016
2335.439453	14893.152344
2332.313477	14599.937500
2329.185547	14575.545898
2326.056641	14301.916016
2322.925781	14153.106445
2319.792969	13801.699219
2316.660156	13672.398438
2313.524414	13440.348633
2310.387695	13348.789063
2307.250000	13254.919922
2304.110352	12919.857422
2300.969727	12841.390625
2297.827148	12755.832031
2294.682617	12644.108398
2291.537109	12399.752930
2288.390625	12367.734375
2285.242188	12144.373047
2282.092773	11902.961914
2278.941406	11696.678711
2275.788086	11729.261719
2272.633789	11513.733398
2269.478516	11393.467773
2266.321289	11271.727539
2263.162109	11116.064453
2260.001953	10890.927734
2256.840820	10733.208984
2253.676758	10554.294922
2250.512695	10463.233398
2247.346680	10401.467773
2244.178711	10267.148438
2241.009766	10065.108398
2237.838867	9938.161133
2234.666992	9786.110352
2231.493164	9631.835938
2228.318359	9546.205078
2225.141602	9389.820313
2221.963867	9183.235352
2218.784180	9095.567383
2215.602539	9122.719727
2212.419922	8844.273438
2209.236328	8705.058594
2206.050781	8689.183594
2202.863281	8508.592773
2199.674805	8431.664063
2196.485352	8274.869141
2193.292969	8259.999023
2190.100586	8090.899902
2186.905273	7996.301758
2183.709961	7817.312500
2180.511719	7729.181641
2177.312500	7664.575684
2174.112305	7565.659668
2170.910156	7522.265625
2167.706055	7278.358887
2164.500977	7184.437500
2161.294922	7116.329590
2158.085938	6848.017578
2154.876953	7031.705566
2151.665039	6780.809570
2148.452148	6741.024414
2145.238281	6631.275391
2142.022461	6582.265137
2138.804688	6523.974121
2135.585938	6449.426758
2132.365234	6357.868652
2129.143555	6312.951172
2125.919922	6162.597656
2122.695313	6017.811523
2119.468750	6013.402832
2116.240234	5924.581055
2113.010742	5759.207031
2109.780273	5669.038574
2106.546875	5670.982422
2103.312500	5638.138184
2100.077148	5532.697266
2096.839844	5477.550781
2093.600586	5420.911133
2090.360352	5355.064941
2087.119141	5252.265137
2083.875000	5067.087402
2080.629883	5010.743164
2077.383789	4962.151367
2074.135742	4839.714844
2070.885742	4858.176758
2067.634766	4679.770508
2064.381836	4708.279297
2061.127930	4633.050781
2057.871094	4580.160156
2054.614258	4520.410645
2051.355469	4446.142090
2048.094727	4371.175781
2044.832031	4339.962891
2041.568359	4223.751465
2038.303711	4157.416016
2035.037109	4156.956055
2031.768555	4057.822510
2028.498047	4026.061523
2025.226563	3972.932617
2021.954102	3883.954102
2018.678711	3824.833740
2015.403320	3806.974609
2012.125000	3721.250000
2008.845703	3625.696045
2005.564453	3616.335449
2002.282227	3552.146729
1998.998047	3488.018066
1995.712891	3383.623291
1992.424805	3373.631104
1989.136719	3359.086426
1985.845703	3288.330566
1982.553711	3225.995117
1979.260742	3140.946777
1975.964844	3114.397949
1972.667969	3070.432129
1969.370117	3043.940430
1966.070313	3001.563721
1962.768555	2962.255371
1959.465820	2866.976563
1956.161133	2808.100098
1952.854492	2803.720459
1949.546875	2778.938477
1946.237305	2727.740479
1942.925781	2615.433105
1939.613281	2707.748047
1936.298828	2590.276611
1932.982422	2558.112793
1929.665039	2559.889893
1926.346680	2488.602783
1923.025391	2477.611572
1919.703125	2395.896729
1916.378906	2385.710938
1913.053711	2392.824463
1909.726563	2319.531738
1906.397461	2256.072510
1903.067383	2238.464111
1899.735352	2217.870605
1896.401367	2216.044434
1893.066406	2156.502441
1889.729492	2117.995361
1886.390625	2108.729248
1883.050781	2071.029541
1879.708984	2005.685303
1876.365234	1933.674194
1873.020508	1936.470581
1869.673828	1910.876831
1866.326172	1881.573853
1862.975586	1875.433716
1859.624023	1860.347778
1856.271484	1823.654297
1852.916016	1781.034180
1849.559570	1745.903320
1846.202148	1716.761719
1842.841797	1707.739014
1839.480469	1703.930664
1836.118164	1630.990356
1832.752930	1627.221680
1829.386719	1606.375000
1826.018555	1543.236938
1822.649414	1529.869751
1819.278320	1536.537354
1815.905273	1509.102173
1812.531250	1479.470703
1809.154297	1460.234375
1805.777344	1432.875000
1802.397461	1424.775513
1799.016602	1393.762085
1795.633789	1423.379272
1792.249023	1313.357910
1788.863281	1306.807129
1785.475586	1280.337769
1782.085938	1217.752197
1778.694336	1218.628662
1775.301758	1253.399414
1771.907227	1229.952026
1768.510742	1227.139038
1765.113281	1169.880981
1761.713867	1161.951416
1758.312500	1134.917847
1754.910156	1100.563477
1751.505859	1103.693237
1748.099609	1089.204224
1744.691406	1095.269897
1741.282227	1028.005005
1737.871094	1021.635010
1734.458008	986.702637
1731.042969	1016.234192
1727.626953	961.579590
1724.208984	940.624573
1720.790039	967.940674
1717.368164	945.541016
1713.945313	929.736206
1710.520508	900.076843
1707.093750	914.224121
1703.666016	898.457031
1700.236328	879.060669
1696.804688	836.369690
1693.371094	849.790833
1689.936523	821.712402
1686.500000	811.847961
1683.061523	794.721985
1679.622070	790.693970
1676.179688	787.395996
1672.736328	752.156067
1669.291016	746.702881
1665.844727	697.736877
1662.396484	705.364319
1658.945313	698.492371
1655.494141	679.315308
1652.040039	677.529541
1648.584961	685.150696
1645.126953	655.160950
1641.668945	665.676208
1638.208008	649.451294
1634.745117	609.414490
1631.281250	608.388855
1627.815430	608.806641
1624.347656	612.107605
1620.878906	580.094971
1617.408203	556.036804
1613.935547	572.316528
1610.460938	546.846680
1606.984375	533.628113
1603.506836	511.796661
1600.027344	533.094238
1596.545898	539.290161
1593.062500	497.391388
1589.577148	493.555298
1586.090820	496.175995
1582.602539	471.560852
1579.112305	479.919891
1575.620117	449.609619
1572.126953	432.210022
1568.630859	453.449585
1565.133789	436.779999
1561.634766	443.705505
1558.133789	408.489441
1554.631836	408.997772
1551.127930	415.926208
1547.621094	387.194275
1544.114258	386.999298
1540.604492	394.640167
1537.092773	386.609406
1533.580078	386.414520
1530.065430	369.860413
1526.548828	352.611938
1523.030273	356.697296
1519.509766	355.806976
1515.988281	356.337097
1512.463867	325.649536
1508.938477	312.011688
1505.411133	320.358978
1501.882813	323.738922
1498.351563	307.998138
1494.818359	300.765350
1491.284180	284.344543
1487.748047	298.339752
1484.209961	303.841370
1480.669922	288.856049
1477.128906	261.179749
1473.584961	276.568909
1470.040039	254.568054
1466.493164	263.601349
1462.944336	260.649567
1459.393555	262.629333
1455.840820	239.272278
1452.287109	258.845306
1448.730469	224.265259
1445.172852	224.151062
1441.613281	214.204529
1438.051758	231.644165
1434.488281	218.195770
1430.922852	218.084488
1427.356445	218.674088
1423.787109	204.552032
1420.216797	209.348709
1416.644531	206.442535
1413.070313	193.047516
1409.494141	199.939713
1405.916016	185.862778
1402.336914	184.370911
1398.754883	182.182480
1395.171875	181.391510
1391.585938	162.471405
1387.999023	177.720901
1384.410156	172.057053
1380.819336	167.095184
1377.226563	181.622742
1373.632813	169.010208
1370.036133	159.191177
1366.438477	150.076950
1362.837891	150.694229
1359.236328	149.228546
1355.632813	149.151764
1352.027344	135.900909
1348.419922	129.593796
1344.810547	137.838913
1341.199219	129.460251
1337.585938	122.474052
1333.970703	125.177216
1330.354492	125.803841
1326.735352	115.375786
1323.115234	123.602386
1319.493164	129.749939
1315.869141	118.646019
1312.242188	112.379639
1308.614258	115.766930
1304.984375	117.773193
1301.353516	99.814438
1297.719727	103.202812
1294.083984	106.587624
1290.446289	111.343491
1286.807617	103.042336
1283.166016	99.555885
1279.523438	100.190430
1275.877930	101.510132
1272.231445	91.860054
1268.582031	93.182625
1264.931641	87.655670
1261.279297	88.978958
1257.625000	84.828049
1253.968750	80.681419
1250.310547	82.006142
1246.650391	81.280357
1242.988281	79.872620
1239.324219	71.643150
1235.658203	77.743378
1231.990234	77.702774
1228.320313	68.124710
1224.648438	72.855339
1220.975586	70.775627
1217.299805	76.180023
1213.622070	68.662094
1209.943359	64.549332
1206.261719	70.627510
1202.578125	62.445431
1198.893555	72.588661
1195.206055	66.448189
1191.517578	54.214947
1187.826172	56.895802
1184.133789	66.343559
1180.438477	59.542492
1176.742188	53.424809
1173.042969	60.155777
1169.342773	48.639732
1165.639648	51.990097
1161.935547	57.361427
1158.228516	51.260830
1154.520508	49.211411
1150.809570	49.859219
1147.097656	51.179737
1143.382813	49.133526
1139.666992	47.089447
1135.948242	42.358101
1132.227539	47.039665
1128.505859	44.328220
1124.781250	45.647324
1121.055664	41.597576
1117.327148	40.904964
1113.596680	54.957851
1109.865234	40.191734
1106.130859	37.492382
1102.394531	34.795876
1098.657227	38.790173
1094.916992	36.095798
1091.174805	34.740437
1087.430664	37.392879
1083.684570	40.709858
1079.936523	28.681835
1076.186523	31.999880
1072.434570	31.982828
1068.680664	31.965776
1064.924805	38.604710
1061.166992	33.262161
1057.406250	25.930635
1053.644531	27.910381
1049.880859	37.193954
1046.114258	31.199663
1042.346680	29.192570
1038.576172	31.829395
1034.803711	26.510294
1031.030273	31.795309
1027.253906	33.764408
1023.475586	29.776148
1019.695313	19.178778
1015.913086	31.066162
1012.128906	23.121952
1008.342773	23.769800
1004.553711	23.757021
