4046.277344	222.211807
4043.892578	240.030670
4041.505859	237.840546
4039.119141	248.220184
4036.731445	234.512192
4034.342773	254.303452
4031.952148	255.249161
4029.561523	223.777649
4027.169922	251.911713
4024.777344	252.857025
4022.383789	248.579239
4019.989258	257.877258
4017.593750	259.862457
4015.197266	292.099152
4012.799805	279.469910
4010.401367	260.596283
4008.001953	279.248505
4005.601563	276.013153
4003.201172	281.109406
4000.798828	272.672028
3998.395508	276.725098
3995.991211	293.253754
3993.585938	304.571716
3991.180664	304.450714
3988.773438	288.749695
3986.365234	299.017426
3983.957031	324.844574
3981.546875	301.891876
3979.135742	304.882751
3976.724609	296.468536
3974.311523	324.327606
3971.898438	325.234131
3969.483398	318.892334
3967.068359	322.904968
3964.651367	350.708710
3962.234375	342.295776
3959.815430	322.518585
3957.396484	357.522003
3954.975586	333.622772
3952.554688	337.619354
3950.131836	356.061523
3947.708984	354.887512
3945.284180	368.151611
3942.859375	388.620789
3940.432617	360.644104
3938.005859	362.559692
3935.577148	404.627502
3933.148438	398.290314
3930.718750	385.785522
3928.287109	397.970978
3925.855469	403.978973
3923.421875	421.284760
3920.988281	393.383636
3918.552734	392.198975
3916.117188	426.935150
3913.680664	413.427246
3911.242188	410.184662
3908.803711	417.195068
3906.363281	426.248993
3903.922852	426.077454
3901.480469	453.548889
3899.038086	438.015259
3896.593750	452.160645
3894.149414	475.497711
3891.703125	476.328217
3889.256836	472.049133
3886.808594	476.965424
3884.360352	477.793915
3881.910156	498.011353
3879.459961	489.649475
3877.007813	500.668304
3874.555664	495.369629
3872.101563	498.226013
3869.646484	497.006134
3867.191406	533.454712
3864.734375	528.150696
3862.277344	517.764771
3859.818359	524.672791
3857.358398	565.116150
3854.897461	545.583557
3852.436523	545.362488
3849.973633	541.080750
3847.509766	552.023560
3845.044922	579.186768
3842.579102	610.383484
3840.113281	594.932983
3837.645508	613.940369
3835.176758	593.437195
3832.707031	590.159241
3830.236328	619.263611
3827.764648	608.897278
3825.291992	624.826355
3822.818359	614.465820
3820.343750	630.379333
3817.868164	631.132568
3815.390625	665.195190
3812.913086	682.077026
3810.434570	688.859192
3807.955078	672.447693
3805.473633	690.313171
3802.992188	688.016907
3800.509766	711.902649
3798.025391	715.638184
3795.541016	706.291016
3793.054688	746.230652
3790.568359	739.894104
3788.080078	752.655212
3785.591797	738.284973
3783.101563	796.218506
3780.610352	790.874573
3778.119141	798.576904
3775.625977	832.346191
3773.131836	801.932922
3770.636719	812.626587
3768.140625	829.320862
3765.643555	808.957275
3763.145508	842.652039
3760.646484	844.307251
3758.146484	869.959778
3755.645508	860.606934
3753.143555	874.241638
3750.639648	896.853333
3748.135742	885.503601
3745.630859	903.102112
3743.124023	961.583130
3740.617188	876.435852
3738.108398	938.865906
3735.599609	930.509644
3733.088867	969.960999
3730.577148	960.602844
3728.064453	958.217346
3725.551758	995.618469
3723.037109	995.208374
3720.521484	1007.717773
3718.004883	1052.998657
3715.487305	1044.620605
3712.967773	1054.115601
3710.448242	1045.743408
3707.927734	1036.386108
3705.406250	1031.001587
3702.882813	1073.186279
3700.359375	1092.553711
3697.833984	1058.438232
3695.308594	1108.476074
3692.781250	1101.092773
3690.252930	1136.237671
3687.723633	1145.652466
3685.193359	1158.023560
3682.662109	1176.309937
3680.129883	1175.822998
3677.596680	1203.954712
3675.062500	1171.889893
3672.527344	1192.110962
3669.990234	1206.401245
3667.453125	1202.945557
3664.915039	1228.051636
3662.375000	1310.231445
3659.833984	1290.992065
3657.292969	1289.472656
3654.750000	1349.893921
3652.206055	1357.195435
3649.661133	1317.337524
3647.115234	1302.060913
3644.568359	1361.393555
3642.019531	1329.431396
3639.470703	1379.876099
3636.920898	1346.951660
3634.369141	1411.065063
3631.817383	1433.985596
3629.263672	1479.405884
3626.708984	1463.130859
3624.153320	1468.390991
3621.596680	1475.602051
3619.039063	1482.806641
3616.480469	1500.752441
3613.920898	1543.098999
3611.360352	1547.336426
3608.797852	1582.796509
3606.235352	1604.570557
3603.670898	1576.600220
3601.105469	1602.256104
3598.540039	1650.296875
3595.972656	1693.427979
3593.404297	1630.423462
3590.834961	1702.715332
3588.264648	1688.387207
3585.692383	1748.927368
3583.120117	1742.364990
3580.545898	1781.461182
3577.971680	1802.076172
3575.395508	1856.642334
3572.818359	1864.595825
3570.240234	1881.269531
3567.661133	1932.824341
3565.081055	1950.423462
3562.500000	1938.951904
3559.917969	1958.468750
3557.333984	2040.868774
3554.750000	2010.026367
3552.164063	2024.652588
3549.577148	2019.936523
3546.989258	2111.830811
3544.400391	2121.565918
3541.810547	2139.014160
3539.219727	2201.795410
3536.626953	2217.265137
3534.034180	2201.872070
3531.439453	2245.272949
3528.844727	2292.489746
3526.248047	2301.152832
3523.650391	2316.545166
3521.051758	2376.176514
3518.451172	2429.987305
3515.850586	2444.342529
3513.249023	2421.213867
3510.645508	2497.985107
3508.041016	2480.611816
3505.436523	2535.221436
3502.830078	2564.845459
3500.222656	2606.907715
3497.613281	2537.762939
3495.003906	2711.041016
3492.393555	2700.320313
3489.781250	2745.123047
3487.167969	2793.713867
3484.553711	2808.791016
3481.938477	2906.065430
3479.322266	2772.972168
3476.705078	2860.626465
3474.086914	2890.922119
3471.466797	2946.958008
3468.845703	2989.590820
3466.224609	3056.978027
3463.601563	3115.729492
3460.977539	3084.875244
3458.351563	3123.564697
3455.725586	3166.028076
3453.098633	3188.473145
3450.469727	3325.980713
3447.839844	3338.830078
3445.208984	3368.772705
3442.577148	3386.340576
3439.944336	3449.467773
3437.310547	3448.002686
3434.674805	3498.715332
3432.039063	3540.849365
3429.401367	3618.017578
3426.762695	3627.849121
3424.123047	3677.447998
3421.481445	3737.416748
3418.839844	3803.011230
3416.197266	3800.447021
3413.552734	3920.792725
3410.907227	3961.650635
3408.260742	4000.583496
3405.613281	3958.276855
3402.963867	4033.985352
3400.314453	4069.060303
3397.663086	4132.395508
3395.011719	4173.052246
3392.358398	4275.860352
3389.704102	4290.989258
3387.047852	4316.459473
3384.391602	4306.147949
3381.733398	4350.400391
3379.075195	4449.146484
3376.415039	4562.844727
3373.753906	4526.136719
3371.090820	4668.811523
3368.427734	4684.649414
3365.762695	4792.417969
3363.097656	4751.917969
3360.430664	4763.009277
3357.762695	4875.286621
3355.092773	5034.297852
3352.422852	5127.636230
3349.750977	5041.217773
3347.079102	5073.668457
3344.405273	5179.956055
3341.729492	5275.870605
3339.053711	5363.293457
3336.376953	5354.457031
3333.698242	5328.825684
3331.018555	5481.419434
3328.337891	5532.226074
3325.656250	5668.750977
3322.973633	5775.338867
3320.289063	5779.379395
3317.604492	5780.621094
3314.917969	5819.084961
3312.230469	5948.673828
3309.541016	6018.642090
3306.851563	6016.055176
3304.160156	6175.115723
3301.467773	6232.819336
3298.774414	6252.415039
3296.080078	6317.454590
3293.384766	6393.565430
3290.687500	6463.120117
3287.990234	6667.897949
3285.291016	6678.918945
3282.589844	6725.109863
3279.888672	6756.452148
3277.186523	6872.867188
3274.482422	6934.627441
3271.777344	7056.406250
3269.071289	7159.602051
3266.364258	7275.634277
3263.655273	7194.960449
3260.945313	7370.844238
3258.234375	7446.050781
3255.522461	7598.624023
3252.809570	7636.806152
3250.095703	7767.056152
3247.379883	7822.620117
3244.663086	7928.746582
3241.945313	8099.167969
3239.226563	8082.792969
3236.505859	8304.461914
3233.784180	8366.092773
3231.061523	8446.032227
3228.337891	8526.818359
3225.613281	8715.791016
3222.886719	8647.822266
3220.160156	8918.157227
3217.431641	8966.519531
3214.702148	9153.132813
3211.970703	9199.515625
3209.239258	9255.920898
3206.505859	9427.524414
3203.771484	9517.604492
3201.035156	9572.876953
3198.298828	9808.054688
3195.560547	9907.888672
3192.821289	10035.925781
3190.081055	10121.884766
3187.339844	10274.333008
3184.596680	10300.859375
3181.853516	10399.337891
3179.108398	10664.385742
3176.361328	10620.605469
3173.614258	10731.545898
3170.865234	10949.708984
3168.115234	11073.130859
3165.364258	11095.573242
3162.612305	11294.209961
3159.858398	11278.396484
3157.104492	11352.440430
3154.347656	11592.424805
3151.590820	11709.784180
3148.833008	11787.159180
3146.073242	11921.538086
3143.312500	12122.808594
3140.550781	12110.280273
3137.787109	12219.903320
3135.023438	12514.826172
3132.257813	12554.562500
3129.491211	12712.631836
3126.722656	12838.044922
3123.954102	13087.027344
3121.183594	13019.946289
3118.412109	13321.843750
3115.638672	13305.202148
3112.865234	13525.592773
3110.089844	13482.744141
3107.313477	13762.286133
3104.536133	13759.865234
3101.756836	14039.033203
3098.976563	13978.933594
3096.195313	14236.179688
3093.413086	14387.178711
3090.628906	14404.226563
3087.844727	14581.941406
3085.058594	14810.641602
3082.270508	15049.899414
3079.482422	15192.120117
3076.692383	15242.809570
3073.901367	15535.292969
3071.109375	15686.054688
3068.315430	15875.161133
3065.520508	15963.014648
3062.724609	16002.501953
3059.927734	16194.782227
3057.128906	16395.822266
3054.329102	16440.412109
3051.528320	16632.230469
3048.726563	16856.888672
3045.922852	16820.048828
3043.118164	17011.433594
3040.312500	17223.140625
3037.505859	17340.250000
3034.697266	17475.054688
3031.887695	17669.355469
3029.077148	17899.945313
3026.264648	17849.388672
3023.452148	18029.923828
3020.637695	18317.771484
3017.821289	18439.330078
3015.004883	18691.234375
3012.186523	18549.044922
3009.367188	18899.091797
3006.545898	18993.568359
3003.724609	19359.046875
3000.901367	19482.447266
2998.077148	19587.146484
2995.250977	19726.251953
2992.423828	19966.044922
2989.595703	20027.060547
2986.766602	20445.861328
2983.935547	20360.875000
2981.104492	20674.976563
2978.270508	20776.138672
2975.436523	20879.849609
2972.600586	21128.929688
2969.763672	21279.085938
2966.925781	21592.058594
2964.085938	21753.310547
2961.245117	21685.595703
2958.403320	21872.160156
2955.560547	22324.976563
2952.715820	22506.685547
2949.870117	22762.900391
2947.023438	22930.191406
2944.174805	22785.734375
2941.325195	23241.496094
2938.474609	23449.548828
2935.622070	23495.246094
2932.768555	23580.324219
2929.914063	23841.351563
2927.058594	23962.951172
2924.201172	24222.687500
2921.342773	24481.312500
2918.483398	24751.062500
2915.622070	24868.519531
2912.759766	25023.423828
2909.896484	25392.080078
2907.032227	25523.037109
2904.166016	25695.738281
2901.298828	25951.980469
2898.429688	26101.662109
2895.559570	26372.289063
2892.688477	26486.804688
2889.816406	26717.837891
2886.942383	27067.841797
2884.067383	27027.958984
2881.191406	27269.716797
2878.314453	27611.164063
2875.435547	27538.935547
2872.554688	27848.693359
2869.673828	28100.902344
2866.791016	28553.210938
2863.907227	28911.486328
2861.021484	28773.812500
2858.134766	29104.804688
2855.247070	29235.515625
2852.358398	29538.298828
2849.467773	29522.509766
2846.576172	29951.099609
2843.682617	29986.970703
2840.789063	30389.902344
2837.893555	30519.634766
2834.996094	30531.013672
2832.097656	31023.707031
2829.198242	31195.205078
2826.297852	31089.890625
2823.395508	31336.992188
2820.492188	31487.425781
2817.587891	31864.933594
2814.681641	31922.923828
2811.774414	31936.138672
2808.866211	31951.050781
2805.956055	32270.931641
2803.044922	32670.382813
2800.131836	32666.888672
2797.218750	32816.968750
2794.303711	32962.617188
2791.386719	33143.265625
2788.468750	33278.335938
2785.549805	33437.250000
2782.629883	33735.550781
2779.708008	33639.109375
2776.785156	33895.121094
2773.860352	34226.980469
2770.935547	34135.539063
2768.007813	34355.933594
2765.080078	34401.953125
2762.150391	34127.054688
2759.219727	34772.761719
2756.287109	34647.128906
2753.353516	34852.253906
2750.418945	34811.007813
2747.482422	35171.667969
2744.544922	34760.929688
2741.606445	35318.628906
2738.666016	35487.226563
2735.724609	35222.203125
2732.782227	35270.035156
2729.837891	35485.097656
2726.892578	35459.753906
2723.945313	35883.214844
2720.997070	35534.605469
2718.047852	36020.351563
2715.097656	35837.183594
2712.145508	35876.042969
2709.191406	35791.269531
2706.237305	35874.933594
2703.281250	35862.949219
2700.323242	35757.132813
2697.364258	35885.449219
2694.404297	36120.050781
2691.443359	36042.085938
2688.480469	36191.156250
2685.515625	36012.843750
2682.550781	36094.328125
2679.583984	36201.851563
2676.615234	36181.246094
2673.646484	35938.386719
2670.674805	36125.742188
2667.703125	35792.265625
2664.729492	35636.472656
2661.754883	35685.859375
2658.778320	35716.710938
2655.800781	35503.203125
2652.821289	35353.652344
2649.840820	35292.308594
2646.859375	35276.285156
2643.876953	35103.542969
2640.892578	35276.078125
2637.906250	35372.250000
2634.918945	35130.203125
2631.930664	34829.804688
2628.941406	34757.109375
2625.950195	34544.890625
2622.957031	34682.890625
2619.963867	34697.167969
2616.967773	34315.800781
2613.971680	34496.230469
2610.973633	34295.398438
2607.974609	33941.371094
2604.973633	33945.070313
2601.971680	33801.355469
2598.967773	33338.132813
2595.962891	33546.738281
2592.957031	32916.878906
2589.949219	33158.714844
2586.940430	32749.761719
2583.929688	32580.347656
2580.917969	32564.644531
2577.905273	32461.826172
2574.890625	32409.679688
2571.875000	32045.882813
2568.857422	32075.154297
2565.838867	31631.486328
2562.819336	31596.328125
2559.797852	31183.052734
2556.775391	31006.685547
2553.750977	30666.783203
2550.725586	30679.191406
2547.698242	30495.007813
2544.669922	30022.039063
2541.640625	30001.687500
2538.609375	29742.154297
2535.577148	29486.972656
2532.542969	29292.994141
2529.507813	29085.181641
2526.471680	28676.667969
2523.433594	28551.599609
2520.393555	28373.994141
2517.353516	28239.294922
2514.310547	28237.837891
2511.267578	27893.851563
2508.222656	27753.783203
2505.175781	27361.896484
2502.127930	26907.201172
2499.079102	26780.050781
2496.028320	26345.691406
2492.976563	26159.919922
2489.922852	25975.130859
2486.868164	25909.986328
2483.812500	25509.509766
2480.754883	25180.529297
2477.695313	25174.656250
2474.634766	24780.763672
2471.573242	24650.140625
2468.509766	24505.753906
2465.445313	24279.919922
2462.378906	23964.591797
2459.311523	23634.878906
2456.242188	23210.964844
2453.171875	23253.998047
2450.100586	22900.628906
2447.027344	22586.625000
2443.953125	22333.074219
2440.876953	22050.492188
2437.799805	21759.226563
2434.720703	21820.628906
2431.640625	21494.824219
2428.558594	21288.568359
2425.475586	21137.632813
2422.390625	20774.482422
2419.304688	20627.960938
2416.217773	20254.841797
2413.128906	20069.833984
2410.038086	19685.978516
2406.946289	19635.621094
2403.853516	19291.103516
2400.758789	19232.078125
2397.663086	19049.552734
2394.565430	18673.482422
2391.466797	18366.326172
2388.366211	18172.341797
2385.264648	18001.904297
2382.161133	17933.933594
2379.056641	17527.011719
2375.950195	17426.310547
2372.842773	17171.236328
2369.734375	17005.648438
2366.624023	16757.423828
2363.511719	16492.552734
2360.398438	16443.128906
2357.284180	16163.388672
2354.167969	16010.660156
2351.049805	15802.738281
2347.930664	15688.781250
2344.810547	15393.066406
2341.688477	15240.158203
2338.564453	15003.345703
2335.439453	14954.753906
2332.313477	14697.494141
2329.185547	14564.356445
2326.056641	14345.855469
2322.925781	14058.081055
2319.792969	13975.697266
2316.660156	13814.404297
2313.524414	13815.928711
2310.387695	13396.611328
2307.250000	13401.506836
2304.110352	13168.300781
2300.969727	13022.860352
2297.827148	12883.915039
2294.682617	12637.747070
2291.537109	12442.671875
2288.390625	12316.890625
2285.242188	12185.665039
2282.092773	11874.389648
2278.941406	11753.797852
2275.788086	11657.896484
2272.633789	11569.213867
2269.478516	11472.688477
2266.321289	11330.323242
2263.162109	11043.250000
2260.001953	10924.153320
2256.840820	10760.093750
2253.676758	10668.105469
2250.512695	10499.572266
2247.346680	10261.708008
2244.178711	10346.071289
2241.009766	10112.440430
2237.838867	9976.797852
2234.666992	9869.651367
2231.493164	9698.794922
2228.318359	9613.132813
2225.141602	9401.625977
2221.963867	9220.994141
2218.784180	9218.225586
2215.602539	9117.218750
2212.419922	8876.479492
2209.236328	8794.566406
2206.050781	8708.803711
2202.863281	8481.138672
2199.674805	8379.916992
2196.485352	8364.992188
2193.292969	8213.000000
2190.100586	8131.612305
2186.905273	7986.910645
2183.709961	7937.771484
2180.511719	7836.292480
2177.312500	7602.840332
2174.112305	7615.649414
2170.910156	7439.508789
2167.706055	7376.683594
2164.500977	7333.414551
2161.294922	7229.374023
2158.085938	7046.725098
2154.876953	6982.636230
2151.665039	6924.833496
2148.452148	6748.027832
2145.238281	6781.384766
2142.022461	6646.011719
2138.804688	6454.818359
2135.585938	6461.853516
2132.365234	6388.144531
2129.143555	6264.067871
2125.919922	6201.375977
2122.695313	6135.640625
2119.468750	5987.833984
2116.240234	5994.282227
2113.010742	5825.778320
2109.780273	5767.300781
2106.546875	5598.287598
2103.312500	5624.997559
2100.077148	5487.885742
2096.839844	5358.625000
2093.600586	5277.341309
2090.360352	5251.682617
2087.119141	5205.996094
2083.875000	5125.666504
2080.629883	5050.804688
2077.383789	4955.990723
2074.135742	4909.755371
2070.885742	4863.562012
2067.634766	4825.869141
2064.381836	4726.725098
2061.127930	4580.044922
2057.871094	4590.142090
2054.614258	4518.108398
2051.355469	4439.238281
2048.094727	4339.739746
2044.832031	4291.681152
2041.568359	4213.793457
2038.303711	4194.932617
2035.037109	4159.251953
2031.768555	4086.888916
2028.498047	4039.058594
2025.226563	3898.807861
2021.954102	3819.794434
2018.678711	3825.597168
2015.403320	3813.842285
2012.125000	3720.487305
2008.845703	3611.211426
2005.564453	3553.091553
2002.282227	3590.988770
1998.998047	3486.495605
1995.712891	3435.363037
1992.424805	3418.501465
1989.136719	3364.407471
1985.845703	3258.699219
1982.553711	3235.108154
1979.260742	3206.984131
1975.964844	3113.639404
1972.667969	3067.398926
1969.370117	3067.437012
1966.070313	2979.593506
1962.768555	2926.666016
1959.465820	2866.219727
1956.161133	2828.525391
1952.854492	2821.111328
1949.546875	2750.975342
1946.237305	2742.093018
1942.925781	2746.808594
1939.613281	2670.014648
1936.298828	2609.134277
1932.982422	2541.526123
1929.665039	2506.386230
1926.346680	2468.266357
1923.025391	2481.375732
1919.703125	2435.025635
1916.378906	2382.702637
1913.053711	2352.981689
1909.726563	2339.067871
1906.397461	2265.835693
1903.067383	2272.994385
1899.735352	2212.618408
1896.401367	2177.797852
1893.066406	2178.239990
1889.729492	2107.506592
1886.390625	2046.575684
1883.050781	2055.311523
1879.708984	2017.655151
1876.365234	1965.079590
1873.020508	1949.923584
1869.673828	1966.903320
1866.326172	1906.213501
1862.975586	1871.702271
1859.624023	1849.158813
1856.271484	1822.908691
1852.916016	1788.486206
1849.559570	1763.034546
1846.202148	1733.884766
1842.841797	1723.365356
1839.480469	1708.393066
1836.118164	1668.903076
1832.752930	1617.562378
1829.386719	1609.345581
1826.018555	1591.486328
1822.649414	1533.579346
1819.278320	1522.447510
1815.905273	1520.220337
1812.531250	1439.464966
1809.154297	1463.936768
1805.777344	1429.174316
1802.397461	1387.047729
1799.016602	1390.065063
1795.633789	1330.260986
1792.249023	1328.869995
1788.863281	1336.339600
1785.475586	1281.813721
1782.085938	1271.595947
1778.694336	1245.905884
1775.301758	1260.031128
1771.907227	1190.181152
1768.510742	1177.817871
1765.113281	1185.332275
1761.713867	1131.799561
1758.312500	1113.601318
1754.910156	1136.563232
1751.505859	1104.427490
1748.099609	1118.562744
1744.691406	1087.933838
1741.282227	1072.732666
1737.871094	1014.306152
1734.458008	1037.978882
1731.042969	978.894165
1727.626953	970.361145
1724.208984	981.584900
1720.790039	968.671753
1717.368164	919.966064
1713.945313	925.354065
1710.520508	885.477051
1707.093750	887.227844
1703.666016	872.932678
1700.236328	828.766174
1696.804688	832.726990
1693.371094	825.032593
1689.936523	882.849548
1686.500000	822.759888
1683.061523	785.996765
1679.622070	797.961365
1676.179688	793.207031
1672.736328	763.772400
1669.291016	769.923950
1665.844727	731.825867
1662.396484	724.937683
1658.945313	712.259338
1655.494141	690.178528
1652.040039	678.253418
1648.584961	693.832642
1645.126953	673.962463
1641.668945	664.230652
1638.208008	635.725403
1634.745117	626.743774
1631.281250	604.058655
1627.815430	608.085266
1624.347656	593.362305
1620.878906	576.491882
1617.408203	557.477295
1613.935547	560.798218
1610.460938	541.809937
1606.984375	529.313049
1603.506836	526.891785
1600.027344	528.783508
1596.545898	527.800659
1593.062500	514.617065
1589.577148	510.054962
1586.090820	467.495300
1582.602539	477.294098
1579.112305	464.161316
1575.620117	466.076233
1572.126953	442.943726
1568.630859	452.734375
1565.133789	473.237885
1561.634766	446.563507
1558.133789	424.914703
1554.631836	406.856415
1551.127930	426.627594
1547.621094	438.534943
1544.114258	411.944000
1540.604492	396.064850
1537.092773	390.881348
1533.580078	382.144745
1530.065430	389.775970
1526.548828	370.384735
1523.030273	353.144531
1519.509766	347.284668
1515.988281	335.751862
1512.463867	329.196930
1508.938477	348.176666
1505.411133	320.358978
1501.882813	337.906921
1498.351563	303.749878
1494.818359	310.672913
1491.284180	306.271606
1487.748047	305.409424
1484.209961	291.829041
1480.669922	274.024811
1477.128906	295.768402
1473.584961	272.335693
1470.040039	272.197418
1466.493164	260.782074
1462.944336	262.058472
1459.393555	257.700653
1455.840820	263.199524
1452.287109	240.557312
1448.730469	231.295532
1445.172852	253.663116
1441.613281	238.083069
1438.051758	239.365646
1434.488281	221.703751
1430.922852	210.370880
1427.356445	215.870575
1423.787109	220.664017
1420.216797	212.149368
1416.644531	205.742737
1413.070313	200.741440
1409.494141	205.532425
1405.916016	189.356445
1402.336914	184.370911
1398.754883	189.162643
1395.171875	175.112564
1391.585938	179.206650
1387.999023	191.659790
1384.410156	173.450241
1380.819336	176.842392
1377.226563	178.143372
1373.632813	158.577469
1370.036133	157.800858
1366.438477	170.920975
1362.837891	150.694229
1359.236328	141.593597
1355.632813	151.926682
1352.027344	131.740677
1348.419922	143.454086
1344.810547	135.068283
1341.199219	143.998566
1337.585938	129.393494
1333.970703	136.242615
1330.354492	130.642456
1326.735352	127.811501
1323.115234	127.054962
1319.493164	126.299141
1315.869141	109.678589
1312.242188	112.379639
1308.614258	109.565132
1304.984375	101.932358
1301.353516	108.074944
1297.719727	110.083000
1294.083984	113.464249
1290.446289	105.157738
1286.807617	96.172844
1283.166016	89.257004
1279.523438	94.014305
1275.877930	104.939529
1272.231445	92.545578
1268.582031	95.238121
1264.931641	92.449341
1261.279297	93.085678
1257.625000	84.828049
1253.968750	82.732635
1250.310547	78.589218
1246.650391	88.793663
1242.988281	78.507271
1239.324219	75.737045
1235.658203	72.287704
1231.990234	79.747581
1228.320313	59.268501
1224.648438	65.365532
1220.975586	79.622581
1217.299805	68.017876
1213.622070	69.341919
1209.943359	63.869869
1206.261719	63.836403
1202.578125	62.445431
1198.893555	59.699085
1195.206055	62.379932
1191.517578	58.958755
1187.826172	62.314445
1184.133789	54.158005
1180.438477	63.602207
1176.742188	50.043491
1173.042969	61.507591
1169.342773	53.368595
1165.639648	55.366077
1161.935547	47.913662
1158.228516	49.237377
1154.520508	50.559669
1150.809570	55.923180
1147.097656	48.486069
1143.382813	51.825771
1139.666992	51.798389
1135.948242	47.736904
1132.227539	34.943752
1128.505859	42.984940
1124.781250	41.619617
1121.055664	39.584789
1117.327148	38.222672
1113.596680	38.872627
1109.865234	44.880772
1106.130859	31.466822
1102.394531	41.487389
1098.657227	38.121376
1094.916992	36.764236
1091.174805	34.740437
1087.430664	42.734722
1083.684570	40.042484
1079.936523	32.683952
1076.186523	29.999887
1072.434570	40.644844
1068.680664	34.629589
1064.924805	35.942318
1061.166992	21.287785
1057.406250	31.249739
1053.644531	35.220245
1049.880859	31.216354
1046.114258	27.216728
1042.346680	30.519506
1038.576172	25.861383
1034.803711	25.847536
1031.030273	27.158493
1027.253906	27.143936
1023.475586	26.467688
1019.695313	27.776161
1015.913086	28.422234
1012.128906	29.728224
1008.342773	27.071161
1004.553711	25.736773
