4046.277344	149.888153
4043.892578	166.658859
4041.505859	176.022964
4039.119141	144.533279
4036.731445	174.837204
4034.342773	178.954285
4031.952148	161.099884
4029.561523	172.538849
4027.169922	159.927353
4024.777344	168.223053
4022.383789	179.645508
4019.989258	185.838669
4017.593750	177.416138
4015.197266	181.518768
4012.799805	187.703674
4010.401367	185.544556
4008.001953	177.135254
4005.601563	189.563736
4003.201172	194.694290
4000.798828	185.250458
3998.395508	208.063980
3995.991211	195.502502
3993.585938	196.464355
3991.180664	199.503540
3988.773438	211.888260
3986.365234	202.459717
3983.957031	190.962936
3981.546875	197.111526
3979.135742	215.699371
3976.724609	213.540283
3974.311523	211.382843
3971.898438	226.835281
3969.483398	227.780228
3967.068359	228.724350
3964.651367	218.287735
3962.234375	237.849030
3959.815430	235.686661
3957.396484	223.192932
3954.975586	246.860199
3952.554688	235.404327
3950.131836	223.957550
3947.708984	249.659225
3945.284180	245.434418
3942.859375	250.490326
3940.432617	231.842636
3938.005859	231.749802
3935.577148	246.071167
3933.148438	251.118439
3930.718750	257.190338
3928.287109	255.030502
3925.855469	266.235504
3923.421875	270.238770
3920.988281	262.940491
3918.552734	279.262085
3916.117188	260.676758
3913.680664	281.089478
3911.242188	256.365417
3908.803711	278.813416
3906.363281	280.750519
3903.922852	296.000946
3901.480469	281.548401
3899.038086	295.762634
3896.593750	288.482605
3894.149414	298.592102
3891.703125	312.782043
3889.256836	295.286163
3886.808594	324.785889
3884.360352	295.047943
3881.910156	302.072479
3879.459961	313.171631
3877.007813	338.537415
3874.555664	342.477753
3872.101563	344.377075
3869.646484	344.237854
3867.191406	340.026459
3864.734375	334.800751
3862.277344	345.854645
3859.818359	340.630615
3857.358398	337.443481
3854.897461	361.690399
3852.436523	357.481537
3849.973633	375.609528
3847.509766	356.176971
3845.044922	354.003815
3842.579102	356.901978
3840.113281	378.040894
3837.645508	384.979126
3835.176758	376.721222
3832.707031	401.875183
3830.236328	398.676239
3827.764648	389.411041
3825.291992	396.329987
3822.818359	405.264465
3820.343750	394.997314
3817.868164	431.189758
3815.390625	412.844940
3812.913086	432.856567
3810.434570	425.620148
3807.955078	427.463013
3805.473633	444.420593
3802.992188	432.151184
3800.509766	453.120483
3798.025391	472.059509
3795.541016	470.860687
3793.054688	476.702606
3790.568359	455.396759
3788.080078	463.249725
3785.591797	473.105042
3783.101563	498.013092
3780.610352	495.802094
3778.119141	504.628387
3775.625977	501.413361
3773.131836	523.261230
3770.636719	537.075012
3768.140625	555.885315
3765.643555	532.630310
3763.145508	552.427490
3760.646484	526.191467
3758.146484	534.975281
3755.645508	571.738892
3753.143555	538.532837
3750.639648	602.230042
3748.135742	548.073853
3745.630859	588.762695
3743.124023	625.428040
3740.617188	596.255554
3738.108398	604.980469
3735.599609	620.671875
3733.088867	623.404053
3730.577148	633.101990
3728.064453	634.831421
3725.551758	612.688293
3723.037109	657.175537
3720.521484	655.911011
3718.004883	664.581238
3715.487305	672.251099
3712.967773	684.877380
3710.448242	672.688843
3707.927734	703.155762
3705.406250	696.917419
3702.882813	693.656860
3700.359375	682.474609
3697.833984	728.728271
3695.308594	744.262512
3692.781250	737.029785
3690.252930	702.113770
3687.723633	731.477905
3685.193359	761.805542
3682.662109	787.169617
3680.129883	783.881958
3677.596680	767.767822
3675.062500	810.853149
3672.527344	792.768616
3669.990234	808.210022
3667.453125	796.052368
3664.915039	829.205627
3662.375000	797.361023
3659.833984	829.501770
3657.292969	837.026123
3654.750000	826.846924
3652.206055	849.107056
3649.661133	840.895508
3647.115234	905.354553
3644.568359	848.049072
3642.019531	883.017151
3639.470703	884.611389
3636.920898	932.278809
3634.369141	930.910950
3631.817383	906.036011
3629.263672	896.846985
3626.708984	935.620789
3624.153320	965.557556
3621.596680	932.885620
3619.039063	1006.783691
3616.480469	1022.973816
3613.920898	976.644897
3611.360352	1023.096863
3608.797852	1000.225891
3606.235352	1058.333740
3603.670898	1036.441528
3601.105469	1049.653198
3598.540039	1102.795776
3595.972656	1097.466064
3593.404297	1096.033936
3590.834961	1088.764771
3588.264648	1099.980347
3585.692383	1122.852173
3583.120117	1148.619873
3580.545898	1167.566162
3577.971680	1140.861816
3575.395508	1212.203979
3572.818359	1209.755981
3570.240234	1259.674805
3567.661133	1202.926270
3565.081055	1253.774414
3562.500000	1253.248657
3559.917969	1288.542725
3557.333984	1289.937500
3554.750000	1287.461548
3552.164063	1281.119751
3549.577148	1325.039673
3546.989258	1356.363525
3544.400391	1336.480347
3541.810547	1387.077393
3539.219727	1447.280029
3536.626953	1393.626953
3534.034180	1455.703491
3531.439453	1448.345581
3528.844727	1474.706543
3526.248047	1517.412964
3523.650391	1487.901489
3521.051758	1516.135254
3518.451172	1557.807373
3515.850586	1545.616577
3513.249023	1603.573853
3510.645508	1624.986816
3508.041016	1611.821655
3505.436523	1602.505493
3502.830078	1631.563965
3500.222656	1653.885986
3497.613281	1699.189453
3495.003906	1746.370239
3492.393555	1735.099487
3489.781250	1766.909668
3487.167969	1807.303345
3484.553711	1788.368774
3481.938477	1844.013184
3479.322266	1860.432983
3476.705078	1845.318970
3474.086914	1922.826050
3471.466797	1914.377563
3468.845703	1932.645508
3466.224609	1978.549438
3463.601563	1960.555298
3460.977539	2049.279297
3458.351563	2022.698608
3455.725586	2074.195801
3453.098633	2066.655762
3450.469727	2124.747314
3447.839844	2185.640869
3445.208984	2169.508789
3442.577148	2184.735840
3439.944336	2256.918457
3437.310547	2278.737793
3434.674805	2283.461914
3432.039063	2266.371094
3429.401367	2327.967285
3426.762695	2368.666260
3424.123047	2352.505859
3421.481445	2376.118652
3418.839844	2412.958008
3416.197266	2480.032715
3413.552734	2489.377197
3410.907227	2469.416260
3408.260742	2554.327637
3405.613281	2576.845703
3402.963867	2526.667969
3400.314453	2619.935303
3397.663086	2631.077881
3395.011719	2701.596436
3392.358398	2694.790771
3389.704102	2773.697021
3387.047852	2810.170654
3384.391602	2791.091553
3381.733398	2811.534424
3379.075195	2856.404785
3376.415039	2867.402344
3373.753906	2901.875488
3371.090820	2989.842285
3368.427734	3027.986328
3365.762695	3066.096680
3363.097656	3120.116699
3360.430664	3111.282715
3357.762695	3182.101563
3355.092773	3107.683838
3352.422852	3298.276855
3349.750977	3298.736328
3347.079102	3255.229980
3344.405273	3325.831055
3341.729492	3406.651611
3339.053711	3438.822998
3336.376953	3400.930176
3333.698242	3480.678223
3331.018555	3543.562744
3328.337891	3539.244629
3325.656250	3575.946045
3322.973633	3681.569092
3320.289063	3658.565918
3317.604492	3784.542725
3314.917969	3778.263916
3312.230469	3840.824707
3309.541016	3909.839355
3306.851563	3913.735107
3304.160156	3912.052246
3301.467773	4027.374512
3298.774414	4126.816895
3296.080078	4173.287109
3293.384766	4154.797363
3290.687500	4229.023926
3287.990234	4259.634277
3285.291016	4260.578125
3282.589844	4296.700684
3279.888672	4393.868652
3277.186523	4421.575195
3274.482422	4550.040039
3271.777344	4554.547363
3269.071289	4620.021973
3266.364258	4723.298340
3263.655273	4678.801270
3260.945313	4780.115723
3258.234375	4885.029785
3255.522461	4988.930664
3252.809570	4986.775391
3250.095703	5026.067383
3247.379883	5097.545898
3244.663086	5116.507813
3241.945313	5171.325684
3239.226563	5180.122559
3236.505859	5314.818848
3233.784180	5418.163086
3231.061523	5522.334961
3228.337891	5505.258789
3225.613281	5612.052246
3222.886719	5687.571289
3220.160156	5807.939453
3217.431641	5813.668945
3214.702148	5812.981445
3211.970703	5861.727539
3209.239258	5953.437988
3206.505859	6008.479980
3203.771484	6135.700684
3201.035156	6194.268066
3198.298828	6204.368652
3195.560547	6343.203613
3192.821289	6421.678223
3190.081055	6486.398926
3187.339844	6598.479980
3184.596680	6661.240723
3181.853516	6687.500977
3179.108398	6736.504395
3176.361328	6843.722656
3173.614258	6898.980957
3170.865234	6956.917480
3168.115234	7025.710938
3165.364258	7157.145020
3162.612305	7055.020508
3159.858398	7081.002441
3157.104492	7235.831055
3154.347656	7385.986328
3151.590820	7413.597656
3148.833008	7549.944824
3146.073242	7574.738281
3143.312500	7683.725586
3140.550781	7792.615234
3137.787109	7887.836426
3135.023438	7953.127441
3132.257813	7955.983887
3129.491211	8049.195313
3126.722656	8133.290527
3123.954102	8231.754883
3121.183594	8337.349609
3118.412109	8346.334961
3115.638672	8472.520508
3112.865234	8458.903320
3110.089844	8538.080078
3107.313477	8658.606445
3104.536133	8764.624023
3101.756836	8812.968750
3098.976563	8895.439453
3096.195313	8956.263672
3093.413086	9119.457031
3090.628906	9037.330078
3087.844727	9083.640625
3085.058594	9205.281250
3082.270508	9487.355469
3079.482422	9605.121094
3076.692383	9651.090820
3073.901367	9755.240234
3071.109375	9853.027344
3068.315430	9922.982422
3065.520508	9968.721680
3062.724609	10244.211914
3059.927734	10246.864258
3057.128906	10187.869141
3054.329102	10367.343750
3051.528320	10516.311523
3048.726563	10568.789063
3045.922852	10721.097656
3043.118164	10882.183594
3040.312500	10875.615234
3037.505859	10985.719727
3034.697266	11039.640625
3031.887695	11309.739258
3029.077148	11405.267578
3026.264648	11456.254883
3023.452148	11577.398438
3020.637695	11622.041016
3017.821289	11655.986328
3015.004883	11843.432617
3012.186523	11824.905273
3009.367188	11911.908203
3006.545898	12299.288086
3003.724609	12332.842773
3000.901367	12384.075195
2998.077148	12599.892578
2995.250977	12612.025391
2992.423828	12694.891602
2989.595703	12693.705078
2986.766602	13020.321289
2983.935547	12943.030273
2981.104492	13177.428711
2978.270508	13327.789063
2975.436523	13493.005859
2972.600586	13326.583008
2969.763672	13533.946289
2966.925781	13686.508789
2964.085938	13768.497070
2961.245117	13956.015625
2958.403320	14013.172852
2955.560547	14210.081055
2952.715820	14327.709961
2949.870117	14366.165039
2947.023438	14532.787109
2944.174805	14734.365234
2941.325195	14799.774414
2938.474609	14677.453125
2935.622070	15001.404297
2932.768555	14936.045898
2929.914063	15030.131836
2927.058594	15349.980469
2924.201172	15338.790039
2921.342773	15428.185547
2918.483398	15522.742188
2915.622070	15779.744141
2912.759766	15860.076172
2909.896484	15908.901367
2907.032227	16043.201172
2904.166016	16292.517578
2901.298828	16444.828125
2898.429688	16427.052734
2895.559570	16624.455078
2892.688477	16623.150391
2889.816406	16766.318359
2886.942383	16857.156250
2884.067383	16940.953125
2881.191406	17086.380859
2878.314453	17215.166016
2875.435547	17483.646484
2872.554688	17550.501953
2869.673828	17569.570313
2866.791016	17960.667969
2863.907227	18067.945313
2861.021484	18147.396484
2858.134766	18060.482422
2855.247070	18330.306641
2852.358398	18365.386719
2849.467773	18505.085938
2846.576172	18559.064453
2843.682617	18905.937500
2840.789063	18829.250000
2837.893555	19116.107422
2834.996094	19075.626953
2832.097656	19257.730469
2829.198242	19425.007813
2826.297852	19447.339844
2823.395508	19553.208984
2820.492188	19547.037109
2817.587891	19950.548828
2814.681641	19721.376953
2811.774414	19870.763672
2808.866211	20034.623047
2805.956055	20195.751953
2803.044922	20479.531250
2800.131836	20448.886719
2797.218750	20490.335938
2794.303711	20508.585938
2791.386719	20701.683594
2788.468750	20800.351563
2785.549805	20960.587891
2782.629883	21014.523438
2779.708008	21141.134766
2776.785156	21047.818359
2773.860352	21373.480469
2770.935547	21451.888672
2768.007813	21684.818359
2765.080078	21547.857422
2762.150391	21591.072266
2759.219727	21832.988281
2756.287109	21943.378906
2753.353516	22182.349609
2750.418945	22057.363281
2747.482422	22253.480469
2744.544922	22215.371094
2741.606445	22429.941406
2738.666016	22472.550781
2735.724609	22259.289063
2732.782227	22663.824219
2729.837891	22623.882813
2726.892578	22687.519531
2723.945313	22758.726563
2720.997070	22729.798828
2718.047852	23060.281250
2715.097656	22978.701172
2712.145508	23050.466797
2709.191406	22937.630859
2706.237305	23177.707031
2703.281250	23196.832031
2700.323242	23056.164063
2697.364258	23359.210938
2694.404297	23216.894531
2691.443359	23368.472656
2688.480469	23312.333984
2685.515625	23233.464844
2682.550781	23442.134766
2679.583984	23562.972656
2676.615234	23531.242188
2673.646484	23289.906250
2670.674805	23413.992188
2667.703125	23429.453125
2664.729492	23548.304688
2661.754883	23575.441406
2658.778320	23432.871094
2655.800781	23216.539063
2652.821289	23321.814453
2649.840820	23344.781250
2646.859375	23288.066406
2643.876953	23274.136719
2640.892578	23303.773438
2637.906250	23442.226563
2634.918945	23344.531250
2631.930664	23061.203125
2628.941406	23132.662109
2625.950195	23112.111328
2622.957031	23157.570313
2619.963867	23158.722656
2616.967773	23128.984375
2613.971680	22824.792969
2610.973633	22770.203125
2607.974609	22793.171875
2604.973633	22536.179688
2601.971680	22687.464844
2598.967773	22409.099609
2595.962891	22284.068359
2592.957031	22342.929688
2589.949219	22179.791016
2586.940430	21889.671875
2583.929688	21995.119141
2580.917969	21913.689453
2577.905273	21879.623047
2574.890625	21884.556641
2571.875000	21751.044922
2568.857422	21553.017578
2565.838867	21325.351563
2562.819336	21382.654297
2559.797852	21300.062500
2556.775391	21057.914063
2553.750977	20898.650391
2550.725586	20671.767578
2547.698242	20426.914063
2544.669922	20421.689453
2541.640625	20182.939453
2538.609375	20153.072266
2535.577148	20174.341797
2532.542969	20087.636719
2529.507813	19951.583984
2526.471680	19604.064453
2523.433594	19632.927734
2520.393555	19421.578125
2517.353516	19309.896484
2514.310547	19365.953125
2511.267578	18998.933594
2508.222656	18941.767578
2505.175781	18831.306641
2502.127930	18542.943359
2499.079102	18436.855469
2496.028320	18162.857422
2492.976563	18156.144531
2489.922852	17949.654297
2486.868164	17898.839844
2483.812500	17509.414063
2480.754883	17543.052734
2477.695313	17383.785156
2474.634766	17108.660156
2471.573242	17056.689453
2468.509766	16900.294922
2465.445313	16760.355469
2462.378906	16689.029297
2459.311523	16683.779297
2456.242188	16131.103516
2453.171875	16170.074219
2450.100586	15961.585938
2447.027344	15750.032227
2443.953125	15693.973633
2440.876953	15464.846680
2437.799805	15395.151367
2434.720703	15227.263672
2431.640625	15159.354492
2428.558594	14890.315430
2425.475586	14748.015625
2422.390625	14492.374023
2419.304688	14437.061523
2416.217773	14283.817383
2413.128906	14115.332031
2410.038086	13913.830078
2406.946289	13849.973633
2403.853516	13750.610352
2400.758789	13567.315430
2397.663086	13242.067383
2394.565430	13101.138672
2391.466797	13072.474609
2388.366211	12853.529297
2385.264648	12646.872070
2382.161133	12602.333008
2379.056641	12317.866211
2375.950195	12345.951172
2372.842773	12151.159180
2369.734375	12063.493164
2366.624023	11822.387695
2363.511719	11734.143555
2360.398438	11637.947266
2357.284180	11446.324219
2354.167969	11311.033203
2351.049805	11185.487305
2347.930664	11078.488281
2344.810547	10949.955078
2341.688477	10799.116211
2338.564453	10571.576172
2335.439453	10596.250977
2332.313477	10512.146484
2329.185547	10400.942383
2326.056641	10197.165039
2322.925781	10103.771484
2319.792969	9957.784180
2316.660156	9817.512695
2313.524414	9773.856445
2310.387695	9512.646484
2307.250000	9454.826172
2304.110352	9282.390625
2300.969727	9169.806641
2297.827148	9217.230469
2294.682617	9004.583984
2291.537109	8826.309570
2288.390625	8873.023438
2285.242188	8737.850586
2282.092773	8564.704102
2278.941406	8467.082031
2275.788086	8316.420898
2272.633789	8215.037109
2269.478516	8118.499512
2266.321289	7968.996582
2263.162109	7986.628906
2260.001953	7878.458984
2256.840820	7768.015625
2253.676758	7679.012695
2250.512695	7515.832520
2247.346680	7345.696289
2244.178711	7361.187500
2241.009766	7250.443848
2237.838867	7228.900879
2234.666992	7093.097656
2231.493164	6855.012695
2228.318359	6818.718262
2225.141602	6669.125977
2221.963867	6588.896484
2218.784180	6603.878906
2215.602539	6471.095703
2212.419922	6363.571777
2209.236328	6275.776367
2206.050781	6306.564453
2202.863281	6131.803711
2199.674805	6088.141602
2196.485352	5984.174805
2193.292969	5891.270508
2190.100586	5766.351563
2186.905273	5758.150879
2183.709961	5632.626465
2180.511719	5601.819336
2177.312500	5515.556152
2174.112305	5430.153320
2170.910156	5454.130371
2167.706055	5242.416016
2164.500977	5126.058594
2161.294922	5212.508789
2158.085938	5089.258301
2154.876953	5013.634277
2151.665039	4929.516113
2148.452148	4845.476074
2145.238281	4819.068848
2142.022461	4787.243164
2138.804688	4749.229492
2135.585938	4642.903809
2132.365234	4529.690430
2129.143555	4491.071777
2125.919922	4461.019531
2122.695313	4456.575684
2119.468750	4367.678711
2116.240234	4285.060059
2113.010742	4189.358398
2109.780273	4216.768066
2106.546875	4120.413574
2103.312500	4036.517334
2100.077148	4004.464600
2096.839844	3865.870605
2093.600586	3898.764404
2090.360352	3819.756104
2087.119141	3741.593018
2083.875000	3693.562988
2080.629883	3566.995850
2077.383789	3643.069092
2074.135742	3565.133545
2070.885742	3480.347168
2067.634766	3458.693359
2064.381836	3360.201904
2061.127930	3374.729248
2057.871094	3316.297119
2054.614258	3237.197510
2051.355469	3186.555176
2048.094727	3201.133057
2044.832031	3129.095459
2041.568359	3056.359863
2038.303711	2958.426514
2035.037109	3020.527588
2031.768555	2965.537842
2028.498047	2894.543945
2025.226563	2856.476563
2021.954102	2751.229736
2018.678711	2760.598633
2015.403320	2710.437744
2012.125000	2661.086670
2008.845703	2636.176758
2005.564453	2583.096680
2002.282227	2613.843750
1998.998047	2526.567383
1995.712891	2488.831055
1992.424805	2499.042480
1989.136719	2423.346436
1985.845703	2325.688477
1982.553711	2332.923096
1979.260742	2292.329590
1975.964844	2263.154541
1972.667969	2232.489990
1969.370117	2195.790771
1966.070313	2140.943604
1962.768555	2152.784424
1959.465820	2097.252441
1956.161133	2065.980957
1952.854492	2052.885986
1949.546875	1943.065186
1946.237305	1965.544312
1942.925781	1931.373413
1939.613281	1917.610840
1936.298828	1885.003296
1932.982422	1853.180420
1929.665039	1831.184082
1926.346680	1812.221069
1923.025391	1770.690430
1919.703125	1771.338135
1916.378906	1742.652100
1913.053711	1739.552612
1909.726563	1689.118042
1906.397461	1666.519653
1903.067383	1710.000366
1899.735352	1609.381714
1896.401367	1584.603027
1893.066406	1552.352051
1889.729492	1544.106201
1886.390625	1480.453857
1883.050781	1486.470703
1879.708984	1464.053101
1876.365234	1426.701660
1873.020508	1420.776001
1869.673828	1342.394653
1866.326172	1352.941162
1862.975586	1371.686157
1859.624023	1352.369873
1856.271484	1312.196045
1852.916016	1255.666382
1849.559570	1284.102905
1846.202148	1241.786011
1842.841797	1238.947876
1839.480469	1180.330811
1836.118164	1213.950439
1832.752930	1142.027344
1829.386719	1180.087769
1826.018555	1163.180542
1822.649414	1143.321655
1819.278320	1107.167114
1815.905273	1080.683228
1812.531250	1044.593750
1809.154297	1055.930176
1805.777344	1009.525513
1802.397461	1011.990051
1799.016602	998.924438
1795.633789	998.434753
1792.249023	948.454163
1788.863281	956.110352
1785.475586	924.647400
1782.085938	938.207642
1778.694336	886.141357
1775.301758	889.390381
1771.907227	862.439392
1768.510742	879.682739
1765.113281	870.420898
1761.713867	836.163757
1758.312500	837.957458
1754.910156	780.239258
1751.505859	789.401306
1748.099609	788.278503
1744.691406	770.283569
1741.282227	728.109070
1737.871094	765.126892
1734.458008	722.995911
1731.042969	721.906982
1727.626953	694.474182
1724.208984	709.491333
1720.790039	679.166870
1717.368164	682.484741
1713.945313	645.629822
1710.520508	638.740662
1707.093750	642.072815
1703.666016	630.816040
1700.236328	610.823242
1696.804688	624.363098
1693.371094	601.480042
1689.936523	601.181946
1686.500000	601.611328
1683.061523	579.499939
1679.622070	582.119385
1676.179688	578.198547
1672.736328	547.418640
1669.291016	543.518433
1665.844727	549.050720
1662.396484	515.430664
1658.945313	540.534546
1655.494141	552.577393
1652.040039	509.594879
1648.584961	484.742310
1645.126953	462.806854
1641.668945	459.685181
1638.208008	459.456085
1634.745117	446.952087
1631.281250	462.606445
1627.815430	450.112946
1624.347656	440.515625
1620.878906	438.854431
1617.408203	405.503510
1613.935547	423.298248
1610.460938	413.732697
1606.984375	399.142303
1603.506836	386.722748
1600.027344	382.218506
1596.545898	380.590942
1593.062500	366.763336
1589.577148	369.449097
1586.090820	366.395844
1582.602539	365.495483
1579.112305	341.674316
1575.620117	333.627533
1572.126953	320.579620
1568.630859	337.583923
1565.133789	315.968506
1561.634766	317.238708
1558.133789	288.513519
1554.631836	297.647583
1551.127930	306.058929
1547.621094	295.921967
1544.114258	282.944244
1540.604492	279.239960
1537.092773	261.299561
1533.580078	280.381805
1530.065430	263.169922
1526.548828	271.568054
1523.030273	254.377747
1519.509766	250.698334
1515.988281	243.473343
1512.463867	253.282974
1508.938477	237.554352
1505.411133	245.230560
1501.882813	234.480484
1498.351563	218.784882
1494.818359	225.043243
1491.284180	214.319382
1487.748047	216.331680
1484.209961	198.556808
1480.669922	223.881088
1477.128906	212.473251
1473.584961	194.021545
1470.040039	198.154068
1466.493164	189.595627
1462.944336	183.159149
1459.393555	194.331635
1455.840820	194.232788
1452.287109	175.142609
1448.730469	173.647400
1445.172852	168.640305
1441.613281	169.256699
1438.051758	168.468491
1434.488281	166.277817
1430.922852	157.778168
1427.356445	152.791504
1423.787109	146.408829
1420.216797	147.034210
1416.644531	137.161819
1413.070313	151.780121
1409.494141	137.720703
1405.916016	137.650253
1402.336914	134.087936
1398.754883	133.321274
1395.171875	135.345963
1391.585938	131.790100
1387.999023	127.540878
1384.410156	124.689125
1380.819336	116.270393
1377.226563	122.473572
1373.632813	122.410683
1370.036133	119.567169
1366.438477	110.473312
1362.837891	113.888733
1359.236328	104.112946
1355.632813	103.365639
1352.027344	97.765457
1348.419922	106.724297
1344.810547	92.123497
1341.199219	102.460518
1337.585938	93.412415
1333.970703	94.055809
1330.354492	84.330048
1326.735352	93.267853
1323.115234	91.148125
1319.493164	91.791183
1315.869141	91.053925
1312.242188	88.938484
1308.614258	87.514290
1304.984375	85.402786
1301.353516	82.605049
1297.719727	74.306023
1294.083984	77.705818
1290.446289	74.916298
1286.807617	72.129631
1283.166016	71.405602
1279.523438	71.368523
1275.877930	70.645569
1272.231445	60.326008
1268.582031	66.461136
1264.931641	63.002514
1261.279297	64.338631
1257.625000	63.621037
1253.968750	57.434227
1250.310547	59.454453
1246.650391	62.155567
1242.988281	55.979099
1239.324219	53.220623
1235.658203	61.376354
1231.990234	53.846661
1228.320313	49.049793
1224.648438	58.556625
1220.975586	48.317974
1217.299805	47.612514
1213.622070	48.947235
1209.943359	50.959999
1206.261719	53.649742
1202.578125	49.549091
1198.893555	43.417519
1195.206055	53.565380
1191.517578	43.371960
1187.826172	40.639858
1184.133789	42.649429
1180.438477	42.627010
1176.742188	41.252068
1173.042969	36.499012
1169.342773	38.506454
1165.639648	40.511765
1161.935547	36.441376
1158.228516	33.049747
1154.520508	37.077091
1150.809570	33.688663
1147.097656	31.650627
1143.382813	35.672283
1139.666992	41.035088
1135.948242	32.945187
1132.227539	31.583775
1128.505859	33.581985
1124.781250	30.879070
1121.055664	28.179003
1117.327148	24.811207
1113.596680	28.819361
1109.865234	29.473940
1106.130859	35.483864
1102.394531	27.435209
1098.657227	29.427027
1094.916992	28.074509
1091.174805	25.387243
1087.430664	24.706011
1083.684570	26.694988
1079.936523	22.011641
1076.186523	27.333231
1072.434570	24.653429
1068.680664	27.304100
1064.924805	24.627142
1061.166992	21.953028
1057.406250	15.957314
1053.644531	21.929586
1049.880859	21.917866
1046.114258	25.889082
1042.346680	19.904026
1038.576172	21.219597
1034.803711	20.545477
1031.030273	15.235252
1027.253906	17.213228
1023.475586	15.880612
1019.695313	21.824127
1015.913086	17.846519
1012.128906	24.443207
1008.342773	21.128712
1004.553711	13.198345
