4046.277344	212.778290
4043.892578	230.597153
4041.505859	239.936066
4039.119141	220.989273
4036.731445	215.667450
4034.342773	228.140549
4031.952148	243.742020
4029.561523	239.462997
4027.169922	238.323120
4024.777344	241.363510
4022.383789	252.757050
4019.989258	248.480927
4017.593750	270.298706
4015.197266	229.506485
4012.799805	249.228775
4010.401367	268.935364
4008.001953	267.786835
4005.601563	267.680664
4003.201172	261.327637
4000.798828	272.672028
3998.395508	250.717102
3995.991211	284.934479
3993.585938	277.544861
3991.180664	277.434601
3988.773438	299.136383
3986.365234	266.831543
3983.957031	285.406555
3981.546875	298.779572
3979.135742	297.623657
3976.724609	306.834564
3974.311523	315.001892
3971.898438	298.303925
3969.483398	304.397217
3967.068359	322.904968
3964.651367	303.119934
3962.234375	311.271973
3959.815430	340.091705
3957.396484	317.223297
3954.975586	340.852997
3952.554688	335.554413
3950.131836	352.965332
3947.708984	339.412750
3945.284180	334.120789
3942.859375	348.418640
3940.432617	334.883820
3938.005859	365.649689
3935.577148	370.651154
3933.148438	377.706818
3930.718750	351.836395
3928.287109	361.978790
3925.855469	381.364380
3923.421875	392.514099
3920.988281	360.516083
3918.552734	368.584900
3916.117188	389.988861
3913.680664	385.728638
3911.242188	390.700897
3908.803711	373.117950
3906.363281	399.608429
3903.922852	377.938904
3901.480469	384.953461
3899.038086	423.687653
3896.593750	431.700897
3894.149414	430.504364
3891.703125	412.954071
3889.256836	439.353088
3886.808594	435.090515
3884.360352	437.977753
3881.910156	420.452209
3879.459961	438.644318
3877.007813	461.920044
3874.555664	417.904419
3872.101563	469.697723
3869.646484	462.378662
3867.191406	481.534485
3864.734375	472.180969
3862.277344	491.317047
3859.818359	500.269440
3857.358398	508.197998
3854.897461	494.784332
3852.436523	493.568268
3849.973633	510.625916
3847.509766	505.345123
3845.044922	500.068451
3842.579102	516.088379
3840.113281	522.973450
3837.645508	537.957703
3835.176758	514.447266
3832.707031	544.606628
3830.236328	556.527771
3827.764648	570.461853
3825.291992	602.583374
3822.818359	581.114868
3820.343750	603.103333
3817.868164	592.759705
3815.390625	586.461914
3812.913086	613.465759
3810.434570	618.258667
3807.955078	611.957642
3805.473633	609.692627
3802.992188	644.701050
3800.509766	600.132935
3798.025391	675.377258
3795.541016	679.125977
3793.054688	639.626282
3790.568359	647.407349
3788.080078	660.206238
3785.591797	699.110657
3783.101563	730.954651
3780.610352	696.531677
3778.119141	700.259644
3775.625977	708.998474
3773.131836	751.812134
3770.636719	736.474182
3768.140625	747.190002
3765.643555	750.888611
3763.145508	769.595520
3760.646484	777.282898
3758.146484	768.964417
3755.645508	766.649841
3753.143555	786.317871
3750.639648	828.940186
3748.135742	792.660522
3745.630859	849.215393
3743.124023	885.773682
3740.617188	851.508789
3738.108398	880.062195
3735.599609	888.666626
3733.088867	894.276123
3730.577148	888.930908
3728.064453	885.579895
3725.551758	879.247498
3723.037109	912.688599
3720.521484	930.201050
3718.004883	924.850708
3715.487305	916.525513
3712.967773	936.991638
3710.448242	933.628662
3707.927734	991.757080
3705.406250	932.858215
3702.882813	955.264648
3700.359375	981.614380
3697.833984	985.169373
3695.308594	1030.288940
3692.781250	1049.649048
3690.252930	1027.459473
3687.723633	1013.195740
3685.193359	1048.347168
3682.662109	1076.555664
3680.129883	1064.262939
3677.596680	1094.414551
3675.062500	1047.598511
3672.527344	1097.452026
3669.990234	1082.212891
3667.453125	1131.024902
3664.915039	1101.011719
3662.375000	1179.306763
3659.833984	1158.153687
3657.292969	1182.262451
3654.750000	1184.721191
3652.206055	1183.246460
3649.661133	1202.401978
3647.115234	1188.155151
3644.568359	1222.996704
3642.019531	1230.337280
3639.470703	1274.938843
3636.920898	1215.589600
3634.369141	1273.878174
3631.817383	1275.306885
3629.263672	1290.441406
3626.708984	1305.562866
3624.153320	1338.280396
3621.596680	1379.770996
3619.039063	1339.120117
3616.480469	1314.135498
3613.920898	1381.952515
3611.360352	1430.187866
3608.797852	1435.446045
3606.235352	1440.699463
3603.670898	1470.323486
3601.105469	1481.404663
3598.540039	1483.708496
3595.972656	1487.957520
3593.404297	1540.871826
3590.834961	1587.903687
3588.264648	1570.705811
3585.692383	1595.325073
3583.120117	1598.544556
3580.545898	1613.417236
3577.971680	1665.172852
3575.395508	1661.563843
3572.818359	1729.747314
3570.240234	1714.476563
3567.661133	1733.144409
3565.081055	1766.329834
3562.500000	1790.770264
3559.917969	1765.816650
3557.333984	1827.008179
3554.750000	1850.423706
3552.164063	1872.852051
3549.577148	1881.730347
3546.989258	1890.600708
3544.400391	1930.364258
3541.810547	1921.830933
3539.219727	2004.965332
3536.626953	1984.833374
3534.034180	2063.050049
3531.439453	2096.873047
3528.844727	2105.622803
3526.248047	2113.401855
3523.650391	2193.355469
3521.051758	2141.444824
3518.451172	2116.502441
3515.850586	2197.312988
3513.249023	2254.995605
3510.645508	2283.817139
3508.041016	2299.173828
3505.436523	2357.698242
3502.830078	2332.724121
3500.222656	2351.873779
3497.613281	2345.130615
3495.003906	2401.618408
3492.393555	2460.930176
3489.781250	2435.961670
3487.167969	2485.640137
3484.553711	2508.498047
3481.938477	2516.996826
3479.322266	2587.597656
3476.705078	2641.900879
3474.086914	2614.050537
3471.466797	2621.532959
3468.845703	2688.151611
3466.224609	2690.827148
3463.601563	2785.951904
3460.977539	2790.487793
3458.351563	2875.965088
3455.725586	2862.371094
3453.098633	2866.866455
3450.469727	2898.938965
3447.839844	2931.934082
3445.208984	3031.420410
3442.577148	3033.933350
3439.944336	3029.796631
3437.310547	3085.454834
3434.674805	3126.834473
3432.039063	3154.902344
3429.401367	3199.059326
3426.762695	3212.858887
3424.123047	3240.851563
3421.481445	3268.819824
3418.839844	3313.795654
3416.197266	3375.757813
3413.552734	3422.539063
3410.907227	3439.037842
3408.260742	3518.812988
3405.613281	3537.143311
3402.963867	3580.940674
3400.314453	3607.717773
3397.663086	3675.021729
3395.011719	3739.439209
3392.358398	3837.721191
3389.704102	3849.269775
3387.047852	3799.614258
3384.391602	3906.210693
3381.733398	3984.496338
3379.075195	3984.675293
3376.415039	4048.760986
3373.753906	4087.426270
3371.090820	4170.191406
3368.427734	4144.004883
3365.762695	4241.684082
3363.097656	4284.885254
3360.430664	4317.736816
3357.762695	4402.094238
3355.092773	4481.695801
3352.422852	4517.225586
3349.750977	4557.402832
3347.079102	4620.929688
3344.405273	4660.090332
3341.729492	4868.380859
3339.053711	4813.043945
3336.376953	4817.517578
3333.698242	5021.734863
3331.018555	5015.848633
3328.337891	5056.596680
3325.656250	5087.985840
3322.973633	5229.300293
3320.289063	5138.571289
3317.604492	5354.220215
3314.917969	5432.882813
3312.230469	5447.292480
3309.541016	5510.967285
3306.851563	5536.480469
3304.160156	5613.994629
3301.467773	5721.156250
3298.774414	5740.043457
3296.080078	5761.696777
3293.384766	5954.900391
3290.687500	5922.672363
3287.990234	6095.251953
3285.291016	5991.669434
3282.589844	6178.879883
3279.888672	6297.446777
3277.186523	6245.706543
3274.482422	6317.907715
3271.777344	6401.135742
3269.071289	6421.470215
3266.364258	6542.437988
3263.655273	6519.308105
3260.945313	6693.638184
3258.234375	6722.103516
3255.522461	6827.054688
3252.809570	6844.376953
3250.095703	6968.521973
3247.379883	6995.891602
3244.663086	7070.166992
3241.945313	7173.811523
3239.226563	7315.061035
3236.505859	7272.377930
3233.784180	7402.434570
3231.061523	7416.677734
3228.337891	7534.623535
3225.613281	7600.169922
3222.886719	7691.334961
3220.160156	7807.168457
3217.431641	7873.421387
3214.702148	7983.576172
3211.970703	8041.451660
3209.239258	8132.216797
3206.505859	8221.986328
3203.771484	8289.733398
3201.035156	8340.054688
3198.298828	8456.101563
3195.560547	8572.958008
3192.821289	8714.352539
3190.081055	8698.708008
3187.339844	8856.334961
3184.596680	8893.503906
3181.853516	8978.015625
3179.108398	9100.701172
3176.361328	9195.967773
3173.614258	9314.806641
3170.865234	9394.430664
3168.115234	9581.258789
3165.364258	9586.175781
3162.612305	9635.593750
3159.858398	9799.367188
3157.104492	9778.762695
3154.347656	9921.460938
3151.590820	10072.191406
3148.833008	10162.969727
3146.073242	10296.245117
3143.312500	10452.945313
3140.550781	10481.877930
3137.787109	10710.737305
3135.023438	10746.760742
3132.257813	10799.021484
3129.491211	10862.076172
3126.722656	11060.552734
3123.954102	11182.114258
3121.183594	11314.394531
3118.412109	11438.438477
3115.638672	11422.620117
3112.865234	11578.044922
3110.089844	11717.114258
3107.313477	11739.002930
3104.536133	11985.879883
3101.756836	11968.939453
3098.976563	12151.645508
3096.195313	12197.560547
3093.413086	12395.273438
3090.628906	12536.230469
3087.844727	12545.101563
3085.058594	12728.035156
3082.270508	13075.833008
3079.482422	13230.574219
3076.692383	13309.006836
3073.901367	13290.629883
3071.109375	13500.572266
3068.315430	13513.441406
3065.520508	13740.984375
3062.724609	13976.371094
3059.927734	14041.734375
3057.128906	14017.700195
3054.329102	14330.331055
3051.528320	14283.868164
3048.726563	14478.331055
3045.922852	14683.320313
3043.118164	14822.162109
3040.312500	14887.814453
3037.505859	14939.154297
3034.697266	15215.671875
3031.887695	15367.364258
3029.077148	15397.956055
3026.264648	15568.095703
3023.452148	15658.102539
3020.637695	15759.573242
3017.821289	15871.603516
3015.004883	16098.903320
3012.186523	16245.273438
3009.367188	16395.054688
3006.545898	16534.064453
3003.724609	16740.277344
3000.901367	16855.978516
2998.077148	16984.849609
2995.250977	16958.773438
2992.423828	17207.748047
2989.595703	17234.621094
2986.766602	17515.052734
2983.935547	17566.486328
2981.104492	17866.818359
2978.270508	17872.156250
2975.436523	17881.011719
2972.600586	18183.433594
2969.763672	18297.880859
2966.925781	18265.121094
2964.085938	18365.333984
2961.245117	18710.107422
2958.403320	18830.255859
2955.560547	19110.320313
2952.715820	19227.537109
2949.870117	19323.560547
2947.023438	19553.843750
2944.174805	19431.949219
2941.325195	19774.267578
2938.474609	19882.130859
2935.622070	19896.101563
2932.768555	20066.888672
2929.914063	20256.785156
2927.058594	20461.388672
2924.201172	20601.052734
2921.342773	20809.683594
2918.483398	21018.121094
2915.622070	21098.789063
2912.759766	21130.462891
2909.896484	21558.474609
2907.032227	21747.857422
2904.166016	21930.087891
2901.298828	21883.712891
2898.429688	22077.039063
2895.559570	22237.082031
2892.688477	22437.029297
2889.816406	22656.810547
2886.942383	22792.003906
2884.067383	23112.287109
2881.191406	23261.919922
2878.314453	23367.970703
2875.435547	23592.892578
2872.554688	23703.896484
2869.673828	24026.496094
2866.791016	24089.496094
2863.907227	24373.478516
2861.021484	24638.140625
2858.134766	24691.232422
2855.247070	25058.519531
2852.358398	25201.353516
2849.467773	25273.994141
2846.576172	25356.937500
2843.682617	25511.523438
2840.789063	25872.402344
2837.893555	25943.718750
2834.996094	26162.537109
2832.097656	26561.435547
2829.198242	26586.626953
2826.297852	26777.259766
2823.395508	26787.671875
2820.492188	27052.080078
2817.587891	27221.568359
2814.681641	27258.412109
2811.774414	27371.744141
2808.866211	27423.941406
2805.956055	27803.416016
2803.044922	27912.035156
2800.131836	27953.593750
2797.218750	28334.869141
2794.303711	28240.683594
2791.386719	28413.167969
2788.468750	28544.361328
2785.549805	28628.322266
2782.629883	28974.154297
2779.708008	29248.644531
2776.785156	29461.300781
2773.860352	29354.875000
2770.935547	29615.980469
2768.007813	29729.931641
2765.080078	29492.876953
2762.150391	29789.382813
2759.219727	29976.431641
2756.287109	30106.175781
2753.353516	30286.929688
2750.418945	30550.990234
2747.482422	30450.382813
2744.544922	30464.751953
2741.606445	30747.062500
2738.666016	30997.646484
2735.724609	31202.101563
2732.782227	31082.691406
2729.837891	31267.373047
2726.892578	30989.300781
2723.945313	31531.009766
2720.997070	31113.130859
2718.047852	31406.769531
2715.097656	31377.337891
2712.145508	31640.087891
2709.191406	31540.300781
2706.237305	31725.724609
2703.281250	31831.474609
2700.323242	31810.322266
2697.364258	31845.789063
2694.404297	31931.042969
2691.443359	32060.107422
2688.480469	32013.535156
2685.515625	32275.683594
2682.550781	32040.197266
2679.583984	32277.640625
2676.615234	32268.916016
2673.646484	32267.767578
2670.674805	32519.900391
2667.703125	32453.009766
2664.729492	32458.474609
2661.754883	32289.128906
2658.778320	32294.640625
2655.800781	32368.146484
2652.821289	32052.177734
2649.840820	32380.712891
2646.859375	32277.972656
2643.876953	32321.978516
2640.892578	32221.013672
2637.906250	32465.101563
2634.918945	32327.318359
2631.930664	32218.929688
2628.941406	32329.705078
2625.950195	32147.841797
2622.957031	32092.281250
2619.963867	32173.707031
2616.967773	32065.582031
2613.971680	32055.990234
2610.973633	31890.458984
2607.974609	31913.441406
2604.973633	31653.126953
2601.971680	31479.648438
2598.967773	31529.390625
2595.962891	31440.968750
2592.957031	31153.861328
2589.949219	31269.322266
2586.940430	30852.091797
2583.929688	30931.855469
2580.917969	30744.246094
2577.905273	30336.091797
2574.890625	30613.333984
2571.875000	30576.138672
2568.857422	30355.021484
2565.838867	30208.636719
2562.819336	30136.876953
2559.797852	29689.515625
2556.775391	29617.214844
2553.750977	29368.058594
2550.725586	29186.052734
2547.698242	28910.873047
2544.669922	28701.980469
2541.640625	28827.464844
2538.609375	28430.728516
2535.577148	28145.644531
2532.542969	28140.160156
2529.507813	28093.490234
2526.471680	27881.373047
2523.433594	27574.808594
2520.393555	27312.107422
2517.353516	27183.652344
2514.310547	27182.679688
2511.267578	26894.208984
2508.222656	26723.402344
2505.175781	26352.505859
2502.127930	25995.064453
2499.079102	25956.880859
2496.028320	25632.714844
2492.976563	25448.910156
2489.922852	25261.171875
2486.868164	25115.335938
2483.812500	24684.960938
2480.754883	24688.316406
2477.695313	24512.681641
2474.634766	24052.927734
2471.573242	23983.876953
2468.509766	23660.250000
2465.445313	23572.666016
2462.378906	23291.910156
2459.311523	23233.085938
2456.242188	22819.947266
2453.171875	22570.033203
2450.100586	22356.964844
2447.027344	22301.902344
2443.953125	22011.080078
2440.876953	21568.537109
2437.799805	21355.482422
2434.720703	21362.666016
2431.640625	21214.818359
2428.558594	20856.988281
2425.475586	20758.148438
2422.390625	20357.080078
2419.304688	20346.041016
2416.217773	19996.535156
2413.128906	19865.064453
2410.038086	19573.529297
2406.946289	19444.787109
2403.853516	19271.707031
2400.758789	19045.460938
2397.663086	18788.732422
2394.565430	18471.703125
2391.466797	18239.667969
2388.366211	17976.394531
2385.264648	17844.736328
2382.161133	17589.933594
2379.056641	17492.384766
2375.950195	17386.873047
2372.842773	17205.025391
2369.734375	16983.132813
2366.624023	16583.009766
2363.511719	16667.689453
2360.398438	16304.208008
2357.284180	16189.072266
2354.167969	16057.993164
2351.049805	15910.190430
2347.930664	15574.966797
2344.810547	15485.999023
2341.688477	15306.622070
2338.564453	14972.931641
2335.439453	14972.354492
2332.313477	14772.661133
2329.185547	14481.231445
2326.056641	14429.740234
2322.925781	14273.683594
2319.792969	14001.238281
2316.660156	13765.739258
2313.524414	13649.270508
2310.387695	13469.938477
2307.250000	13355.299805
2304.110352	13226.430664
2300.969727	13022.860352
2297.827148	12921.306641
2294.682617	12799.167969
2291.537109	12760.593750
2288.390625	12413.017578
2285.242188	12238.867188
2282.092773	12180.753906
2278.941406	11997.346680
2275.788086	11835.516602
2272.633789	11556.532227
2269.478516	11518.635742
2266.321289	11284.396484
2263.162109	11207.082031
2260.001953	11151.987305
2256.840820	10893.724609
2253.676758	10863.321289
2250.512695	10644.927734
2247.346680	10587.025391
2244.178711	10234.000000
2241.009766	10110.073242
2237.838867	10032.780273
2234.666992	9853.100586
2231.493164	9732.667969
2228.318359	9639.903320
2225.141602	9533.843750
2221.963867	9387.761719
2218.784180	9289.775391
2215.602539	9098.357422
2212.419922	8965.245117
2209.236328	8964.161133
2206.050781	8791.206055
2202.863281	8630.177734
2199.674805	8575.145508
2196.485352	8487.246094
2193.292969	8380.627930
2190.100586	8274.890625
2186.905273	8173.162598
2183.709961	7983.139160
2180.511719	7840.983887
2177.312500	7815.397461
2174.112305	7743.748535
2170.910156	7541.783691
2167.706055	7421.944336
2164.500977	7352.914551
2161.294922	7262.117676
2158.085938	7179.976563
2154.876953	7048.840820
2151.665039	6922.498047
2148.452148	6897.430664
2145.238281	6780.607422
2142.022461	6750.183594
2138.804688	6614.887207
2135.585938	6527.093262
2132.365234	6483.628906
2129.143555	6351.747559
2125.919922	6232.398438
2122.695313	6210.058594
2119.468750	6067.640625
2116.240234	6049.268555
2113.010742	5887.705566
2109.780273	5884.906250
2106.546875	5724.343750
2103.312500	5696.884766
2100.077148	5607.641113
2096.839844	5485.273438
2093.600586	5417.051758
2090.360352	5331.148438
2087.119141	5275.399414
2083.875000	5162.664063
2080.629883	5144.023926
2077.383789	5059.176758
2074.135742	5094.477051
2070.885742	4953.570801
2067.634766	4855.857910
2064.381836	4782.062012
2061.127930	4699.884766
2057.871094	4686.122070
2054.614258	4577.971191
2051.355469	4526.687988
2048.094727	4506.121582
2044.832031	4448.020996
2041.568359	4342.482422
2038.303711	4246.230469
2035.037109	4202.872559
2031.768555	4204.684082
2028.498047	4039.823242
2025.226563	4040.179688
2021.954102	3909.159668
2018.678711	3898.124023
2015.403320	3815.368408
2012.125000	3725.063477
2008.845703	3683.633789
2005.564453	3775.588379
2002.282227	3634.400391
1998.998047	3558.052490
1995.712891	3438.406494
1992.424805	3516.607422
1989.136719	3337.802246
1985.845703	3293.648926
1982.553711	3323.959717
1979.260742	3256.322510
1975.964844	3198.611816
1972.667969	3136.405762
1969.370117	3120.493652
1966.070313	3061.413086
1962.768555	3000.873779
1959.465820	2970.666016
1956.161133	2923.843506
1952.854492	2855.137207
1949.546875	2853.759033
1946.237305	2770.042725
1942.925781	2770.214600
1939.613281	2663.977295
1936.298828	2683.810303
1932.982422	2644.815674
1929.665039	2603.597168
1926.346680	2545.093506
1923.025391	2498.691162
1919.703125	2445.560303
1916.378906	2476.717041
1913.053711	2431.915527
1909.726563	2399.178955
1906.397461	2422.799561
1903.067383	2297.015381
1899.735352	2237.378174
1896.401367	2261.040283
1893.066406	2189.483398
1889.729492	2147.963379
1886.390625	2134.189941
1883.050781	2143.631592
1879.708984	2102.939697
1876.365234	2003.962402
1873.020508	2014.198486
1869.673828	1982.590698
1866.326172	1976.399170
1862.975586	1935.883545
1859.624023	1878.250000
1856.271484	1854.222412
1852.916016	1836.179199
1849.559570	1815.918213
1846.202148	1768.130615
1842.841797	1770.988647
1839.480469	1717.318115
1836.118164	1707.559082
1832.752930	1690.378784
1829.386719	1636.824097
1826.018555	1631.570435
1822.649414	1599.611572
1819.278320	1565.458618
1815.905273	1554.315918
1812.531250	1514.290405
1809.154297	1486.891724
1805.777344	1461.739624
1802.397461	1429.213989
1799.016602	1398.937866
1795.633789	1417.466919
1792.249023	1362.110229
1788.863281	1360.703735
1785.475586	1348.966797
1782.085938	1316.588501
1778.694336	1276.869263
1775.301758	1302.032104
1771.907227	1249.100952
1768.510742	1243.333984
1765.113281	1204.462402
1761.713867	1165.628418
1758.312500	1208.422852
1754.910156	1184.317993
1751.505859	1131.597656
1748.099609	1128.104370
1744.691406	1112.876343
1741.282227	1054.401611
1737.871094	1042.155640
1734.458008	1044.571655
1731.042969	1035.270264
1727.626953	1002.560181
1724.208984	973.539124
1720.790039	1027.888672
1717.368164	958.693787
1713.945313	945.803894
1710.520508	935.846313
1707.093750	906.198181
1703.666016	915.959473
1700.236328	906.030212
1696.804688	892.467651
1693.371094	871.636353
1689.936523	853.736633
1686.500000	864.225281
1683.061523	812.172424
1679.622070	821.217041
1676.179688	812.819275
1672.736328	794.265198
1669.291016	741.623230
1665.844727	773.167847
1662.396484	735.086792
1658.945313	741.242432
1655.494141	713.353516
1652.040039	712.274658
1648.584961	697.450134
1645.126953	671.069946
1641.668945	651.943420
1638.208008	656.675415
1634.745117	652.015747
1631.281250	627.874573
1627.815430	634.053345
1624.347656	622.922241
1620.878906	588.742310
1617.408203	610.776123
1613.935547	591.033813
1610.460938	570.591370
1606.984375	563.114258
1603.506836	561.394958
1600.027344	548.900269
1596.545898	509.848236
1593.062500	532.560486
1589.577148	511.489716
1586.090820	495.458984
1582.602539	508.827057
1579.112305	504.990326
1575.620117	474.667480
1572.126953	480.869446
1568.630859	467.753998
1565.133789	466.804138
1561.634766	451.565002
1558.133789	422.058136
1554.631836	439.690430
1551.127930	433.048401
1547.621094	417.856049
1544.114258	401.253418
1540.604492	397.489563
1537.092773	394.441284
1533.580078	375.740082
1530.065430	362.747711
1526.548828	383.181122
1523.030273	363.092255
1519.509766	360.068146
1515.988281	340.010895
1512.463867	368.218109
1508.938477	326.903137
1505.411133	339.495483
1501.882813	345.699310
1498.351563	329.947418
1494.818359	316.334381
1491.284180	313.344849
1487.748047	306.116394
1484.209961	308.787628
1480.669922	288.856049
1477.128906	296.474304
1473.584961	275.157837
1470.040039	272.902588
1466.493164	271.354340
1462.944336	263.467377
1459.393555	275.303131
1455.840820	259.680817
1452.287109	243.370850
1448.730469	257.307495
1445.172852	243.825760
1441.613281	245.106171
1438.051758	223.922699
1434.488281	225.211716
1430.922852	217.383255
1427.356445	221.477600
1423.787109	218.562454
1420.216797	206.548065
1416.644531	207.142349
1413.070313	207.735916
1409.494141	194.346985
1405.916016	209.619675
1402.336914	197.640030
1398.754883	194.746780
1395.171875	169.531296
1391.585938	186.876968
1387.999023	166.569778
1384.410156	173.450241
1380.819336	178.931091
1377.226563	171.880524
1373.632813	170.401230
1370.036133	165.447586
1366.438477	165.362564
1362.837891	169.444214
1359.236328	145.758118
1355.632813	158.170242
1352.027344	147.688232
1348.419922	153.156296
1344.810547	135.760941
1341.199219	135.690964
1337.585938	137.696823
1333.970703	143.850067
1330.354492	129.951218
1326.735352	138.865463
1323.115234	124.292900
1319.493164	120.087708
1315.869141	119.335823
1312.242188	113.069084
1308.614258	116.456017
1304.984375	117.084465
1301.353516	110.140068
1297.719727	98.386681
1294.083984	107.962952
1290.446289	104.470436
1286.807617	107.164024
1283.166016	99.555885
1279.523438	96.759247
1275.877930	87.792549
1272.231445	90.489014
1268.582031	87.016129
1264.931641	91.079720
1261.279297	89.663414
1257.625000	87.564438
1253.968750	90.253784
1250.310547	88.156601
1246.650391	80.597328
1242.988281	75.776581
1239.324219	80.513252
1235.658203	79.789261
1231.990234	77.021172
1228.320313	77.662170
1224.648438	72.174446
1220.975586	68.734024
1217.299805	72.779129
1213.622070	65.262978
1209.943359	67.267204
1206.261719	65.194626
1202.578125	65.160446
1198.893555	67.839874
1195.206055	58.989719
1191.517578	60.314129
1187.826172	57.573132
1184.133789	67.020531
1180.438477	60.219112
1176.742188	60.863705
1173.042969	53.396702
1169.342773	52.693043
1165.639648	54.690880
1161.935547	47.238823
1158.228516	50.586346
1154.520508	54.604443
1150.809570	53.901859
1147.097656	49.159485
1143.382813	49.133526
1139.666992	47.089447
1135.948242	45.047501
1132.227539	43.007694
1128.505859	42.984940
1124.781250	43.633469
1121.055664	41.597576
1117.327148	40.234390
1113.596680	33.510887
1109.865234	44.880772
1106.130859	38.161892
1102.394531	35.465027
1098.657227	40.127762
1094.916992	34.758915
1091.174805	42.089378
1087.430664	39.396072
1083.684570	39.375107
1079.936523	34.685009
1076.186523	39.999851
1072.434570	36.646988
1068.680664	33.963638
1064.924805	30.617529
1061.166992	33.927406
1057.406250	33.909290
1053.644531	31.233047
1049.880859	28.559643
1046.114258	23.897615
1042.346680	26.538700
1038.576172	27.850721
1034.803711	23.196507
1031.030273	32.457710
1027.253906	29.792126
1023.475586	29.114456
1019.695313	26.453487
1015.913086	25.117323
1012.128906	29.728224
1008.342773	27.071161
1004.553711	28.376442
