4046.277344	196.007584
4043.892578	227.452652
4041.505859	191.739304
4039.119141	210.515854
4036.731445	234.512192
4034.342773	199.884598
4031.952148	209.220627
4029.561523	216.457825
4027.169922	219.508133
4024.777344	216.286789
4022.383789	209.934570
4019.989258	211.939606
4017.593750	211.855743
4015.197266	225.333633
4012.799805	222.116013
4010.401367	226.197571
4008.001953	231.317795
4005.601563	267.680664
4003.201172	251.957321
4000.798828	232.083450
3998.395508	253.838058
3995.991211	239.178589
3993.585938	235.965118
3991.180664	250.418503
3988.773438	258.628326
3986.365234	259.563751
3983.957031	252.195618
3981.546875	262.469574
3979.135742	259.254059
3976.724609	266.407043
3974.311523	285.988556
3971.898438	282.767273
3969.483398	269.194824
3967.068359	247.353485
3964.651367	288.636383
3962.234375	301.964844
3959.815430	285.304901
3957.396484	296.557281
3954.975586	270.616608
3952.554688	297.352844
3950.131836	323.035522
3947.708984	303.305023
3945.284180	302.152435
3942.859375	315.432251
3940.432617	314.275574
3938.005859	315.179718
3935.577148	333.586029
3933.148438	328.306488
3930.718750	340.520020
3928.287109	329.071625
3925.855469	309.408813
3923.421875	349.358093
3920.988281	330.729858
3918.552734	353.184418
3916.117188	337.648254
3913.680664	361.107666
3911.242188	347.631500
3908.803711	353.642029
3906.363281	378.091034
3903.922852	367.696655
3901.480469	346.048584
3899.038086	368.424042
3896.593750	373.390594
3894.149414	381.420746
3891.703125	376.156189
3889.256836	406.657043
3886.808594	379.938202
3884.360352	398.161591
3881.910156	391.877808
3879.459961	390.699463
3877.007813	388.502289
3874.555664	417.904419
3872.101563	413.660034
3869.646484	396.179077
3867.191406	431.650360
3864.734375	402.982056
3862.277344	437.404419
3859.818359	450.445862
3857.358398	440.099457
3854.897461	420.617493
3852.436523	442.789642
3849.973633	434.488861
3847.509766	467.799408
3845.044922	465.580963
3842.579102	463.364197
3840.113281	467.230164
3837.645508	492.368042
3835.176758	492.168060
3832.707031	490.955811
3830.236328	492.780029
3827.764648	517.866089
3825.291992	500.467712
3822.818359	532.604431
3820.343750	510.162781
3817.868164	542.269104
3815.390625	541.038879
3812.913086	583.196045
3810.434570	552.701050
3807.955078	576.671814
3805.473633	574.421143
3802.992188	579.223633
3800.509766	572.945679
3798.025391	596.868408
3795.541016	602.661438
3793.054688	606.438110
3790.568359	616.243286
3788.080078	622.020752
3785.591797	633.820129
3783.101563	635.569092
3780.610352	661.403992
3778.119141	663.139893
3775.625977	678.913696
3773.131836	682.645447
3770.636719	673.347839
3768.140625	695.107056
3765.643555	670.793823
3763.145508	691.535095
3760.646484	689.250854
3758.146484	704.967407
3755.645508	720.670837
3753.143555	715.379456
3750.639648	728.069153
3748.135742	747.736450
3745.630859	757.408325
3743.124023	768.069519
3740.617188	814.616699
3738.108398	796.341675
3735.599609	759.152405
3733.088867	837.512512
3730.577148	760.518738
3728.064453	799.011963
3725.551758	800.672180
3723.037109	830.168823
3720.521484	880.510803
3718.004883	849.352661
3715.487305	884.750000
3712.967773	865.526184
3710.448242	841.357178
3707.927734	881.672058
3705.406250	850.576355
3702.882813	916.618042
3700.359375	911.286804
3697.833984	954.475647
3695.308594	910.533936
3692.781250	922.029175
3690.252930	913.736816
3687.723633	953.886719
3685.193359	935.706726
3682.662109	965.937134
3680.129883	984.295105
3677.596680	978.953308
3675.062500	991.371521
3672.527344	1001.807129
3669.990234	1009.276917
3667.453125	1037.429688
3664.915039	1052.756348
3662.375000	1072.007568
3659.833984	1073.530762
3657.292969	1085.871704
3654.750000	1066.740601
3652.206055	1119.366821
3649.661133	1115.954834
3647.115234	1078.177124
3644.568359	1140.547485
3642.019531	1151.846802
3639.470703	1149.406372
3636.920898	1157.751099
3634.369141	1165.108521
3631.817383	1152.869629
3629.263672	1199.385986
3626.708984	1200.843872
3624.153320	1209.148071
3621.596680	1198.865601
3619.039063	1280.472534
3616.480469	1242.810669
3613.920898	1279.404785
3611.360352	1271.061157
3608.797852	1274.434082
3606.235352	1268.049683
3603.670898	1363.071777
3601.105469	1337.162720
3598.540039	1321.016846
3595.972656	1367.207031
3593.404297	1426.985596
3590.834961	1392.334595
3588.264648	1452.051880
3585.692383	1465.054810
3583.120117	1467.357056
3580.545898	1489.083984
3577.971680	1470.012573
3575.395508	1505.307007
3572.818359	1521.168701
3570.240234	1561.259766
3567.661133	1570.298584
3565.081055	1585.142944
3562.500000	1610.627930
3559.917969	1621.569580
3557.333984	1631.533813
3554.750000	1715.003174
3552.164063	1671.740356
3549.577148	1692.300903
3546.989258	1753.418579
3544.400391	1808.690552
3541.810547	1780.903076
3539.219727	1794.627319
3536.626953	1790.979370
3534.034180	1837.464111
3531.439453	1854.036621
3528.844727	1879.263550
3526.248047	1912.171387
3523.650391	1975.848511
3521.051758	1935.573730
3518.451172	2016.495117
3515.850586	1988.731689
3513.249023	2039.776733
3510.645508	2039.877075
3508.041016	2107.176025
3505.436523	2113.004395
3502.830078	2114.990234
3500.222656	2182.170654
3497.613281	2163.040527
3495.003906	2204.277588
3492.393555	2234.946045
3489.781250	2240.701904
3487.167969	2310.554443
3484.553711	2361.220703
3481.938477	2386.988525
3479.322266	2384.068115
3476.705078	2460.425293
3474.086914	2433.606445
3471.466797	2484.110107
3468.845703	2478.288818
3466.224609	2536.357422
3463.601563	2574.360596
3460.977539	2546.593994
3458.351563	2659.791504
3455.725586	2669.135010
3453.098633	2620.428223
3450.469727	2737.252686
3447.839844	2789.330078
3445.208984	2799.550049
3442.577148	2815.459717
3439.944336	2837.051758
3437.310547	2906.078857
3434.674805	2904.844482
3432.039063	2988.954590
3429.401367	3048.348145
3426.762695	3066.948975
3424.123047	3060.909424
3421.481445	3077.594238
3418.839844	3137.791748
3416.197266	3135.510498
3413.552734	3163.485107
3410.907227	3274.599121
3408.260742	3292.097656
3405.613281	3337.907471
3402.963867	3379.902100
3400.314453	3408.651855
3397.663086	3443.034180
3395.011719	3468.902588
3392.358398	3534.321777
3389.704102	3549.766846
3387.047852	3606.620850
3384.391602	3620.137939
3381.733398	3650.573730
3379.075195	3704.488037
3376.415039	3765.874023
3373.753906	3769.901611
3371.090820	3925.106934
3368.427734	3874.620850
3365.762695	3943.330566
3363.097656	3998.851074
3360.430664	4029.012451
3357.762695	4053.525146
3355.092773	4152.007813
3352.422852	4197.977051
3349.750977	4234.547852
3347.079102	4280.440430
3344.405273	4363.692383
3341.729492	4442.198730
3339.053711	4490.742188
3336.376953	4496.287109
3333.698242	4494.359375
3331.018555	4560.541016
3328.337891	4569.775391
3325.656250	4667.560547
3322.973633	4722.397461
3320.289063	4846.109375
3317.604492	4867.303711
3314.917969	4912.673828
3312.230469	4963.584473
3309.541016	5060.940918
3306.851563	5052.259277
3304.160156	5096.537598
3301.467773	5135.204102
3298.774414	5262.016113
3296.080078	5364.594238
3293.384766	5388.252930
3290.687500	5453.604980
3287.990234	5466.082520
3285.291016	5532.268066
3282.589844	5767.818848
3279.888672	5658.910645
3277.186523	5737.872559
3274.482422	5752.966797
3271.777344	5899.285156
3269.071289	5967.874512
3266.364258	6098.272461
3263.655273	6139.022949
3260.945313	6180.659180
3258.234375	6332.001953
3255.522461	6404.857422
3252.809570	6389.190918
3250.095703	6601.030762
3247.379883	6638.686035
3244.663086	6777.532227
3241.945313	6822.433594
3239.226563	6823.160645
3236.505859	6943.360840
3233.784180	6989.963379
3231.061523	7104.474121
3228.337891	7126.180664
3225.613281	7239.611328
3222.886719	7374.951172
3220.160156	7468.921875
3217.431641	7515.164063
3214.702148	7641.959473
3211.970703	7693.574707
3209.239258	7653.635742
3206.505859	7922.888672
3203.771484	7913.051758
3201.035156	8086.910645
3198.298828	8168.354492
3195.560547	8168.460938
3192.821289	8320.983398
3190.081055	8378.493164
3187.339844	8706.784180
3184.596680	8666.541016
3181.853516	8711.062500
3179.108398	8761.917969
3176.361328	8732.619141
3173.614258	9019.083984
3170.865234	9154.317383
3168.115234	9174.879883
3165.364258	9239.950195
3162.612305	9360.369141
3159.858398	9485.220703
3157.104492	9397.595703
3154.347656	9567.673828
3151.590820	9706.771484
3148.833008	9782.299805
3146.073242	9953.791992
3143.312500	9886.966797
3140.550781	10146.964844
3137.787109	10174.205078
3135.023438	10368.729492
3132.257813	10391.323242
3129.491211	10465.399414
3126.722656	10713.724609
3123.954102	10741.545898
3121.183594	10640.295898
3118.412109	10858.444336
3115.638672	11054.758789
3112.865234	11143.653320
3110.089844	11268.500977
3107.313477	11278.879883
3104.536133	11429.652344
3101.756836	11339.184570
3098.976563	11606.696289
3096.195313	11754.421875
3093.413086	11794.198242
3090.628906	11730.657227
3087.844727	11852.989258
3085.058594	12049.684570
3082.270508	12349.347656
3079.482422	12421.033203
3076.692383	12508.782227
3073.901367	12603.616211
3071.109375	12717.164063
3068.315430	12915.627930
3065.520508	12992.256836
3062.724609	13108.157227
3059.927734	13285.620117
3057.128906	13311.052734
3054.329102	13526.660156
3051.528320	13601.941406
3048.726563	13758.339844
3045.922852	13918.165039
3043.118164	13948.591797
3040.312500	14003.044922
3037.505859	14221.320313
3034.697266	14275.597656
3031.887695	14716.008789
3029.077148	14498.733398
3026.264648	14749.284180
3023.452148	14814.768555
3020.637695	14921.051758
3017.821289	15210.138672
3015.004883	15304.608398
3012.186523	15362.619141
3009.367188	15571.312500
3006.545898	15630.917969
3003.724609	15907.515625
3000.901367	16115.679688
2998.077148	16174.952148
2995.250977	16459.777344
2992.423828	16452.509766
2989.595703	16563.693359
2986.766602	16878.880859
2983.935547	17130.195313
2981.104492	17072.304688
2978.270508	17175.058594
2975.436523	17342.984375
2972.600586	17469.320313
2969.763672	17628.146484
2966.925781	17607.132813
2964.085938	17808.007813
2961.245117	18122.226563
2958.403320	18033.273438
2955.560547	18456.134766
2952.715820	18454.990234
2949.870117	18715.634766
2947.023438	18741.587891
2944.174805	18899.169922
2941.325195	19087.312500
2938.474609	19260.375000
2935.622070	19404.353516
2932.768555	19500.007813
2929.914063	19645.490234
2927.058594	19797.841797
2924.201172	19947.427734
2921.342773	20243.808594
2918.483398	20226.074219
2915.622070	20459.140625
2912.759766	20664.042969
2909.896484	20765.734375
2907.032227	20869.076172
2904.166016	21030.763672
2901.298828	21236.767578
2898.429688	21384.189453
2895.559570	21377.287109
2892.688477	21504.474609
2889.816406	21782.115234
2886.942383	22083.859375
2884.067383	22156.630859
2881.191406	22334.501953
2878.314453	22327.154297
2875.435547	22702.775391
2872.554688	22864.521484
2869.673828	23007.027344
2866.791016	23244.796875
2863.907227	23329.781250
2861.021484	23621.767578
2858.134766	23523.750000
2855.247070	23913.199219
2852.358398	23896.462891
2849.467773	24127.968750
2846.576172	24304.792969
2843.682617	24396.765625
2840.789063	24549.111328
2837.893555	24884.351563
2834.996094	24887.894531
2832.097656	24934.556641
2829.198242	25389.000000
2826.297852	25175.105469
2823.395508	25256.011719
2820.492188	25445.332031
2817.587891	25706.771484
2814.681641	25700.419922
2811.774414	25795.533203
2808.866211	25981.662109
2805.956055	26162.462891
2803.044922	26394.619141
2800.131836	26322.695313
2797.218750	26727.867188
2794.303711	26712.445313
2791.386719	26806.751953
2788.468750	26967.796875
2785.549805	27097.859375
2782.629883	27317.681641
2779.708008	27300.275391
2776.785156	27713.943359
2773.860352	27776.720703
2770.935547	28069.298828
2768.007813	28065.218750
2765.080078	27953.562500
2762.150391	27940.986328
2759.219727	28431.675781
2756.287109	28464.919922
2753.353516	28719.703125
2750.418945	28670.142578
2747.482422	28769.623047
2744.544922	28903.896484
2741.606445	29096.738281
2738.666016	28902.509766
2735.724609	29252.396484
2732.782227	29257.044922
2729.837891	29563.130859
2726.892578	29467.464844
2723.945313	29764.675781
2720.997070	29685.097656
2718.047852	29801.382813
2715.097656	29726.078125
2712.145508	30249.556641
2709.191406	29843.128906
2706.237305	30047.087891
2703.281250	30127.380859
2700.323242	30099.390625
2697.364258	30294.478516
2694.404297	30290.066406
2691.443359	30484.875000
2688.480469	30360.542969
2685.515625	30417.648438
2682.550781	30571.640625
2679.583984	30783.625000
2676.615234	30549.007813
2673.646484	30770.052734
2670.674805	30765.365234
2667.703125	30522.634766
2664.729492	30781.197266
2661.754883	30762.195313
2658.778320	30732.281250
2655.800781	30388.376953
2652.821289	30441.722656
2649.840820	30539.468750
2646.859375	30352.042969
2643.876953	30336.582031
2640.892578	30471.072266
2637.906250	30503.279297
2634.918945	30405.722656
2631.930664	30248.013672
2628.941406	30461.699219
2625.950195	30106.841797
2622.957031	30087.296875
2619.963867	30198.861328
2616.967773	30085.792969
2613.971680	30037.890625
2610.973633	30245.193359
2607.974609	29881.343750
2604.973633	29470.326172
2601.971680	29529.345703
2598.967773	29505.064453
2595.962891	29469.148438
2592.957031	29112.253906
2589.949219	29320.082031
2586.940430	28856.380859
2583.929688	28840.720703
2580.917969	28918.865234
2577.905273	28755.482422
2574.890625	28627.900391
2571.875000	28345.410156
2568.857422	28175.029297
2565.838867	28156.353516
2562.819336	28262.687500
2559.797852	27838.523438
2556.775391	27690.152344
2553.750977	27580.761719
2550.725586	27103.753906
2547.698242	26974.890625
2544.669922	26937.775391
2541.640625	26929.564453
2538.609375	26362.140625
2535.577148	26443.220703
2532.542969	26452.525391
2529.507813	26101.050781
2526.471680	25887.376953
2523.433594	25501.080078
2520.393555	25471.287109
2517.353516	25248.304688
2514.310547	25378.882813
2511.267578	25088.777344
2508.222656	24852.294922
2505.175781	24730.093750
2502.127930	24613.736328
2499.079102	24109.669922
2496.028320	23916.656250
2492.976563	23770.501953
2489.922852	23513.941406
2486.868164	23471.207031
2483.812500	23126.660156
2480.754883	23134.001953
2477.695313	22770.298828
2474.634766	22620.943359
2471.573242	22481.515625
2468.509766	22238.562500
2465.445313	21962.378906
2462.378906	21789.996094
2459.311523	21679.703125
2456.242188	21516.556641
2453.171875	21257.470703
2450.100586	20944.087891
2447.027344	20842.496094
2443.953125	20538.525391
2440.876953	20187.687500
2437.799805	20195.421875
2434.720703	20046.429688
2431.640625	19757.968750
2428.558594	19627.148438
2425.475586	19368.326172
2422.390625	19277.507813
2419.304688	18878.923828
2416.217773	18715.525391
2413.128906	18523.945313
2410.038086	18428.806641
2406.946289	18057.203125
2403.853516	18037.521484
2400.758789	17698.746094
2397.663086	17447.488281
2394.565430	17227.126953
2391.466797	17118.294922
2388.366211	16968.431641
2385.264648	16584.160156
2382.161133	16588.546875
2379.056641	16501.125000
2375.950195	16183.586914
2372.842773	16105.274414
2369.734375	15721.460938
2366.624023	15534.916992
2363.511719	15455.391602
2360.398438	15346.223633
2357.284180	15071.006836
2354.167969	15020.673828
2351.049805	14765.901367
2347.930664	14774.256836
2344.810547	14345.177734
2341.688477	14380.937500
2338.564453	14138.122070
2335.439453	13865.927734
2332.313477	13757.910156
2329.185547	13696.345703
2326.056641	13603.676758
2322.925781	13239.590820
2319.792969	13120.074219
2316.660156	13033.375000
2313.524414	12938.777344
2310.387695	12584.429688
2307.250000	12536.328125
2304.110352	12352.100586
2300.969727	12090.836914
2297.827148	12125.757813
2294.682617	11900.618164
2291.537109	11781.394531
2288.390625	11599.517578
2285.242188	11380.486328
2282.092773	11233.087891
2278.941406	11116.763672
2275.788086	11000.543945
2272.633789	10893.147461
2269.478516	10762.874023
2266.321289	10549.577148
2263.162109	10467.066406
2260.001953	10352.195313
2256.840820	10114.076172
2253.676758	10053.214844
2250.512695	9875.491211
2247.346680	9731.882813
2244.178711	9718.629883
2241.009766	9475.827148
2237.838867	9454.027344
2234.666992	9247.035156
2231.493164	9166.275391
2228.318359	9085.587891
2225.141602	8918.401367
2221.963867	8771.822266
2218.784180	8592.354492
2215.602539	8505.002930
2212.419922	8381.596680
2209.236328	8303.057617
2206.050781	8232.436523
2202.863281	8106.186035
2199.674805	7933.008789
2196.485352	7846.980469
2193.292969	7784.529785
2190.100586	7567.895996
2186.905273	7624.581055
2183.709961	7534.155762
2180.511719	7352.339355
2177.312500	7112.082031
2174.112305	7228.227539
2170.910156	7096.771484
2167.706055	6944.367676
2164.500977	6847.484375
2161.294922	6832.549805
2158.085938	6666.453125
2154.876953	6699.125000
2151.665039	6495.096680
2148.452148	6377.633301
2145.238281	6323.277832
2142.022461	6279.078125
2138.804688	6248.127441
2135.585938	6117.790527
2132.365234	6094.704102
2129.143555	5906.364746
2125.919922	5864.007324
2122.695313	5779.827637
2119.468750	5676.354980
2116.240234	5559.038574
2113.010742	5530.851074
2109.780273	5411.390137
2106.546875	5358.548828
2103.312500	5274.062988
2100.077148	5228.287109
2096.839844	5187.958008
2093.600586	5081.284180
2090.360352	5051.089355
2087.119141	4913.732422
2083.875000	4825.834473
2080.629883	4764.212402
2077.383789	4683.395996
2074.135742	4699.634277
2070.885742	4561.224121
2067.634766	4546.744141
2064.381836	4430.055664
2061.127930	4380.311035
2057.871094	4331.380371
2054.614258	4291.704102
2051.355469	4169.984375
2048.094727	4186.391602
2044.832031	4139.939941
2041.568359	3992.417969
2038.303711	3957.584717
2035.037109	3919.722168
2031.768555	3871.950439
2028.498047	3811.990479
2025.226563	3760.492676
2021.954102	3660.922852
2018.678711	3620.995361
2015.403320	3578.052490
2012.125000	3567.945801
2008.845703	3453.406738
2005.564453	3392.314697
2002.282227	3414.295410
1998.998047	3347.187988
1995.712891	3334.166260
1992.424805	3199.473877
1989.136719	3169.810059
1985.845703	3123.458252
1982.553711	3099.932129
1979.260742	3031.643799
1975.964844	2943.694092
1972.667969	2944.551270
1969.370117	2862.031494
1966.070313	2843.985352
1962.768555	2833.527588
1959.465820	2772.369385
1956.161133	2718.833984
1952.854492	2681.227783
1949.546875	2630.053223
1946.237305	2601.588867
1942.925781	2595.802246
1939.613281	2499.459717
1936.298828	2474.114014
1932.982422	2480.457031
1929.665039	2437.057373
1926.346680	2409.515869
1923.025391	2366.943359
1919.703125	2313.876465
1916.378906	2294.705078
1913.053711	2207.141846
1909.726563	2200.812744
1906.397461	2154.684326
1903.067383	2104.096191
1899.735352	2072.313477
1896.401367	2051.809570
1893.066406	2052.312744
1889.729492	2077.538330
1886.390625	1988.166382
1883.050781	1945.285767
1879.708984	1945.836426
1876.365234	1910.494019
1873.020508	1843.795044
1869.673828	1843.645020
1866.326172	1818.854736
1862.975586	1755.280640
1859.624023	1757.409546
1856.271484	1737.168579
1852.916016	1719.927490
1849.559570	1676.633179
1846.202148	1665.392944
1842.841797	1625.142456
1839.480469	1609.474365
1836.118164	1573.006104
1832.752930	1575.953125
1829.386719	1587.065796
1826.018555	1517.256592
1822.649414	1476.450439
1819.278320	1476.469971
1815.905273	1417.933350
1812.531250	1423.166382
1809.154297	1380.262085
1805.777344	1310.754883
1802.397461	1344.881470
1799.016602	1297.640503
1795.633789	1272.616333
1792.249023	1266.082886
1788.863281	1251.433960
1785.475586	1207.281006
1782.085938	1214.801880
1778.694336	1180.293091
1775.301758	1167.186768
1771.907227	1157.038696
1768.510742	1110.829468
1765.113281	1130.885010
1761.713867	1103.118408
1758.312500	1107.720947
1754.910156	1054.278076
1751.505859	1050.087280
1748.099609	1041.496460
1744.691406	1029.979126
1741.282227	974.478333
1737.871094	958.607300
1734.458008	976.447388
1731.042969	976.697693
1727.626953	933.771362
1724.208984	912.830078
1720.790039	906.530579
1717.368164	881.238342
1713.945313	873.499207
1710.520508	855.547485
1707.093750	866.068665
1703.666016	820.425476
1700.236328	844.073181
1696.804688	799.942444
1693.371094	824.304382
1689.936523	786.776855
1686.500000	777.657227
1683.061523	772.908936
1679.622070	767.438232
1676.179688	747.445068
1672.736328	716.581116
1669.291016	719.853516
1665.844727	687.582703
1662.396484	694.490295
1658.945313	713.708496
1655.494141	666.279419
1652.040039	644.955994
1648.584961	635.953003
1645.126953	638.528809
1641.668945	624.477966
1638.208008	611.885681
1634.745117	601.471863
1631.281250	614.162415
1627.815430	579.953247
1624.347656	574.616943
1620.878906	558.476501
1617.408203	546.673462
1613.935547	553.599243
1610.460938	544.688110
1606.984375	517.806213
1603.506836	500.295624
1600.027344	497.171417
1596.545898	488.305359
1593.062500	481.601166
1589.577148	471.316620
1586.090820	480.401611
1582.602539	462.960938
1579.112305	452.700562
1575.620117	453.189331
1572.126953	417.182861
1568.630859	434.853851
1565.133789	419.623322
1561.634766	437.274963
1558.133789	402.776306
1554.631836	406.142639
1551.127930	392.383240
1547.621094	408.586212
1544.114258	394.126343
1540.604492	376.119141
1537.092773	370.233704
1533.580078	357.949371
1530.065430	347.811035
1526.548828	344.791931
1523.030273	343.196777
1519.509766	335.211365
1515.988281	326.524017
1512.463867	340.548553
1508.938477	309.175201
1505.411133	306.183807
1501.882813	303.195313
1498.351563	306.582062
1494.818359	308.549866
1491.284180	268.783386
1487.748047	293.390991
1484.209961	274.163849
1480.669922	268.374817
1477.128906	278.827026
1473.584961	269.513580
1470.040039	260.914612
1466.493164	251.619461
1462.944336	247.969299
1459.393555	237.281738
1455.840820	237.161057
1452.287109	228.599777
1448.730469	223.562241
1445.172852	251.555115
1441.613281	225.441498
1438.051758	230.942215
1434.488281	218.897369
1430.922852	214.578308
1427.356445	208.861786
1423.787109	191.942673
1420.216797	193.244965
1416.644531	186.847992
1413.070313	195.845306
1409.494141	175.471558
1405.916016	195.645035
1402.336914	192.053040
1398.754883	197.538849
1395.171875	186.972778
1391.585938	171.536331
1387.999023	160.297287
1384.410156	156.035553
1380.819336	147.600739
1377.226563	155.875458
1373.632813	150.231293
1370.036133	145.288010
1366.438477	137.570541
1362.837891	153.472015
1359.236328	155.475327
1355.632813	138.052094
1352.027344	142.834641
1348.419922	128.900772
1344.810547	135.068283
1341.199219	137.075562
1337.585938	118.322395
1333.970703	118.261353
1330.354492	106.449402
1326.735352	113.994041
1323.115234	109.792061
1319.493164	108.355003
1315.869141	117.266411
1312.242188	123.410767
1308.614258	102.674240
1304.984375	117.773193
1301.353516	99.814438
1297.719727	103.890831
1294.083984	95.585030
1290.446289	107.906960
1286.807617	107.850975
1283.166016	94.063148
1279.523438	87.838181
1275.877930	88.478432
1272.231445	81.577217
1268.582031	87.016129
1264.931641	91.764534
1261.279297	80.765518
1257.625000	96.457703
1253.968750	73.844009
1250.310547	78.589218
1246.650391	75.816132
1242.988281	75.776581
1239.324219	75.737045
1235.658203	76.379463
1231.990234	68.841934
1228.320313	64.718475
1224.648438	75.578896
1220.975586	73.497765
1217.299805	63.256626
1213.622070	70.021736
1209.943359	65.228798
1206.261719	65.194626
1202.578125	72.626747
1198.893555	56.307091
1195.206055	57.633636
1191.517578	52.859573
1187.826172	62.314445
1184.133789	49.419182
1180.438477	52.776299
1176.742188	53.424809
1173.042969	59.479870
1169.342773	42.559765
1165.639648	49.964508
1161.935547	47.238823
1158.228516	49.237377
1154.520508	48.537281
1150.809570	44.469036
1147.097656	47.812649
1143.382813	40.383717
1139.666992	44.398621
1135.948242	38.996346
1132.227539	42.335697
1128.505859	41.641659
1124.781250	36.249344
1121.055664	41.597576
1117.327148	44.928402
1113.596680	35.521538
1109.865234	42.871185
1106.130859	32.805836
1102.394531	38.141632
1098.657227	30.095823
1094.916992	34.090477
1091.174805	38.080864
1087.430664	38.060612
1083.684570	28.697113
1079.936523	28.681835
1076.186523	39.333183
1072.434570	30.650209
1068.680664	29.967915
1064.924805	27.289537
1061.166992	30.601189
1057.406250	29.919964
1053.644531	31.897579
1049.880859	28.559643
1046.114258	29.208195
1042.346680	24.548298
1038.576172	27.187609
1034.803711	23.196507
1031.030273	23.846481
1027.253906	23.833700
1023.475586	25.805996
1019.695313	29.098835
1015.913086	29.744198
1012.128906	23.121952
1008.342773	17.827351
1004.553711	20.457436
