4046.277344	208.585602
4043.892578	212.778290
4041.505859	220.028702
4039.119141	223.083969
4036.731445	234.512192
4034.342773	222.907959
4031.952148	233.280991
4029.561523	220.640579
4027.169922	239.368393
4024.777344	234.049469
4022.383789	241.268082
4019.989258	252.657074
4017.593750	237.946365
4015.197266	259.759613
4012.799805	247.143173
4010.401367	237.663803
4008.001953	265.702881
4005.601563	256.223511
4003.201172	257.163055
4000.798828	273.712769
3998.395508	265.281586
3995.991211	280.774872
3993.585938	277.544861
3991.180664	273.278290
3988.773438	271.092346
3986.365234	273.061066
3983.957031	259.460510
3981.546875	271.806427
3979.135742	275.846313
3976.724609	281.956085
3974.311523	291.169495
3971.898438	297.268158
3969.483398	294.043579
3967.068359	297.031189
3964.651367	319.672546
3962.234375	313.340240
3959.815430	323.552307
3957.396484	309.990204
3954.975586	316.063690
3952.554688	326.262146
3950.131836	336.452332
3947.708984	343.539368
3945.284180	353.714294
3942.859375	342.233704
3940.432617	333.853394
3938.005859	348.139709
3935.577148	368.591980
3933.148438	358.152527
3930.718750	347.721344
3928.287109	375.347321
3925.855469	379.308502
3923.421875	361.688385
3920.988281	370.787201
3918.552734	376.798492
3916.117188	395.120270
3913.680664	378.547516
3911.242188	399.930054
3908.803711	371.067841
3906.363281	417.027252
3903.922852	402.520294
3901.480469	405.429718
3899.038086	397.079254
3896.593750	430.677917
3894.149414	444.820435
3891.703125	411.931915
3889.256836	438.331329
3886.808594	439.175873
3884.360352	455.333527
3881.910156	421.472748
3879.459961	452.925751
3877.007813	447.644379
3874.555664	445.424957
3872.101563	448.301514
3869.646484	463.397095
3867.191406	470.335999
3864.734375	480.322021
3862.277344	477.075989
3859.818359	515.521545
3857.358398	485.837280
3854.897461	504.944183
3852.436523	517.942017
3849.973633	525.853333
3847.509766	539.846619
3845.044922	534.555908
3842.579102	526.227600
3840.113281	544.257263
3837.645508	560.245911
3835.176758	576.221436
3832.707031	565.864563
3830.236328	560.575195
3827.764648	579.565002
3825.291992	593.483948
3822.818359	599.306335
3820.343750	602.093079
3817.868164	593.769470
3815.390625	599.584106
3812.913086	594.294922
3810.434570	606.155701
3807.955078	648.251709
3805.473633	646.979614
3802.992188	649.737793
3800.509766	645.444946
3798.025391	672.357666
3795.541016	690.193237
3793.054688	683.877136
3790.568359	682.592529
3788.080078	713.464844
3785.591797	720.204529
3783.101563	710.873535
3780.610352	732.663025
3778.119141	749.418274
3775.625977	751.117249
3773.131836	737.778320
3770.636719	769.540344
3768.140625	766.220337
3765.643555	775.918213
3763.145508	785.607910
3760.646484	770.280334
3758.146484	783.963745
3755.645508	799.634827
3753.143555	798.307495
3750.639648	795.982300
3748.135742	850.562683
3745.630859	839.236328
3743.124023	837.893982
3740.617188	842.535034
3738.108398	834.215210
3735.599609	883.685303
3733.088867	932.118530
3730.577148	901.871643
3728.064453	892.545105
3725.551758	905.107666
3723.037109	937.543945
3720.521484	955.046143
3718.004883	937.764832
3715.487305	963.195862
3712.967773	956.843201
3710.448242	998.119446
3707.927734	1001.674622
3705.406250	960.615967
3702.882813	1035.530640
3700.359375	1038.074585
3697.833984	1028.734619
3695.308594	1033.258057
3692.781250	1024.916504
3690.252930	1063.059570
3687.723633	1072.504761
3685.193359	1069.096802
3682.662109	1101.247314
3680.129883	1142.256226
3677.596680	1122.046265
3675.062500	1132.432373
3672.527344	1170.418335
3669.990234	1188.660034
3667.453125	1161.566528
3664.915039	1192.598633
3662.375000	1255.105225
3659.833984	1201.449219
3657.292969	1234.392212
3654.750000	1226.014404
3652.206055	1246.143188
3649.661133	1242.678589
3647.115234	1236.270508
3644.568359	1284.833618
3642.019531	1322.563477
3639.470703	1290.630371
3636.920898	1345.971313
3634.369141	1325.813110
3631.817383	1343.871826
3629.263672	1385.413208
3626.708984	1384.836182
3624.153320	1373.498291
3621.596680	1414.974243
3619.039063	1441.753418
3616.480469	1450.922729
3613.920898	1474.733765
3611.360352	1486.809692
3608.797852	1519.367554
3606.235352	1504.101929
3603.670898	1544.424683
3601.105469	1582.764038
3598.540039	1558.721924
3595.972656	1605.786621
3593.404297	1608.035522
3590.834961	1638.498657
3588.264648	1653.374512
3585.692383	1698.374756
3583.120117	1729.732178
3580.545898	1744.549805
3577.971680	1747.703247
3575.395508	1778.028564
3572.818359	1804.447510
3570.240234	1789.145508
3567.661133	1854.309448
3565.081055	1863.221191
3562.500000	1860.502808
3559.917969	1875.212036
3557.333984	1936.357788
3554.750000	1958.760010
3552.164063	1973.407837
3549.577148	2048.930908
3546.989258	2021.020264
3544.400391	2074.248291
3541.810547	2089.786133
3539.219727	2144.869141
3536.626953	2134.322754
3534.034180	2134.389160
3531.439453	2167.218506
3528.844727	2200.019531
3526.248047	2339.666016
3523.650391	2259.762451
3521.051758	2306.911377
3518.451172	2375.175537
3515.850586	2368.407471
3513.249023	2419.292236
3510.645508	2466.291992
3508.041016	2438.372314
3505.436523	2495.878418
3502.830078	2539.906738
3500.222656	2522.535645
3497.613281	2511.886963
3495.003906	2621.950195
3492.393555	2634.248779
3489.781250	2708.750977
3487.167969	2714.303711
3484.553711	2728.457764
3481.938477	2778.925049
3479.322266	2806.416016
3476.705078	2852.985352
3474.086914	2893.786377
3471.466797	2884.927002
3468.845703	2967.650635
3466.224609	2978.789551
3463.601563	3100.479492
3460.977539	3066.773682
3458.351563	3084.520264
3455.725586	3165.076172
3453.098633	3240.805664
3450.469727	3256.550781
3447.839844	3291.295410
3445.208984	3272.793701
3442.577148	3355.944336
3439.944336	3418.134766
3437.310547	3431.868408
3434.674805	3450.332764
3432.039063	3512.401123
3429.401367	3683.420654
3426.762695	3614.584473
3424.123047	3681.236084
3421.481445	3664.523926
3418.839844	3697.030273
3416.197266	3812.743164
3413.552734	3836.647461
3410.907227	3826.508545
3408.260742	3919.343750
3405.613281	3958.276855
3402.963867	4013.220947
3400.314453	4050.191650
3397.663086	4138.996582
3395.011719	4153.256836
3392.358398	4232.517578
3389.704102	4278.745117
3387.047852	4385.184082
3384.391602	4361.668945
3381.733398	4512.187988
3379.075195	4466.070801
3376.415039	4561.904785
3373.753906	4552.440430
3371.090820	4601.202148
3368.427734	4712.808105
3365.762695	4808.367676
3363.097656	4895.403809
3360.430664	4915.807617
3357.762695	4876.223633
3355.092773	4950.938965
3352.422852	5092.996582
3349.750977	5131.055664
3347.079102	5128.857910
3344.405273	5218.291504
3341.729492	5245.028320
3339.053711	5317.517090
3336.376953	5338.582520
3333.698242	5532.308594
3331.018555	5529.002930
3328.337891	5564.867676
3325.656250	5724.683594
3322.973633	5708.249023
3320.289063	5828.743652
3317.604492	5889.548828
3314.917969	5813.500977
3312.230469	6055.647461
3309.541016	6163.692383
3306.851563	6104.348633
3304.160156	6174.186523
3301.467773	6283.892578
3298.774414	6361.943848
3296.080078	6434.358887
3293.384766	6573.482910
3290.687500	6694.872559
3287.990234	6674.384277
3285.291016	6697.443359
3282.589844	6815.839844
3279.888672	6767.557129
3277.186523	6927.442871
3274.482422	7022.465820
3271.777344	7154.373535
3269.071289	7239.050293
3266.364258	7340.273926
3263.655273	7457.099121
3260.945313	7522.154297
3258.234375	7588.073730
3255.522461	7692.650391
3252.809570	7749.220703
3250.095703	7878.500977
3247.379883	7891.667480
3244.663086	8035.494141
3241.945313	8198.509766
3239.226563	8182.092285
3236.505859	8406.475586
3233.784180	8501.132813
3231.061523	8544.284180
3228.337891	8676.427734
3225.613281	8700.194336
3222.886719	8910.100586
3220.160156	8905.323242
3217.431641	9048.983398
3214.702148	9225.486328
3211.970703	9363.383789
3209.239258	9481.943359
3206.505859	9564.724609
3203.771484	9594.403320
3201.035156	9769.361328
3198.298828	9902.143555
3195.560547	9991.892578
3192.821289	10129.932617
3190.081055	10165.674805
3187.339844	10276.157227
3184.596680	10371.957031
3181.853516	10645.335938
3179.108398	10730.868164
3176.361328	10927.380859
3173.614258	10879.862305
3170.865234	11127.975586
3168.115234	11296.775391
3165.364258	11410.902344
3162.612305	11238.801758
3159.858398	11460.891602
3157.104492	11738.145508
3154.347656	11915.368164
3151.590820	11914.709961
3148.833008	12045.470703
3146.073242	12066.492188
3143.312500	12302.111328
3140.550781	12448.814453
3137.787109	12720.244141
3135.023438	12709.267578
3132.257813	12925.197266
3129.491211	13004.492188
3126.722656	13187.582031
3123.954102	13275.712891
3121.183594	13491.906250
3118.412109	13470.675781
3115.638672	13602.736328
3112.865234	13875.268555
3110.089844	13642.191406
3107.313477	13960.381836
3104.536133	14037.978516
3101.756836	14215.364258
3098.976563	14299.967773
3096.195313	14300.898438
3093.413086	14527.339844
3090.628906	14681.732422
3087.844727	14814.440430
3085.058594	15015.222656
3082.270508	15454.398438
3079.482422	15440.451172
3076.692383	15449.810547
3073.901367	15799.529297
3071.109375	15970.767578
3068.315430	16099.789063
3065.520508	16358.400391
3062.724609	16454.939453
3059.927734	16494.189453
3057.128906	16627.201172
3054.329102	16858.320313
3051.528320	16832.167969
3048.726563	17127.218750
3045.922852	17172.306641
3043.118164	17326.990234
3040.312500	17401.341797
3037.505859	17572.699219
3034.697266	17855.179688
3031.887695	18100.921875
3029.077148	18168.556641
3026.264648	18296.580078
3023.452148	18436.039063
3020.637695	18584.251953
3017.821289	18727.000000
3015.004883	18830.570313
3012.186523	19027.185547
3009.367188	19297.218750
3006.545898	19310.867188
3003.724609	19414.859375
3000.901367	19673.720703
2998.077148	19753.550781
2995.250977	19836.845703
2992.423828	20064.208984
2989.595703	20118.992188
2986.766602	20538.636719
2983.935547	20527.794922
2981.104492	20880.667969
2978.270508	21002.916016
2975.436523	21221.187500
2972.600586	21311.425781
2969.763672	21187.437500
2966.925781	21460.812500
2964.085938	21599.230469
2961.245117	21885.369141
2958.403320	22116.708984
2955.560547	22210.669922
2952.715820	22459.226563
2949.870117	22495.835938
2947.023438	22744.031250
2944.174805	22681.285156
2941.325195	23066.906250
2938.474609	23048.785156
2935.622070	23340.095703
2932.768555	23364.787109
2929.914063	23510.306641
2927.058594	23833.394531
2924.201172	23919.937500
2921.342773	24142.835938
2918.483398	24359.410156
2915.622070	24432.474609
2912.759766	24556.128906
2909.896484	24809.750000
2907.032227	24860.677734
2904.166016	25420.968750
2901.298828	25380.888672
2898.429688	25422.757813
2895.559570	25715.464844
2892.688477	25892.966797
2889.816406	26179.095703
2886.942383	26298.800781
2884.067383	26640.130859
2881.191406	26677.804688
2878.314453	26918.734375
2875.435547	26979.681641
2872.554688	27018.865234
2869.673828	27367.751953
2866.791016	27700.708984
2863.907227	27631.136719
2861.021484	27828.492188
2858.134766	28125.261719
2855.247070	28468.507813
2852.358398	28639.240234
2849.467773	28660.179688
2846.576172	28778.783203
2843.682617	29109.855469
2840.789063	29238.500000
2837.893555	29577.687500
2834.996094	29561.007813
2832.097656	29686.664063
2829.198242	30014.822266
2826.297852	30102.224609
2823.395508	30146.466797
2820.492188	30362.875000
2817.587891	30403.500000
2814.681641	30471.609375
2811.774414	30584.363281
2808.866211	30957.441406
2805.956055	30926.382813
2803.044922	31120.333984
2800.131836	31243.716797
2797.218750	31374.701172
2794.303711	31695.943359
2791.386719	31658.574219
2788.468750	31586.099609
2785.549805	31768.042969
2782.629883	32064.525391
2779.708008	32159.648438
2776.785156	32294.873047
2773.860352	32328.234375
2770.935547	32621.330078
2768.007813	32760.408203
2765.080078	32613.341797
2762.150391	32418.611328
2759.219727	32999.406250
2756.287109	32750.943359
2753.353516	33143.558594
2750.418945	33270.894531
2747.482422	33400.656250
2744.544922	33457.949219
2741.606445	33539.851563
2738.666016	33391.238281
2735.724609	33312.441406
2732.782227	33463.929688
2729.837891	33650.933594
2726.892578	33654.425781
2723.945313	33846.246094
2720.997070	33627.453125
2718.047852	33724.156250
2715.097656	33717.402344
2712.145508	33751.289063
2709.191406	33899.410156
2706.237305	34033.851563
2703.281250	33921.210938
2700.323242	33909.257813
2697.364258	33764.648438
2694.404297	34119.292969
2691.443359	33968.789063
2688.480469	33813.347656
2685.515625	33867.203125
2682.550781	33523.085938
2679.583984	33932.601563
2676.615234	33897.015625
2673.646484	33612.257813
2670.674805	33995.898438
2667.703125	33576.750000
2664.729492	33766.667969
2661.754883	33506.808594
2658.778320	33426.933594
2655.800781	33448.707031
2652.821289	33161.621094
2649.840820	33075.269531
2646.859375	32986.464844
2643.876953	33009.199219
2640.892578	33044.464844
2637.906250	33025.265625
2634.918945	32921.539063
2631.930664	32508.375000
2628.941406	32519.515625
2625.950195	32391.892578
2622.957031	32183.341797
2619.963867	32353.238281
2616.967773	32332.669922
2613.971680	32102.708984
2610.973633	31865.441406
2607.974609	31675.890625
2604.973633	31450.677734
2601.971680	31357.234375
2598.967773	31179.794922
2595.962891	31455.945313
2592.957031	30896.892578
2589.949219	30784.714844
2586.940430	30536.367188
2583.929688	30501.669922
2580.917969	30379.833984
2577.905273	30175.126953
2574.890625	30189.542969
2571.875000	29767.904297
2568.857422	29647.414063
2565.838867	29642.146484
2562.819336	29496.970703
2559.797852	28963.019531
2556.775391	28623.908203
2553.750977	28480.197266
2550.725586	28592.761719
2547.698242	28356.673828
2544.669922	27915.228516
2541.640625	27874.388672
2538.609375	27535.824219
2535.577148	27376.460938
2532.542969	27496.585938
2529.507813	27096.859375
2526.471680	26932.949219
2523.433594	26465.529297
2520.393555	26463.257813
2517.353516	26245.576172
2514.310547	26260.648438
2511.267578	25883.068359
2508.222656	25601.066406
2505.175781	25412.046875
2502.127930	25175.619141
2499.079102	24909.882813
2496.028320	24522.275391
2492.976563	24155.494141
2489.922852	24186.142578
2486.868164	23947.503906
2483.812500	23820.328125
2480.754883	23591.056641
2477.695313	23358.720703
2474.634766	23332.443359
2471.573242	22940.388672
2468.509766	22827.804688
2465.445313	22685.132813
2462.378906	22316.726563
2459.311523	22137.732422
2456.242188	21855.437500
2453.171875	21616.552734
2450.100586	21294.052734
2447.027344	21132.914063
2443.953125	20836.125000
2440.876953	20564.800781
2437.799805	20431.820313
2434.720703	20151.175781
2431.640625	20179.197266
2428.558594	19914.326172
2425.475586	19648.074219
2422.390625	19331.000000
2419.304688	19239.423828
2416.217773	18995.695313
2413.128906	18840.408203
2410.038086	18529.929688
2406.946289	18517.304688
2403.853516	18052.878906
2400.758789	17975.037109
2397.663086	17792.287109
2394.565430	17556.429688
2391.466797	17334.501953
2388.366211	17028.910156
2385.264648	16784.046875
2382.161133	16689.250000
2379.056641	16509.177734
2375.950195	16391.244141
2372.842773	16107.687500
2369.734375	16014.162109
2366.624023	15707.723633
2363.511719	15534.123047
2360.398438	15367.905273
2357.284180	15383.230469
2354.167969	15151.441406
2351.049805	14911.041992
2347.930664	14654.030273
2344.810547	14674.445313
2341.688477	14338.497070
2338.564453	14229.367188
2335.439453	13973.130859
2332.313477	13757.910156
2329.185547	13936.926758
2326.056641	13553.346680
2322.925781	13366.556641
2319.792969	13177.541992
2316.660156	13025.397461
2313.524414	12819.963867
2310.387695	12656.163086
2307.250000	12612.010742
2304.110352	12204.786133
2300.969727	12162.469727
2297.827148	12068.477539
2294.682617	11898.232422
2291.537109	11767.087891
2288.390625	11643.211914
2285.242188	11382.868164
2282.092773	11322.775391
2278.941406	11216.721680
2275.788086	11044.156250
2272.633789	10792.490234
2269.478516	10857.146484
2266.321289	10620.049805
2263.162109	10422.745117
2260.001953	10201.888672
2256.840820	10144.915039
2253.676758	10090.361328
2250.512695	9905.509766
2247.346680	9753.992188
2244.178711	9706.791992
2241.009766	9456.894531
2237.838867	9418.544922
2234.666992	9306.144531
2231.493164	9157.609375
2228.318359	8958.032227
2225.141602	8827.895508
2221.963867	8715.970703
2218.784180	8677.271484
2215.602539	8577.305664
2212.419922	8370.598633
2209.236328	8299.916016
2206.050781	8233.221680
2202.863281	8057.552246
2199.674805	7908.703613
2196.485352	7872.841797
2193.292969	7803.329102
2190.100586	7639.143555
2186.905273	7524.412109
2183.709961	7503.649902
2180.511719	7355.466797
2177.312500	7211.327637
2174.112305	7173.551270
2170.910156	7056.954590
2167.706055	6991.188965
2164.500977	6797.565430
2161.294922	6760.825195
2158.085938	6561.254883
2154.876953	6593.197754
2151.665039	6497.432129
2148.452148	6426.655762
2145.238281	6392.499512
2142.022461	6314.838379
2138.804688	6077.957031
2135.585938	6085.947266
2132.365234	6000.772461
2129.143555	5876.879395
2125.919922	5881.845215
2122.695313	5776.726563
2119.468750	5594.223633
2116.240234	5553.617188
2113.010742	5513.047363
2109.780273	5381.214844
2106.546875	5289.720215
2103.312500	5312.712402
2100.077148	5167.250488
2096.839844	5167.879883
2093.600586	5052.724609
2090.360352	4956.193359
2087.119141	4885.200195
2083.875000	4820.438965
2080.629883	4791.946777
2077.383789	4701.876953
2074.135742	4614.969727
2070.885742	4596.612305
2067.634766	4500.607422
2064.381836	4370.875488
2061.127930	4344.205566
2057.871094	4319.094727
2054.614258	4232.608887
2051.355469	4212.174805
2048.094727	4097.450195
2044.832031	4089.359375
2041.568359	4047.570313
2038.303711	4021.898193
2035.037109	3899.059814
2031.768555	3872.715332
2028.498047	3844.101318
2025.226563	3780.361084
2021.954102	3696.057861
2018.678711	3583.586670
2015.403320	3531.504883
2012.125000	3512.268066
2008.845703	3413.765137
2005.564453	3359.549805
2002.282227	3277.967285
1998.998047	3337.291992
1995.712891	3243.621826
1992.424805	3165.250977
1989.136719	3139.404053
1985.845703	3100.664795
1982.553711	3046.013672
1979.260742	3022.535156
1975.964844	2971.006592
1972.667969	2924.834961
1969.370117	2868.095215
1966.070313	2820.500000
1962.768555	2804.753174
1959.465820	2708.793213
1956.161133	2687.061279
1952.854492	2609.395752
1949.546875	2624.762939
1946.237305	2590.258057
1942.925781	2555.785400
1939.613281	2480.593018
1936.298828	2422.067139
1932.982422	2413.356689
1929.665039	2391.843018
1926.346680	2375.621582
1923.025391	2342.852295
1919.703125	2273.994873
1916.378906	2235.287842
1913.053711	2201.879639
1909.726563	2196.304443
1906.397461	2159.941650
1903.067383	2098.090820
1899.735352	2054.306396
1896.401367	2048.060059
1893.066406	2017.832764
1889.729492	1971.151611
1886.390625	1981.426758
1883.050781	1917.592163
1879.708984	1909.179077
1876.365234	1909.746338
1873.020508	1838.563354
1869.673828	1829.451660
1866.326172	1791.975098
1862.975586	1767.221313
1859.624023	1746.220581
1856.271484	1705.854858
1852.916016	1664.037354
1849.559570	1635.667114
1846.202148	1598.390015
1842.841797	1591.657349
1839.480469	1592.368164
1836.118164	1554.421509
1832.752930	1520.226318
1829.386719	1512.057129
1826.018555	1476.430176
1822.649414	1483.869751
1819.278320	1442.357666
1815.905273	1405.332886
1812.531250	1351.304199
1809.154297	1358.047607
1805.777344	1327.037598
1802.397461	1329.346558
1799.016602	1316.125488
1795.633789	1296.265381
1792.249023	1238.013428
1788.863281	1271.368286
1785.475586	1204.329224
1782.085938	1205.950806
1778.694336	1155.964844
1775.301758	1181.187012
1771.907227	1173.241699
1768.510742	1129.969116
1765.113281	1130.149170
1761.713867	1102.383057
1758.312500	1064.353027
1754.910156	1030.033447
1751.505859	1013.370972
1748.099609	1021.679382
1744.691406	986.696594
1741.282227	986.210205
1737.871094	979.860840
1734.458008	968.389648
1731.042969	939.357666
1727.626953	911.817505
1724.208984	923.801575
1720.790039	908.723755
1717.368164	884.161194
1713.945313	887.375854
1710.520508	850.437561
1707.093750	877.742676
1703.666016	843.032776
1700.236328	827.308350
1696.804688	824.713013
1693.371094	782.797913
1689.936523	809.339417
1686.500000	767.472778
1683.061523	763.456604
1679.622070	771.798706
1676.179688	727.106445
1672.736328	718.033142
1669.291016	716.950867
1665.844727	685.406799
1662.396484	701.739624
1658.945313	690.522034
1655.494141	654.691956
1652.040039	653.642273
1648.584961	654.763855
1645.126953	597.310059
1641.668945	602.071960
1638.208008	604.661560
1634.745117	565.369141
1631.281250	583.851196
1627.815430	590.773254
1624.347656	568.849121
1620.878906	552.711609
1617.408203	540.191162
1613.935547	557.198730
1610.460938	507.991791
1606.984375	512.771973
1603.506836	519.703613
1600.027344	522.317383
1596.545898	487.587280
1593.062500	495.955902
1589.577148	460.555969
1586.090820	473.231445
1582.602539	442.894531
1579.112305	449.119049
1575.620117	423.119904
1572.126953	446.521606
1568.630859	434.138641
1565.133789	413.904449
1561.634766	417.983429
1558.133789	403.490448
1554.631836	404.715057
1551.127930	373.120789
1547.621094	383.628937
1544.114258	367.756226
1540.604492	363.296906
1537.092773	361.689850
1533.580078	353.679596
1530.065430	359.902649
1526.548828	364.697449
1523.030273	344.617889
1519.509766	325.268646
1515.988281	333.622375
1512.463867	310.041077
1508.938477	331.157867
1505.411133	301.222504
1501.882813	299.653290
1498.351563	291.713165
1494.818359	290.150116
1491.284180	302.027649
1487.748047	275.009888
1484.209961	262.858124
1480.669922	273.318573
1477.128906	261.179749
1473.584961	273.041229
1470.040039	261.619781
1466.493164	241.047226
1462.944336	246.560394
1459.393555	261.925232
1455.840820	239.272278
1452.287109	251.811447
1448.730469	230.592499
1445.172852	226.961731
1441.613281	212.097610
1438.051758	208.479752
1434.488281	210.478241
1430.922852	212.474594
1427.356445	205.357391
1423.787109	210.856720
1420.216797	199.546432
1416.644531	198.044876
1413.070313	192.348068
1409.494141	178.267914
1405.916016	194.247574
1402.336914	185.767670
1398.754883	175.900314
1395.171875	175.112564
1391.585938	161.774094
1387.999023	170.751450
1384.410156	156.035553
1380.819336	165.006485
1377.226563	155.179581
1373.632813	140.494080
1370.036133	149.458954
1366.438477	159.804169
1362.837891	144.444244
1359.236328	140.899521
1355.632813	135.277176
1352.027344	137.287659
1348.419922	128.900772
1344.810547	135.068283
1341.199219	139.152466
1337.585938	122.474052
1333.970703	121.027695
1330.354492	119.582771
1326.735352	127.120628
1323.115234	132.579086
1319.493164	114.566437
1315.869141	110.368393
1312.242188	109.621857
1308.614258	116.456017
1304.984375	110.197144
1301.353516	108.074944
1297.719727	103.202812
1294.083984	102.461655
1290.446289	107.219658
1286.807617	100.981491
1283.166016	102.302261
1279.523438	98.817955
1275.877930	95.337219
1272.231445	90.489014
1268.582031	92.497459
1264.931641	93.818962
1261.279297	83.503334
1257.625000	82.775757
1253.968750	77.946449
1250.310547	76.539063
1246.650391	77.182190
1242.988281	73.728569
1239.324219	77.783989
1235.658203	71.605743
1231.990234	81.110794
1228.320313	65.399727
1224.648438	70.812660
1220.975586	65.331345
1217.299805	59.855732
1213.622070	56.425285
1209.943359	61.831467
1206.261719	61.119961
1202.578125	62.445431
1198.893555	54.950294
1195.206055	57.633636
1191.517578	55.570320
1187.826172	58.927792
1184.133789	58.219856
1180.438477	62.248970
1176.742188	42.604595
1173.042969	55.424423
1169.342773	56.746353
1165.639648	52.665291
1161.935547	47.238823
1158.228516	45.864952
1154.520508	55.278572
1150.809570	49.859219
1147.097656	47.812649
1143.382813	50.479649
1139.666992	39.689674
1135.948242	38.996346
1132.227539	38.303726
1128.505859	45.671497
1124.781250	43.633469
1121.055664	44.952221
1117.327148	40.234390
1113.596680	46.245022
1109.865234	39.521873
1106.130859	34.814358
1102.394531	38.141632
1098.657227	34.777393
1094.916992	36.095798
1091.174805	32.068096
1087.430664	34.054230
1083.684570	34.703484
1079.936523	32.683952
1076.186523	37.333191
1072.434570	28.651283
1068.680664	33.963638
1064.924805	30.617529
1061.166992	33.262161
1057.406250	35.239067
1053.644531	29.239449
1049.880859	27.231289
1046.114258	29.872019
1042.346680	24.548298
1038.576172	25.861383
1034.803711	28.498566
1031.030273	23.184080
1027.253906	24.495747
1023.475586	25.144302
1019.695313	26.453487
1015.913086	29.744198
1012.128906	23.782579
1008.342773	25.090343
1004.553711	17.817766
