4046.277344	237.934341
4043.892578	245.271515
4041.505859	261.938934
4039.119141	250.314865
4036.731445	249.169205
4034.342773	252.210419
4031.952148	252.110855
4029.561523	256.194031
4027.169922	272.817261
4024.777344	234.049469
4022.383789	268.423798
4019.989258	270.405701
4017.593750	259.862457
4015.197266	269.148499
4012.799805	267.999146
4010.401367	273.104919
4008.001953	264.660919
4005.601563	278.096252
4003.201172	315.467224
4000.798828	297.649628
3998.395508	298.571808
3995.991211	316.131714
3993.585938	298.334747
3991.180664	295.098969
3988.773438	320.948395
3986.365234	316.667786
3983.957031	323.806732
3981.546875	307.079010
3979.135742	313.178894
3976.724609	314.090790
3974.311523	342.979034
3971.898438	334.556152
3969.483398	320.963043
3967.068359	330.149628
3964.651367	343.466949
3962.234375	341.261658
3959.815430	347.327698
3957.396484	349.255615
3954.975586	356.346313
3952.554688	368.593628
3950.131836	376.702789
3947.708984	361.077393
3945.284180	373.307800
3942.859375	383.466675
3940.432617	381.252350
3938.005859	365.649689
3935.577148	376.828644
3933.148438	377.706818
3930.718750	376.526642
3928.287109	410.311188
3925.855469	413.230377
3923.421875	408.954468
3920.988281	420.088531
3918.552734	393.225677
3916.117188	410.514587
3913.680664	422.660095
3911.242188	425.566589
3908.803711	436.671021
3906.363281	431.372162
3903.922852	470.119141
3901.480469	449.453644
3899.038086	472.810852
3896.593750	442.953766
3894.149414	463.226807
3891.703125	475.306030
3889.256836	484.310150
3886.808594	474.922760
3884.360352	496.170593
3881.910156	474.539520
3879.459961	480.468536
3877.007813	507.806152
3874.555664	510.658813
3872.101563	512.490173
3869.646484	498.024597
3867.191406	516.147949
3864.734375	543.415161
3862.277344	538.109131
3859.818359	567.378723
3857.358398	545.804626
3854.897461	563.871277
3852.436523	572.782898
3849.973633	564.429443
3847.509766	581.451294
3845.044922	605.559570
3842.579102	625.592346
3840.113281	563.514038
3837.645508	583.547302
3835.176758	580.272217
3832.707031	647.859192
3830.236328	630.394165
3827.764648	635.195129
3825.291992	664.257141
3822.818359	682.178345
3820.343750	676.849609
3817.868164	639.211060
3815.390625	675.289185
3812.913086	682.077026
3810.434570	720.125122
3807.955078	706.725403
3805.473633	732.638916
3802.992188	738.384155
3800.509766	740.096802
3798.025391	732.749084
3795.541016	737.480530
3793.054688	766.344727
3790.568359	762.010498
3788.080078	790.840637
3785.591797	797.548645
3783.101563	821.319946
3780.610352	816.969421
3778.119141	802.589844
3775.625977	838.363159
3773.131836	851.051331
3770.636719	827.656677
3768.140625	874.392639
3765.643555	855.011780
3763.145508	841.651245
3760.646484	860.313110
3758.146484	863.960022
3755.645508	923.578186
3753.143555	912.208679
3750.639648	896.853333
3748.135742	904.471558
3745.630859	973.953247
3743.124023	980.535461
3740.617188	968.167480
3738.108398	947.835938
3735.599609	997.259277
3733.088867	1020.749512
3730.577148	1028.292969
3728.064453	1050.755493
3725.551758	1040.376587
3723.037109	1067.786011
3720.521484	1051.445190
3718.004883	1083.793823
3715.487305	1087.318970
3712.967773	1103.744385
3710.448242	1077.492798
3707.927734	1137.545410
3705.406250	1152.937378
3702.882813	1141.561035
3700.359375	1197.549805
3697.833984	1176.262451
3695.308594	1164.889648
3692.781250	1206.948120
3690.252930	1242.049194
3687.723633	1240.546997
3685.193359	1222.248413
3682.662109	1276.064209
3680.129883	1239.007446
3677.596680	1298.692139
3675.062500	1300.127075
3672.527344	1316.350830
3669.990234	1309.891602
3667.453125	1358.609253
3664.915039	1324.562500
3662.375000	1394.889526
3659.833984	1348.063354
3657.292969	1387.830566
3654.750000	1380.372192
3652.206055	1441.713013
3649.661133	1444.061279
3647.115234	1444.443115
3644.568359	1427.156616
3642.019531	1458.940552
3639.470703	1452.449463
3636.920898	1480.274414
3634.369141	1522.774292
3631.817383	1558.381958
3629.263672	1572.419434
3626.708984	1589.380981
3624.153320	1587.740601
3621.596680	1568.499512
3619.039063	1564.913330
3616.480469	1615.067627
3613.920898	1662.249634
3611.360352	1654.722534
3608.797852	1692.089478
3606.235352	1686.505981
3603.670898	1718.952393
3601.105469	1772.812622
3598.540039	1774.020508
3595.972656	1812.230957
3593.404297	1784.218628
3590.834961	1835.040649
3588.264648	1878.038940
3585.692383	1851.977051
3583.120117	1902.705322
3580.545898	1878.596558
3577.971680	1988.497925
3575.395508	1939.138184
3572.818359	1943.176514
3570.240234	1981.151367
3567.661133	2033.633667
3565.081055	2008.558228
3562.500000	1988.345825
3559.917969	2078.513184
3557.333984	2103.769043
3554.750000	2145.446777
3552.164063	2180.320801
3549.577148	2181.338135
3546.989258	2213.268311
3544.400391	2198.819092
3541.810547	2245.192871
3539.219727	2256.791992
3536.626953	2339.750000
3534.034180	2341.658203
3531.439453	2349.345703
3528.844727	2347.393799
3526.248047	2408.026611
3523.650391	2432.998047
3521.051758	2532.984863
3518.451172	2492.491943
3515.850586	2531.812256
3513.249023	2568.216309
3510.645508	2601.707764
3508.041016	2624.610107
3505.436523	2654.209717
3502.830078	2612.804443
3500.222656	2716.208008
3497.613281	2762.979980
3495.003906	2776.182617
3492.393555	2825.760742
3489.781250	2822.652588
3487.167969	2861.643311
3484.553711	2915.901855
3481.938477	2914.668945
3479.322266	2965.035400
3476.705078	3025.864746
3474.086914	3037.950439
3471.466797	3088.198242
3468.845703	3123.139893
3466.224609	3188.563477
3463.601563	3233.915527
3460.977539	3297.329590
3458.351563	3263.553711
3455.725586	3350.697266
3453.098633	3318.828613
3450.469727	3420.139160
3447.839844	3437.702148
3445.208984	3537.924072
3442.577148	3524.073975
3439.944336	3602.334229
3437.310547	3631.175049
3434.674805	3657.144043
3432.039063	3684.038330
3429.401367	3747.875732
3426.762695	3844.818848
3424.123047	3825.189941
3421.481445	3910.655762
3418.839844	3986.585205
3416.197266	4086.095215
3413.552734	4119.337891
3410.907227	4201.693359
3408.260742	4218.796875
3405.613281	4260.435547
3402.963867	4223.697754
3400.314453	4345.488770
3397.663086	4355.895508
3395.011719	4396.457031
3392.358398	4485.978516
3389.704102	4532.098145
3387.047852	4661.964844
3384.391602	4682.559570
3381.733398	4785.910645
3379.075195	4802.671387
3376.415039	4825.995117
3373.753906	4906.602539
3371.090820	4958.029785
3368.427734	5058.220215
3365.762695	5115.165039
3363.097656	5182.375977
3360.430664	5256.089844
3357.762695	5310.998535
3355.092773	5352.746582
3352.422852	5476.843750
3349.750977	5551.234863
3347.079102	5507.699219
3344.405273	5594.165527
3341.729492	5532.888184
3339.053711	5723.897949
3336.376953	5784.942871
3333.698242	5849.667480
3331.018555	5913.401855
3328.337891	6109.510254
3325.656250	6086.379883
3322.973633	6192.788574
3320.289063	6265.573730
3317.604492	6241.469727
3314.917969	6354.183594
3312.230469	6437.962891
3309.541016	6463.090332
3306.851563	6613.664063
3304.160156	6644.264648
3301.467773	6817.842773
3298.774414	6911.443359
3296.080078	6908.469238
3293.384766	7001.946777
3290.687500	7046.209961
3287.990234	7177.534180
3285.291016	7153.140137
3282.589844	7269.488281
3279.888672	7299.670898
3277.186523	7426.026367
3274.482422	7556.894531
3271.777344	7546.242188
3269.071289	7753.617676
3266.364258	7867.547363
3263.655273	7873.382324
3260.945313	7973.317383
3258.234375	8123.886719
3255.522461	8151.720703
3252.809570	8256.006836
3250.095703	8356.516602
3247.379883	8422.873047
3244.663086	8538.862305
3241.945313	8630.833984
3239.226563	8724.561523
3236.505859	8832.911133
3233.784180	8946.675781
3231.061523	8906.074219
3228.337891	9103.227539
3225.613281	9295.620117
3222.886719	9325.525391
3220.160156	9520.400391
3217.431641	9529.103516
3214.702148	9626.633789
3211.970703	9667.318359
3209.239258	9896.469727
3206.505859	10025.719727
3203.771484	10015.884766
3201.035156	10123.032227
3198.298828	10288.545898
3195.560547	10351.647461
3192.821289	10432.033203
3190.081055	10573.468750
3187.339844	10707.484375
3184.596680	10861.432617
3181.853516	10958.754883
3179.108398	11087.865234
3176.361328	11249.630859
3173.614258	11295.693359
3170.865234	11419.021484
3168.115234	11474.054688
3165.364258	11553.572266
3162.612305	11729.300781
3159.858398	11677.888672
3157.104492	11861.571289
3154.347656	11908.111328
3151.590820	12154.092773
3148.833008	12257.557617
3146.073242	12426.158203
3143.312500	12573.780273
3140.550781	12642.520508
3137.787109	12710.291992
3135.023438	12957.068359
3132.257813	13004.748047
3129.491211	13149.970703
3126.722656	13332.093750
3123.954102	13460.788086
3121.183594	13546.050781
3118.412109	13708.807617
3115.638672	13955.269531
3112.865234	13941.958984
3110.089844	13896.225586
3107.313477	14053.126953
3104.536133	14201.787109
3101.756836	14376.402344
3098.976563	14354.822266
3096.195313	14568.758789
3093.413086	14726.799805
3090.628906	14812.850586
3087.844727	15133.118164
3085.058594	15329.273438
3082.270508	15551.263672
3079.482422	15711.195313
3076.692383	15783.163086
3073.901367	15998.377930
3071.109375	16121.181641
3068.315430	16154.379883
3065.520508	16507.787109
3062.724609	16541.671875
3059.927734	16630.933594
3057.128906	17005.093750
3054.329102	17009.230469
3051.528320	17112.435547
3048.726563	17227.144531
3045.922852	17584.312500
3043.118164	17631.847656
3040.312500	17789.820313
3037.505859	17858.585938
3034.697266	18197.914063
3031.887695	18304.693359
3029.077148	18299.302734
3026.264648	18514.396484
3023.452148	18641.318359
3020.637695	19008.841797
3017.821289	19063.503906
3015.004883	19178.462891
3012.186523	19293.312500
3009.367188	19619.091797
3006.545898	19679.570313
3003.724609	19854.273438
3000.901367	20343.177734
2998.077148	20370.490234
2995.250977	20430.507813
2992.423828	20458.630859
2989.595703	20910.138672
2986.766602	20973.355469
2983.935547	21175.167969
2981.104492	21398.867188
2978.270508	21505.001953
2975.436523	21622.501953
2972.600586	21867.728516
2969.763672	21926.791016
2966.925781	22118.800781
2964.085938	22378.429688
2961.245117	22563.017578
2958.403320	22763.269531
2955.560547	22826.167969
2952.715820	22888.125000
2949.870117	23062.470703
2947.023438	23486.037109
2944.174805	23551.988281
2941.325195	23799.482422
2938.474609	23868.730469
2935.622070	24027.316406
2932.768555	24015.779297
2929.914063	24379.955078
2927.058594	24634.376953
2924.201172	24681.189453
2921.342773	25006.080078
2918.483398	25099.003906
2915.622070	25261.746094
2912.759766	25535.263672
2909.896484	25618.203125
2907.032227	25664.410156
2904.166016	25926.021484
2901.298828	26212.675781
2898.429688	26314.310547
2895.559570	26536.929688
2892.688477	26646.150391
2889.816406	26794.429688
2886.942383	26932.998047
2884.067383	27126.220703
2881.191406	27166.285156
2878.314453	27465.207031
2875.435547	27769.933594
2872.554688	27841.750000
2869.673828	28166.841797
2866.791016	28382.363281
2863.907227	28449.451172
2861.021484	28554.595703
2858.134766	28926.390625
2855.247070	29030.345703
2852.358398	29132.466797
2849.467773	29362.498047
2846.576172	29474.738281
2843.682617	29481.441406
2840.789063	30049.578125
2837.893555	30084.492188
2834.996094	29995.957031
2832.097656	30116.244141
2829.198242	30568.369141
2826.297852	30476.261719
2823.395508	30812.369141
2820.492188	30797.712891
2817.587891	30939.703125
2814.681641	30958.535156
2811.774414	31192.318359
2808.866211	31229.910156
2805.956055	31414.373047
2803.044922	31706.861328
2800.131836	31648.865234
2797.218750	31924.667969
2794.303711	31918.919922
2791.386719	31968.884766
2788.468750	32332.396484
2785.549805	32012.128906
2782.629883	32495.123047
2779.708008	32472.824219
2776.785156	32795.218750
2773.860352	32995.914063
2770.935547	32874.269531
2768.007813	33065.335938
2765.080078	33163.160156
2762.150391	32999.753906
2759.219727	33180.238281
2756.287109	33346.910156
2753.353516	33393.257813
2750.418945	33867.175781
2747.482422	33812.757813
2744.544922	33580.503906
2741.606445	33618.964844
2738.666016	33868.257813
2735.724609	33830.890625
2732.782227	33838.574219
2729.837891	33836.898438
2726.892578	34094.937500
2723.945313	34286.558594
2720.997070	34023.468750
2718.047852	34169.156250
2715.097656	34121.531250
2712.145508	34235.687500
2709.191406	34192.289063
2706.237305	34463.660156
2703.281250	34226.511719
2700.323242	34120.585938
2697.364258	34165.148438
2694.404297	34350.703125
2691.443359	34389.187500
2688.480469	34235.242188
2685.515625	34299.871094
2682.550781	34339.984375
2679.583984	34353.082031
2676.615234	34434.382813
2673.646484	34328.699219
2670.674805	34100.242188
2667.703125	34203.386719
2664.729492	34139.113281
2661.754883	34047.160156
2658.778320	34000.636719
2655.800781	33883.617188
2652.821289	33540.949219
2649.840820	33767.308594
2646.859375	33696.636719
2643.876953	33256.429688
2640.892578	33436.503906
2637.906250	33370.238281
2634.918945	33424.535156
2631.930664	32998.593750
2628.941406	33243.640625
2625.950195	33000.347656
2622.957031	32905.972656
2619.963867	32790.792969
2616.967773	32776.703125
2613.971680	32806.000000
2610.973633	32545.896484
2607.974609	32139.322266
2604.973633	32132.177734
2601.971680	31871.873047
2598.967773	31912.283203
2595.962891	31732.166016
2592.957031	31293.572266
2589.949219	31352.447266
2586.940430	30894.464844
2583.929688	31117.880859
2580.917969	30852.158203
2577.905273	30794.925781
2574.890625	30454.101563
2571.875000	30308.384766
2568.857422	30217.478516
2565.838867	29829.320313
2562.819336	29608.726563
2559.797852	29350.263672
2556.775391	29289.697266
2553.750977	28971.248047
2550.725586	28761.330078
2547.698242	28579.673828
2544.669922	28478.255859
2541.640625	28322.457031
2538.609375	27839.349609
2535.577148	27727.664063
2532.542969	27750.390625
2529.507813	27262.416016
2526.471680	26995.519531
2523.433594	26682.775391
2520.393555	26712.484375
2517.353516	26472.490234
2514.310547	26337.072266
2511.267578	26186.164063
2508.222656	25855.583984
2505.175781	25675.474609
2502.127930	25269.128906
2499.079102	25049.263672
2496.028320	24597.669922
2492.976563	24505.265625
2489.922852	24430.951172
2486.868164	24221.662109
2483.812500	23776.974609
2480.754883	23757.035156
2477.695313	23376.699219
2474.634766	23129.857422
2471.573242	23170.642578
2468.509766	22757.617188
2465.445313	22723.472656
2462.378906	22362.386719
2459.311523	22086.386719
2456.242188	21780.492188
2453.171875	21390.193359
2450.100586	21292.423828
2447.027344	20944.996094
2443.953125	20851.574219
2440.876953	20570.490234
2437.799805	20416.386719
2434.720703	20308.701172
2431.640625	20123.195313
2428.558594	19744.777344
2425.475586	19552.392578
2422.390625	19481.750000
2419.304688	19138.160156
2416.217773	18828.888672
2413.128906	18659.109375
2410.038086	18425.570313
2406.946289	18405.716797
2403.853516	17902.544922
2400.758789	17819.119141
2397.663086	17533.082031
2394.565430	17398.234375
2391.466797	17240.113281
2388.366211	16803.126953
2385.264648	16838.046875
2382.161133	16566.794922
2379.056641	16365.844727
2375.950195	16174.733398
2372.842773	15829.331055
2369.734375	15804.285156
2366.624023	15549.384766
2363.511719	15463.425781
2360.398438	15189.637695
2357.284180	14998.770508
2354.167969	14779.194336
2351.049805	14835.665039
2347.930664	14572.276367
2344.810547	14432.501953
2341.688477	14189.554688
2338.564453	14120.513672
2335.439453	14028.332031
2332.313477	13706.732422
2329.185547	13710.732422
2326.056641	13441.500000
2322.925781	13093.459961
2319.792969	12962.040039
2316.660156	12829.142578
2313.524414	12614.231445
2310.387695	12629.861328
2307.250000	12398.504883
2304.110352	12256.545898
2300.969727	11982.591797
2297.827148	11927.666016
2294.682617	11675.583008
2291.537109	11531.030273
2288.390625	11433.481445
2285.242188	11284.405273
2282.092773	11184.672852
2278.941406	11034.258789
2275.788086	10991.028320
2272.633789	10737.010742
2269.478516	10702.666992
2266.321289	10500.483398
2263.162109	10412.456055
2260.001953	10291.281250
2256.840820	10076.122070
2253.676758	9830.336914
2250.512695	9777.534180
2247.346680	9716.090820
2244.178711	9608.926758
2241.009766	9463.994141
2237.838867	9316.829102
2234.666992	9252.551758
2231.493164	8995.333008
2228.318359	8839.924805
2225.141602	8716.926758
2221.963867	8549.203125
2218.784180	8545.178711
2215.602539	8472.781250
2212.419922	8325.038086
2209.236328	8149.951172
2206.050781	8015.050293
2202.863281	7856.741211
2199.674805	7776.199219
2196.485352	7783.502441
2193.292969	7745.364258
2190.100586	7474.726074
2186.905273	7404.678711
2183.709961	7419.172363
2180.511719	7238.191895
2177.312500	7130.837402
2174.112305	7047.014160
2170.910156	6954.680176
2167.706055	6927.980469
2164.500977	6776.505859
2161.294922	6699.235352
2158.085938	6523.851074
2154.876953	6472.471680
2151.665039	6382.212891
2148.452148	6359.735840
2145.238281	6273.500488
2142.022461	6153.916504
2138.804688	6064.747559
2135.585938	6015.270996
2132.365234	5940.221191
2129.143555	5843.514648
2125.919922	5741.468750
2122.695313	5716.261719
2119.468750	5540.760742
2116.240234	5476.946289
2113.010742	5314.106934
2109.780273	5294.558594
2106.546875	5240.999512
2103.312500	5276.382324
2100.077148	5134.027832
2096.839844	5081.388184
2093.600586	4935.398926
2090.360352	4888.300293
2087.119141	4901.394043
2083.875000	4842.791504
2080.629883	4738.018555
2077.383789	4651.054199
2074.135742	4667.307617
2070.885742	4557.377441
2067.634766	4434.478516
2064.381836	4347.818359
2061.127930	4325.000488
2057.871094	4307.577148
2054.614258	4157.396484
2051.355469	4064.890625
2048.094727	4059.879883
2044.832031	4014.254883
2041.568359	3954.117676
2038.303711	3987.444580
2035.037109	3860.030762
2031.768555	3755.684814
2028.498047	3682.783447
2025.226563	3640.517578
2021.954102	3625.023926
2018.678711	3575.188965
2015.403320	3520.821777
2012.125000	3450.488770
2008.845703	3363.450439
2005.564453	3331.356689
2002.282227	3320.617432
1998.998047	3212.447998
1995.712891	3145.468750
1992.424805	3178.179688
1989.136719	3096.835938
1985.845703	3048.999756
1982.553711	2989.057617
1979.260742	2937.521729
1975.964844	2920.933594
1972.667969	2869.477783
1969.370117	2779.414795
1966.070313	2787.923828
1962.768555	2763.105957
1959.465820	2602.833252
1956.161133	2656.801514
1952.854492	2666.105225
1949.546875	2559.011719
1946.237305	2506.408936
1942.925781	2470.466797
1939.613281	2476.819824
1936.298828	2420.558350
1932.982422	2383.198975
1929.665039	2339.092773
1926.346680	2315.364746
1923.025391	2342.852295
1919.703125	2228.093506
1916.378906	2235.287842
1913.053711	2194.362061
1909.726563	2170.757080
1906.397461	2090.847412
1903.067383	2056.053955
1899.735352	2063.309814
1896.401367	2015.062988
1893.066406	2010.337158
1889.729492	1949.424805
1886.390625	1927.510376
1883.050781	1902.622681
1879.708984	1823.894409
1876.365234	1812.539185
1873.020508	1825.857910
1869.673828	1853.356323
1866.326172	1750.909058
1862.975586	1759.758423
1859.624023	1685.054321
1856.271484	1697.653564
1852.916016	1658.075684
1849.559570	1629.708374
1846.202148	1634.869385
1842.841797	1592.401489
1839.480469	1585.674438
1836.118164	1526.172729
1832.752930	1508.338013
1829.386719	1494.233276
1826.018555	1454.161255
1822.649414	1433.418213
1819.278320	1405.279053
1815.905273	1364.566284
1812.531250	1370.566162
1809.154297	1326.947266
1805.777344	1302.613525
1802.397461	1322.688721
1799.016602	1258.452515
1795.633789	1256.357544
1792.249023	1251.309448
1788.863281	1209.350342
1785.475586	1180.714966
1782.085938	1181.610596
1778.694336	1183.242065
1775.301758	1153.186401
1771.907227	1151.883179
1768.510742	1102.732056
1765.113281	1108.811768
1761.713867	1082.526855
1758.312500	1043.771606
1754.910156	1042.523071
1751.505859	1033.932129
1748.099609	1009.201965
1744.691406	1005.036682
1741.282227	957.613770
1737.871094	959.340149
1734.458008	941.286499
1731.042969	953.268616
1727.626953	911.817505
1724.208984	896.007080
1720.790039	876.556580
1717.368164	871.739136
1713.945313	878.611633
1710.520508	871.607239
1707.093750	839.802063
1703.666016	816.049866
1700.236328	827.308350
1696.804688	808.684998
1693.371094	771.875122
1689.936523	759.847412
1686.500000	768.200256
1683.061523	753.277161
1679.622070	709.299011
1676.179688	730.011963
1672.736328	699.156677
1669.291016	706.065979
1665.844727	697.736877
1662.396484	708.264099
1658.945313	674.581360
1655.494141	650.346619
1652.040039	644.955994
1648.584961	644.634949
1645.126953	608.880249
1641.668945	607.854126
1638.208008	611.163269
1634.745117	584.142517
1631.281250	586.016296
1627.815430	573.461243
1624.347656	555.150635
1620.878906	544.064209
1617.408203	525.065796
1613.935547	529.842712
1610.460938	516.626221
1606.984375	509.176117
1603.506836	505.327332
1600.027344	479.928497
1596.545898	492.613953
1593.062500	466.528717
1589.577148	479.925140
1586.090820	455.306000
1582.602539	473.710815
1579.112305	434.793091
1575.620117	435.290863
1572.126953	434.356781
1568.630859	416.973358
1565.133789	415.334167
1561.634766	395.119385
1558.133789	413.488434
1554.631836	381.160217
1551.127930	368.840240
1547.621094	385.055084
1544.114258	369.894348
1540.604492	373.269745
1537.092773	360.977844
1533.580078	337.312103
1530.065430	352.789948
1526.548828	334.128265
1523.030273	334.670166
1519.509766	340.182709
1515.988281	330.783020
1512.463867	319.264252
1508.938477	297.829346
1505.411133	306.183807
1501.882813	304.612091
1498.351563	301.625763
1494.818359	302.180725
1491.284180	285.051849
1487.748047	261.577515
1484.209961	267.097778
1480.669922	257.781067
1477.128906	277.415222
1473.584961	274.452301
1470.040039	239.054199
1466.493164	243.161667
1462.944336	235.289063
1459.393555	228.832535
1455.840820	230.827377
1452.287109	218.049026
1448.730469	227.077362
1445.172852	199.557693
1441.613281	206.479126
1438.051758	201.460236
1434.488281	208.373459
1430.922852	197.047394
1427.356445	203.955627
1423.787109	203.851517
1420.216797	193.945129
1416.644531	198.044876
1413.070313	188.151382
1409.494141	174.772476
1405.916016	189.356445
1402.336914	182.974167
1398.754883	163.336014
1395.171875	173.019592
1391.585938	170.839020
1387.999023	156.115616
1384.410156	160.215073
1380.819336	150.385666
1377.226563	153.787842
1373.632813	146.753723
1370.036133	141.117065
1366.438477	158.414566
1362.837891	136.805359
1359.236328	131.182312
1355.632813	142.908203
1352.027344	129.660568
1348.419922	130.979813
1344.810547	137.838913
1341.199219	125.998749
1337.585938	110.019066
1333.970703	122.410873
1330.354492	124.421379
1326.735352	114.684914
1323.115234	110.482574
1319.493164	113.186119
1315.869141	110.368393
1312.242188	107.553520
1308.614258	108.186951
1304.984375	103.998550
1301.353516	101.191193
1297.719727	97.010643
1294.083984	83.207115
1290.446289	95.535461
1286.807617	86.555565
1283.166016	94.063148
1279.523438	93.328072
1275.877930	93.965462
1272.231445	92.545578
1268.582031	95.238121
1264.931641	78.068329
1261.279297	80.765518
1257.625000	90.300827
1253.968750	86.835083
1250.310547	70.388603
1246.650391	73.767044
1242.988281	65.536507
1239.324219	73.007782
1235.658203	73.651627
1231.990234	77.702774
1228.320313	67.443466
1224.648438	68.769989
1220.975586	68.734024
1217.299805	55.774662
1213.622070	63.903336
1209.943359	59.113602
1206.261719	65.194626
1202.578125	67.196716
1198.893555	57.663891
1195.206055	60.345806
1191.517578	54.892635
1187.826172	56.895802
1184.133789	55.511955
1180.438477	52.776299
1176.742188	53.424809
1173.042969	53.396702
1169.342773	48.639732
1165.639648	44.562939
1161.935547	48.588505
1158.228516	63.401554
1154.520508	53.256184
1150.809570	46.490353
1147.097656	49.159485
1143.382813	46.441277
1139.666992	41.707794
1135.948242	45.047501
1132.227539	41.663704
1128.505859	44.999859
1124.781250	39.605766
1121.055664	34.217361
1117.327148	35.540379
1113.596680	37.532192
1109.865234	34.162975
1106.130859	43.517944
1102.394531	34.795876
1098.657227	36.783783
1094.916992	36.095798
1091.174805	38.080864
1087.430664	34.721962
1083.684570	37.372986
1079.936523	29.348854
1076.186523	29.999887
1072.434570	29.317593
1068.680664	31.965776
1064.924805	29.951931
1061.166992	25.279243
1057.406250	31.249739
1053.644531	33.891178
1049.880859	31.216354
1046.114258	26.552906
1042.346680	29.192570
1038.576172	28.513834
1034.803711	31.149595
1031.030273	21.196873
1027.253906	27.805983
1023.475586	29.776148
1019.695313	28.437498
1015.913086	21.151430
1012.128906	23.121952
1008.342773	27.071161
1004.553711	18.477684
