4046.277344	232.693497
4043.892578	227.452652
4041.505859	237.840546
4039.119141	210.515854
4036.731445	229.277542
4034.342773	207.210220
4031.952148	232.234894
4029.561523	226.914719
4027.169922	237.277847
4024.777344	246.587830
4022.383789	221.423523
4019.989258	233.864395
4017.593750	237.946365
4015.197266	242.025024
4012.799805	240.886383
4010.401367	249.130051
4008.001953	258.409088
4005.601563	256.223511
4003.201172	233.216705
4000.798828	252.898102
3998.395508	261.120300
3995.991211	241.258408
3993.585938	288.979309
3991.180664	288.864502
3988.773438	285.633698
3986.365234	283.443604
3983.957031	283.330872
3981.546875	264.544434
3979.135742	274.809296
3976.724609	292.322144
3974.311523	298.422821
3971.898438	298.303925
3969.483398	285.760651
3967.068359	320.835052
3964.651367	314.499847
3962.234375	301.964844
3959.815430	292.540894
3957.396484	292.424072
3954.975586	297.471710
3952.554688	304.580170
3950.131836	322.003479
3947.708984	319.811401
3945.284180	335.152039
3942.859375	318.524719
3940.432617	339.005463
3938.005859	348.139709
3935.577148	355.207336
3933.148438	349.919128
3930.718750	352.865143
3928.287109	366.092163
3925.855469	345.386597
3923.421875	358.605804
3920.988281	375.922760
3918.552734	388.092163
3916.117188	376.647125
3913.680664	379.573395
3911.242188	381.471741
3908.803711	375.168060
3906.363281	386.288147
3903.922852	396.374939
3901.480469	416.691650
3899.038086	395.032440
3896.593750	414.310120
3894.149414	429.481812
3891.703125	405.798920
3889.256836	434.244324
3886.808594	415.685089
3884.360352	419.601074
3881.910156	427.595825
3879.459961	439.664429
3877.007813	424.191467
3874.555664	465.810516
3872.101563	449.320404
3869.646484	467.470917
3867.191406	464.227753
3864.734375	459.969391
3862.277344	467.921021
3859.818359	486.034119
3857.358398	497.017639
3854.897461	487.672455
3852.436523	491.537109
3849.973633	495.398499
3847.509766	508.389374
3845.044922	510.211823
3842.579102	525.213684
3840.113281	498.649139
3837.645508	519.721802
3835.176758	571.158020
3832.707031	508.164581
3830.236328	553.492126
3827.764648	561.358765
3825.291992	547.986877
3822.818359	576.061707
3820.343750	567.745483
3817.868164	593.769470
3815.390625	580.405518
3812.913086	588.240967
3810.434570	590.018433
3807.955078	591.794312
3805.473633	596.591797
3802.992188	605.414612
3800.509766	617.250793
3798.025391	625.051086
3795.541016	624.795898
3793.054688	644.654785
3790.568359	673.544861
3788.080078	662.216003
3785.591797	664.958679
3783.101563	674.727417
3780.610352	699.542603
3778.119141	703.269348
3775.625977	690.947632
3773.131836	667.609192
3770.636719	707.416016
3768.140625	707.126221
3765.643555	695.823425
3763.145508	716.554443
3760.646484	742.270142
3758.146484	734.966003
3755.645508	739.662170
3753.143555	771.330872
3750.639648	817.954224
3748.135742	788.667236
3745.630859	734.456543
3743.124023	781.036926
3740.617188	802.651733
3738.108398	822.255188
3735.599609	827.894592
3733.088867	838.508362
3730.577148	860.063049
3728.064453	837.818237
3725.551758	841.451782
3723.037109	842.099365
3720.521484	872.560364
3718.004883	880.147949
3715.487305	899.644775
3712.967773	948.902588
3710.448242	906.840149
3707.927734	937.210449
3705.406250	908.074524
3702.882813	936.436829
3700.359375	964.775391
3697.833984	956.455872
3695.308594	963.978333
3692.781250	1019.970032
3690.252930	1031.415039
3687.723633	1060.642944
3685.193359	1010.800354
3682.662109	1032.110718
3680.129883	1051.428589
3677.596680	1071.717041
3675.062500	1061.408691
3672.527344	1096.466064
3669.990234	1092.069092
3667.453125	1093.586792
3664.915039	1079.346069
3662.375000	1124.180542
3659.833984	1149.297852
3657.292969	1143.902954
3654.750000	1160.141846
3652.206055	1163.591187
3649.661133	1186.684326
3647.115234	1196.010742
3644.568359	1224.959717
3642.019531	1231.318359
3639.470703	1256.305054
3636.920898	1209.707642
3634.369141	1262.119263
3631.817383	1268.450439
3629.263672	1263.026855
3626.708984	1270.330322
3624.153320	1301.105957
3621.596680	1277.094971
3619.039063	1319.570923
3616.480469	1362.988037
3613.920898	1335.073608
3611.360352	1341.350342
3608.797852	1379.823730
3606.235352	1410.461426
3603.670898	1431.322876
3601.105469	1409.283691
3598.540039	1460.327637
3595.972656	1461.665039
3593.404297	1469.814575
3590.834961	1500.335449
3588.264648	1522.077148
3585.692383	1564.215820
3583.120117	1540.239014
3580.545898	1575.534424
3577.971680	1617.596436
3575.395508	1613.036865
3572.818359	1574.526001
3570.240234	1644.656250
3567.661133	1636.212402
3565.081055	1646.184448
3562.500000	1704.573120
3559.917969	1690.304688
3557.333984	1735.077148
3554.750000	1762.400391
3552.164063	1819.673462
3549.577148	1761.887207
3546.989258	1812.348877
3544.400391	1793.239868
3541.810547	1827.235596
3539.219727	1861.202148
3536.626953	1882.601929
3534.034180	1914.587524
3531.439453	1951.363892
3528.844727	1963.064697
3526.248047	1943.944702
3523.650391	1979.698120
3521.051758	1998.104736
3518.451172	2045.343506
3515.850586	2041.598022
3513.249023	2093.581543
3510.645508	2192.579834
3508.041016	2128.295898
3505.436523	2208.003174
3502.830078	2232.010254
3500.222656	2190.799561
3497.613281	2230.126221
3495.003906	2255.049561
3492.393555	2243.563965
3489.781250	2288.559570
3487.167969	2355.521973
3484.553711	2409.994385
3481.938477	2402.283691
3479.322266	2408.912109
3476.705078	2457.559814
3474.086914	2466.067383
3471.466797	2529.917725
3468.845703	2593.713379
3466.224609	2634.569824
3463.601563	2640.125488
3460.977539	2661.872070
3458.351563	2723.596191
3455.725586	2792.882324
3453.098633	2742.220215
3450.469727	2833.313232
3447.839844	2893.906250
3445.208984	2876.523438
3442.577148	2852.505127
3439.944336	2935.798096
3437.310547	2949.736572
3434.674805	2973.149170
3432.039063	3150.161133
3429.401367	3091.949951
3426.762695	3142.746338
3424.123047	3184.027832
3421.481445	3212.020020
3418.839844	3245.665039
3416.197266	3297.251953
3413.552734	3349.739258
3410.907227	3320.906494
3408.260742	3424.348389
3405.613281	3497.485107
3402.963867	3542.243164
3400.314453	3607.717773
3397.663086	3573.173584
3395.011719	3652.716797
3392.358398	3707.692871
3389.704102	3700.460205
3387.047852	3753.484131
3384.391602	3822.459229
3381.733398	3829.292969
3379.075195	3826.717529
3376.415039	3950.079590
3373.753906	4020.727295
3371.090820	4056.569824
3368.427734	4079.239990
3365.762695	4247.313477
3363.097656	4193.916992
3360.430664	4178.061523
3357.762695	4307.456055
3355.092773	4270.957520
3352.422852	4415.178711
3349.750977	4431.068359
3347.079102	4497.455566
3344.405273	4508.619141
3341.729492	4612.297852
3339.053711	4600.979004
3336.376953	4604.608887
3333.698242	4744.512695
3331.018555	4693.960938
3328.337891	4857.951172
3325.656250	4869.849609
3322.973633	4979.576172
3320.289063	4888.954102
3317.604492	5092.607422
3314.917969	5019.693359
3312.230469	5156.137695
3309.541016	5201.341797
3306.851563	5274.387695
3304.160156	5276.765137
3301.467773	5313.497070
3298.774414	5438.375977
3296.080078	5569.640137
3293.384766	5527.364258
3290.687500	5715.021973
3287.990234	5715.340820
3285.291016	5747.149414
3282.589844	5816.886719
3279.888672	5923.579102
3277.186523	5953.401367
3274.482422	6020.181152
3271.777344	6029.599609
3269.071289	6188.667480
3266.364258	6209.083008
3263.655273	6356.855957
3260.945313	6363.338379
3258.234375	6517.369629
3255.522461	6677.718262
3252.809570	6625.998047
3250.095703	6709.712402
3247.379883	6816.368164
3244.663086	6774.771484
3241.945313	6954.890137
3239.226563	6973.029297
3236.505859	7108.788574
3233.784180	7326.187500
3231.061523	7298.224121
3228.337891	7378.588867
3225.613281	7455.212402
3222.886719	7485.914551
3220.160156	7643.086914
3217.431641	7755.224121
3214.702148	7795.824219
3211.970703	7894.061523
3209.239258	8040.709961
3206.505859	8142.410156
3203.771484	8356.475586
3201.035156	8344.624023
3198.298828	8486.246094
3195.560547	8623.177734
3192.821289	8543.679688
3190.081055	8661.303711
3187.339844	8826.242188
3184.596680	8891.680664
3181.853516	9011.726563
3179.108398	9151.701172
3176.361328	9311.577148
3173.614258	9361.212891
3170.865234	9589.067383
3168.115234	9574.894531
3165.364258	9573.453125
3162.612305	9640.135742
3159.858398	9766.680664
3157.104492	9833.215820
3154.347656	9904.224609
3151.590820	10126.596680
3148.833008	10177.470703
3146.073242	10270.877930
3143.312500	10331.599609
3140.550781	10572.394531
3137.787109	10594.925781
3135.023438	10719.628906
3132.257813	10850.548828
3129.491211	10834.064453
3126.722656	10949.458984
3123.954102	11183.016602
3121.183594	11217.836914
3118.412109	11413.182617
3115.638672	11404.587891
3112.865234	11636.624023
3110.089844	11655.858398
3107.313477	11837.150391
3104.536133	11811.271484
3101.756836	11884.372070
3098.976563	12183.119141
3096.195313	12216.436523
3093.413086	12189.524414
3090.628906	12342.246094
3087.844727	12521.761719
3085.058594	12496.534180
3082.270508	13031.884766
3079.482422	12975.967773
3076.692383	13114.551758
3073.901367	13368.556641
3071.109375	13395.819336
3068.315430	13553.712891
3065.520508	13590.702148
3062.724609	13699.186523
3059.927734	13902.308594
3057.128906	14036.459961
3054.329102	14171.382813
3051.528320	14210.676758
3048.726563	14328.444336
3045.922852	14702.047852
3043.118164	14674.189453
3040.312500	14872.666992
3037.505859	15006.840820
3034.697266	15032.286133
3031.887695	15281.050781
3029.077148	15279.660156
3026.264648	15438.294922
3023.452148	15579.012695
3020.637695	15824.416016
3017.821289	16066.935547
3015.004883	16200.963867
3012.186523	16147.693359
3009.367188	16511.212891
3006.545898	16582.812500
3003.724609	16689.779297
3000.901367	16979.953125
2998.077148	17151.255859
2995.250977	17260.470703
2992.423828	17343.052734
2989.595703	17604.119141
2986.766602	17801.330078
2983.935547	17955.087891
2981.104492	18093.695313
2978.270508	18232.175781
2975.436523	18371.410156
2972.600586	18689.484375
2969.763672	18794.013672
2966.925781	18722.277344
2964.085938	19148.054688
2961.245117	19431.757813
2958.403320	19351.021484
2955.560547	19762.748047
2952.715820	19739.931641
2949.870117	20022.847656
2947.023438	20114.957031
2944.174805	20179.769531
2941.325195	20366.468750
2938.474609	20560.009766
2935.622070	20880.476563
2932.768555	20934.294922
2929.914063	21206.130859
2927.058594	21440.951172
2924.201172	21307.179688
2921.342773	21575.845703
2918.483398	21653.683594
2915.622070	22030.298828
2912.759766	22146.283203
2909.896484	22477.806641
2907.032227	22404.980469
2904.166016	22773.587891
2901.298828	22788.742188
2898.429688	23059.228516
2895.559570	23008.023438
2892.688477	23320.822266
2889.816406	23548.914063
2886.942383	23703.718750
2884.067383	23847.943359
2881.191406	24175.429688
2878.314453	24151.623047
2875.435547	24504.720703
2872.554688	24740.312500
2869.673828	24992.171875
2866.791016	24994.033203
2863.907227	25227.335938
2861.021484	25135.496094
2858.134766	25556.453125
2855.247070	25721.644531
2852.358398	25884.951172
2849.467773	26356.017578
2846.576172	26473.056641
2843.682617	26767.136719
2840.789063	26667.931641
2837.893555	27076.474609
2834.996094	27135.130859
2832.097656	27298.964844
2829.198242	27673.888672
2826.297852	27573.597656
2823.395508	27870.515625
2820.492188	27973.419922
2817.587891	28020.279297
2814.681641	28073.109375
2811.774414	28245.412109
2808.866211	28519.833984
2805.956055	28495.021484
2803.044922	28920.208984
2800.131836	28990.501953
2797.218750	29210.011719
2794.303711	29377.857422
2791.386719	29805.281250
2788.468750	29640.244141
2785.549805	29799.080078
2782.629883	30184.621094
2779.708008	30105.175781
2776.785156	30609.097656
2773.860352	30697.931641
2770.935547	30890.070313
2768.007813	30991.490234
2765.080078	30875.101563
2762.150391	31052.367188
2759.219727	31423.945313
2756.287109	31502.736328
2753.353516	31736.550781
2750.418945	31849.183594
2747.482422	32042.593750
2744.544922	32106.457031
2741.606445	32321.673828
2738.666016	32366.628906
2735.724609	32392.833984
2732.782227	32504.808594
2729.837891	32749.988281
2726.892578	32819.242188
2723.945313	32971.562500
2720.997070	32834.570313
2718.047852	33153.710938
2715.097656	33093.835938
2712.145508	33397.304688
2709.191406	33609.070313
2706.237305	33477.968750
2703.281250	33642.128906
2700.323242	33540.695313
2697.364258	33917.582031
2694.404297	33905.621094
2691.443359	33767.031250
2688.480469	33715.468750
2685.515625	33600.683594
2682.550781	33821.519531
2679.583984	34121.355469
2676.615234	33963.554688
2673.646484	33974.265625
2670.674805	34065.742188
2667.703125	34067.125000
2664.729492	34379.566406
2661.754883	34053.882813
2658.778320	34023.316406
2655.800781	34035.585938
2652.821289	33749.914063
2649.840820	33768.144531
2646.859375	33793.058594
2643.876953	33734.968750
2640.892578	33591.476563
2637.906250	33880.996094
2634.918945	33686.496094
2631.930664	33782.441406
2628.941406	33598.175781
2625.950195	33337.171875
2622.957031	33529.187500
2619.963867	33300.164063
2616.967773	33497.007813
2613.971680	33167.238281
2610.973633	33007.871094
2607.974609	32810.296875
2604.973633	32847.003906
2601.971680	32724.611328
2598.967773	32677.230469
2595.962891	32325.376953
2592.957031	32262.400391
2589.949219	32360.732422
2586.940430	31939.679688
2583.929688	32077.080078
2580.917969	31825.859375
2577.905273	31912.552734
2574.890625	31494.919922
2571.875000	31299.820313
2568.857422	31179.458984
2565.838867	31175.146484
2562.819336	31022.648438
2559.797852	30641.076172
2556.775391	30561.722656
2553.750977	30175.732422
2550.725586	30305.701172
2547.698242	30040.746094
2544.669922	29736.396484
2541.640625	29798.695313
2538.609375	29190.367188
2535.577148	29246.242188
2532.542969	29231.191406
2529.507813	29052.234375
2526.471680	28721.125000
2523.433594	28552.421875
2520.393555	28229.228516
2517.353516	28203.121094
2514.310547	28150.730469
2511.267578	27897.957031
2508.222656	27694.669922
2505.175781	27475.146484
2502.127930	27037.623047
2499.079102	26965.345703
2496.028320	26572.695313
2492.976563	26384.363281
2489.922852	26088.937500
2486.868164	26045.837891
2483.812500	25683.746094
2480.754883	25673.558594
2477.695313	25316.857422
2474.634766	25014.390625
2471.573242	24821.605469
2468.509766	24704.888672
2465.445313	24465.093750
2462.378906	24226.326172
2459.311523	23961.691406
2456.242188	23683.445313
2453.171875	23495.828125
2450.100586	23269.310547
2447.027344	22986.863281
2443.953125	22763.212891
2440.876953	22457.675781
2437.799805	22058.177734
2434.720703	22049.609375
2431.640625	21856.804688
2428.558594	21552.220703
2425.475586	21362.242188
2422.390625	21042.753906
2419.304688	20933.375000
2416.217773	20703.437500
2413.128906	20531.171875
2410.038086	20254.699219
2406.946289	20119.173828
2403.853516	19818.886719
2400.758789	19499.480469
2397.663086	19211.050781
2394.565430	19098.025391
2391.466797	18778.572266
2388.366211	18704.544922
2385.264648	18402.484375
2382.161133	18399.582031
2379.056641	17960.234375
2375.950195	18020.308594
2372.842773	17620.951172
2369.734375	17275.031250
2366.624023	17144.029297
2363.511719	17071.789063
2360.398438	16975.519531
2357.284180	16703.558594
2354.167969	16528.115234
2351.049805	16186.039063
2347.930664	16258.655273
2344.810547	15809.658203
2341.688477	15580.483398
2338.564453	15459.569336
2335.439453	15368.363281
2332.313477	15176.482422
2329.185547	15039.923828
2326.056641	14650.236328
2322.925781	14615.454102
2319.792969	14463.370117
2316.660156	14361.682617
2313.524414	14218.621094
2310.387695	13927.438477
2307.250000	13804.619141
2304.110352	13575.207031
2300.969727	13383.413086
2297.827148	13286.462891
2294.682617	13095.768555
2291.537109	12899.684570
2288.390625	12780.044922
2285.242188	12575.548828
2282.092773	12433.940430
2278.941406	12229.788086
2275.788086	12249.434570
2272.633789	11948.857422
2269.478516	11822.841797
2266.321289	11692.982422
2263.162109	11541.870117
2260.001953	11305.458008
2256.840820	11303.316406
2253.676758	11091.731445
2250.512695	11034.385742
2247.346680	10836.541016
2244.178711	10730.428711
2241.009766	10463.484375
2237.838867	10378.140625
2234.666992	10205.391602
2231.493164	9985.536133
2228.318359	9880.841797
2225.141602	9770.733398
2221.963867	9648.925781
2218.784180	9677.407227
2215.602539	9413.502930
2212.419922	9259.818359
2209.236328	9136.896484
2206.050781	9057.250000
2202.863281	8982.381836
2199.674805	8771.157227
2196.485352	8727.835938
2193.292969	8606.221680
2190.100586	8505.857422
2186.905273	8407.933594
2183.709961	8112.984375
2180.511719	8130.261230
2177.312500	8015.451660
2174.112305	7880.439941
2170.910156	7817.378906
2167.706055	7643.564453
2164.500977	7614.989258
2161.294922	7447.666504
2158.085938	7356.085938
2154.876953	7231.876953
2151.665039	7180.962891
2148.452148	7087.296387
2145.238281	6920.605957
2142.022461	6848.136719
2138.804688	6758.638672
2135.585938	6656.019531
2132.365234	6592.310547
2129.143555	6555.816895
2125.919922	6513.926270
2122.695313	6349.593262
2119.468750	6314.034668
2116.240234	6224.295410
2113.010742	6040.974609
2109.780273	6003.285156
2106.546875	5971.815918
2103.312500	5858.438477
2100.077148	5769.890137
2096.839844	5711.541992
2093.600586	5643.212402
2090.360352	5576.489258
2087.119141	5393.384277
2083.875000	5433.206543
2080.629883	5375.146973
2077.383789	5150.041504
2074.135742	5132.960938
2070.885742	4994.344238
2067.634766	4958.895996
2064.381836	4907.339844
2061.127930	4842.770996
2057.871094	4669.997070
2054.614258	4704.604004
2051.355469	4653.260254
2048.094727	4615.765137
2044.832031	4509.331055
2041.568359	4427.508789
2038.303711	4358.779297
2035.037109	4293.939941
2031.768555	4309.476074
2028.498047	4232.486816
2025.226563	4164.739746
2021.954102	4088.654053
2018.678711	3971.414063
2015.403320	3919.909424
2012.125000	3878.367676
2008.845703	3838.389160
2005.564453	3790.827881
2002.282227	3706.753418
1998.998047	3662.343018
1995.712891	3592.864746
1992.424805	3533.338623
1989.136719	3495.912842
1985.845703	3397.739014
1982.553711	3308.771240
1979.260742	3295.792969
1975.964844	3277.515137
1972.667969	3232.712402
1969.370117	3187.193604
1966.070313	3118.989746
1962.768555	3051.607666
1959.465820	3068.300781
1956.161133	2968.476563
1952.854492	2958.726563
1949.546875	2939.160156
1946.237305	2824.431152
1942.925781	2866.103760
1939.613281	2723.596191
1936.298828	2704.176514
1932.982422	2591.286133
1929.665039	2632.986572
1926.346680	2591.792480
1923.025391	2571.717041
1919.703125	2559.937256
1916.378906	2567.722900
1913.053711	2458.978760
1909.726563	2434.494141
1906.397461	2389.003418
1903.067383	2424.627441
1899.735352	2327.413574
1896.401367	2315.785156
1893.066406	2250.198242
1889.729492	2224.382080
1886.390625	2222.552734
1883.050781	2172.822021
1879.708984	2142.589600
1876.365234	2057.800293
1873.020508	2092.673828
1869.673828	2010.977539
1866.326172	2028.665161
1862.975586	1953.794556
1859.624023	1963.286011
1856.271484	1922.068970
1852.916016	1883.872070
1849.559570	1826.345947
1846.202148	1861.190063
1842.841797	1803.729614
1839.480469	1750.043091
1836.118164	1723.913696
1832.752930	1733.474121
1829.386719	1712.575439
1826.018555	1642.704834
1822.649414	1644.869629
1819.278320	1606.986694
1815.905273	1578.034668
1812.531250	1532.070801
1809.154297	1512.068237
1805.777344	1495.045166
1802.397461	1479.517578
1799.016602	1418.901489
1795.633789	1447.767334
1792.249023	1400.521118
1788.863281	1417.553589
1785.475586	1365.939575
1782.085938	1370.432251
1778.694336	1317.416504
1775.301758	1308.663940
1771.907227	1257.202515
1768.510742	1258.792847
1765.113281	1214.763184
1761.713867	1223.726074
1758.312500	1174.610596
1754.910156	1139.501953
1751.505859	1165.376587
1748.099609	1131.774170
1744.691406	1143.687744
1741.282227	1140.924194
1737.871094	1097.121582
1734.458008	1080.464966
1731.042969	1027.948730
1727.626953	1032.563843
1724.208984	1033.516724
1720.790039	1030.812988
1717.368164	1001.805786
1713.945313	963.332336
1710.520508	946.066162
1707.093750	940.490723
1703.666016	940.025269
1700.236328	900.927856
1696.804688	902.667297
1693.371094	905.132813
1689.936523	869.020874
1686.500000	841.673950
1683.061523	842.710693
1679.622070	831.391418
1676.179688	805.555481
1672.736328	784.100952
1669.291016	779.357483
1665.844727	746.331848
1662.396484	761.909485
1658.945313	764.428894
1655.494141	745.943237
1652.040039	691.282837
1648.584961	701.791138
1645.126953	690.594604
1641.668945	701.814941
1638.208008	661.009949
1634.745117	658.514221
1631.281250	635.091553
1627.815430	628.282654
1624.347656	622.922241
1620.878906	611.802002
1617.408203	607.174866
1613.935547	586.714417
1610.460938	591.457886
1606.984375	558.799194
1603.506836	572.177185
1600.027344	558.240173
1596.545898	548.625427
1593.062500	539.020081
1589.577148	519.380859
1586.090820	501.195099
1582.602539	533.910095
1579.112305	495.678436
1575.620117	501.873169
1572.126953	480.869446
1568.630859	459.886566
1565.133789	465.374420
1561.634766	477.287079
1558.133789	452.052124
1554.631836	452.538544
1551.127930	435.902100
1547.621094	441.387207
1544.114258	403.391541
1540.604492	411.736481
1537.092773	417.224884
1533.580078	406.340118
1530.065430	381.951996
1526.548828	388.868408
1523.030273	367.355560
1519.509766	370.010864
1515.988281	349.948578
1512.463867	353.319122
1508.938477	360.940796
1505.411133	335.242920
1501.882813	328.697723
1498.351563	334.195679
1494.818359	339.687927
1491.284180	306.978912
1487.748047	303.995483
1484.209961	293.948883
1480.669922	312.162292
1477.128906	292.944855
1473.584961	281.507629
1470.040039	265.850830
1466.493164	275.583221
1462.944336	262.762939
1459.393555	266.853943
1455.840820	262.495758
1452.287109	252.514832
1448.730469	262.228668
1445.172852	252.960449
1441.613281	230.357666
1438.051758	231.644165
1434.488281	235.034042
1430.922852	234.914154
1427.356445	213.067047
1423.787109	224.166611
1420.216797	226.152634
1416.644531	207.142349
1413.070313	207.735916
1409.494141	208.328781
1405.916016	199.138702
1402.336914	184.370911
1398.754883	204.519028
1395.171875	191.856400
1391.585938	186.179672
1387.999023	179.811737
1384.410156	192.258087
1380.819336	181.019775
1377.226563	178.143372
1373.632813	171.792267
1370.036133	172.399170
1366.438477	159.109360
1362.837891	159.722000
1359.236328	151.310806
1355.632813	155.395325
1352.027344	148.381607
1348.419922	153.156296
1344.810547	137.146255
1341.199219	144.690872
1337.585938	136.312927
1333.970703	140.392136
1330.354492	134.098602
1326.735352	140.938095
1323.115234	135.341156
1319.493164	120.777870
1315.869141	133.821671
1312.242188	124.100212
1308.614258	128.170532
1304.984375	110.197144
1301.353516	99.814438
1297.719727	114.211113
1294.083984	112.088921
1290.446289	109.281570
1286.807617	109.911827
1283.166016	101.615669
1279.523438	97.445480
1275.877930	101.510132
1272.231445	100.086327
1268.582031	99.349121
1264.931641	96.558197
1261.279297	92.401230
1257.625000	90.984924
1253.968750	89.570045
1250.310547	88.839981
1246.650391	84.012466
1242.988281	81.237961
1239.324219	83.242516
1235.658203	79.107300
1231.990234	75.657967
1228.320313	77.662170
1224.648438	76.940681
1220.975586	72.817230
1217.299805	78.220558
1213.622070	76.819969
1209.943359	73.382401
1206.261719	71.306618
1202.578125	67.875465
1198.893555	61.055885
1195.206055	54.243420
1191.517578	61.669502
1187.826172	56.895802
1184.133789	64.989609
1180.438477	54.806156
1176.742188	53.424809
1173.042969	64.211220
1169.342773	47.288628
1165.639648	57.391666
1161.935547	58.036266
1158.228516	58.005676
1154.520508	52.582054
1150.809570	51.880539
1147.097656	52.526573
1143.382813	43.075966
1139.666992	45.744034
1135.948242	41.013397
1132.227539	46.367668
1128.505859	44.999859
1124.781250	43.633469
1121.055664	50.319649
1117.327148	36.881523
1113.596680	44.234367
1109.865234	49.569809
1106.130859	36.822876
1102.394531	38.810783
1098.657227	39.458969
1094.916992	34.090477
1091.174805	33.404266
1087.430664	36.057423
1083.684570	42.044605
1079.936523	38.687126
1076.186523	33.999870
1072.434570	31.316519
1068.680664	32.631729
1064.924805	37.273514
1061.166992	36.588379
1057.406250	35.903957
1053.644531	29.903980
1049.880859	27.895466
1046.114258	33.854954
1042.346680	30.519506
1038.576172	29.176947
1034.803711	31.149595
1031.030273	25.171286
1027.253906	29.130077
1023.475586	25.144302
1019.695313	27.114824
1015.913086	23.795359
1012.128906	25.764460
1008.342773	24.430073
1004.553711	23.097105
