4046.277344	3.144507
4043.892578	4.192676
4041.505859	0.000000
4039.119141	4.189370
4036.731445	-1.046929
4034.342773	6.279098
4031.952148	9.414928
4029.561523	7.319830
4027.169922	1.045277
4024.777344	1.044864
4022.383789	8.355605
4019.989258	3.132113
4017.593750	4.174498
4015.197266	2.086423
4012.799805	5.213991
4010.401367	1.042385
4008.001953	6.251832
4005.601563	2.083118
4003.201172	3.123438
4000.798828	3.122199
3998.395508	1.040320
3995.991211	2.079814
3993.585938	3.118482
3991.180664	1.039081
3988.773438	1.038668
3986.365234	6.229530
3983.957031	4.151368
3981.546875	8.299433
3979.135742	3.111049
3976.724609	3.109810
3974.311523	0.000000
3971.898438	5.178888
3969.483398	-1.035365
3967.068359	5.174759
3964.651367	-3.103617
3962.234375	3.102379
3959.815430	4.134854
3957.396484	1.033301
3954.975586	2.065776
3952.554688	1.032475
3950.131836	6.192375
3947.708984	1.031650
3945.284180	4.124948
3942.859375	5.154122
3940.432617	4.121647
3938.005859	6.179995
3935.577148	5.147933
3933.148438	6.175044
3930.718750	4.115046
3928.287109	2.056698
3925.855469	5.139681
3923.421875	-2.055048
3920.988281	6.162668
3918.552734	4.106795
3916.117188	2.052573
3913.680664	5.129370
3911.242188	0.000000
3908.803711	3.075148
3906.363281	-3.073911
3903.922852	4.096899
3901.480469	6.142874
3899.038086	5.117001
3896.593750	5.114940
3894.149414	1.022576
3891.703125	3.066491
3889.256836	7.152260
3886.808594	6.128036
3884.360352	2.041854
3881.910156	3.061545
3879.459961	4.080412
3877.007813	4.078764
3874.555664	2.038558
3872.101563	2.037734
3869.646484	3.055366
3867.191406	6.108260
3864.734375	5.088157
3862.277344	4.068878
3859.818359	1.016808
3857.358398	5.081980
3854.897461	2.031969
3852.436523	9.140153
3849.973633	6.090965
3847.509766	3.044248
3845.044922	2.028675
3842.579102	5.069630
3840.113281	6.081087
3837.645508	-4.052412
3835.176758	4.050766
3832.707031	1.012280
3830.236328	0.000000
3827.764648	6.068743
3825.291992	2.022092
3822.818359	6.063807
3820.343750	1.010223
3817.868164	10.098121
3815.390625	5.047004
3812.913086	0.000000
3810.434570	0.000000
3807.955078	8.065340
3805.473633	2.015513
3802.992188	1.007345
3800.509766	7.048541
3798.025391	4.026094
3795.541016	-2.012225
3793.054688	5.028509
3790.568359	4.021163
3788.080078	4.019520
3785.591797	4.017877
3783.101563	4.016234
3780.610352	2.007296
3778.119141	4.012949
3775.625977	4.011307
3773.131836	6.014497
3770.636719	4.008023
3768.140625	1.001595
3765.643555	3.003554
3763.145508	5.003872
3760.646484	5.001820
3758.146484	3.999815
3755.645508	1.999087
3753.143555	0.000000
3750.639648	2.996169
3748.135742	4.991565
3745.630859	6.985321
3743.124023	1.994986
3740.617188	3.988332
3738.108398	0.000000
3735.599609	4.981315
3733.088867	0.995853
3730.577148	3.981773
3728.064453	3.980134
3725.551758	7.956991
3723.037109	3.976857
3720.521484	1.987609
3718.004883	-3.973580
3715.487305	4.964927
3712.967773	4.962880
3710.448242	2.976499
3707.927734	1.983514
3705.406250	2.974043
3702.882813	10.900323
3700.359375	3.962117
3697.833984	0.990120
3695.308594	6.927976
3692.781250	-1.978603
3690.252930	1.977785
3687.723633	4.942418
3685.193359	3.952299
3682.662109	3.950663
3680.129883	0.000000
3677.596680	0.000000
3675.062500	2.959318
3672.527344	-2.958092
3669.990234	3.942488
3667.453125	1.970427
3664.915039	-0.984805
3662.375000	-2.953189
3659.833984	1.967976
3657.292969	0.983579
3654.750000	1.966342
3652.206055	3.931051
3649.661133	0.000000
3647.115234	6.873625
3644.568359	1.963076
3642.019531	2.943391
3639.470703	-3.922889
3636.920898	3.921257
3634.369141	-4.899531
3631.817383	1.958997
3629.263672	8.811815
3626.708984	3.914731
3624.153320	3.913100
3621.596680	0.000000
3619.039063	3.909840
3616.480469	2.931157
3613.920898	-0.976645
3611.360352	5.857425
3608.797852	-1.951660
3606.235352	5.852537
3603.670898	-2.925047
3601.105469	-2.923825
3598.540039	0.000000
3595.972656	-1.947588
3593.404297	-1.946774
3590.834961	1.945960
3588.264648	-0.972573
3585.692383	1.944333
3583.120117	3.887038
3580.545898	3.885412
3577.971680	-3.883785
3575.395508	6.793777
3572.818359	1.940266
3570.240234	4.848633
3567.661133	0.000000
3565.081055	0.000000
3562.500000	6.779552
3559.917969	3.872405
3557.333984	2.903085
3554.750000	-0.967289
3552.164063	4.834414
3549.577148	3.865907
3546.989258	-1.932142
3544.400391	3.862660
3541.810547	-1.930518
3539.219727	5.789120
3536.626953	0.964448
3534.034180	0.964042
3531.439453	-0.963636
3528.844727	3.852924
3526.248047	0.962825
3523.650391	3.849680
3521.051758	-0.962015
3518.451172	3.846438
3515.850586	3.844817
3513.249023	5.764795
3510.645508	0.000000
3508.041016	5.759934
3505.436523	-2.878752
3502.830078	1.918359
3500.222656	4.793872
3497.613281	-2.875109
3495.003906	-0.957965
3492.393555	1.915121
3489.781250	0.957156
3487.167969	-1.913503
3484.553711	6.694428
3481.938477	4.779713
3479.322266	2.866615
3476.705078	0.000000
3474.086914	2.864190
3471.466797	-0.954326
3468.845703	0.953922
3466.224609	-3.814071
3463.601563	3.812456
3460.977539	-0.952710
3458.351563	5.713838
3455.725586	2.855708
3453.098633	0.951499
3450.469727	0.951095
3447.839844	2.852076
3445.208984	1.900577
3442.577148	-1.899770
3439.944336	1.898964
3437.310547	8.541708
3434.674805	-0.948676
3432.039063	7.586179
3429.401367	3.791478
3426.762695	4.737332
3424.123047	2.841191
3421.481445	0.000000
3418.839844	0.000000
3416.197266	2.837566
3413.552734	0.945453
3410.907227	1.890100
3408.260742	3.778591
3405.613281	0.944245
3402.963867	8.494588
3400.314453	-3.773763
3397.663086	-0.943039
3395.011719	7.541092
3392.358398	5.653407
3389.704102	-0.941833
3387.047852	1.882861
3384.391602	3.764115
3381.733398	2.821881
3379.075195	1.880451
3376.415039	6.578767
3373.753906	5.636534
3371.090820	-0.939021
3368.427734	8.447575
3365.762695	-1.876436
3363.097656	-0.937817
3360.430664	3.749663
3357.762695	4.685073
3355.092773	0.936614
3352.422852	-1.872425
3349.750977	0.935812
3347.079102	5.612465
3344.405273	0.935010
3341.729492	3.738438
3339.053711	-2.802627
3336.376953	2.801425
3333.698242	1.866816
3331.018555	-2.799023
3328.337891	1.865214
3325.656250	-0.932207
3322.973633	2.795421
3320.289063	0.931407
3317.604492	0.000000
3314.917969	2.791821
3312.230469	-0.930207
3309.541016	4.649036
3306.851563	4.647038
3304.160156	-0.929008
3301.467773	0.000000
3298.774414	1.856418
3296.080078	-0.927809
3293.384766	5.564461
3290.687500	1.854022
3287.990234	5.559670
3285.291016	-1.852425
3282.589844	-0.925814
3279.888672	4.627073
3277.186523	5.550095
3274.482422	-3.698468
3271.777344	3.696873
3269.071289	-0.923820
3266.364258	5.540526
3263.655273	5.538135
3260.945313	0.922624
3258.234375	5.533355
3255.522461	5.530965
3252.809570	0.921429
3250.095703	0.921031
3247.379883	0.000000
3244.663086	3.680941
3241.945313	0.919837
3239.226563	-2.758319
3236.505859	3.676167
3233.784180	1.837288
3231.061523	0.000000
3228.337891	6.424944
3225.613281	3.669807
3222.886719	3.668217
3220.160156	-0.916657
3217.431641	3.665040
3214.702148	1.831726
3211.970703	1.830932
3209.239258	1.830138
3206.505859	6.402704
3203.771484	3.657101
3201.035156	3.655514
3198.298828	0.000000
3195.560547	3.652341
3192.821289	8.214199
3190.081055	0.000000
3187.339844	1.823792
3184.596680	5.468999
3181.853516	3.644415
3179.108398	-2.732123
3176.361328	0.910312
3173.614258	2.729747
3170.865234	-0.909520
3168.115234	3.636496
3165.364258	0.908728
3162.612305	4.541664
3159.858398	0.907937
3157.104492	3.630167
3154.347656	0.000000
3151.590820	-0.906751
3148.833008	0.000000
3146.073242	3.623843
3143.312500	1.811132
3140.550781	3.620683
3137.787109	5.428656
3135.023438	3.617524
3132.257813	3.615946
3129.491211	1.807184
3126.722656	3.612789
3123.954102	5.416816
3121.183594	3.609633
3118.412109	0.902014
3115.638672	4.508099
3112.865234	3.604902
3110.089844	0.000000
3107.313477	2.701312
3104.536133	-4.500217
3101.756836	0.899650
3098.976563	2.697768
3096.195313	2.696587
3093.413086	3.593874
3090.628906	-0.898075
3087.844727	4.488409
3085.058594	-0.897288
3082.270508	3.587580
3079.482422	0.896502
3076.692383	1.792217
3073.901367	0.895716
3071.109375	2.685968
3068.315430	8.949299
3065.520508	0.894537
3062.724609	2.682433
3059.927734	0.893752
3057.128906	6.253515
3054.329102	0.892967
3051.528320	-0.892574
3048.726563	-0.892182
3045.922852	-2.675370
3043.118164	1.782795
3040.312500	-0.891006
3037.505859	4.453069
3034.697266	0.890222
3031.887695	0.000000
3029.077148	3.557753
3026.264648	0.889047
3023.452148	7.997896
3020.637695	3.553054
3017.821289	0.887872
3015.004883	-0.887481
3012.186523	4.435448
3009.367188	1.773397
3006.545898	3.545230
3003.724609	-0.885916
3000.901367	0.000000
2998.077148	3.540539
2995.250977	6.193208
2992.423828	3.537413
2989.595703	-2.651888
2986.766602	1.767145
2983.935547	1.766364
2981.104492	3.531166
2978.270508	2.647204
2975.436523	0.000000
2972.600586	1.763242
2969.763672	-3.524924
2966.925781	-0.880841
2964.085938	5.282708
2961.245117	1.760123
2958.403320	0.879672
2955.560547	5.275693
2952.715820	5.273356
2949.870117	1.757007
2947.023438	0.878114
2944.174805	1.755450
2941.325195	-0.877336
2938.474609	4.384732
2935.622070	6.135902
2932.768555	0.876169
2929.914063	2.627339
2927.058594	2.626173
2924.201172	7.875021
2921.342773	0.874614
2918.483398	0.874225
2915.622070	1.747674
2912.759766	3.493793
2909.896484	-1.746120
2907.032227	4.363360
2904.166016	1.744568
2901.298828	-1.743792
2898.429688	3.486032
2895.559570	-1.742240
2892.688477	0.000000
2889.816406	1.740689
2886.942383	6.089699
2884.067383	3.478278
2881.191406	0.869182
2878.314453	2.606384
2875.435547	1.736815
2872.554688	3.472081
2869.673828	1.735266
2866.791016	0.000000
2863.907227	4.334296
2861.021484	0.866472
2858.134766	4.330428
2855.247070	6.925591
2852.358398	5.191874
2849.467773	1.729851
2846.576172	0.000000
2843.682617	3.456612
2840.789063	9.501433
2837.893555	-0.863380
2834.996094	1.725989
2832.097656	6.900867
2829.198242	-1.724445
2826.297852	6.032856
2823.395508	-1.722901
2820.492188	2.583195
2817.587891	-0.860679
2814.681641	0.860294
2811.774414	0.859908
2808.866211	0.859523
2805.956055	-2.577413
2803.044922	-0.858753
2800.131836	2.575102
2797.218750	5.147894
2794.303711	3.430390
2791.386719	0.000000
2788.468750	2.570483
2785.549805	1.712886
2782.629883	0.000000
2779.708008	1.711348
2776.785156	3.421158
2773.860352	3.419620
2770.935547	3.418083
2768.007813	2.562410
2765.080078	2.561257
2762.150391	1.706737
2759.219727	0.852984
2756.287109	0.852601
2753.353516	3.408867
2750.418945	5.110998
2747.482422	-1.702899
2744.544922	-1.702132
2741.606445	0.850682
2738.666016	3.401196
2735.724609	1.699831
2732.782227	1.699065
2729.837891	4.245746
2726.892578	0.000000
2723.945313	0.848383
2720.997070	-3.392001
2718.047852	3.390470
2715.097656	1.694469
2712.145508	2.540556
2709.191406	1.692939
2706.237305	0.846087
2703.281250	3.382818
2700.323242	1.690645
2697.364258	0.844940
2694.404297	2.533674
2691.443359	-0.844176
2688.480469	4.218969
2685.515625	1.686824
2682.550781	1.686060
2679.583984	3.370593
2676.615234	0.000000
2673.646484	3.367540
2670.674805	2.524510
2667.703125	3.364488
2664.729492	1.681481
2661.754883	4.201797
2658.778320	1.679956
2655.800781	5.037582
2652.821289	-3.356864
2649.840820	5.033010
2646.859375	3.353817
2643.876953	0.000000
2640.892578	1.675385
2637.906250	1.674624
2634.918945	-0.836932
2631.930664	-2.509653
2628.941406	3.344683
2625.950195	0.835790
2622.957031	0.000000
2619.963867	0.000000
2616.967773	0.834650
2613.971680	-5.005620
2610.973633	4.169450
2607.974609	3.334041
2604.973633	-0.833131
2601.971680	2.498253
2598.967773	1.664743
2595.962891	3.327967
2592.957031	1.663225
2589.949219	1.662466
2586.940430	-3.323415
2583.929688	1.660949
2580.917969	-1.660191
2577.905273	6.637732
2574.890625	0.000000
2571.875000	4.973752
2568.857422	-3.314319
2565.838867	-3.312804
2562.819336	0.000000
2559.797852	3.309776
2556.775391	3.308262
2553.750977	1.653374
2550.725586	0.826309
2547.698242	3.303722
2544.669922	-3.302210
2541.640625	0.825174
2538.609375	5.773574
2535.577148	2.473255
2532.542969	-0.824041
2529.507813	0.000000
2526.471680	0.000000
2523.433594	0.000000
2520.393555	1.645060
2517.353516	1.644305
2514.310547	5.752426
2511.267578	-1.642796
2508.222656	-0.821021
2505.175781	4.103218
2502.127930	5.741865
2499.079102	1.639779
2496.028320	2.458538
2492.976563	1.638272
2489.922852	1.637518
2486.868164	0.000000
2483.812500	4.090029
2480.754883	0.000000
2477.695313	0.817253
2474.634766	-0.816876
2471.573242	4.899001
2468.509766	4.080620
2465.445313	-2.447243
2462.378906	-0.815372
2459.311523	2.444988
2456.242188	0.000000
2453.171875	2.442732
2450.100586	-4.069342
2447.027344	4.880956
2443.953125	1.626234
2440.876953	0.812742
2437.799805	-0.812366
2434.720703	-3.247963
2431.640625	-1.623231
2428.558594	1.622481
2425.475586	0.810865
2422.390625	2.431470
2419.304688	3.240460
2416.217773	0.000000
2413.128906	5.665558
2410.038086	3.235963
2406.946289	4.851696
2403.853516	-1.616483
2400.758789	0.807867
2397.663086	5.652447
2394.565430	0.000000
2391.466797	3.226975
2388.366211	4.031847
2385.264648	5.641967
2382.161133	0.000000
2379.056641	-0.805247
2375.950195	0.804873
2372.842773	-0.804499
2369.734375	2.412377
2366.624023	1.607504
2363.511719	0.000000
2360.398438	0.803005
2357.284180	0.802631
2354.167969	0.802258
2351.049805	4.009423
2347.930664	3.206045
2344.810547	0.000000
2341.688477	3.203060
2338.564453	2.401176
2335.439453	4.000094
2332.313477	3.198584
2329.185547	1.598546
2326.056641	-0.798900
2322.925781	0.000000
2319.792969	0.000000
2316.660156	1.595565
2313.524414	1.594820
2310.387695	3.188151
2307.250000	2.389997
2304.110352	2.388880
2300.969727	1.591842
2297.827148	-3.182196
2294.682617	1.590354
2291.537109	0.000000
2288.390625	3.177732
2285.242188	2.382184
2282.092773	7.143206
2278.941406	-0.793318
2275.788086	2.378839
2272.633789	1.585150
2269.478516	-0.792203
2266.321289	0.791832
2263.162109	2.374382
2260.001953	-0.791089
2256.840820	0.790718
2253.676758	0.790347
2250.512695	1.579952
2247.346680	5.527236
2244.178711	2.367703
2241.009766	0.000000
2237.838867	-0.788493
2234.666992	3.152488
2231.493164	1.575503
2228.318359	0.000000
2225.141602	4.722062
2221.963867	3.933200
2218.784180	4.717618
2215.602539	4.715396
2212.419922	2.356588
2209.236328	3.140636
2206.050781	-0.784789
2202.863281	1.568838
2199.674805	1.568098
2196.485352	2.351038
2193.292969	5.483166
2190.100586	3.131759
2186.905273	3.130280
2183.709961	-0.782201
2180.511719	0.000000
2177.312500	3.907308
2174.112305	0.781092
2170.910156	6.245784
2167.706055	1.560707
2164.500977	0.000000
2161.294922	1.559231
2158.085938	-1.558493
2154.876953	2.336632
2151.665039	2.335526
2148.452148	0.778140
2145.238281	1.555542
2142.022461	3.887011
2138.804688	0.000000
2135.585938	0.776665
2132.365234	0.776297
2129.143555	3.879641
2125.919922	3.102239
2122.695313	3.100766
2119.468750	1.549646
2116.240234	-0.774455
2113.010742	0.774087
2109.780273	2.321157
2106.546875	1.546702
2103.312500	1.545966
2100.077148	4.635691
2096.839844	5.405732
2093.600586	1.543759
2090.360352	-0.771512
2087.119141	2.313433
2083.875000	3.853885
2080.629883	0.000000
2077.383789	-1.540084
2074.135742	0.769675
2070.885742	-0.769307
2067.634766	3.075761
2064.381836	3.074293
2061.127930	4.609237
2057.871094	1.535678
2054.614258	0.767472
2051.355469	-2.301316
2048.094727	-0.766738
2044.832031	-2.299115
2041.568359	0.000000
2038.303711	2.296915
2035.037109	-2.295815
2031.768555	4.589432
2028.498047	0.000000
2025.226563	0.764172
2021.954102	3.055224
2018.678711	0.000000
2015.403320	5.341516
2012.125000	3.050830
2008.845703	1.524683
2005.564453	0.000000
2002.282227	0.000000
1998.998047	2.283731
1995.712891	1.521756
1992.424805	3.042048
1989.136719	1.520293
1985.845703	2.279342
1982.553711	2.278245
1979.260742	2.277148
1975.964844	4.552104
1972.667969	0.758319
1969.370117	0.757953
1966.070313	3.787940
1962.768555	-0.757223
1959.465820	0.756858
1956.161133	2.269477
1952.854492	-1.512255
1949.546875	1.511525
1946.237305	0.000000
1942.925781	0.755033
1939.613281	5.282675
1936.298828	3.017212
1932.982422	1.507877
1929.665039	3.767869
1926.346680	2.259627
1923.025391	5.269912
1919.703125	2.257440
1916.378906	5.264810
1913.053711	-1.503503
1909.726563	-1.502774
1906.397461	-0.751023
1903.067383	2.251976
1899.735352	0.750295
1896.401367	1.499861
1893.066406	0.749566
1889.729492	1.498405
1886.390625	-3.744193
1883.050781	4.490848
1879.708984	3.740555
1876.365234	1.495494
1873.020508	2.242151
1869.673828	0.000000
1866.326172	1.493313
1862.975586	-0.746293
1859.624023	0.000000
1856.271484	-1.491132
1852.916016	-0.745203
1849.559570	2.979357
1846.202148	-0.744476
1842.841797	2.232339
1839.480469	5.206248
1836.118164	1.486773
1832.752930	3.715118
1829.386719	5.198625
1826.018555	1.484595
1822.649414	0.000000
1819.278320	1.483144
1815.905273	1.482419
1812.531250	2.963386
1809.154297	1.480968
1805.777344	2.960485
1802.397461	1.479518
1799.016602	2.957585
1795.633789	1.478068
1792.249023	0.738671
1788.863281	2.953237
1785.475586	1.475894
1782.085938	1.475169
1778.694336	2.211667
1775.301758	-0.736860
1771.907227	0.000000
1768.510742	0.736136
1765.113281	1.471548
1761.713867	0.735412
1758.312500	2.205151
1754.910156	0.734689
1751.505859	2.202981
1748.099609	2.201895
1744.691406	-0.733603
1741.282227	4.399451
1737.871094	-0.732880
1734.458008	0.732519
1731.042969	-0.732157
1727.626953	1.463591
1724.208984	2.925737
1720.790039	0.731073
1717.368164	1.461424
1713.945313	6.573154
1710.520508	0.729989
1707.093750	0.729628
1703.666016	5.104870
1700.236328	-0.728906
1696.804688	1.457090
1693.371094	-2.912736
1689.936523	0.000000
1686.500000	0.727462
1683.061523	-1.454203
1679.622070	4.360445
1676.179688	2.905520
1672.736328	2.178058
1669.291016	-1.451318
1665.844727	0.725298
1662.396484	2.899751
1658.945313	0.724577
1655.494141	-1.448434
1652.040039	-0.723856
1648.584961	-2.170488
1645.126953	2.169407
1641.668945	0.000000
1638.208008	3.612076
1634.745117	0.722055
1631.281250	2.886780
1627.815430	0.000000
1624.347656	0.000000
1620.878906	1.441230
1617.408203	2.881020
1613.935547	5.039265
1610.460938	1.439070
1606.984375	1.438351
1603.506836	0.000000
1600.027344	2.873823
1596.545898	0.718096
1593.062500	1.435473
1589.577148	0.000000
1586.090820	2.868069
1582.602539	4.299947
1579.112305	2.865193
1575.620117	2.863756
1572.126953	0.000000
1568.630859	2.145660
1565.133789	-0.714861
1561.634766	2.143505
1558.133789	2.856570
1554.631836	2.855133
1551.127930	-0.713424
1547.621094	4.991455
1544.114258	4.276235
1540.604492	-2.137041
1537.092773	1.423976
1533.580078	3.558145
1530.065430	1.422540
1526.548828	2.843645
1523.030273	0.710552
1519.509766	4.261161
1515.988281	3.549174
1512.463867	0.000000
1508.938477	0.709117
1505.411133	2.835035
1501.882813	-2.125201
1498.351563	-0.708042
1494.818359	0.707683
1491.284180	4.243948
1487.748047	2.827865
1484.209961	2.119824
1480.669922	1.412499
1477.128906	3.529456
1473.584961	2.116599
1470.040039	-0.705175
1466.493164	2.114449
1462.944336	0.000000
1459.393555	0.000000
1455.840820	2.111226
1452.287109	0.703384
1448.730469	-1.406052
1445.172852	2.108004
1441.613281	2.809240
1438.051758	0.701952
1434.488281	-0.701594
1430.922852	2.103709
1427.356445	4.205271
1423.787109	0.700521
1420.216797	2.800652
1416.644531	3.499026
1413.070313	1.398895
1409.494141	0.000000
1405.916016	2.794929
1402.336914	0.000000
1398.754883	1.396034
1395.171875	1.395319
1391.585938	2.789209
1387.999023	2.090834
1384.410156	-0.696587
1380.819336	2.784920
1377.226563	2.783490
1373.632813	3.477576
1370.036133	1.390316
1366.438477	2.779203
1362.837891	4.166661
1359.236328	-0.694086
1355.632813	3.468646
1352.027344	-2.080116
1348.419922	0.693015
1344.810547	2.077974
1341.199219	0.692301
1337.585938	1.383888
1333.970703	2.766347
1330.354492	3.456150
1326.735352	0.000000
1323.115234	3.452580
1319.493164	6.211433
1315.869141	-0.689802
1312.242188	2.757782
1308.614258	4.134533
1304.984375	4.132393
1301.353516	2.753502
1297.719727	-0.688019
1294.083984	1.375324
1290.446289	-0.687306
1286.807617	1.373898
1283.166016	4.806146
1279.523438	0.000000
1275.877930	1.371759
1272.231445	0.000000
1268.582031	0.685166
1264.931641	0.000000
1261.279297	-0.684454
1257.625000	-2.052291
1253.968750	0.000000
1250.310547	3.416923
1246.650391	0.000000
1242.988281	2.730688
1239.324219	1.364631
1235.658203	0.000000
1231.990234	0.681603
1228.320313	2.724988
1224.648438	0.000000
1220.975586	1.361070
1217.299805	-0.680179
1213.622070	1.359645
1209.943359	-0.679467
1206.261719	0.679111
1202.578125	2.036264
1198.893555	2.713595
1195.206055	-6.102385
1191.517578	-2.033061
1187.826172	1.354662
1184.133789	1.353950
1180.438477	-1.353238
1176.742188	-2.705054
1173.042969	2.703630
1169.342773	2.026655
1165.639648	4.051177
1161.935547	3.374202
1158.228516	2.023454
1154.520508	-1.348258
1150.809570	5.390186
1147.097656	-1.346835
1143.382813	1.346124
1139.666992	1.345413
1135.948242	2.017052
1132.227539	0.000000
1128.505859	1.343279
1124.781250	0.671284
1121.055664	1.341857
1117.327148	0.670573
1113.596680	0.670218
1109.865234	0.669862
1106.130859	0.000000
1102.394531	1.338303
1098.657227	1.337592
1094.916992	1.336881
1091.174805	0.000000
1087.430664	2.003190
1083.684570	2.669499
1079.936523	0.667019
1076.186523	0.000000
1072.434570	-0.666309
1068.680664	2.663815
1064.924805	1.996795
1061.166992	2.660973
1057.406250	1.329776
1053.644531	1.993599
1049.880859	-1.992533
1046.114258	3.982936
1042.346680	1.326935
1038.576172	0.000000
1034.803711	0.662757
1031.030273	1.987207
1027.253906	1.324094
1023.475586	-1.323384
1019.695313	1.322674
1015.913086	-1.321964
1012.128906	0.660627
1008.342773	-1.980817
1004.553711	-1.319834
