4046.277344	227.452652
4043.892578	237.934341
4041.505859	225.267487
4039.119141	228.320679
4036.731445	225.089828
4034.342773	223.954483
4031.952148	232.234894
4029.561523	245.737137
4027.169922	234.142014
4024.777344	229.870010
4022.383789	251.712601
4019.989258	255.789185
4017.593750	225.422867
4015.197266	249.327499
4012.799805	242.971985
4010.401367	252.257202
4008.001953	242.779495
4005.601563	246.849487
4003.201172	277.985962
4000.798828	277.875702
3998.395508	251.757416
3995.991211	272.455597
3993.585938	271.307922
3991.180664	280.551849
3988.773438	282.517670
3986.365234	275.137573
3983.957031	272.952454
3981.546875	272.843872
3979.135742	281.031403
3976.724609	285.065918
3974.311523	291.169495
3971.898438	309.697479
3969.483398	288.866730
3967.068359	291.856415
3964.651367	287.601837
3962.234375	301.964844
3959.815430	304.945465
3957.396484	301.723785
3954.975586	335.688568
3952.554688	341.749268
3950.131836	345.740906
3947.708984	331.159546
3945.284180	316.589783
3942.859375	342.233704
3940.432617	342.096680
3938.005859	330.629700
3935.577148	354.177765
3933.148438	355.065002
3930.718750	366.239044
3928.287109	371.233917
3925.855469	380.336426
3923.421875	350.385620
3920.988281	376.949860
3918.552734	359.344604
3916.117188	373.568268
3913.680664	366.237030
3911.242188	383.522675
3908.803711	397.719147
3906.363281	386.288147
3903.922852	391.253815
3901.480469	408.501160
3899.038086	408.336670
3896.593750	416.356079
3894.149414	415.165741
3891.703125	425.220032
3889.256836	441.396606
3886.808594	450.410614
3884.360352	446.145172
3881.910156	446.985626
3879.459961	442.724731
3877.007813	453.762512
3874.555664	427.077911
3872.101563	450.339264
3869.646484	460.341736
3867.191406	486.624695
3864.734375	492.533600
3862.277344	480.127655
3859.818359	488.067749
3857.358398	487.870087
3854.897461	503.928192
3852.436523	511.848572
3849.973633	498.444000
3847.509766	541.876099
3845.044922	522.383850
3842.579102	510.004791
3840.113281	538.176208
3837.645508	537.957703
3835.176758	519.510742
3832.707031	555.741760
3830.236328	560.575195
3827.764648	566.416077
3825.291992	562.141541
3822.818359	588.189331
3820.343750	579.868164
3817.868164	553.377014
3815.390625	615.734558
3812.913086	603.375854
3810.434570	593.044189
3807.955078	646.235352
3805.473633	652.018433
3802.992188	630.598206
3800.509766	655.514282
3798.025391	653.233765
3795.541016	651.960938
3793.054688	644.654785
3790.568359	684.603088
3788.080078	679.298950
3785.591797	692.079346
3783.101563	673.723328
3780.610352	672.444153
3778.119141	695.243469
3775.625977	720.029602
3773.131836	737.778320
3770.636719	728.458130
3768.140625	742.182068
3765.643555	753.892151
3763.145508	757.586243
3760.646484	734.267212
3758.146484	779.963928
3755.645508	785.641174
3753.143555	799.306641
3750.639648	801.974670
3748.135742	790.663879
3745.630859	824.267822
3743.124023	802.981750
3740.617188	860.482544
3738.108398	868.102112
3735.599609	854.793640
3733.088867	828.549805
3730.577148	889.926331
3728.064453	877.619629
3725.551758	889.193726
3723.037109	949.474548
3720.521484	887.467468
3718.004883	913.923340
3715.487305	899.644775
3712.967773	915.154968
3710.448242	945.534668
3707.927734	942.169189
3705.406250	914.022583
3702.882813	971.119629
3700.359375	952.889038
3697.833984	988.139709
3695.308594	994.659363
3692.781250	1003.151917
3690.252930	987.903748
3687.723633	1005.287842
3685.193359	1008.824219
3682.662109	1027.172363
3680.129883	1037.606934
3677.596680	1053.953735
3675.062500	1022.937561
3672.527344	1061.954956
3669.990234	1093.054810
3667.453125	1066.000854
3664.915039	1132.525513
3662.375000	1175.369141
3659.833984	1167.993530
3657.292969	1123.247681
3654.750000	1127.697266
3652.206055	1146.884155
3649.661133	1189.631348
3647.115234	1182.263428
3644.568359	1217.107422
3642.019531	1205.808960
3639.470703	1182.750854
3636.920898	1218.530518
3634.369141	1230.762207
3631.817383	1227.311523
3629.263672	1254.215088
3626.708984	1290.882690
3624.153320	1257.083496
3621.596680	1337.722778
3619.039063	1351.827026
3616.480469	1412.817749
3613.920898	1383.905884
3611.360352	1355.993896
3608.797852	1411.050293
3606.235352	1391.928345
3603.670898	1460.573364
3601.105469	1473.607910
3598.540039	1521.702271
3595.972656	1522.040283
3593.404297	1519.457275
3590.834961	1520.768066
3588.264648	1559.034912
3585.692383	1596.297241
3583.120117	1603.403442
3580.545898	1531.823486
3577.971680	1646.724854
3575.395508	1646.035156
3572.818359	1654.076904
3570.240234	1755.205078
3567.661133	1697.279541
3565.081055	1715.946289
3562.500000	1730.722900
3559.917969	1757.103760
3557.333984	1804.751221
3554.750000	1817.535767
3552.164063	1825.474731
3549.577148	1861.434326
3546.989258	1882.872070
3544.400391	1904.291382
3541.810547	1877.429077
3539.219727	1970.230591
3536.626953	1958.793213
3534.034180	1947.364990
3531.439453	1989.909302
3528.844727	2058.424561
3526.248047	2064.297852
3523.650391	2047.067627
3521.051758	2101.040283
3518.451172	2151.120605
3515.850586	2157.903809
3513.249023	2220.406982
3510.645508	2268.450928
3508.041016	2253.094482
3505.436523	2326.031982
3502.830078	2332.724121
3500.222656	2274.213135
3497.613281	2319.254639
3495.003906	2360.425781
3492.393555	2411.137207
3489.781250	2437.875977
3487.167969	2462.677979
3484.553711	2450.160889
3481.938477	2476.847168
3479.322266	2540.776367
3476.705078	2539.701416
3474.086914	2594.955811
3471.466797	2595.766113
3468.845703	2648.086914
3466.224609	2724.200439
3463.601563	2708.749756
3460.977539	2733.325195
3458.351563	2755.974609
3455.725586	2867.130615
3453.098633	2864.963379
3450.469727	2848.530762
3447.839844	2945.243652
3445.208984	2919.286377
3442.577148	3000.687256
3439.944336	2988.968994
3437.310547	3048.440674
3434.674805	3057.581055
3432.039063	3189.988525
3429.401367	3166.831787
3426.762695	3179.697510
3424.123047	3220.963379
3421.481445	3298.166260
3418.839844	3314.741943
3416.197266	3321.843994
3413.552734	3340.284668
3410.907227	3378.554688
3408.260742	3485.750488
3405.613281	3481.432861
3402.963867	3524.310059
3400.314453	3601.113770
3397.663086	3610.895020
3395.011719	3681.938477
3392.358398	3708.635010
3389.704102	3756.028320
3387.047852	3840.095703
3384.391602	3798.933350
3381.733398	3854.689941
3379.075195	3948.946777
3376.415039	3874.893555
3373.753906	3923.966797
3371.090820	4064.082031
3368.427734	4149.636230
3365.762695	4219.166992
3363.097656	4238.932129
3360.430664	4289.614258
3357.762695	4322.448242
3355.092773	4415.196289
3352.422852	4480.713379
3349.750977	4487.217285
3347.079102	4471.264160
3344.405273	4521.708984
3341.729492	4651.551270
3339.053711	4657.965332
3336.376953	4697.056152
3333.698242	4763.180664
3331.018555	4820.850098
3328.337891	4930.694336
3325.656250	4968.663574
3322.973633	5016.848145
3320.289063	5179.553223
3317.604492	5166.156738
3314.917969	5179.757813
3312.230469	5331.016602
3309.541016	5272.006836
3306.851563	5354.316895
3304.160156	5440.270508
3301.467773	5535.434570
3298.774414	5569.253418
3296.080078	5615.103027
3293.384766	5686.878906
3290.687500	5777.131836
3287.990234	5871.938477
3285.291016	5975.923828
3282.589844	6021.491699
3279.888672	6074.421875
3277.186523	6160.604980
3274.482422	6193.084473
3271.777344	6224.609863
3269.071289	6353.107422
3266.364258	6411.312012
3263.655273	6641.146973
3260.945313	6606.911133
3258.234375	6646.480957
3255.522461	6804.930664
3252.809570	6882.155762
3250.095703	6931.681152
3247.379883	7005.097656
3244.663086	7037.958984
3241.945313	7177.490723
3239.226563	7418.038086
3236.505859	7481.919434
3233.784180	7442.854980
3231.061523	7530.540527
3228.337891	7536.458984
3225.613281	7659.804199
3222.886719	7885.750488
3220.160156	7896.084473
3217.431641	7927.480957
3214.702148	8098.975098
3211.970703	8187.010742
3209.239258	8225.553711
3206.505859	8443.336914
3203.771484	8470.759766
3201.035156	8562.126953
3198.298828	8745.674805
3195.560547	8833.187500
3192.821289	8948.000977
3190.081055	9125.661133
3187.339844	9189.176758
3184.596680	9246.254883
3181.853516	9285.968750
3179.108398	9427.645508
3176.361328	9575.567383
3173.614258	9544.105469
3170.865234	9762.786133
3168.115234	9916.725586
3165.364258	9896.960938
3162.612305	9995.293945
3159.858398	10002.745117
3157.104492	10040.134766
3154.347656	10290.668945
3151.590820	10388.648438
3148.833008	10594.394531
3146.073242	10539.948242
3143.312500	10672.092773
3140.550781	10829.463867
3137.787109	10850.073242
3135.023438	11022.596680
3132.257813	11223.894531
3129.491211	11197.308594
3126.722656	11442.604492
3123.954102	11387.953125
3121.183594	11586.019531
3118.412109	11755.045898
3115.638672	11844.578125
3112.865234	12016.941406
3110.089844	11927.008789
3107.313477	12098.277344
3104.536133	12129.886719
3101.756836	12242.432617
3098.976563	12413.329102
3096.195313	12613.733398
3093.413086	12781.615234
3090.628906	12749.972656
3087.844727	12914.946289
3085.058594	12917.362305
3082.270508	13342.210938
3079.482422	13406.289063
3076.692383	13533.930664
3073.901367	13785.064453
3071.109375	13734.250977
3068.315430	13894.681641
3065.520508	13927.047852
3062.724609	14142.681641
3059.927734	14395.660156
3057.128906	14442.938477
3054.329102	14528.569336
3051.528320	14739.081055
3048.726563	14913.715820
3045.922852	15229.987305
3043.118164	15200.114258
3040.312500	15292.331055
3037.505859	15421.867188
3034.697266	15550.394531
3031.887695	15935.076172
3029.077148	15892.483398
3026.264648	16080.186523
3023.452148	16180.631836
3020.637695	16300.525391
3017.821289	16430.076172
3015.004883	16511.582031
3012.186523	16671.962891
3009.367188	17084.019531
3006.545898	17136.753906
3003.724609	17249.679688
3000.901367	17461.677734
2998.077148	17489.376953
2995.250977	17786.007813
2992.423828	17848.902344
2989.595703	18097.369141
2986.766602	18356.212891
2983.935547	18397.560547
2981.104492	18578.347656
2978.270508	18766.910156
2975.436523	19038.208984
2972.600586	19189.363281
2969.763672	19320.109375
2966.925781	19579.335938
2964.085938	19533.691406
2961.245117	19672.894531
2958.403320	19992.302734
2955.560547	20180.408203
2952.715820	20292.755859
2949.870117	20445.408203
2947.023438	20868.378906
2944.174805	20773.990234
2941.325195	21178.003906
2938.474609	21289.630859
2935.622070	21464.263672
2932.768555	21407.425781
2929.914063	21673.796875
2927.058594	21820.871094
2924.201172	22080.681641
2921.342773	22179.328125
2918.483398	22536.650391
2915.622070	22719.755859
2912.759766	22859.017578
2909.896484	23002.515625
2907.032227	23260.199219
2904.166016	23463.562500
2901.298828	23726.902344
2898.429688	23854.914063
2895.559570	23866.947266
2892.688477	24416.205078
2889.816406	24470.609375
2886.942383	24802.474609
2884.067383	24758.382813
2881.191406	25136.744141
2878.314453	25254.125000
2875.435547	25381.812500
2872.554688	25651.734375
2869.673828	25811.218750
2866.791016	26029.525391
2863.907227	26251.095703
2861.021484	26365.019531
2858.134766	26876.367188
2855.247070	26886.009766
2852.358398	27107.636719
2849.467773	27179.425781
2846.576172	27475.058594
2843.682617	27570.798828
2840.789063	27611.164063
2837.893555	27820.708984
2834.996094	28227.681641
2832.097656	28413.455078
2829.198242	28572.324219
2826.297852	28725.009766
2823.395508	28912.009766
2820.492188	29023.917969
2817.587891	29171.007813
2814.681641	29274.939453
2811.774414	29654.800781
2808.866211	29660.421875
2805.956055	29913.458984
2803.044922	30217.785156
2800.131836	30351.013672
2797.218750	30478.966797
2794.303711	30701.988281
2791.386719	30659.921875
2788.468750	30770.398438
2785.549805	30832.806641
2782.629883	31487.541016
2779.708008	31356.169922
2776.785156	31604.656250
2773.860352	31612.679688
2770.935547	31894.988281
2768.007813	31851.605469
2765.080078	32062.671875
2762.150391	32004.726563
2759.219727	32515.765625
2756.287109	32374.093750
2753.353516	32450.707031
2750.418945	32713.794922
2747.482422	32847.214844
2744.544922	32971.992188
2741.606445	33083.886719
2738.666016	33225.429688
2735.724609	33258.046875
2732.782227	33144.507813
2729.837891	33532.902344
2726.892578	33534.750000
2723.945313	33809.765625
2720.997070	33540.957031
2718.047852	34092.023438
2715.097656	33958.863281
2712.145508	34165.398438
2709.191406	33989.984375
2706.237305	34039.773438
2703.281250	34349.136719
2700.323242	34165.390625
2697.364258	34347.656250
2694.404297	34624.339844
2691.443359	34525.945313
2688.480469	34312.031250
2685.515625	34610.250000
2682.550781	34617.339844
2679.583984	34981.699219
2676.615234	34858.042969
2673.646484	34855.722656
2670.674805	34901.355469
2667.703125	34842.636719
2664.729492	34773.035156
2661.754883	34821.132813
2658.778320	34779.296875
2655.800781	34849.996094
2652.821289	34658.785156
2649.840820	34672.410156
2646.859375	34675.953125
2643.876953	34550.414063
2640.892578	34783.515625
2637.906250	34899.167969
2634.918945	34566.945313
2631.930664	34453.355469
2628.941406	34721.152344
2625.950195	34220.601563
2622.957031	34279.386719
2619.963867	34308.878906
2616.967773	34296.601563
2613.971680	34168.363281
2610.973633	34089.425781
2607.974609	34006.386719
2604.973633	34082.535156
2601.971680	33564.023438
2598.967773	33745.164063
2595.962891	33592.500000
2592.957031	33320.210938
2589.949219	33432.191406
2586.940430	32802.105469
2583.929688	33086.937500
2580.917969	32856.007813
2577.905273	32740.609375
2574.890625	32677.554688
2571.875000	32238.201172
2568.857422	32138.955078
2565.838867	31992.582031
2562.819336	31979.611328
2559.797852	31806.945313
2556.775391	31349.089844
2553.750977	31290.105469
2550.725586	31246.039063
2547.698242	31050.033203
2544.669922	30543.787109
2541.640625	30408.498047
2538.609375	30192.494141
2535.577148	29981.623047
2532.542969	29952.226563
2529.507813	29665.039063
2526.471680	29522.181641
2523.433594	29253.539063
2520.393555	29120.851563
2517.353516	28887.974609
2514.310547	28965.109375
2511.267578	28551.791016
2508.222656	28313.718750
2505.175781	27944.554688
2502.127930	27897.263672
2499.079102	27571.244141
2496.028320	27284.853516
2492.976563	27142.882813
2489.922852	26813.539063
2486.868164	26590.060547
2483.812500	26297.250000
2480.754883	25915.576172
2477.695313	25750.001953
2474.634766	25545.361328
2471.573242	25472.355469
2468.509766	25285.968750
2465.445313	25045.906250
2462.378906	24782.410156
2459.311523	24675.628906
2456.242188	24230.869141
2453.171875	23928.191406
2450.100586	23709.613281
2447.027344	23388.728516
2443.953125	23152.697266
2440.876953	22777.083984
2437.799805	22676.388672
2434.720703	22512.445313
2431.640625	22456.589844
2428.558594	22027.607422
2425.475586	21960.662109
2422.390625	21530.669922
2419.304688	21481.822266
2416.217773	21318.031250
2413.128906	20905.097656
2410.038086	20626.025391
2406.946289	20458.792969
2403.853516	20166.429688
2400.758789	20046.408203
2397.663086	19812.632813
2394.565430	19499.970703
2391.466797	19296.501953
2388.366211	19165.789063
2385.264648	18765.181641
2382.161133	18673.494141
2379.056641	18435.330078
2375.950195	18060.550781
2372.842773	17938.728516
2369.734375	17880.537109
2366.624023	17662.449219
2363.511719	17495.169922
2360.398438	17364.978516
2357.284180	17111.294922
2354.167969	16938.873047
2351.049805	16688.820313
2347.930664	16434.187500
2344.810547	16251.085938
2341.688477	16080.161133
2338.564453	15840.555664
2335.439453	15823.574219
2332.313477	15512.333008
2329.185547	15324.464844
2326.056641	15195.885742
2322.925781	14971.597656
2319.792969	14882.401367
2316.660156	14501.294922
2313.524414	14524.826172
2310.387695	14212.778320
2307.250000	14017.329102
2304.110352	13828.428711
2300.969727	13704.964844
2297.827148	13631.731445
2294.682617	13340.683594
2291.537109	13146.074219
2288.390625	13216.189453
2285.242188	13002.753906
2282.092773	12590.297852
2278.941406	12547.115234
2275.788086	12404.058594
2272.633789	12250.035156
2269.478516	12131.801758
2266.321289	11833.136719
2263.162109	11834.710938
2260.001953	11598.161133
2256.840820	11400.575195
2253.676758	11316.189453
2250.512695	11216.870117
2247.346680	11015.781250
2244.178711	10980.616211
2241.009766	10675.688477
2237.838867	10558.705078
2234.666992	10444.980469
2231.493164	10307.726563
2228.318359	10143.827148
2225.141602	10039.891602
2221.963867	9945.489258
2218.784180	9815.003906
2215.602539	9661.061523
2212.419922	9520.614258
2209.236328	9460.381836
2206.050781	9247.954102
2202.863281	9175.349609
2199.674805	8956.977539
2196.485352	8982.532227
2193.292969	8817.714844
2190.100586	8609.206055
2186.905273	8596.533203
2183.709961	8382.061523
2180.511719	8320.246094
2177.312500	8220.194336
2174.112305	8085.085938
2170.910156	8009.436523
2167.706055	7819.144043
2164.500977	7767.085938
2161.294922	7673.754883
2158.085938	7505.701660
2154.876953	7413.355469
2151.665039	7338.221680
2148.452148	7168.223145
2145.238281	7176.492676
2142.022461	7078.247559
2138.804688	6960.666992
2135.585938	6814.459473
2132.365234	6807.344727
2129.143555	6735.832031
2125.919922	6614.749023
2122.695313	6474.398926
2119.468750	6383.768555
2116.240234	6319.553223
2113.010742	6152.442871
2109.780273	6059.766602
2106.546875	6005.843262
2103.312500	5949.650391
2100.077148	5897.371582
2096.839844	5820.428711
2093.600586	5788.325684
2090.360352	5565.687988
2087.119141	5512.140625
2083.875000	5476.370117
2080.629883	5395.177734
2077.383789	5376.434082
2074.135742	5276.120605
2070.885742	5188.209961
2067.634766	5093.460449
2064.381836	5024.162598
2061.127930	4854.294434
2057.871094	4860.421387
2054.614258	4798.235840
2051.355469	4772.161621
2048.094727	4597.363770
2044.832031	4609.725586
2041.568359	4505.641113
2038.303711	4495.062500
2035.037109	4407.200195
2031.768555	4332.423340
2028.498047	4318.879883
2025.226563	4215.939453
2021.954102	4092.473145
2018.678711	4086.693604
2015.403320	4017.582764
2012.125000	3940.146973
2008.845703	3912.336426
2005.564453	3817.496826
2002.282227	3750.165039
1998.998047	3733.138672
1995.712891	3675.800537
1992.424805	3633.726318
1989.136719	3620.576660
1985.845703	3536.778809
1982.553711	3473.564453
1979.260742	3405.096191
1975.964844	3317.725342
1972.667969	3324.468994
1969.370117	3224.333252
1966.070313	3185.657471
1962.768555	3170.491699
1959.465820	3033.485352
1956.161133	3001.762207
1952.854492	2990.483887
1949.546875	3007.178711
1946.237305	2927.920654
1942.925781	2853.268311
1939.613281	2836.041504
1936.298828	2800.727295
1932.982422	2759.414307
1929.665039	2680.461670
1926.346680	2670.126221
1923.025391	2628.933350
1919.703125	2622.393311
1916.378906	2594.047119
1913.053711	2540.167725
1909.726563	2476.571777
1906.397461	2416.791504
1903.067383	2431.383301
1899.735352	2388.937744
1896.401367	2321.784668
1893.066406	2286.927002
1889.729492	2308.292725
1886.390625	2220.306396
1883.050781	2210.245850
1879.708984	2130.619873
1876.365234	2125.097412
1873.020508	2111.358398
1869.673828	2084.932373
1866.326172	2024.931885
1862.975586	2025.438599
1859.624023	1985.663818
1856.271484	1919.832275
1852.916016	1924.113037
1849.559570	1894.126343
1846.202148	1844.067139
1842.841797	1816.379517
1839.480469	1805.080566
1836.118164	1781.897827
1832.752930	1744.619507
1829.386719	1725.200684
1826.018555	1651.612427
1822.649414	1681.224487
1819.278320	1601.054077
1815.905273	1644.002197
1812.531250	1612.822998
1809.154297	1556.497314
1805.777344	1491.344482
1802.397461	1489.134521
1799.016602	1490.622925
1795.633789	1435.203735
1792.249023	1439.670776
1788.863281	1406.478882
1785.475586	1396.195435
1782.085938	1354.205322
1778.694336	1359.438232
1775.301758	1318.979980
1771.907227	1305.074829
1768.510742	1280.140869
1765.113281	1262.588501
1761.713867	1238.434326
1758.312500	1242.235229
1754.910156	1186.522095
1751.505859	1169.782593
1748.099609	1150.123291
1744.691406	1146.622070
1741.282227	1140.924194
1737.871094	1102.251831
1734.458008	1108.300781
1731.042969	1083.592651
1727.626953	1053.785889
1724.208984	1021.082397
1720.790039	1029.350830
1717.368164	969.654480
1713.945313	1002.771240
1710.520508	989.865540
1707.093750	963.109192
1703.666016	973.571533
1700.236328	938.102051
1696.804688	912.138367
1693.371094	890.569153
1689.936523	906.139893
1686.500000	867.135132
1683.061523	849.981689
1679.622070	856.100647
1676.179688	821.535828
1672.736328	822.579956
1669.291016	797.498962
1665.844727	784.047363
1662.396484	765.534180
1658.945313	763.704346
1655.494141	732.183105
1652.040039	744.848206
1648.584961	725.666504
1645.126953	705.057312
1641.668945	703.983276
1638.208008	658.120300
1634.745117	672.233276
1631.281250	650.247131
1627.815430	650.644043
1624.347656	656.808044
1620.878906	630.537964
1617.408203	597.811584
1613.935547	588.154175
1610.460938	610.165771
1606.984375	565.990967
1603.506836	582.959412
1600.027344	570.453918
1596.545898	557.960693
1593.062500	547.632935
1589.577148	521.533020
1586.090820	518.403503
1582.602539	527.460144
1579.112305	514.302185
1575.620117	495.429718
1572.126953	485.878479
1568.630859	484.919281
1565.133789	483.960815
1561.634766	452.994019
1558.133789	459.907684
1554.631836	449.683411
1551.127930	456.591400
1547.621094	442.100250
1544.114258	454.706360
1540.604492	424.558716
1537.092773	405.833099
1533.580078	389.972656
1530.065430	396.177399
1526.548828	408.773926
1523.030273	386.540466
1519.509766	386.345306
1515.988281	361.305939
1512.463867	378.860260
1508.938477	338.958130
1505.411133	350.126862
1501.882813	340.032104
1498.351563	334.903717
1494.818359	324.118896
1491.284180	327.491333
1487.748047	301.874603
1484.209961	298.188507
1480.669922	305.099792
1477.128906	280.238800
1473.584961	296.323822
1470.040039	285.595734
1466.493164	272.763947
1462.944336	281.078857
1459.393555	287.272858
1455.840820	270.236938
1452.287109	256.031769
1448.730469	241.137894
1445.172852	270.527161
1441.613281	245.808487
1438.051758	244.981262
1434.488281	253.275482
1430.922852	242.627762
1427.356445	232.691650
1423.787109	236.075470
1420.216797	225.452469
1416.644531	216.939621
1413.070313	206.337021
1409.494141	211.125137
1405.916016	204.029816
1402.336914	198.338409
1398.754883	196.840836
1395.171875	196.042358
1391.585938	194.547302
1387.999023	193.053680
1384.410156	167.877533
1380.819336	181.019775
1377.226563	180.230988
1373.632813	180.833969
1370.036133	172.399170
1366.438477	168.836578
1362.837891	155.555344
1359.236328	155.475327
1355.632813	149.151764
1352.027344	147.688232
1348.419922	153.849304
1344.810547	144.765488
1341.199219	144.690872
1337.585938	152.919586
1333.970703	138.317368
1330.354492	145.158279
1326.735352	141.628967
1323.115234	124.292900
1319.493164	128.369629
1315.869141	128.993057
1312.242188	119.963539
1308.614258	116.456017
1304.984375	113.640800
1301.353516	113.581947
1297.719727	114.211113
1294.083984	105.899963
1290.446289	112.030792
1286.807617	103.042336
1283.166016	108.481590
1279.523438	107.739021
1275.877930	100.824257
1272.231445	101.457375
1268.582031	89.071625
1264.931641	93.818962
1261.279297	92.401230
1257.625000	97.141800
1253.968750	90.253784
1250.310547	89.523369
1246.650391	82.646416
1242.988281	92.160713
1239.324219	88.018723
1235.658203	72.969666
1231.990234	86.563614
1228.320313	81.749657
1224.648438	79.664246
1220.975586	65.331345
1217.299805	67.337700
1213.622070	76.819969
1209.943359	75.420799
1206.261719	69.269287
1202.578125	73.305504
1198.893555	69.875069
1195.206055	60.345806
1191.517578	65.057938
1187.826172	63.669109
1184.133789	56.188931
1180.438477	60.219112
1176.742188	53.424809
1173.042969	58.128052
1169.342773	64.852974
1165.639648	55.366077
1161.935547	56.686588
1158.228516	51.935314
1154.520508	51.907928
1150.809570	54.575634
1147.097656	48.486069
1143.382813	46.441277
1139.666992	56.507336
1135.948242	54.460415
1132.227539	45.695675
1128.505859	45.671497
1124.781250	49.675026
1121.055664	44.281292
1117.327148	44.257828
1113.596680	36.861973
1109.865234	37.512287
1106.130859	41.509426
1102.394531	40.149086
1098.657227	43.471745
1094.916992	40.774883
1091.174805	34.072353
1087.430664	38.060612
1083.684570	32.033985
1079.936523	36.019051
1076.186523	39.999851
1072.434570	32.649136
1068.680664	34.629589
1064.924805	39.935905
1061.166992	32.596920
1057.406250	29.919964
1053.644531	25.252251
1049.880859	28.559643
1046.114258	27.216728
1042.346680	31.182974
1038.576172	24.535160
1034.803711	25.847536
1031.030273	35.107319
1027.253906	33.102360
1023.475586	21.174150
1019.695313	24.469475
1015.913086	33.049110
1012.128906	24.443207
1008.342773	25.090343
1004.553711	16.497932
