4046.277344	209.633774
4043.892578	209.633774
4041.505859	208.503387
4039.119141	215.752563
4036.731445	220.902100
4034.342773	234.419647
4031.952148	209.220627
4029.561523	231.097488
4027.169922	216.372299
4024.777344	224.645691
4022.383789	238.134735
4019.989258	233.864395
4017.593750	252.557098
4015.197266	253.500351
4012.799805	252.357162
4010.401367	278.316833
4008.001953	228.191879
4005.601563	246.849487
4003.201172	254.039612
4000.798828	264.346161
3998.395508	266.321899
3995.991211	257.896912
3993.585938	248.439041
3991.180664	288.864502
3988.773438	266.937653
3986.365234	264.755035
3983.957031	266.725403
3981.546875	290.480164
3979.135742	293.475586
3976.724609	273.663269
3974.311523	276.662842
3971.898438	307.625916
3969.483398	286.796021
3967.068359	298.066132
3964.651367	295.878143
3962.234375	297.828339
3959.815430	300.810608
3957.396484	303.790375
3954.975586	308.833466
3952.554688	301.482727
3950.131836	305.490479
3947.708984	327.032959
3945.284180	327.933380
3942.859375	313.370605
3940.432617	332.822998
3938.005859	317.239716
3935.577148	342.852295
3933.148438	331.394012
3930.718750	354.922668
3928.287109	347.581909
3925.855469	343.330719
3923.421875	365.798462
3920.988281	387.220978
3918.552734	364.478088
3916.117188	361.252838
3913.680664	361.107666
3911.242188	370.191650
3908.803711	377.218140
3906.363281	378.091034
3903.922852	418.907898
3901.480469	402.358276
3899.038086	385.821869
3896.593750	418.402069
3894.149414	405.962555
3891.703125	411.931915
3889.256836	411.765808
3886.808594	409.557037
3884.360352	444.103302
3881.910156	428.616333
3879.459961	399.880402
3877.007813	433.368683
3874.555664	431.155029
3872.101563	433.018524
3869.646484	457.286377
3867.191406	460.155579
3864.734375	462.004669
3862.277344	469.955444
3859.818359	451.462646
3857.358398	456.361816
3854.897461	464.304810
3852.436523	469.194519
3849.973633	477.125610
3847.509766	521.581116
3845.044922	503.111450
3842.579102	513.046570
3840.113281	514.865356
3837.645508	517.695618
3835.176758	545.840698
3832.707031	527.397888
3830.236328	542.361572
3827.764648	533.037964
3825.291992	561.130493
3822.818359	572.019165
3820.343750	576.837524
3817.868164	555.396667
3815.390625	549.114075
3812.913086	609.429749
3810.434570	603.130005
3807.955078	612.965820
3805.473633	591.553040
3802.992188	610.451294
3800.509766	615.236938
3798.025391	653.233765
3795.541016	660.009827
3793.054688	641.637695
3790.568359	656.454956
3788.080078	674.274536
3785.591797	730.249207
3783.101563	669.707092
3780.610352	703.557190
3778.119141	702.266113
3775.625977	713.009827
3773.131836	721.739624
3770.636719	734.470154
3768.140625	737.174072
3765.643555	757.896851
3763.145508	756.585449
3760.646484	779.283630
3758.146484	797.963074
3755.645508	764.650757
3753.143555	782.321350
3750.639648	770.015503
3748.135742	795.655457
3745.630859	833.248901
3743.124023	814.951660
3740.617188	867.462097
3738.108398	860.128723
3735.599609	857.782471
3733.088867	876.350769
3730.577148	906.848877
3728.064453	886.574890
3725.551758	903.118469
3723.037109	915.671265
3720.521484	881.504639
3718.004883	909.949768
3715.487305	919.504456
3712.967773	910.192139
3710.448242	929.659973
3707.927734	937.210449
3705.406250	977.468872
3702.882813	974.092468
3700.359375	980.623840
3697.833984	940.613953
3695.308594	1014.453552
3692.781250	1010.077026
3690.252930	1061.081787
3687.723633	1043.838745
3685.193359	1024.633423
3682.662109	1038.036743
3680.129883	1046.492310
3677.596680	1075.664429
3675.062500	1092.974731
3672.527344	1080.689575
3669.990234	1122.623413
3667.453125	1154.670044
3664.915039	1106.920654
3662.375000	1164.540771
3659.833984	1164.057617
3657.292969	1172.426758
3654.750000	1184.721191
3652.206055	1172.436035
3649.661133	1191.596069
3647.115234	1182.263428
3644.568359	1242.627441
3642.019531	1215.620239
3639.470703	1217.076172
3636.920898	1223.432129
3634.369141	1239.581421
3631.817383	1279.224854
3629.263672	1242.465942
3626.708984	1292.839966
3624.153320	1343.171753
3621.596680	1325.010498
3619.039063	1372.353760
3616.480469	1384.483276
3613.920898	1414.181763
3611.360352	1419.449341
3608.797852	1434.470215
3606.235352	1427.043579
3603.670898	1464.473389
3601.105469	1470.684082
3598.540039	1492.476318
3595.972656	1537.620972
3593.404297	1506.803345
3590.834961	1513.957153
3588.264648	1592.102417
3585.692383	1562.271484
3583.120117	1597.572876
3580.545898	1654.213989
3577.971680	1646.724854
3575.395508	1646.035156
3572.818359	1668.628906
3570.240234	1730.961914
3567.661133	1724.420532
3565.081055	1716.915161
3562.500000	1727.817261
3559.917969	1741.614136
3557.333984	1774.752686
3554.750000	1825.274170
3552.164063	1825.474731
3549.577148	1886.562744
3546.989258	1881.906006
3544.400391	1944.849243
3541.810547	1944.997192
3539.219727	1995.316772
3536.626953	2007.980103
3534.034180	2039.912964
3531.439453	2046.763916
3528.844727	2082.505371
3526.248047	2046.004150
3523.650391	2115.399414
3521.051758	2171.267334
3518.451172	2116.502441
3515.850586	2188.662354
3513.249023	2273.250977
3510.645508	2286.698486
3508.041016	2321.253662
3505.436523	2258.861084
3502.830078	2310.662842
3500.222656	2414.194092
3497.613281	2384.423828
3495.003906	2389.164795
3492.393555	2448.481934
3489.781250	2495.305420
3487.167969	2514.342529
3484.553711	2548.664551
3481.938477	2511.261230
3479.322266	2614.352783
3476.705078	2623.753174
3474.086914	2676.107910
3471.466797	2738.915039
3468.845703	2711.999512
3466.224609	2664.128662
3463.601563	2730.671387
3460.977539	2764.764648
3458.351563	2875.012695
3455.725586	2887.120605
3453.098633	2895.411377
3450.469727	2910.352051
3447.839844	3001.334473
3445.208984	3016.215820
3442.577148	3057.680420
3439.944336	3144.684082
3437.310547	3082.607422
3434.674805	3181.857666
3432.039063	3171.971191
3429.401367	3280.575928
3426.762695	3253.599854
3424.123047	3303.357910
3421.481445	3321.832764
3418.839844	3333.667236
3416.197266	3413.592041
3413.552734	3466.030029
3410.907227	3459.829102
3408.260742	3617.056396
3405.613281	3556.028320
3402.963867	3635.683594
3400.314453	3665.267578
3397.663086	3698.597656
3395.011719	3705.504395
3392.358398	3839.605713
3389.704102	3840.793213
3387.047852	3894.698730
3384.391602	3969.259766
3381.733398	3992.021484
3379.075195	4026.985352
3376.415039	4060.038818
3373.753906	4189.823242
3371.090820	4172.069336
3368.427734	4224.726074
3365.762695	4265.139648
3363.097656	4368.351074
3360.430664	4363.669922
3357.762695	4434.890137
3355.092773	4536.956055
3352.422852	4625.826172
3349.750977	4672.507813
3347.079102	4714.470703
3344.405273	4795.666992
3341.729492	4745.012207
3339.053711	4854.149414
3336.376953	4851.134277
3333.698242	4985.331543
3331.018555	5059.699707
3328.337891	5054.731445
3325.656250	5074.935059
3322.973633	5136.119629
3320.289063	5227.986328
3317.604492	5375.633301
3314.917969	5364.948730
3312.230469	5466.826660
3309.541016	5534.212891
3306.851563	5566.221680
3304.160156	5736.624023
3301.467773	5743.442871
3298.774414	5862.567383
3296.080078	5925.918945
3293.384766	5986.432617
3290.687500	6015.373535
3287.990234	6150.848633
3285.291016	6295.467285
3282.589844	6314.974609
3279.888672	6307.625977
3277.186523	6409.434082
3274.482422	6542.589844
3271.777344	6607.236328
3269.071289	6689.377930
3266.364258	6746.514160
3263.655273	6799.907227
3260.945313	6940.901367
3258.234375	7047.649414
3255.522461	7102.681152
3252.809570	7183.462891
3250.095703	7181.280273
3247.379883	7407.414551
3244.663086	7376.605469
3241.945313	7519.670410
3239.226563	7645.139648
3236.505859	7720.870117
3233.784180	7726.716309
3231.061523	7843.662598
3228.337891	7869.638184
3225.613281	8033.207031
3222.886719	8049.903320
3220.160156	8248.997070
3217.431641	8316.891602
3214.702148	8337.099609
3211.970703	8423.201172
3209.239258	8605.307617
3206.505859	8653.711914
3203.771484	8826.413086
3201.035156	8863.707031
3198.298828	8960.343750
3195.560547	9016.716797
3192.821289	9125.062500
3190.081055	9261.592773
3187.339844	9365.172852
3184.596680	9587.155273
3181.853516	9596.655273
3179.108398	9667.161133
3176.361328	9997.041992
3173.614258	9888.053711
3170.865234	10169.341797
3168.115234	10092.186523
3165.364258	10224.103516
3162.612305	10374.977539
3159.858398	10249.704102
3157.104492	10387.723633
3154.347656	10604.541992
3151.590820	10727.772461
3148.833008	10888.053711
3146.073242	11004.706055
3143.312500	11235.354492
3140.550781	11173.428711
3137.787109	11233.698242
3135.023438	11358.122070
3132.257813	11607.185547
3129.491211	11597.599609
3126.722656	11686.467773
3123.954102	11979.289063
3121.183594	12103.099609
3118.412109	12131.185547
3115.638672	12234.078125
3112.865234	12392.751953
3110.089844	12576.507813
3107.313477	12535.889648
3104.536133	12674.413086
3101.756836	12829.004883
3098.976563	12871.949219
3096.195313	13122.490234
3093.413086	13190.417969
3090.628906	13357.071289
3087.844727	13457.146484
3085.058594	13680.057617
3082.270508	14006.809570
3079.482422	14064.321289
3076.692383	14150.453125
3073.901367	14300.997070
3071.109375	14386.045898
3068.315430	14639.263672
3065.520508	14738.393555
3062.724609	14779.312500
3059.927734	15072.229492
3057.128906	15162.986328
3054.329102	15302.771484
3051.528320	15571.852539
3048.726563	15689.022461
3045.922852	15967.498047
3043.118164	16042.485352
3040.312500	16276.000977
3037.505859	16322.277344
3034.697266	16303.522461
3031.887695	16656.728516
3029.077148	16869.976563
3026.264648	16912.333984
3023.452148	16906.662109
3020.637695	17173.689453
3017.821289	17465.333984
3015.004883	17665.306641
3012.186523	17694.777344
3009.367188	17935.250000
3006.545898	18143.599609
3003.724609	18154.199219
3000.901367	18513.683594
2998.077148	18592.255859
2995.250977	18827.351563
2992.423828	18811.964844
2989.595703	19090.060547
2986.766602	19248.621094
2983.935547	19440.599609
2981.104492	19665.064453
2978.270508	19609.603516
2975.436523	19945.798828
2972.600586	20011.033203
2969.763672	20066.511719
2966.925781	20274.320313
2964.085938	20481.937500
2961.245117	20706.966797
2958.403320	20880.771484
2955.560547	20959.451172
2952.715820	21211.197266
2949.870117	21444.267578
2947.023438	21613.019531
2944.174805	21691.210938
2941.325195	21877.240234
2938.474609	22127.990234
2935.622070	22297.869141
2932.768555	22301.119141
2929.914063	22527.681641
2927.058594	22657.744141
2924.201172	22991.560547
2921.342773	23119.539063
2918.483398	23260.509766
2915.622070	23496.595703
2912.759766	23360.376953
2909.896484	23879.068359
2907.032227	24091.855469
2904.166016	24301.828125
2901.298828	24247.423828
2898.429688	24383.048828
2895.559570	24518.544922
2892.688477	24693.097656
2889.816406	25025.017578
2886.942383	25047.802734
2884.067383	25480.125000
2881.191406	25351.433594
2878.314453	25381.837891
2875.435547	25848.146484
2872.554688	25825.337891
2869.673828	26284.945313
2866.791016	26585.429688
2863.907227	26616.910156
2861.021484	26830.314453
2858.134766	27148.318359
2855.247070	27098.105469
2852.358398	27439.916016
2849.467773	27547.019531
2846.576172	27622.029297
2843.682617	27792.886719
2840.789063	28094.873047
2837.893555	28282.617188
2834.996094	28328.652344
2832.097656	28772.300781
2829.198242	28662.857422
2826.297852	28980.113281
2823.395508	29058.455078
2820.492188	29131.550781
2817.587891	29453.310547
2814.681641	29548.513672
2811.774414	29657.380859
2808.866211	29709.414063
2805.956055	29968.443359
2803.044922	30510.619141
2800.131836	30375.048828
2797.218750	30672.013672
2794.303711	30691.697266
2791.386719	30804.791016
2788.468750	31048.011719
2785.549805	30825.099609
2782.629883	31076.632813
2779.708008	31289.427734
2776.785156	31365.173828
2773.860352	31396.388672
2770.935547	31562.578125
2768.007813	31942.144531
2765.080078	32083.162109
2762.150391	31849.414063
2759.219727	32222.337891
2756.287109	32449.123047
2753.353516	32693.589844
2750.418945	32727.423828
2747.482422	32558.572266
2744.544922	32388.160156
2741.606445	32707.884766
2738.666016	33039.214844
2735.724609	32714.101563
2732.782227	32774.109375
2729.837891	33254.382813
2726.892578	33058.593750
2723.945313	33383.031250
2720.997070	33061.835938
2718.047852	33359.679688
2715.097656	33248.031250
2712.145508	33530.261719
2709.191406	33401.687500
2706.237305	33587.117188
2703.281250	33436.621094
2700.323242	33655.660156
2697.364258	33587.210938
2694.404297	33523.878906
2691.443359	33619.300781
2688.480469	33322.257813
2685.515625	33752.500000
2682.550781	33476.722656
2679.583984	33962.093750
2676.615234	33624.964844
2673.646484	33499.445313
2670.674805	33767.851563
2667.703125	33474.972656
2664.729492	33508.558594
2661.754883	33284.953125
2658.778320	33290.855469
2655.800781	33123.785156
2652.821289	33014.757813
2649.840820	33134.824219
2646.859375	33030.902344
2643.876953	32891.031250
2640.892578	32736.193359
2637.906250	33114.019531
2634.918945	32668.787109
2631.930664	32450.654297
2628.941406	32348.935547
2625.950195	32154.529297
2622.957031	32357.107422
2619.963867	32470.142578
2616.967773	32155.724609
2613.971680	32259.552734
2610.973633	32073.080078
2607.974609	32031.798828
2604.973633	31708.115234
2601.971680	31396.373047
2598.967773	31474.455078
2595.962891	31145.611328
2592.957031	31111.449219
2589.949219	30948.466797
2586.940430	30513.103516
2583.929688	30519.939453
2580.917969	30269.429688
2577.905273	30351.857422
2574.890625	30147.246094
2571.875000	30178.238281
2568.857422	29793.244141
2565.838867	29534.480469
2562.819336	29681.576172
2559.797852	29187.257813
2556.775391	29229.320313
2553.750977	29039.037109
2550.725586	28613.419922
2547.698242	28394.666016
2544.669922	28304.064453
2541.640625	28145.871094
2538.609375	27900.384766
2535.577148	27663.359375
2532.542969	27458.679688
2529.507813	27362.902344
2526.471680	27122.304688
2523.433594	26937.876953
2520.393555	26759.369141
2517.353516	26393.562500
2514.310547	26434.042969
2511.267578	26154.951172
2508.222656	25951.642578
2505.175781	25650.855469
2502.127930	25523.412109
2499.079102	25166.507813
2496.028320	24940.226563
2492.976563	24599.466797
2489.922852	24598.796875
2486.868164	24183.199219
2483.812500	24018.285156
2480.754883	23899.302734
2477.695313	23746.097656
2474.634766	23278.529297
2471.573242	23275.154297
2468.509766	23090.595703
2465.445313	22946.171875
2462.378906	22594.767578
2459.311523	22416.460938
2456.242188	22054.205078
2453.171875	21818.484375
2450.100586	21563.441406
2447.027344	21358.250000
2443.953125	20963.785156
2440.876953	20818.375000
2437.799805	20608.917969
2434.720703	20614.822266
2431.640625	20335.837891
2428.558594	20010.052734
2425.475586	19911.605469
2422.390625	19609.808594
2419.304688	19488.939453
2416.217773	19179.505859
2413.128906	19015.230469
2410.038086	18655.324219
2406.946289	18658.812500
2403.853516	18151.484375
2400.758789	18277.179688
2397.663086	17857.693359
2394.565430	17717.853516
2391.466797	17457.933594
2388.366211	17143.414063
2385.264648	17069.369141
2382.161133	16800.425781
2379.056641	16703.242188
2375.950195	16523.244141
2372.842773	16201.009766
2369.734375	16070.451172
2366.624023	15883.746094
2363.511719	15789.597656
2360.398438	15511.642578
2357.284180	15393.665039
2354.167969	15279.802734
2351.049805	14978.400391
2347.930664	14852.804688
2344.810547	14727.321289
2341.688477	14414.569336
2338.564453	14296.599609
2335.439453	14263.537109
2332.313477	13903.445313
2329.185547	13900.959961
2326.056641	13616.458984
2322.925781	13507.895508
2319.792969	13352.337891
2316.660156	13102.782227
2313.524414	12910.070313
2310.387695	12778.110352
2307.250000	12614.401367
2304.110352	12400.674805
2300.969727	12254.796875
2297.827148	12258.614258
2294.682617	11924.473633
2291.537109	11846.568359
2288.390625	11822.753906
2285.242188	11572.649414
2282.092773	11400.556641
2278.941406	11228.621094
2275.788086	11208.295898
2272.633789	10933.569336
2269.478516	10790.601563
2266.321289	10702.400391
2263.162109	10493.976563
2260.001953	10455.037109
2256.840820	10319.663086
2253.676758	10212.075195
2250.512695	10039.015625
2247.346680	9967.974609
2244.178711	9792.029297
2241.009766	9542.091797
2237.838867	9607.783203
2234.666992	9365.253906
2231.493164	9299.405273
2228.318359	9232.040039
2225.141602	9059.276367
2221.963867	8896.111328
2218.784180	8803.861328
2215.602539	8678.686523
2212.419922	8484.500977
2209.236328	8399.631836
2206.050781	8347.800781
2202.863281	8171.292969
2199.674805	8081.194336
2196.485352	8012.336914
2193.292969	7890.276367
2190.100586	7839.576172
2186.905273	7704.402832
2183.709961	7518.511719
2180.511719	7446.159180
2177.312500	7299.632813
2174.112305	7270.406738
2170.910156	7083.499512
2167.706055	6998.992676
2164.500977	6877.903809
2161.294922	6873.869629
2158.085938	6747.494629
2154.876953	6662.517578
2151.665039	6606.423340
2148.452148	6516.142090
2145.238281	6451.609863
2142.022461	6317.948242
2138.804688	6250.458496
2135.585938	6110.800781
2132.365234	6070.639160
2129.143555	5952.920410
2125.919922	5931.480957
2122.695313	5823.238281
2119.468750	5710.447266
2116.240234	5535.804688
2113.010742	5526.980957
2109.780273	5487.214355
2106.546875	5408.042969
2103.312500	5281.020020
2100.077148	5309.411621
2096.839844	5134.672852
2093.600586	5095.949707
2090.360352	4985.510742
2087.119141	5042.513672
2083.875000	4907.536621
2080.629883	4803.502930
2077.383789	4682.625977
2074.135742	4708.100586
2070.885742	4622.768555
2067.634766	4529.827148
2064.381836	4500.764648
2061.127930	4412.575684
2057.871094	4355.183105
2054.614258	4238.748535
2051.355469	4192.997070
2048.094727	4167.223145
2044.832031	4159.099121
2041.568359	4058.294434
2038.303711	4091.571289
2035.037109	3947.271729
2031.768555	3968.328613
2028.498047	3818.871338
2025.226563	3783.417725
2021.954102	3679.254150
2018.678711	3688.941406
2015.403320	3608.575439
2012.125000	3586.250732
2008.845703	3531.927979
2005.564453	3434.223389
2002.282227	3349.558594
1998.998047	3344.904297
1995.712891	3258.078613
1992.424805	3207.839600
1989.136719	3153.846924
1985.845703	3197.156982
1982.553711	3094.616211
1979.260742	3093.126709
1975.964844	2986.180420
1972.667969	2904.360352
1969.370117	2862.789551
1966.070313	2869.743408
1962.768555	2820.654785
1959.465820	2795.832031
1956.161133	2764.979980
1952.854492	2683.496338
1949.546875	2640.634033
1946.237305	2600.833496
1942.925781	2558.805664
1939.613281	2515.307861
1936.298828	2485.428467
1932.982422	2444.268066
1929.665039	2388.828613
1926.346680	2348.506104
1923.025391	2333.065430
1919.703125	2326.668457
1916.378906	2273.645752
1913.053711	2230.446289
1909.726563	2238.382080
1906.397461	2170.455811
1903.067383	2142.379639
1899.735352	2127.835205
1896.401367	2086.306396
1893.066406	2064.305908
1889.729492	2054.312988
1886.390625	1996.403564
1883.050781	1916.095215
1879.708984	1956.310059
1876.365234	1908.998535
1873.020508	1891.627563
1869.673828	1858.585449
1866.326172	1816.614746
1862.975586	1805.282227
1859.624023	1771.582153
1856.271484	1712.564941
1852.916016	1735.576782
1849.559570	1681.847046
1846.202148	1617.746460
1842.841797	1623.654297
1839.480469	1602.036865
1836.118164	1570.776001
1832.752930	1573.723999
1829.386719	1486.806641
1826.018555	1511.318237
1822.649414	1468.289063
1819.278320	1430.492554
1815.905273	1415.709839
1812.531250	1366.121094
1809.154297	1391.369385
1805.777344	1316.675903
1802.397461	1333.045410
1799.016602	1328.695190
1795.633789	1271.138306
1792.249023	1262.389526
1788.863281	1244.789185
1785.475586	1199.163696
1782.085938	1224.390503
1778.694336	1184.716431
1775.301758	1160.554932
1771.907227	1124.632813
1768.510742	1140.275024
1765.113281	1116.905273
1761.713867	1105.324707
1758.312500	1101.105469
1754.910156	1033.706787
1751.505859	1024.385864
1748.099609	1024.615234
1744.691406	985.962952
1741.282227	982.543945
1737.871094	979.860840
1734.458008	967.657166
1731.042969	936.429016
1727.626953	964.506775
1724.208984	918.681580
1720.790039	876.556580
1717.368164	875.392700
1713.945313	921.702332
1710.520508	867.227295
1707.093750	858.772339
1703.666016	850.325439
1700.236328	840.428650
1696.804688	810.870605
1693.371094	801.730713
1689.936523	770.764771
1686.500000	783.476929
1683.061523	754.004272
1679.622070	750.723206
1676.179688	739.454895
1672.736328	716.581116
1669.291016	713.322571
1665.844727	681.054993
1662.396484	695.940125
1658.945313	705.013611
1655.494141	653.243469
1652.040039	658.709290
1648.584961	638.846985
1645.126953	635.636292
1641.668945	629.537415
1638.208008	616.942627
1634.745117	589.196899
1631.281250	580.964417
1627.815430	595.101257
1624.347656	565.244263
1620.878906	557.755859
1617.408203	541.631653
1613.935547	529.842712
1610.460938	526.699707
1606.984375	522.121277
1603.506836	500.295624
1600.027344	492.860687
1596.545898	484.714874
1593.062500	498.109131
1589.577148	461.990723
1586.090820	458.891083
1582.602539	461.527618
1579.112305	456.282043
1575.620117	448.177765
1572.126953	420.760742
1568.630859	434.853851
1565.133789	421.767914
1561.634766	409.409424
1558.133789	390.635864
1554.631836	409.711548
1551.127930	398.804047
1547.621094	387.194275
1544.114258	382.723053
1540.604492	368.995667
1537.092773	360.977844
1533.580078	337.312103
1530.065430	338.564545
1526.548828	348.346466
1523.030273	351.012848
1519.509766	328.109436
1515.988281	330.073181
1512.463867	310.041077
1508.938477	322.648438
1505.411133	314.688934
1501.882813	284.068512
1498.351563	288.881012
1494.818359	297.934631
1491.284180	308.393585
1487.748047	309.651215
1484.209961	276.283691
1480.669922	279.674805
1477.128906	255.532608
1473.584961	263.163757
1470.040039	258.093933
1466.493164	257.962830
1462.944336	249.378220
1459.393555	247.139145
1455.840820	247.013443
1452.287109	221.565948
1448.730469	239.028809
1445.172852	231.880417
1441.613281	215.609161
1438.051758	228.836365
1434.488281	217.494186
1430.922852	212.474594
1427.356445	197.647720
1423.787109	204.552032
1420.216797	200.246597
1416.644531	201.543900
1413.070313	193.746964
1409.494141	188.055176
1405.916016	179.574188
1402.336914	180.879044
1398.754883	175.900314
1395.171875	168.135971
1391.585938	168.049820
1387.999023	175.630066
1384.410156	166.484360
1380.819336	166.398941
1377.226563	146.133240
1373.632813	157.881958
1370.036133	152.934753
1366.438477	149.382156
1362.837891	145.138687
1359.236328	132.570480
1355.632813	142.214478
1352.027344	142.834641
1348.419922	137.216949
1344.810547	128.834366
1341.199219	128.767960
1337.585938	113.478783
1333.970703	118.261353
1330.354492	124.421379
1326.735352	116.757538
1323.115234	126.364449
1319.493164	120.777870
1315.869141	110.368393
1312.242188	112.379639
1308.614258	106.808777
1304.984375	101.932358
1301.353516	109.451691
1297.719727	102.514793
1294.083984	90.083733
1290.446289	95.535461
1286.807617	95.485893
1283.166016	96.809517
1279.523438	94.014305
1275.877930	87.106667
1272.231445	76.778557
1268.582031	91.127129
1264.931641	86.286049
1261.279297	79.396606
1257.625000	78.671173
1253.968750	79.997673
1250.310547	79.272598
1246.650391	78.548241
1242.988281	68.267197
1239.324219	79.830933
1235.658203	64.786148
1231.990234	75.657967
1228.320313	69.487206
1224.648438	65.365532
1220.975586	62.609207
1217.299805	69.378235
1213.622070	56.425285
1209.943359	64.549332
1206.261719	65.194626
1202.578125	65.160446
1198.893555	61.734283
1195.206055	56.277550
1191.517578	56.248009
1187.826172	58.250462
1184.133789	54.834980
1180.438477	49.393204
1176.742188	48.014702
1173.042969	53.396702
1169.342773	52.693043
1165.639648	47.263725
1161.935547	58.711109
1158.228516	48.562893
1154.520508	54.604443
1150.809570	49.185448
1147.097656	49.159485
1143.382813	47.114338
1139.666992	46.416740
1135.948242	45.047501
1132.227539	45.023678
1128.505859	45.671497
1124.781250	36.920628
1121.055664	36.901077
1117.327148	45.598976
1113.596680	36.191757
1109.865234	32.823250
1106.130859	31.466822
1102.394531	35.465027
1098.657227	36.783783
1094.916992	36.095798
1091.174805	36.076611
1087.430664	35.389690
1083.684570	30.699238
1079.936523	34.685009
1076.186523	36.666527
1072.434570	34.648064
1068.680664	33.297684
1064.924805	32.614323
1061.166992	29.270702
1057.406250	29.255075
1053.644531	19.935987
1049.880859	28.559643
1046.114258	28.544373
1042.346680	28.529102
1038.576172	25.198273
1034.803711	28.498566
1031.030273	25.833689
1027.253906	27.143936
1023.475586	28.452765
1019.695313	25.130812
1015.913086	24.456341
1012.128906	23.121952
1008.342773	21.128712
1004.553711	26.396690
