4046.277344	1.048169
4043.892578	6.289013
4041.505859	2.095511
4039.119141	9.426083
4036.731445	3.140788
4034.342773	3.139549
4031.952148	4.184412
4029.561523	1.045690
4027.169922	7.316938
4024.777344	3.134591
4022.383789	4.177803
4019.989258	0.000000
4017.593750	4.174498
4015.197266	4.172845
4012.799805	4.171193
4010.401367	5.211926
4008.001953	8.335776
4005.601563	6.249354
4003.201172	8.329167
4000.798828	4.162932
3998.395508	7.282239
3995.991211	11.438976
3993.585938	3.118482
3991.180664	4.156324
3988.773438	4.154672
3986.365234	10.382550
3983.957031	1.037842
3981.546875	4.149716
3979.135742	7.259113
3976.724609	6.219620
3974.311523	7.253333
3971.898438	8.286221
3969.483398	7.247553
3967.068359	3.104856
3964.651367	4.138156
3962.234375	0.000000
3959.815430	2.067427
3957.396484	3.099902
3954.975586	1.032888
3952.554688	2.064950
3950.131836	0.000000
3947.708984	2.063299
3945.284180	9.281134
3942.859375	6.184946
3940.432617	1.030412
3938.005859	2.059998
3935.577148	11.325452
3933.148438	0.000000
3930.718750	-1.028761
3928.287109	3.085047
3925.855469	7.195554
3923.421875	1.027524
3920.988281	6.162668
3918.552734	-1.026699
3916.117188	2.052573
3913.680664	6.155244
3911.242188	3.076385
3908.803711	7.175345
3906.363281	5.123185
3903.922852	0.000000
3901.480469	4.095250
3899.038086	4.093601
3896.593750	7.160915
3894.149414	5.112878
3891.703125	3.066491
3889.256836	-2.043503
3886.808594	3.064018
3884.360352	5.104636
3881.910156	4.082060
3879.459961	4.080412
3877.007813	0.000000
3874.555664	-1.019279
3872.101563	6.113203
3869.646484	4.073821
3867.191406	9.162390
3864.734375	3.052894
3862.277344	0.000000
3859.818359	3.050423
3857.358398	4.065584
3854.897461	0.000000
3852.436523	3.046718
3849.973633	1.015161
3847.509766	8.117993
3845.044922	1.014338
3842.579102	2.027852
3840.113281	7.094601
3837.645508	2.026206
3835.176758	2.025383
3832.707031	4.049120
3830.236328	-1.011869
3827.764648	2.022914
3825.291992	0.000000
3822.818359	0.000000
3820.343750	-4.040893
3817.868164	2.019624
3815.390625	5.047004
3812.913086	0.000000
3810.434570	1.008579
3807.955078	3.024503
3805.473633	2.015513
3802.992188	2.014691
3800.509766	2.013869
3798.025391	2.013047
3795.541016	1.006113
3793.054688	-1.005702
3790.568359	0.000000
3788.080078	5.024400
3785.591797	5.022346
3783.101563	5.020293
3780.610352	10.036480
3778.119141	5.016187
3775.625977	2.005653
3773.131836	2.004832
3770.636719	3.006017
3768.140625	3.004786
3765.643555	1.001185
3763.145508	6.004646
3760.646484	1.000364
3758.146484	6.999676
3755.645508	0.999543
3753.143555	0.000000
3750.639648	0.000000
3748.135742	1.996626
3745.630859	-1.995806
3743.124023	0.000000
3740.617188	1.994166
3738.108398	0.996673
3735.599609	3.985052
3733.088867	5.975119
3730.577148	2.986330
3728.064453	5.970201
3725.551758	1.989248
3723.037109	-2.982642
3720.521484	3.975218
3718.004883	6.953764
3715.487305	0.000000
3712.967773	1.985152
3710.448242	-0.992166
3707.927734	0.991757
3705.406250	5.948086
3702.882813	6.936569
3700.359375	3.962117
3697.833984	4.950600
3695.308594	1.979422
3692.781250	3.957207
3690.252930	6.922248
3687.723633	7.907869
3685.193359	-0.988075
3682.662109	-0.987666
3680.129883	1.974514
3677.596680	0.986848
3675.062500	5.918636
3672.527344	-0.986031
3669.990234	1.971244
3667.453125	0.985213
3664.915039	2.954414
3662.375000	0.984396
3659.833984	0.000000
3657.292969	0.000000
3654.750000	0.000000
3652.206055	0.000000
3649.661133	2.947064
3647.115234	3.927786
3644.568359	5.889229
3642.019531	6.867911
3639.470703	0.980722
3636.920898	3.921257
3634.369141	1.959813
3631.817383	1.958997
3629.263672	1.958181
3626.708984	3.914731
3624.153320	-3.913100
3621.596680	1.955735
3619.039063	0.000000
3616.480469	1.954105
3613.920898	2.929935
3611.360352	2.928712
3608.797852	7.806641
3606.235352	0.975423
3603.670898	3.900062
3601.105469	3.898433
3598.540039	1.948403
3595.972656	4.868971
3593.404297	6.813710
3590.834961	4.864901
3588.264648	-0.972573
3585.692383	-0.972166
3583.120117	1.943519
3580.545898	0.000000
3577.971680	2.912839
3575.395508	10.675936
3572.818359	2.910399
3570.240234	10.666992
3567.661133	-1.938640
3565.081055	1.937828
3562.500000	3.874030
3559.917969	6.776709
3557.333984	3.870780
3554.750000	4.836444
3552.164063	4.834414
3549.577148	4.832384
3546.989258	6.762496
3544.400391	2.896995
3541.810547	3.861037
3539.219727	1.929707
3536.626953	3.857791
3534.034180	-0.964042
3531.439453	1.927273
3528.844727	3.852924
3526.248047	-1.925651
3523.650391	-0.962420
3521.051758	0.962015
3518.451172	0.000000
3515.850586	5.767226
3513.249023	0.000000
3510.645508	1.920788
3508.041016	0.000000
3505.436523	3.838337
3502.830078	4.795897
3500.222656	5.752647
3497.613281	3.833479
3495.003906	-0.957965
3492.393555	0.000000
3489.781250	3.828623
3487.167969	6.697259
3484.553711	5.738081
3481.938477	1.911885
3479.322266	-1.911077
3476.705078	5.730804
3474.086914	0.000000
3471.466797	-0.954326
3468.845703	0.000000
3466.224609	2.860554
3463.601563	0.000000
3460.977539	1.905420
3458.351563	2.856919
3455.725586	1.903805
3453.098633	0.951499
3450.469727	0.951095
3447.839844	2.852076
3445.208984	0.950289
3442.577148	1.899770
3439.944336	0.949482
3437.310547	3.796315
3434.674805	-2.846026
3432.039063	-1.896545
3429.401367	-0.947869
3426.762695	2.842399
3424.123047	0.000000
3421.481445	2.839982
3418.839844	0.946258
3416.197266	6.620988
3413.552734	1.890906
3410.907227	2.835151
3408.260742	6.612535
3405.613281	11.330945
3402.963867	8.494588
3400.314453	3.773763
3397.663086	-0.943039
3395.011719	3.770546
3392.358398	0.942235
3389.704102	1.883665
3387.047852	-1.882861
3384.391602	9.410289
3381.733398	5.643763
3379.075195	6.581578
3376.415039	6.578767
3373.753906	1.878844
3371.090820	1.878042
3368.427734	6.570336
3365.762695	4.691091
3363.097656	-2.813451
3360.430664	1.874831
3357.762695	3.748058
3355.092773	0.000000
3352.422852	6.553488
3349.750977	4.679059
3347.079102	0.935411
3344.405273	0.935010
3341.729492	1.869219
3339.053711	1.868418
3336.376953	2.801425
3333.698242	1.866816
3331.018555	4.665038
3328.337891	-1.865214
3325.656250	0.932207
3322.973633	0.000000
3320.289063	1.862814
3317.604492	-0.931007
3314.917969	3.722428
3312.230469	5.581242
3309.541016	1.859614
3306.851563	-2.788223
3304.160156	-2.787024
3301.467773	3.714433
3298.774414	3.712836
3296.080078	0.927809
3293.384766	2.782230
3290.687500	-4.635055
3287.990234	-0.926612
3285.291016	-1.852425
3282.589844	3.703254
3279.888672	-1.850829
3277.186523	-1.850031
3274.482422	4.623085
3271.777344	1.848436
3269.071289	-1.847639
3266.364258	7.387368
3263.655273	-0.923023
3260.945313	6.458369
3258.234375	3.688903
3255.522461	4.609138
3252.809570	3.685717
3250.095703	6.447218
3247.379883	9.206332
3244.663086	3.680941
3241.945313	1.839675
3239.226563	1.838879
3236.505859	2.757125
3233.784180	3.674577
3231.061523	3.672987
3228.337891	0.000000
3225.613281	2.752355
3222.886719	5.502326
3220.160156	4.583285
3217.431641	-1.832520
3214.702148	2.747588
3211.970703	-1.830932
3209.239258	1.830138
3206.505859	4.573360
3203.771484	-0.914275
3201.035156	0.913879
3198.298828	3.653927
3195.560547	0.000000
3192.821289	0.912689
3190.081055	9.122924
3187.339844	3.647584
3184.596680	2.734499
3181.853516	-2.733311
3179.108398	1.821415
3176.361328	0.000000
3173.614258	5.459494
3170.865234	1.819040
3168.115234	-2.727372
3165.364258	0.908728
3162.612305	5.449996
3159.858398	1.815874
3157.104492	0.000000
3154.347656	1.814293
3151.590820	3.627005
3148.833008	0.906356
3146.073242	3.623843
3143.312500	3.622263
3140.550781	8.146537
3137.787109	1.809552
3135.023438	-1.808762
3132.257813	5.423918
3129.491211	-1.807184
3126.722656	2.709591
3123.954102	0.000000
3121.183594	-1.804816
3118.412109	0.000000
3115.638672	-0.901620
3112.865234	5.407353
3110.089844	1.801663
3107.313477	-0.900437
3104.536133	0.900044
3101.756836	3.598599
3098.976563	1.798512
3096.195313	6.292036
3093.413086	0.898469
3090.628906	2.694225
3087.844727	0.897682
3085.058594	1.794577
3082.270508	1.793790
3079.482422	3.586007
3076.692383	-0.896109
3073.901367	-0.895716
3071.109375	0.895323
3068.315430	0.000000
3065.520508	-1.789074
3062.724609	3.576578
3059.927734	0.893752
3057.128906	4.466796
3054.329102	3.571867
3051.528320	3.570297
3048.726563	3.568728
3045.922852	0.891790
3043.118164	1.782795
3040.312500	-0.891006
3037.505859	-3.562455
3034.697266	1.780444
3031.887695	3.559320
3029.077148	0.889438
3026.264648	-0.889047
3023.452148	2.665965
3020.637695	0.888264
3017.821289	2.663617
3015.004883	-0.887481
3012.186523	4.435448
3009.367188	2.660095
3006.545898	5.317845
3003.724609	-2.657749
3000.901367	0.000000
2998.077148	5.310808
2995.250977	-0.884744
2992.423828	1.768707
2989.595703	5.303777
2986.766602	1.767145
2983.935547	0.883182
2981.104492	1.765583
2978.270508	3.529605
2975.436523	3.528044
2972.600586	1.763242
2969.763672	5.287386
2966.925781	3.523365
2964.085938	6.163159
2961.245117	3.520246
2958.403320	1.759344
2955.560547	7.913540
2952.715820	3.515571
2949.870117	0.000000
2947.023438	-1.756228
2944.174805	5.266348
2941.325195	2.632007
2938.474609	2.630840
2935.622070	3.506230
2932.768555	-0.876169
2929.914063	3.503119
2927.058594	4.376955
2924.201172	4.375011
2921.342773	4.373068
2918.483398	2.622675
2915.622070	1.747674
2912.759766	0.000000
2909.896484	0.873060
2907.032227	3.490688
2904.166016	0.872284
2901.298828	5.231375
2898.429688	3.486032
2895.559570	0.871120
2892.688477	-2.612197
2889.816406	-0.870345
2886.942383	9.569527
2884.067383	-3.478278
2881.191406	-2.607546
2878.314453	4.343974
2875.435547	0.868407
2872.554688	0.868020
2869.673828	0.867633
2866.791016	2.601738
2863.907227	0.866859
2861.021484	0.000000
2858.134766	1.732171
2855.247070	1.731398
2852.358398	1.730624
2849.467773	1.729851
2846.576172	3.458157
2843.682617	0.000000
2840.789063	2.591300
2837.893555	0.000000
2834.996094	0.862994
2832.097656	0.862608
2829.198242	0.000000
2826.297852	2.585510
2823.395508	0.861451
2820.492188	2.583195
2817.587891	1.721359
2814.681641	4.301469
2811.774414	5.159451
2808.866211	0.859523
2805.956055	6.013964
2803.044922	-0.858753
2800.131836	3.433470
2797.218750	3.431930
2794.303711	3.430390
2791.386719	-1.714425
2788.468750	0.000000
2785.549805	1.712886
2782.629883	1.712117
2779.708008	0.000000
2776.785156	0.855289
2773.860352	1.709810
2770.935547	0.000000
2768.007813	2.562410
2765.080078	4.268762
2762.150391	4.266842
2759.219727	6.823875
2756.287109	-0.852601
2753.353516	6.817734
2750.418945	1.703666
2747.482422	-1.702899
2744.544922	0.000000
2741.606445	-0.850682
2738.666016	-0.850299
2735.724609	0.849916
2732.782227	5.097194
2729.837891	3.396597
2726.892578	0.000000
2723.945313	3.393533
2720.997070	0.000000
2718.047852	3.390470
2715.097656	1.694469
2712.145508	-0.846852
2709.191406	5.078817
2706.237305	-0.846087
2703.281250	0.845705
2700.323242	-0.845322
2697.364258	4.224700
2694.404297	-0.844558
2691.443359	3.376703
2688.480469	4.218969
2685.515625	5.903883
2682.550781	-0.843030
2679.583984	0.842648
2676.615234	1.684533
2673.646484	1.683770
2670.674805	2.524510
2667.703125	4.205610
2664.729492	1.681481
2661.754883	-3.361438
2658.778320	3.359913
2655.800781	5.877180
2652.821289	-0.839216
2649.840820	-2.516505
2646.859375	1.676908
2643.876953	3.352294
2640.892578	5.026156
2637.906250	6.698497
2634.918945	3.347726
2631.930664	-2.509653
2628.941406	1.672341
2625.950195	0.835790
2622.957031	4.177051
2619.963867	1.670060
2616.967773	5.007900
2613.971680	0.000000
2610.973633	5.003341
2607.974609	4.167552
2604.973633	-0.833131
2601.971680	0.832751
2598.967773	4.994227
2595.962891	4.159959
2592.957031	-0.831612
2589.949219	0.831233
2586.940430	3.323415
2583.929688	-1.660949
2580.917969	1.660191
2577.905273	0.829716
2574.890625	-0.829337
2571.875000	4.973752
2568.857422	3.314319
2565.838867	2.484603
2562.819336	0.000000
2559.797852	2.482332
2556.775391	4.962393
2553.750977	4.133435
2550.725586	0.000000
2547.698242	0.000000
2544.669922	3.302210
2541.640625	0.825174
2538.609375	1.649593
2535.577148	0.824418
2532.542969	4.120203
2529.507813	2.470989
2526.471680	3.293140
2523.433594	3.291630
2520.393555	0.000000
2517.353516	3.288610
2514.310547	0.821775
2511.267578	2.464194
2508.222656	0.821021
2505.175781	-1.641287
2502.127930	0.820266
2499.079102	-0.819889
2496.028320	2.458538
2492.976563	-0.819136
2489.922852	-0.818759
2486.868164	2.455147
2483.812500	3.272023
2480.754883	4.905776
2477.695313	2.451758
2474.634766	8.168765
2471.573242	6.532001
2468.509766	7.345116
2465.445313	-0.815748
2462.378906	-2.446115
2459.311523	3.259983
2456.242188	-1.629240
2453.171875	2.442732
2450.100586	-1.627737
2447.027344	-0.813493
2443.953125	0.813117
2440.876953	0.000000
2437.799805	0.000000
2434.720703	4.059954
2431.640625	-1.623231
2428.558594	3.244961
2425.475586	3.243461
2422.390625	4.052451
2419.304688	-0.810115
2416.217773	-0.809740
2413.128906	4.856192
2410.038086	4.853944
2406.946289	0.808616
2403.853516	0.808241
2400.758789	1.615734
2397.663086	0.000000
2394.565430	3.228472
2391.466797	-2.420231
2388.366211	3.225478
2385.264648	0.000000
2382.161133	4.028106
2379.056641	2.415742
2375.950195	3.219493
2372.842773	3.217998
2369.734375	1.608251
2366.624023	0.803752
2363.511719	3.213513
2360.398438	0.000000
2357.284180	4.013156
2354.167969	4.813547
2351.049805	0.000000
2347.930664	2.404534
2344.810547	2.403414
2341.688477	-4.003825
2338.564453	0.000000
2335.439453	0.000000
2332.313477	0.799646
2329.185547	0.799273
2326.056641	1.597801
2322.925781	3.194111
2319.792969	1.596310
2316.660156	1.595565
2313.524414	4.784461
2310.387695	1.594076
2307.250000	2.389997
2304.110352	-2.388880
2300.969727	-1.591842
2297.827148	1.591098
2294.682617	0.000000
2291.537109	1.589610
2288.390625	0.794433
2285.242188	2.382184
2282.092773	0.000000
2278.941406	0.000000
2275.788086	3.964731
2272.633789	2.377724
2269.478516	0.792203
2266.321289	3.167328
2263.162109	2.374382
2260.001953	0.000000
2256.840820	-0.790718
2253.676758	0.790347
2250.512695	-0.789976
2247.346680	2.368815
2244.178711	3.156937
2241.009766	0.000000
2237.838867	3.942463
2234.666992	0.788122
2231.493164	1.575503
2228.318359	3.149523
2225.141602	3.148041
2221.963867	2.359920
2218.784180	-2.358809
2215.602539	-2.357698
2212.419922	0.785529
2209.236328	3.140636
2206.050781	1.569578
2202.863281	5.490933
2199.674805	1.568098
2196.485352	3.134717
2193.292969	-1.566619
2190.100586	3.131759
2186.905273	3.130280
2183.709961	1.564401
2180.511719	2.345493
2177.312500	-3.125846
2174.112305	3.905461
2170.910156	0.000000
2167.706055	4.682122
2164.500977	0.000000
2161.294922	1.559231
2158.085938	1.558493
2154.876953	1.557755
2151.665039	5.449560
2148.452148	-0.778140
2145.238281	-1.555542
2142.022461	5.441816
2138.804688	1.554067
2135.585938	-3.106660
2132.365234	-0.776297
2129.143555	3.103713
2125.919922	6.204478
2122.695313	0.775191
2119.468750	1.549646
2116.240234	0.000000
2113.010742	-0.774087
2109.780273	2.321157
2106.546875	3.093404
2103.312500	2.318949
2100.077148	3.863076
2096.839844	2.316742
2093.600586	0.771880
2090.360352	1.543024
2087.119141	5.398011
2083.875000	-1.541554
2080.629883	-1.540819
2077.383789	4.620253
2074.135742	-1.539350
2070.885742	3.077230
2067.634766	2.306821
2064.381836	2.305720
2061.127930	0.768206
2057.871094	3.071356
2054.614258	1.534944
2051.355469	0.767105
2048.094727	2.300215
2044.832031	1.532743
2041.568359	2.298015
2038.303711	0.765638
2035.037109	5.356903
2031.768555	2.294716
2028.498047	1.529078
2025.226563	2.292517
2021.954102	3.055224
2018.678711	0.763440
2015.403320	0.763074
2012.125000	3.050830
2008.845703	-0.762341
2005.564453	3.809877
2002.282227	1.523219
1998.998047	0.761244
1995.712891	3.804389
1992.424805	0.760512
1989.136719	-1.520293
1985.845703	3.798903
1982.553711	-2.278245
1979.260742	1.518099
1975.964844	-3.793420
1972.667969	8.341505
1969.370117	-0.757953
1966.070313	3.787940
1962.768555	4.543336
1959.465820	-3.027430
1956.161133	-1.512985
1952.854492	-1.512255
1949.546875	1.511525
1946.237305	-0.755397
1942.925781	1.510065
1939.613281	3.018671
1936.298828	2.262909
1932.982422	3.769692
1929.665039	0.000000
1926.346680	1.506418
1923.025391	5.269912
1919.703125	-2.257440
1916.378906	3.760578
1913.053711	0.751751
1909.726563	3.005548
1906.397461	-5.257160
1903.067383	0.000000
1899.735352	0.000000
1896.401367	4.499582
1893.066406	0.000000
1889.729492	4.495214
1886.390625	2.246516
1883.050781	2.245424
1879.708984	0.000000
1876.365234	2.990989
1873.020508	0.747383
1869.673828	-1.494040
1866.326172	3.733282
1862.975586	5.970342
1859.624023	4.475576
1856.271484	0.745566
1852.916016	-1.490405
1849.559570	-1.489679
1846.202148	-3.722380
1842.841797	-0.744113
1839.480469	1.487499
1836.118164	0.743387
1832.752930	-1.486047
1829.386719	1.485321
1826.018555	2.969191
1822.649414	3.709674
1819.278320	0.741572
1815.905273	-0.741209
1812.531250	0.000000
1809.154297	3.702420
1805.777344	3.700607
1802.397461	0.739759
1799.016602	1.478793
1795.633789	2.217102
1792.249023	0.738671
1788.863281	-2.214927
1785.475586	2.213840
1782.085938	1.475169
1778.694336	3.686112
1775.301758	0.736860
1771.907227	0.736498
1768.510742	-1.472272
1765.113281	4.414645
1761.713867	0.000000
1758.312500	0.000000
1754.910156	0.734689
1751.505859	-0.734327
1748.099609	-0.733965
1744.691406	3.668017
1741.282227	4.399451
1737.871094	2.931521
1734.458008	1.465037
1731.042969	5.125100
1727.626953	-0.731796
1724.208984	2.925737
1720.790039	0.000000
1717.368164	0.730712
1713.945313	1.460701
1710.520508	0.729989
1707.093750	4.377769
1703.666016	3.646335
1700.236328	2.186718
1696.804688	1.457090
1693.371094	-2.912736
1689.936523	-0.727823
1686.500000	2.909849
1683.061523	7.998117
1679.622070	2.180222
1676.179688	0.000000
1672.736328	2.904078
1669.291016	-2.176976
1665.844727	2.175894
1662.396484	2.899751
1658.945313	2.898309
1655.494141	2.172650
1652.040039	0.723856
1648.584961	2.170488
1645.126953	-0.723136
1641.668945	1.445551
1638.208008	1.444830
1634.745117	0.722055
1631.281250	3.608475
1627.815430	1.442670
1624.347656	0.720975
1620.878906	-1.441230
1617.408203	2.881020
1613.935547	1.439790
1610.460938	0.000000
1606.984375	-1.438351
1603.506836	3.594078
1600.027344	1.436912
1596.545898	-1.436192
1593.062500	-2.870946
1589.577148	0.000000
1586.090820	2.151052
1582.602539	2.149973
1579.112305	-1.432597
1575.620117	1.431878
1572.126953	-2.146739
1568.630859	1.430440
1565.133789	4.289165
1561.634766	0.714502
1558.133789	1.428285
1554.631836	6.424049
1551.127930	1.426848
1547.621094	2.852260
1544.114258	2.850824
1540.604492	0.712347
1537.092773	0.000000
1533.580078	1.423258
1530.065430	0.711270
1526.548828	1.421822
1523.030273	-0.710552
1519.509766	2.130581
1515.988281	2.839339
1512.463867	2.837904
1508.938477	2.836470
1505.411133	2.835035
1501.882813	0.000000
1498.351563	0.708042
1494.818359	2.830733
1491.284180	3.536623
1487.748047	2.120899
1484.209961	2.826432
1480.669922	0.000000
1477.128906	1.411782
1473.584961	6.349796
1470.040039	0.705175
1466.493164	2.114449
1462.944336	0.704458
1459.393555	5.632801
1455.840820	0.000000
1452.287109	1.406768
1448.730469	0.000000
1445.172852	0.702668
1441.613281	4.213860
1438.051758	-0.701952
1434.488281	0.701594
1430.922852	0.701236
1427.356445	0.000000
1423.787109	2.802083
1420.216797	2.100489
1416.644531	1.399610
1413.070313	2.797790
1409.494141	0.000000
1405.916016	2.096197
1402.336914	4.190248
1398.754883	5.584137
1395.171875	-1.395319
1391.585938	1.394604
1387.999023	2.090834
1384.410156	3.482936
1380.819336	6.962299
1377.226563	2.783490
1373.632813	1.391030
1370.036133	1.390316
1366.438477	-2.084402
1362.837891	2.083330
1359.236328	2.082259
1355.632813	2.774917
1352.027344	2.773488
1348.419922	0.693015
1344.810547	0.692658
1341.199219	0.000000
1337.585938	3.459719
1333.970703	2.766347
1330.354492	0.691230
1326.735352	2.763492
1323.115234	-2.071548
1319.493164	0.000000
1315.869141	3.449012
1312.242188	3.447228
1308.614258	-0.689089
1304.984375	0.688732
1301.353516	4.818628
1297.719727	-1.376037
1294.083984	0.000000
1290.446289	-0.687306
1286.807617	2.060847
1283.166016	2.746369
1279.523438	1.372472
1275.877930	2.743517
1272.231445	3.427614
1268.582031	2.740665
1264.931641	-1.369620
1261.279297	1.368907
1257.625000	2.736389
1253.968750	-2.051222
1250.310547	-1.366769
1246.650391	1.366056
1242.988281	0.682672
1239.324219	-1.364631
1235.658203	-1.363919
1231.990234	0.000000
1228.320313	-0.681247
1224.648438	3.404455
1220.975586	2.041605
1217.299805	-0.680179
1213.622070	-0.679823
1209.943359	2.717867
1206.261719	4.074664
1202.578125	-2.036264
1198.893555	0.000000
1195.206055	0.678043
1191.517578	-0.677687
1187.826172	0.677331
1184.133789	-2.030925
1180.438477	-0.676619
1176.742188	4.733844
1173.042969	-1.351815
1169.342773	2.702207
1165.639648	0.675196
1161.935547	2.699361
1158.228516	2.697938
1154.520508	2.696516
1150.809570	-4.042639
1147.097656	2.693671
1143.382813	2.692248
1139.666992	1.345413
1135.948242	-0.672351
1132.227539	5.375962
1128.505859	-0.671640
1124.781250	-2.013852
1121.055664	2.683715
1117.327148	0.670573
1113.596680	-0.670218
1109.865234	-2.679449
1106.130859	2.008521
1102.394531	-0.669151
1098.657227	1.337592
1094.916992	2.005322
1091.174805	2.672341
1087.430664	2.670920
1083.684570	5.338998
1079.936523	0.667019
1076.186523	-1.333328
1072.434570	-1.332618
1068.680664	1.997861
1064.924805	0.665598
1061.166992	1.330487
1057.406250	2.659552
1053.644531	-1.993599
1049.880859	-0.664178
1046.114258	3.982936
1042.346680	0.663468
1038.576172	0.000000
1034.803711	0.000000
1031.030273	0.662402
1027.253906	1.986142
1023.475586	3.308461
1019.695313	3.306686
1015.913086	0.660982
1012.128906	1.321254
1008.342773	-1.320544
1004.553711	0.000000
