4046.277344	452.808960
4043.892578	448.616272
4041.505859	449.487213
4039.119141	450.357300
4036.731445	477.399811
4034.342773	438.490295
4031.952148	452.962646
4029.561523	473.697571
4027.169922	468.284027
4024.777344	490.041077
4022.383789	490.891785
4019.989258	488.609558
4017.593750	523.899414
4015.197266	475.704346
4012.799805	509.928314
4010.401367	530.574036
4008.001953	513.692261
4005.601563	522.862610
4003.201172	519.531860
4000.798828	534.936707
3998.395508	554.490540
3995.991211	559.469910
3993.585938	559.247742
3991.180664	543.439331
3988.773438	570.228699
3986.365234	552.351685
3983.957031	592.607788
3981.546875	559.174316
3979.135742	603.543396
3976.724609	620.925354
3974.311523	612.388550
3971.898438	632.860046
3969.483398	627.430969
3967.068359	622.006042
3964.651367	627.965149
3962.234375	624.612244
3959.815430	631.598877
3957.396484	665.445618
3954.975586	645.554932
3952.554688	659.751587
3950.131836	710.058960
3947.708984	691.205322
3945.284180	686.803833
3942.859375	717.453735
3940.432617	691.406250
3938.005859	716.879395
3935.577148	725.858459
3933.148438	721.450928
3930.718750	727.334290
3928.287109	779.488403
3925.855469	767.868408
3923.421875	791.193298
3920.988281	800.119751
3918.552734	777.211060
3916.117188	809.739990
3913.680664	814.544006
3911.242188	791.656433
3908.803711	826.189758
3906.363281	849.424072
3903.922852	847.033813
3901.480469	853.859558
3899.038086	863.749695
3896.593750	871.585693
3894.149414	904.979492
3891.703125	894.393066
3889.256836	928.772034
3886.808594	929.418701
3884.360352	909.646118
3881.910156	943.976440
3879.459961	961.957153
3877.007813	964.627747
3874.555664	938.756042
3872.101563	989.319946
3869.646484	1016.418274
3867.191406	1001.754578
3864.734375	1059.354370
3862.277344	1045.701782
3859.818359	1035.110352
3857.358398	1038.756714
3854.897461	1079.991333
3852.436523	1112.052002
3849.973633	1104.494995
3847.509766	1109.120850
3845.044922	1120.843018
3842.579102	1127.485718
3840.113281	1153.379517
3837.645508	1192.422241
3835.176758	1209.153687
3832.707031	1185.379883
3830.236328	1219.301636
3827.764648	1257.241333
3825.291992	1226.398682
3822.818359	1272.388916
3820.343750	1316.320923
3817.868164	1272.363159
3815.390625	1308.183472
3812.913086	1310.677612
3810.434570	1375.701172
3807.955078	1347.919922
3805.473633	1402.796875
3802.992188	1414.312988
3800.509766	1421.791382
3798.025391	1419.198120
3795.541016	1498.101563
3793.054688	1491.455566
3790.568359	1476.772339
3788.080078	1539.476318
3785.591797	1532.820190
3783.101563	1554.282715
3780.610352	1591.785645
3778.119141	1598.157104
3775.625977	1599.508667
3773.131836	1575.798218
3770.636719	1626.255249
3768.140625	1736.766113
3765.643555	1697.008179
3763.145508	1696.312622
3760.646484	1718.625488
3758.146484	1794.916992
3755.645508	1784.185181
3753.143555	1799.439087
3750.639648	1801.696533
3748.135742	1883.816650
3745.630859	1872.065796
3743.124023	1878.279053
3740.617188	1936.334961
3738.108398	1905.638672
3735.599609	1960.645630
3733.088867	2010.627563
3730.577148	1999.845703
3728.064453	2111.461182
3725.551758	2128.495117
3723.037109	2095.803467
3720.521484	2057.175293
3718.004883	2100.036865
3715.487305	2146.834473
3712.967773	2209.473877
3710.448242	2174.828857
3707.927734	2259.222656
3705.406250	2238.463135
3702.882813	2274.203613
3700.359375	2316.847656
3697.833984	2238.661133
3695.308594	2335.717529
3692.781250	2367.398926
3690.252930	2456.409180
3687.723633	2414.865479
3685.193359	2479.079346
3682.662109	2517.560059
3680.129883	2486.900146
3677.596680	2560.870850
3675.062500	2611.104980
3672.527344	2607.064941
3669.990234	2588.243164
3667.453125	2673.869141
3664.915039	2670.790527
3662.375000	2716.933838
3659.833984	2732.534180
3657.292969	2759.923828
3654.750000	2849.229980
3652.206055	2860.822510
3649.661133	2844.898926
3647.115234	2933.073975
3644.568359	2920.076416
3642.019531	2945.352783
3639.470703	2940.205078
3636.920898	3048.777100
3634.369141	3056.327637
3631.817383	3085.419922
3629.263672	3159.525391
3626.708984	3155.273438
3624.153320	3173.524658
3621.596680	3216.206299
3619.039063	3225.617676
3616.480469	3301.459961
3613.920898	3448.533203
3611.360352	3466.619385
3608.797852	3393.937256
3606.235352	3552.489990
3603.670898	3512.006104
3601.105469	3547.574463
3598.540039	3616.234863
3595.972656	3622.514160
3593.404297	3711.525146
3590.834961	3842.298828
3588.264648	3849.445068
3585.692383	3911.997803
3583.120117	3800.552002
3580.545898	3944.664063
3577.971680	3985.734375
3575.395508	3990.858887
3572.818359	4156.050293
3570.240234	4167.884766
3567.661133	4189.401855
3565.081055	4311.666504
3562.500000	4280.803223
3559.917969	4390.338867
3557.333984	4432.042969
3554.750000	4423.412109
3552.164063	4521.144043
3549.577148	4497.982910
3546.989258	4660.325684
3544.400391	4653.539551
3541.810547	4713.360352
3539.219727	4857.071777
3536.626953	4863.709473
3534.034180	4910.830078
3531.439453	4916.473145
3528.844727	5006.874512
3526.248047	5183.852539
3523.650391	5142.210449
3521.051758	5156.399414
3518.451172	5234.040527
3515.850586	5314.498535
3513.249023	5328.592285
3510.645508	5561.642090
3508.041016	5532.416992
3505.436523	5635.637695
3502.830078	5681.218750
3500.222656	5775.657227
3497.613281	5773.219238
3495.003906	5943.214844
3492.393555	5932.086914
3489.781250	5973.609863
3487.167969	6086.852051
3484.553711	6199.997070
3481.938477	6286.278320
3479.322266	6312.286133
3476.705078	6402.263672
3474.086914	6528.442871
3471.466797	6650.696289
3468.845703	6627.848633
3466.224609	6656.507813
3463.601563	6815.717773
3460.977539	6898.573730
3458.351563	6988.023926
3455.725586	7067.876953
3453.098633	7195.235352
3450.469727	7243.542969
3447.839844	7299.412598
3445.208984	7383.741699
3442.577148	7617.129395
3439.944336	7724.984375
3437.310547	7600.222168
3434.674805	7714.629395
3432.039063	7816.609863
3429.401367	7957.363770
3426.762695	8089.468750
3424.123047	8140.958496
3421.481445	8273.815430
3418.839844	8375.330078
3416.197266	8549.586914
3413.552734	8632.929688
3410.907227	8719.978516
3408.260742	8818.287109
3405.613281	8871.185547
3402.963867	9107.141602
3400.314453	9137.224609
3397.663086	9240.835938
3395.011719	9198.248047
3392.358398	9461.918945
3389.704102	9705.584961
3387.047852	9574.349609
3384.391602	9729.296875
3381.733398	9831.434570
3379.075195	10010.580078
3376.415039	10212.125977
3373.753906	10330.827148
3371.090820	10339.558594
3368.427734	10611.092773
3365.762695	10777.311523
3363.097656	10757.697266
3360.430664	10904.019531
3357.762695	11022.102539
3355.092773	11151.321289
3352.422852	11260.764648
3349.750977	11369.176758
3347.079102	11441.010742
3344.405273	11718.482422
3341.729492	11809.725586
3339.053711	11929.847656
3336.376953	11965.820313
3333.698242	12278.047852
3331.018555	12296.106445
3328.337891	12389.687500
3325.656250	12541.913086
3322.973633	12784.390625
3320.289063	13045.283203
3317.604492	13071.335938
3314.917969	13227.646484
3312.230469	13380.097656
3309.541016	13467.328125
3306.851563	13597.232422
3304.160156	13708.440430
3301.467773	14017.342773
3298.774414	14169.108398
3296.080078	14272.493164
3293.384766	14286.752930
3290.687500	14531.823242
3287.990234	14758.144531
3285.291016	14905.540039
3282.589844	14960.221680
3279.888672	15071.302734
3277.186523	15388.562500
3274.482422	15400.419922
3271.777344	15676.589844
3269.071289	15739.114258
3266.364258	16112.773438
3263.655273	16200.891602
3260.945313	16279.702148
3258.234375	16521.673828
3255.522461	16683.234375
3252.809570	16879.664063
3250.095703	17188.285156
3247.379883	17187.300781
3244.663086	17343.673828
3241.945313	17524.740234
3239.226563	17842.644531
3236.505859	18045.386719
3233.784180	18214.876953
3231.061523	18376.869141
3228.337891	18601.130859
3225.613281	18624.269531
3222.886719	18757.429688
3220.160156	19193.882813
3217.431641	19378.896484
3214.702148	19381.488281
3211.970703	19592.798828
3209.239258	19876.210938
3206.505859	20110.892578
3203.771484	20181.710938
3201.035156	20435.236328
3198.298828	20628.246094
3195.560547	20811.953125
3192.821289	21187.158203
3190.081055	21041.111328
3187.339844	21352.958984
3184.596680	21740.183594
3181.853516	21781.755859
3179.108398	22024.552734
3176.361328	22100.544922
3173.614258	22278.375000
3170.865234	22619.757813
3168.115234	22904.472656
3165.364258	22955.388672
3162.612305	22928.136719
3159.858398	23108.818359
3157.104492	23241.238281
3154.347656	23506.886719
3151.590820	23811.285156
3148.833008	24279.462891
3146.073242	24099.462891
3143.312500	24368.775391
3140.550781	24761.851563
3137.787109	24762.812500
3135.023438	24979.005859
3132.257813	25121.781250
3129.491211	25351.169922
3126.722656	25482.804688
3123.954102	25791.267578
3121.183594	25854.898438
3118.412109	25972.589844
3115.638672	26224.509766
3112.865234	26421.228516
3110.089844	26486.246094
3107.313477	26715.978516
3104.536133	26517.982422
3101.756836	26952.605469
3098.976563	27126.054688
3096.195313	27159.123047
3093.413086	27430.248047
3090.628906	27569.109375
3087.844727	27816.462891
3085.058594	28080.638672
3082.270508	28648.621094
3079.482422	28888.875000
3076.692383	28953.273438
3073.901367	29003.275391
3071.109375	29284.216797
3068.315430	29243.625000
3065.520508	29416.853516
3062.724609	29641.781250
3059.927734	29712.777344
3057.128906	29955.228516
3054.329102	30161.738281
3051.528320	30299.330078
3048.726563	30549.207031
3045.922852	30752.482422
3043.118164	30760.353516
3040.312500	30967.792969
3037.505859	31152.777344
3034.697266	31081.205078
3031.887695	31306.888672
3029.077148	31587.511719
3026.264648	31869.656250
3023.452148	31965.812500
3020.637695	32052.992188
3017.821289	31966.062500
3015.004883	32255.492188
3012.186523	32418.691406
3009.367188	32641.146484
3006.545898	32761.468750
3003.724609	32965.835938
3000.901367	33123.082031
2998.077148	33220.875000
2995.250977	33278.761719
2992.423828	33081.003906
2989.595703	33352.796875
2986.766602	33797.523438
2983.935547	33801.136719
2981.104492	33773.839844
2978.270508	33939.800781
2975.436523	34021.816406
2972.600586	34183.972656
2969.763672	34366.246094
2966.925781	34027.773438
2964.085938	34448.535156
2961.245117	34690.265625
2958.403320	34483.136719
2955.560547	34637.566406
2952.715820	34921.925781
2949.870117	34965.312500
2947.023438	35171.101563
2944.174805	35007.175781
2941.325195	35117.113281
2938.474609	35071.722656
2935.622070	35090.347656
2932.768555	35149.253906
2929.914063	35345.593750
2927.058594	35597.773438
2924.201172	35390.343750
2921.342773	35483.078125
2918.483398	35504.906250
2915.622070	35374.660156
2912.759766	35400.863281
2909.896484	35616.488281
2907.032227	35832.781250
2904.166016	36044.511719
2901.298828	35871.539063
2898.429688	35846.863281
2895.559570	35900.601563
2892.688477	36028.289063
2889.816406	35866.031250
2886.942383	36012.742188
2884.067383	35812.351563
2881.191406	36210.992188
2878.314453	36016.753906
2875.435547	36097.960938
2872.554688	35961.210938
2869.673828	36061.437500
2866.791016	36169.367188
2863.907227	36039.671875
2861.021484	36097.238281
2858.134766	36155.605469
2855.247070	36124.746094
2852.358398	36157.937500
2849.467773	36109.785156
2846.576172	35969.156250
2843.682617	35940.121094
2840.789063	35939.601563
2837.893555	35846.691406
2834.996094	35996.355469
2832.097656	36013.898438
2829.198242	35927.945313
2826.297852	35828.265625
2823.395508	35771.742188
2820.492188	35454.351563
2817.587891	35685.488281
2814.681641	35241.078125
2811.774414	35405.867188
2808.866211	35094.324219
2805.956055	35087.187500
2803.044922	34887.679688
2800.131836	34788.773438
2797.218750	34822.929688
2794.303711	34356.210938
2791.386719	34522.523438
2788.468750	34440.191406
2785.549805	34238.882813
2782.629883	34107.937500
2779.708008	33949.718750
2776.785156	33957.554688
2773.860352	33890.144531
2770.935547	33709.136719
2768.007813	33572.691406
2765.080078	33320.250000
2762.150391	32965.621094
2759.219727	33109.441406
2756.287109	32754.353516
2753.353516	32551.269531
2750.418945	32550.242188
2747.482422	32497.267578
2744.544922	32223.052734
2741.606445	32018.832031
2738.666016	31812.234375
2735.724609	31614.310547
2732.782227	31341.798828
2729.837891	31319.171875
2726.892578	31013.916016
2723.945313	31019.433594
2720.997070	30689.978516
2718.047852	30504.056641
2715.097656	30272.544922
2712.145508	30064.941406
2709.191406	29806.730469
2706.237305	29569.048828
2703.281250	29406.839844
2700.323242	29053.726563
2697.364258	28973.837891
2694.404297	28667.671875
2691.443359	28657.234375
2688.480469	28408.847656
2685.515625	28211.283203
2682.550781	27979.322266
2679.583984	27670.882813
2676.615234	27350.921875
2673.646484	27205.511719
2670.674805	27038.347656
2667.703125	26669.455078
2664.729492	26622.892578
2661.754883	26249.464844
2658.778320	26027.564453
2655.800781	25648.851563
2652.821289	25646.441406
2649.840820	25131.500000
2646.859375	25183.810547
2643.876953	24872.343750
2640.892578	24568.689453
2637.906250	24588.507813
2634.918945	24265.156250
2631.930664	23840.869141
2628.941406	23886.888672
2625.950195	23378.728516
2622.957031	23164.253906
2619.963867	22928.253906
2616.967773	23046.355469
2613.971680	22585.357422
2610.973633	22481.675781
2607.974609	22071.351563
2604.973633	21658.894531
2601.971680	21524.943359
2598.967773	21368.634766
2595.962891	21163.375000
2592.957031	20966.611328
2589.949219	20750.900391
2586.940430	20243.751953
2583.929688	20163.921875
2580.917969	19858.373047
2577.905273	19660.130859
2574.890625	19542.507813
2571.875000	19245.103516
2568.857422	19095.451172
2565.838867	18784.429688
2562.819336	18756.802734
2559.797852	18299.750000
2556.775391	18197.921875
2553.750977	18008.550781
2550.725586	17778.033203
2547.698242	17450.259766
2544.669922	17354.761719
2541.640625	17100.912109
2538.609375	16992.453125
2535.577148	16713.433594
2532.542969	16517.068359
2529.507813	16329.115234
2526.471680	16096.047852
2523.433594	15803.116211
2520.393555	15720.193359
2517.353516	15422.759766
2514.310547	15356.512695
2511.267578	15283.750000
2508.222656	15060.802734
2505.175781	14672.286133
2502.127930	14581.056641
2499.079102	14448.913086
2496.028320	14154.622070
2492.976563	13893.362305
2489.922852	13938.553711
2486.868164	13617.882813
2483.812500	13489.733398
2480.754883	13418.114258
2477.695313	13223.967773
2474.634766	12951.576172
2471.573242	12788.026367
2468.509766	12668.692383
2465.445313	12499.704102
2462.378906	12238.730469
2459.311523	12235.532227
2456.242188	12133.763672
2453.171875	11911.577148
2450.100586	11703.426758
2447.027344	11432.012695
2443.953125	11323.468750
2440.876953	11202.830078
2437.799805	11000.250000
2434.720703	10911.532227
2431.640625	10865.096680
2428.558594	10696.203125
2425.475586	10436.645508
2422.390625	10300.518555
2419.304688	10272.259766
2416.217773	10137.137695
2413.128906	10041.795898
2410.038086	9762.899414
2406.946289	9752.716797
2403.853516	9521.083008
2400.758789	9486.780273
2397.663086	9402.441406
2394.565430	9171.281250
2391.466797	9016.166992
2388.366211	8848.291992
2385.264648	8764.392578
2382.161133	8693.458984
2379.056641	8576.688477
2375.950195	8443.121094
2372.842773	8390.928711
2369.734375	8232.638672
2366.624023	8046.360840
2363.511719	7967.906250
2360.398438	7989.896973
2357.284180	7817.628418
2354.167969	7787.517090
2351.049805	7768.657227
2347.930664	7504.549805
2344.810547	7392.901855
2341.688477	7236.512695
2338.564453	7247.548828
2335.439453	7156.969238
2332.313477	6984.908203
2329.185547	7027.209961
2326.056641	6845.777832
2322.925781	6777.105469
2319.792969	6711.687012
2316.660156	6618.404785
2313.524414	6506.069824
2310.387695	6324.495117
2307.250000	6264.977539
2304.110352	6313.012695
2300.969727	6134.163574
2297.827148	6088.336426
2294.682617	6017.104004
2291.537109	5899.837402
2288.390625	5892.310547
2285.242188	5721.211426
2282.092773	5689.166504
2278.941406	5598.444336
2275.788086	5502.254395
2272.633789	5478.276855
2269.478516	5369.554199
2266.321289	5344.865723
2263.162109	5208.602539
2260.001953	5067.718750
2256.840820	5111.202637
2253.676758	5048.737305
2250.512695	4918.391113
2247.346680	4898.709961
2244.178711	4828.535156
2241.009766	4752.113281
2237.838867	4657.625977
2234.666992	4606.573242
2231.493164	4531.145996
2228.318359	4461.299805
2225.141602	4441.886719
2221.963867	4312.360352
2218.784180	4245.855957
2215.602539	4235.211914
2212.419922	4150.736328
2209.236328	4115.018555
2206.050781	4092.674805
2202.863281	3992.692871
2199.674805	3923.381836
2196.485352	3915.261719
2193.292969	3849.966064
2190.100586	3823.094971
2186.905273	3770.422852
2183.709961	3686.511230
2180.511719	3709.006592
2177.312500	3539.239746
2174.112305	3513.353027
2170.910156	3499.980957
2167.706055	3435.116943
2164.500977	3336.773926
2161.294922	3336.754150
2158.085938	3322.706787
2154.876953	3230.783691
2151.665039	3126.490234
2148.452148	3177.144531
2145.238281	3093.972900
2142.022461	3053.635986
2138.804688	2990.802490
2135.585938	2974.627197
2132.365234	2933.624756
2129.143555	2892.660156
2125.919922	2882.755615
2122.695313	2826.348145
2119.468750	2786.264404
2116.240234	2700.524658
2113.010742	2698.467041
2109.780273	2684.804688
2106.546875	2620.113037
2103.312500	2615.774658
2100.077148	2523.361084
2096.839844	2504.398438
2093.600586	2497.802734
2090.360352	2515.129150
2087.119141	2392.861328
2083.875000	2380.929932
2080.629883	2341.274414
2077.383789	2327.067139
2074.135742	2345.968750
2070.885742	2274.842285
2067.634766	2220.699707
2064.381836	2198.887939
2061.127930	2114.871338
2057.871094	2143.038818
2054.614258	2086.756836
2051.355469	2027.459229
2048.094727	2051.025391
2044.832031	1985.669067
2041.568359	1937.992554
2038.303711	1923.283569
2035.037109	1939.198730
2031.768555	1864.838989
2028.498047	1826.483276
2025.226563	1878.335815
2021.954102	1785.778687
2018.678711	1800.191162
2015.403320	1747.438721
2012.125000	1752.701904
2008.845703	1687.061646
2005.564453	1696.157349
2002.282227	1642.791626
1998.998047	1603.178955
1995.712891	1592.517212
1992.424805	1577.301880
1989.136719	1547.657837
1985.845703	1533.237305
1982.553711	1481.618774
1979.260742	1437.639771
1975.964844	1438.464966
1972.667969	1411.230957
1969.370117	1396.149902
1966.070313	1390.931519
1962.768555	1388.746582
1959.465820	1369.155396
1956.161133	1313.270996
1952.854492	1294.490112
1949.546875	1277.994263
1946.237305	1264.535400
1942.925781	1234.478394
1939.613281	1211.996460
1936.298828	1194.061768
1932.982422	1164.080811
1929.665039	1186.878540
1926.346680	1172.746582
1923.025391	1154.110718
1919.703125	1118.185425
1916.378906	1100.345215
1913.053711	1112.592041
1909.726563	1073.732056
1906.397461	1048.427856
1903.067383	1038.911499
1899.735352	1000.892822
1896.401367	1012.406067
1893.066406	959.445007
1889.729492	993.442444
1886.390625	969.745911
1883.050781	966.280823
1879.708984	938.131104
1876.365234	924.963257
1873.020508	899.849731
1869.673828	859.819885
1866.326172	878.067810
1862.975586	865.699646
1859.624023	861.548401
1856.271484	844.726196
1852.916016	840.588501
1849.559570	791.019348
1846.202148	798.078308
1842.841797	770.156799
1839.480469	766.805969
1836.118164	763.458069
1832.752930	719.246887
1829.386719	751.572571
1826.018555	716.317322
1822.649414	684.805908
1819.278320	700.044006
1815.905273	690.807068
1812.531250	684.542236
1809.154297	671.618958
1805.777344	660.188232
1802.397461	619.917908
1799.016602	644.753601
1795.633789	607.485840
1792.249023	601.278564
1788.863281	620.179688
1785.475586	613.971802
1782.085938	600.393860
1778.694336	572.084595
1775.301758	567.382446
1771.907227	586.989075
1768.510742	525.601257
1765.113281	548.887573
1761.713867	533.173889
1758.312500	536.586792
1754.910156	503.996368
1751.505859	514.763062
1748.099609	477.077301
1744.691406	503.251923
1741.282227	483.206329
1737.871094	488.831085
1734.458008	480.532227
1731.042969	470.044922
1727.626953	457.372345
1724.208984	453.489319
1720.790039	442.299194
1717.368164	439.157745
1713.945313	452.817322
1710.520508	421.933838
1707.093750	412.239929
1703.666016	421.516388
1700.236328	438.072540
1696.804688	385.400330
1693.371094	395.403961
1689.936523	388.657593
1686.500000	392.829651
1683.061523	381.728302
1679.622070	356.829712
1676.179688	367.548309
1672.736328	344.859222
1669.291016	347.590546
1665.844727	343.066040
1662.396484	356.669342
1658.945313	347.072479
1655.494141	317.931152
1652.040039	330.802338
1648.584961	320.508728
1645.126953	305.163269
1641.668945	303.565674
1638.208008	312.805786
1634.745117	298.930786
1631.281250	284.347809
1627.815430	275.549927
1624.347656	266.760681
1620.878906	278.877930
1617.408203	257.851257
1613.935547	259.162201
1610.460938	267.667053
1606.984375	255.307236
1603.506836	252.304260
1600.027344	250.022629
1596.545898	237.689819
1593.062500	231.111145
1589.577148	228.125854
1586.090820	235.181686
1582.602539	223.597244
1579.112305	227.782867
1575.620117	219.077301
1572.126953	208.949219
1568.630859	215.996490
1565.133789	211.598816
1561.634766	199.345947
1558.133789	187.105301
1554.631836	209.138474
1551.127930	193.337921
1547.621094	184.683823
1544.114258	184.590820
1540.604492	197.320084
1537.092773	174.437027
1533.580078	179.330490
1530.065430	190.620377
1526.548828	174.173233
1523.030273	186.164719
1519.509766	165.475098
1515.988281	167.521027
1512.463867	156.794220
1508.938477	144.659958
1505.411133	156.635696
1501.882813	145.222046
1498.351563	137.360092
1494.818359	140.828949
1491.284180	142.879593
1487.748047	147.755951
1484.209961	135.668716
1480.669922	128.537415
1477.128906	128.472198
1473.584961	128.406982
1470.040039	130.457306
1466.493164	124.752510
1462.944336	138.778275
1459.393555	121.105217
1455.840820	123.154854
1452.287109	121.685425
1448.730469	123.029533
1445.172852	114.534874
1441.613281	106.751114
1438.051758	111.610374
1434.488281	115.763031
1430.922852	108.691628
1427.356445	110.738800
1423.787109	93.169250
1420.216797	105.724602
1416.644531	91.674484
1413.070313	93.725967
1409.494141	103.465302
1405.916016	85.944069
1402.336914	92.185455
1398.754883	86.554123
1395.171875	92.091072
1391.585938	88.557373
1387.999023	87.815033
1384.410156	89.859756
1380.819336	80.066437
1377.226563	84.200577
1373.632813	73.029099
1370.036133	70.210953
1366.438477	76.428078
1362.837891	80.555443
1359.236328	79.819923
1355.632813	74.229019
1352.027344	63.790226
1348.419922	72.073547
1344.810547	63.724522
1341.199219	71.999283
1337.585938	63.658833
1333.970703	57.401707
1330.354492	60.828232
1326.735352	62.178570
1323.115234	70.432640
1319.493164	62.804493
1315.869141	55.184196
1312.242188	61.360661
1308.614258	50.303490
1304.984375	60.608429
1301.353516	49.563030
1297.719727	51.601406
1294.083984	57.075954
1290.446289	49.485996
1286.807617	50.147270
1283.166016	43.941910
1279.523438	47.350269
1275.877930	48.011551
1272.231445	55.527348
1268.582031	50.702309
1264.931641	45.197456
1261.279297	39.013851
1257.625000	45.150414
1253.968750	47.861858
1250.310547	47.153530
1246.650391	45.762890
1242.988281	37.546955
1239.324219	36.162731
1235.658203	41.599529
1231.990234	43.622612
1228.320313	42.237320
1224.648438	36.087223
1220.975586	43.554234
1217.299805	41.490906
1213.622070	39.429718
1209.943359	38.729599
1206.261719	40.746639
1202.578125	33.937733
1198.893555	34.598335
1195.206055	27.799753
1191.517578	28.462847
1187.826172	27.093239
1184.133789	31.817829
1180.438477	30.447865
1176.742188	31.108116
1173.042969	33.795380
1169.342773	29.724279
1165.639648	31.059019
1161.935547	29.018133
1158.228516	29.677322
1154.520508	26.291027
1150.809570	26.277157
1147.097656	33.670879
1143.382813	28.941666
1139.666992	24.217430
1135.948242	24.204628
1132.227539	24.191828
1128.505859	30.895426
1124.781250	26.851366
1121.055664	29.520861
1117.327148	25.481781
1113.596680	27.478926
1109.865234	25.454765
1106.130859	20.754713
1102.394531	23.420300
1098.657227	20.732677
1094.916992	20.721661
1091.174805	20.710646
1087.430664	26.709202
1083.684570	20.688616
1079.936523	24.012699
1076.186523	20.666590
1072.434570	20.655577
1068.680664	19.312656
1064.924805	20.633553
1061.166992	14.635351
1057.406250	17.951979
1053.644531	13.290658
1049.880859	19.925333
1046.114258	20.578501
1042.346680	14.596285
1038.576172	16.577810
1034.803711	13.255147
1031.030273	15.897655
1027.253906	15.889133
1023.475586	17.865688
1019.695313	17.856104
1015.913086	22.473394
1012.128906	15.855053
1008.342773	13.205444
1004.553711	13.858262
