4046.277344	223.259979
4043.892578	210.681946
4041.505859	218.980942
4039.119141	234.604736
4036.731445	246.028412
4034.342773	234.419647
4031.952148	245.834229
4029.561523	231.097488
4027.169922	236.232559
4024.777344	253.901886
4022.383789	238.134735
4019.989258	241.172653
4017.593750	261.949707
4015.197266	236.808960
4012.799805	271.127533
4010.401367	259.553894
4008.001953	243.821457
4005.601563	255.181961
4003.201172	282.150543
4000.798828	294.527435
3998.395508	274.644470
3995.991211	262.056549
3993.585938	275.465881
3991.180664	277.434601
3988.773438	291.865692
3986.365234	269.946289
3983.957031	293.709290
3981.546875	305.004150
3979.135742	285.179443
3976.724609	296.468536
3974.311523	316.038086
3971.898438	298.303925
3969.483398	325.104492
3967.068359	318.765167
3964.651367	309.327148
3962.234375	320.579132
3959.815430	322.518585
3957.396484	327.556305
3954.975586	342.918762
3952.554688	316.969879
3950.131836	344.708832
3947.708984	343.539368
3945.284180	356.808014
3942.859375	360.788513
3940.432617	339.005463
3938.005859	374.919678
3935.577148	357.266510
3933.148438	362.269226
3930.718750	369.325317
3928.287109	342.440155
3925.855469	336.135162
3923.421875	385.321411
3920.988281	338.946747
3918.552734	390.145569
3916.117188	380.752289
3913.680664	376.495789
3911.242188	408.133759
3908.803711	424.370422
3906.363281	423.175079
3903.922852	418.907898
3901.480469	413.620209
3899.038086	429.828064
3896.593750	425.562958
3894.149414	423.346344
3891.703125	434.419495
3889.256836	439.353088
3886.808594	463.688019
3884.360352	416.538269
3881.910156	429.636841
3879.459961	452.925751
3877.007813	451.723145
3874.555664	481.099731
3872.101563	471.735474
3869.646484	455.249481
3867.191406	492.732941
3864.734375	472.180969
3862.277344	474.024323
3859.818359	497.218994
3857.358398	507.181610
3854.897461	535.423706
3852.436523	487.474823
3849.973633	530.929138
3847.509766	498.241882
3845.044922	528.469910
3842.579102	501.893372
3840.113281	547.297791
3837.645508	565.311462
3835.176758	578.246826
3832.707031	569.913635
3830.236328	561.587097
3827.764648	548.209839
3825.291992	567.196777
3822.818359	579.093628
3820.343750	573.806824
3817.868164	604.877441
3815.390625	574.349121
3812.913086	624.564636
3810.434570	619.267212
3807.955078	584.737122
3805.473633	603.646118
3802.992188	646.715759
3800.509766	620.271606
3798.025391	644.175049
3795.541016	619.765320
3793.054688	656.723206
3790.568359	670.528992
3788.080078	674.274536
3785.591797	701.119568
3783.101563	692.800476
3780.610352	702.553589
3778.119141	701.262878
3775.625977	715.015442
3773.131836	719.734802
3770.636719	715.432068
3768.140625	746.188416
3765.643555	726.860168
3763.145508	747.578491
3760.646484	768.279602
3758.146484	797.963074
3755.645508	776.645325
3753.143555	801.304871
3750.639648	789.989990
3748.135742	803.641968
3745.630859	804.309753
3743.124023	823.929138
3740.617188	822.593384
3738.108398	843.185303
3735.599609	842.838501
3733.088867	879.338318
3730.577148	879.971924
3728.064453	859.708984
3725.551758	844.435669
3723.037109	891.810120
3720.521484	922.250610
3718.004883	902.996033
3715.487305	912.553589
3712.967773	951.880310
3710.448242	939.581665
3707.927734	930.268127
3705.406250	937.814941
3702.882813	983.010925
3700.359375	969.728027
3697.833984	1026.754395
3695.308594	966.947449
3692.781250	1028.873779
3690.252930	992.848206
3687.723633	995.403015
3685.193359	1066.132568
3682.662109	1087.420044
3680.129883	1040.568726
3677.596680	1086.519775
3675.062500	1090.015503
3672.527344	1124.074951
3669.990234	1081.227295
3667.453125	1157.625732
3664.915039	1120.707886
3662.375000	1125.164917
3659.833984	1169.961548
3657.292969	1189.147583
3654.750000	1182.754883
3652.206055	1186.194702
3649.661133	1209.278442
3647.115234	1260.819214
3644.568359	1228.885864
3642.019531	1218.563721
3639.470703	1318.090576
3636.920898	1299.896606
3634.369141	1269.958496
3631.817383	1290.978882
3629.263672	1313.939575
3626.708984	1375.049438
3624.153320	1351.976196
3621.596680	1408.129150
3619.039063	1377.240967
3616.480469	1425.519409
3613.920898	1422.971680
3611.360352	1428.235474
3608.797852	1475.455078
3606.235352	1521.659546
3603.670898	1490.798828
3601.105469	1554.500366
3598.540039	1542.160522
3595.972656	1560.018188
3593.404297	1640.157349
3590.834961	1575.254883
3588.264648	1606.691040
3585.692383	1648.794312
3583.120117	1659.765503
3580.545898	1669.755615
3577.971680	1666.143799
3575.395508	1699.414917
3572.818359	1702.583496
3570.240234	1761.993164
3567.661133	1802.935425
3565.081055	1822.526855
3562.500000	1814.983032
3559.917969	1823.902710
3557.333984	1838.620483
3554.750000	1899.755371
3552.164063	1917.328613
3549.577148	1978.378052
3546.989258	1957.259521
3544.400391	2017.274170
3541.810547	1975.885498
3539.219727	2061.891602
3536.626953	2054.273682
3534.034180	2063.050049
3531.439453	2141.200195
3528.844727	2093.100830
3526.248047	2130.732910
3523.650391	2155.821045
3521.051758	2203.975830
3518.451172	2200.162598
3515.850586	2247.295654
3513.249023	2297.270752
3510.645508	2309.747803
3508.041016	2315.493652
3505.436523	2342.344971
3502.830078	2345.193359
3500.222656	2413.235352
3497.613281	2406.466309
3495.003906	2448.558594
3492.393555	2498.275146
3489.781250	2488.605225
3487.167969	2529.650635
3484.553711	2582.136719
3481.938477	2569.573730
3479.322266	2664.040771
3476.705078	2688.702393
3474.086914	2734.346436
3471.466797	2746.549561
3468.845703	2836.963379
3466.224609	2869.135010
3463.601563	2850.763672
3460.977539	2845.745117
3458.351563	2893.106689
3455.725586	2928.052490
3453.098633	3018.154785
3450.469727	3035.896729
3447.839844	3104.009277
3445.208984	3122.648193
3442.577148	3112.773682
3439.944336	3226.339355
3437.310547	3231.612793
3434.674805	3264.392334
3432.039063	3263.005371
3429.401367	3311.855713
3426.762695	3405.194580
3424.123047	3377.228760
3421.481445	3510.218262
3418.839844	3490.745850
3416.197266	3571.550049
3413.552734	3591.775146
3410.907227	3578.905273
3408.260742	3597.218750
3405.613281	3664.616455
3402.963867	3731.011719
3400.314453	3814.331299
3397.663086	3810.819336
3395.011719	3839.358643
3392.358398	3916.868896
3389.704102	3974.533447
3387.047852	4034.971924
3384.391602	4107.590820
3381.733398	4148.165527
3379.075195	4173.660645
3376.415039	4158.720215
3373.753906	4298.796387
3371.090820	4374.897949
3368.427734	4366.457520
3365.762695	4419.007324
3363.097656	4504.334473
3360.430664	4487.408691
3357.762695	4662.584473
3355.092773	4621.250977
3352.422852	4716.639160
3349.750977	4703.389648
3347.079102	4822.978516
3344.405273	4856.442871
3341.729492	4885.203613
3339.053711	5010.162109
3336.376953	5014.550781
3333.698242	5137.477051
3331.018555	5165.129883
3328.337891	5184.363770
3325.656250	5252.986816
3322.973633	5324.344727
3320.289063	5413.336426
3317.604492	5494.802246
3314.917969	5576.196289
3312.230469	5572.870117
3309.541016	5688.560547
3306.851563	5821.808594
3304.160156	5893.625977
3301.467773	5976.523438
3298.774414	5970.239258
3296.080078	6041.895508
3293.384766	6140.382813
3290.687500	6288.841797
3287.990234	6282.427246
3285.291016	6368.637695
3282.589844	6499.211426
3279.888672	6439.960449
3277.186523	6493.610840
3274.482422	6575.875977
3271.777344	6671.007324
3269.071289	6828.874512
3266.364258	6984.756836
3263.655273	6961.436035
3260.945313	7066.377930
3258.234375	7193.360840
3255.522461	7283.359375
3252.809570	7371.434570
3250.095703	7449.300293
3247.379883	7571.287109
3244.663086	7613.105957
3241.945313	7674.203125
3239.226563	7917.293945
3236.505859	7867.916992
3233.784180	8022.519531
3231.061523	8110.872070
3228.337891	8207.406250
3225.613281	8360.737305
3222.886719	8417.641602
3220.160156	8503.828125
3217.431641	8669.651367
3214.702148	8728.172852
3211.970703	8823.259766
3209.239258	8791.981445
3206.505859	9037.874023
3203.771484	9074.181641
3201.035156	9232.000000
3198.298828	9322.082031
3195.560547	9464.128906
3192.821289	9592.359375
3190.081055	9663.000977
3187.339844	9767.319336
3184.596680	9876.100586
3181.853516	9941.963867
3179.108398	10112.497070
3176.361328	10478.596680
3173.614258	10345.741211
3170.865234	10608.639648
3168.115234	10589.477539
3165.364258	10802.962891
3162.612305	10887.276367
3159.858398	11094.084961
3157.104492	11001.221680
3154.347656	11167.879883
3151.590820	11305.373047
3148.833008	11447.275391
3146.073242	11614.417969
3143.312500	11862.911133
3140.550781	11836.013672
3137.787109	12048.900391
3135.023438	12175.682617
3132.257813	12221.895508
3129.491211	12413.542969
3126.722656	12527.344727
3123.954102	12697.016602
3121.183594	12837.660156
3118.412109	12887.975586
3115.638672	13092.419922
3112.865234	13228.188477
3110.089844	13200.784180
3107.313477	13353.487305
3104.536133	13464.651367
3101.756836	13609.900391
3098.976563	13665.092773
3096.195313	13742.705078
3093.413086	14019.705078
3090.628906	14022.544922
3087.844727	14434.721680
3085.058594	14394.299805
3082.270508	14688.450195
3079.482422	14752.834961
3076.692383	14977.561523
3073.901367	15166.258789
3071.109375	15338.669922
3068.315430	15486.761719
3065.520508	15639.192383
3062.724609	15765.553711
3059.927734	15923.975586
3057.128906	16109.947266
3054.329102	16247.530273
3051.528320	16420.691406
3048.726563	16665.960938
3045.922852	16767.433594
3043.118164	16873.267578
3040.312500	17127.802734
3037.505859	17261.875000
3034.697266	17320.156250
3031.887695	17620.414063
3029.077148	17549.507813
3026.264648	17764.041016
3023.452148	18024.591797
3020.637695	18178.314453
3017.821289	18299.046875
3015.004883	18669.935547
3012.186523	18575.658203
3009.367188	18816.628906
3006.545898	18992.681641
3003.724609	19296.146484
3000.901367	19400.978516
2998.077148	19737.619141
2995.250977	19781.105469
2992.423828	19946.589844
2989.595703	20250.703125
2986.766602	20374.292969
2983.935547	20500.417969
2981.104492	20770.318359
2978.270508	20819.375000
2975.436523	21044.785156
2972.600586	21395.179688
2969.763672	21267.628906
2966.925781	21616.722656
2964.085938	21859.843750
2961.245117	22019.138672
2958.403320	22134.302734
2955.560547	22498.195313
2952.715820	22610.394531
2949.870117	22867.441406
2947.023438	23140.939453
2944.174805	23186.855469
2941.325195	23311.683594
2938.474609	23783.666016
2935.622070	23832.720703
2932.768555	23890.488281
2929.914063	24314.271484
2927.058594	24275.466797
2924.201172	24679.439453
2921.342773	24944.857422
2918.483398	25116.488281
2915.622070	25295.826172
2912.759766	25402.500000
2909.896484	25801.546875
2907.032227	25799.673828
2904.166016	26345.589844
2901.298828	26411.468750
2898.429688	26433.707031
2895.559570	26654.531250
2892.688477	27023.175781
2889.816406	27267.896484
2886.942383	27520.220703
2884.067383	27532.308594
2881.191406	27714.738281
2878.314453	28069.019531
2875.435547	28291.845703
2872.554688	28366.902344
2869.673828	28621.482422
2866.791016	29207.115234
2863.907227	29219.222656
2861.021484	29478.253906
2858.134766	29660.832031
2855.247070	29839.773438
2852.358398	30171.707031
2849.467773	30341.593750
2846.576172	30555.412109
2843.682617	30788.904297
2840.789063	30929.755859
2837.893555	31155.947266
2834.996094	31295.626953
2832.097656	31693.955078
2829.198242	31709.089844
2826.297852	32121.507813
2823.395508	32175.183594
2820.492188	32160.779297
2817.587891	32481.179688
2814.681641	32615.460938
2811.774414	32627.505859
2808.866211	32881.914063
2805.956055	32937.625000
2803.044922	33571.214844
2800.131836	33707.230469
2797.218750	33640.632813
2794.303711	33864.808594
2791.386719	33883.898438
2788.468750	34031.484375
2785.549805	34059.882813
2782.629883	34422.964844
2779.708008	34456.277344
2776.785156	34859.886719
2773.860352	34979.296875
2770.935547	35295.125000
2768.007813	35075.972656
2765.080078	35259.976563
2762.150391	35063.199219
2759.219727	35454.296875
2756.287109	35824.570313
2753.353516	35759.011719
2750.418945	35947.351563
2747.482422	36321.976563
2744.544922	36043.488281
2741.606445	36232.261719
2738.666016	36260.148438
2735.724609	36247.199219
2732.782227	36502.707031
2729.837891	36363.968750
2726.892578	36664.152344
2723.945313	36989.507813
2720.997070	36712.476563
2718.047852	36786.597656
2715.097656	36660.695313
2712.145508	36826.210938
2709.191406	37000.027344
2706.237305	37028.996094
2703.281250	36956.445313
2700.323242	37014.972656
2697.364258	37327.761719
2694.404297	37173.214844
2691.443359	37337.894531
2688.480469	37113.425781
2685.515625	37256.031250
2682.550781	37110.179688
2679.583984	37536.609375
2676.615234	37431.167969
2673.646484	37043.781250
2670.674805	37176.781250
2667.703125	37121.238281
2664.729492	37039.671875
2661.754883	37123.714844
2658.778320	37240.433594
2655.800781	36788.625000
2652.821289	36697.238281
2649.840820	36784.597656
2646.859375	36747.773438
2643.876953	36521.562500
2640.892578	36563.613281
2637.906250	36550.347656
2634.918945	36619.941406
2631.930664	36257.796875
2628.941406	36413.562500
2625.950195	36104.472656
2622.957031	36206.675781
2619.963867	36034.886719
2616.967773	35920.832031
2613.971680	35911.984375
2610.973633	35591.261719
2607.974609	35485.031250
2604.973633	35293.074219
2601.971680	34950.554688
2598.967773	35259.246094
2595.962891	35140.003906
2592.957031	34674.078125
2589.949219	34716.445313
2586.940430	34124.824219
2583.929688	34142.468750
2580.917969	34167.558594
2577.905273	33951.167969
2574.890625	34069.183594
2571.875000	33500.703125
2568.857422	33659.398438
2565.838867	33152.890625
2562.819336	33146.011719
2559.797852	32651.765625
2556.775391	32684.800781
2553.750977	32187.888672
2550.725586	31997.154297
2547.698242	31742.988281
2544.669922	31608.750000
2541.640625	31549.714844
2538.609375	31319.990234
2535.577148	31011.322266
2532.542969	30777.091797
2529.507813	30669.908203
2526.471680	30189.865234
2523.433594	30113.478516
2520.393555	29787.923828
2517.353516	29615.578125
2514.310547	29671.835938
2511.267578	29298.441406
2508.222656	29123.246094
2505.175781	28803.767578
2502.127930	28460.785156
2499.079102	28220.595703
2496.028320	28026.511719
2492.976563	27749.042969
2489.922852	27543.054688
2486.868164	27346.246094
2483.812500	27022.001953
2480.754883	26641.630859
2477.695313	26593.406250
2474.634766	26126.976563
2471.573242	26021.044922
2468.509766	25899.695313
2465.445313	25658.533203
2462.378906	25365.402344
2459.311523	25057.046875
2456.242188	24945.291016
2453.171875	24641.468750
2450.100586	24179.214844
2447.027344	24129.007813
2443.953125	23564.134766
2440.876953	23501.236328
2437.799805	23224.736328
2434.720703	23066.222656
2431.640625	22943.558594
2428.558594	22692.824219
2425.475586	22393.664063
2422.390625	21991.027344
2419.304688	21977.613281
2416.217773	21674.316406
2413.128906	21313.019531
2410.038086	21147.015625
2406.946289	20902.722656
2403.853516	20475.177734
2400.758789	20481.039063
2397.663086	20145.320313
2394.565430	20005.226563
2391.466797	19753.925781
2388.366211	19598.808594
2385.264648	19168.179688
2382.161133	18895.845703
2379.056641	18910.425781
2375.950195	18633.621094
2372.842773	18406.947266
2369.734375	18172.435547
2366.624023	17824.003906
2363.511719	17918.548828
2360.398438	17521.564453
2357.284180	17194.769531
2354.167969	17198.804688
2351.049805	17094.574219
2347.930664	16741.166016
2344.810547	16555.517578
2341.688477	16396.462891
2338.564453	16149.506836
2335.439453	15875.575195
2332.313477	15849.784180
2329.185547	15720.904297
2326.056641	15354.067383
2322.925781	15184.803711
2319.792969	15039.637695
2316.660156	14695.156250
2313.524414	14638.058594
2310.387695	14314.798828
2307.250000	14335.198242
2304.110352	14095.982422
2300.969727	13984.333008
2297.827148	13762.997070
2294.682617	13607.067383
2291.537109	13328.879883
2288.390625	13224.133789
2285.242188	12997.195313
2282.092773	12912.535156
2278.941406	12743.065430
2275.788086	12588.815430
2272.633789	12396.662109
2269.478516	12310.046875
2266.321289	11998.628906
2263.162109	11815.715820
2260.001953	11671.732422
2256.840820	11675.745117
2253.676758	11339.110352
2250.512695	11396.984375
2247.346680	11085.266602
2244.178711	10977.458984
2241.009766	10876.059570
2237.838867	10656.478516
2234.666992	10523.004883
2231.493164	10432.979492
2228.318359	10227.290039
2225.141602	10024.938477
2221.963867	9952.569336
2218.784180	9859.035156
2215.602539	9723.147461
2212.419922	9585.812500
2209.236328	9425.049805
2206.050781	9302.104492
2202.863281	9220.061523
2199.674805	9069.095703
2196.485352	8943.347656
2193.292969	8806.749023
2190.100586	8786.150391
2186.905273	8669.311523
2183.709961	8341.386719
2180.511719	8350.737305
2177.312500	8321.002930
2174.112305	8187.409180
2170.910156	8035.200684
2167.706055	7912.786621
2164.500977	7766.306152
2161.294922	7672.195801
2158.085938	7662.330078
2154.876953	7374.411621
2151.665039	7432.420898
2148.452148	7452.244141
2145.238281	7272.158203
2142.022461	7128.001465
2138.804688	7000.295898
2135.585938	6940.278809
2132.365234	6860.132813
2129.143555	6742.039551
2125.919922	6582.951172
2122.695313	6623.235840
2119.468750	6487.594727
2116.240234	6283.928223
2113.010742	6284.038086
2109.780273	6260.933594
2106.546875	6134.993164
2103.312500	6059.414063
2100.077148	5944.501465
2096.839844	5818.111816
2093.600586	5811.482422
2090.360352	5648.239746
2087.119141	5489.006348
2083.875000	5502.576660
2080.629883	5406.733887
2077.383789	5408.005859
2074.135742	5300.750000
2070.885742	5260.524902
2067.634766	5199.574219
2064.381836	5077.194336
2061.127930	5026.372559
2057.871094	4873.474609
2054.614258	4782.118652
2051.355469	4783.668457
2048.094727	4678.637695
2044.832031	4678.699219
2041.568359	4632.798340
2038.303711	4525.688477
2035.037109	4472.248047
2031.768555	4381.377441
2028.498047	4305.118164
2025.226563	4241.921387
2021.954102	4128.372070
2018.678711	4214.187988
2015.403320	4081.680908
2012.125000	3998.112793
2008.845703	3908.524658
2005.564453	3860.929443
2002.282227	3715.131104
1998.998047	3715.629883
1995.712891	3646.126221
1992.424805	3631.444824
1989.136719	3555.964355
1985.845703	3464.599609
1982.553711	3487.993164
1979.260742	3436.217041
1975.964844	3305.586426
1972.667969	3289.586182
1969.370117	3237.976318
1966.070313	3208.385254
1962.768555	3120.514893
1959.465820	3053.920410
1956.161133	3055.473145
1952.854492	3019.216797
1949.546875	2972.413574
1946.237305	2869.755127
1942.925781	2831.372314
1939.613281	2809.628174
1936.298828	2841.459473
1932.982422	2726.240967
1929.665039	2703.822510
1926.346680	2639.244629
1923.025391	2616.135010
1919.703125	2614.868408
1916.378906	2593.294922
1913.053711	2516.111816
1909.726563	2483.334229
1906.397461	2470.864990
1903.067383	2423.876709
1899.735352	2340.168457
1896.401367	2395.277832
1893.066406	2354.388184
1889.729492	2302.299072
1886.390625	2194.845703
1883.050781	2194.527832
1879.708984	2151.566895
1876.365234	2145.286621
1873.020508	2075.483887
1869.673828	2044.593384
1866.326172	2048.824951
1862.975586	2018.722046
1859.624023	1975.966797
1856.271484	1917.595581
1852.916016	1887.598145
1849.559570	1915.726685
1846.202148	1856.723267
1842.841797	1828.285278
1839.480469	1805.824341
1836.118164	1766.286621
1832.752930	1735.703247
1829.386719	1676.185059
1826.018555	1686.500488
1822.649414	1682.708252
1819.278320	1667.053955
1815.905273	1618.059937
1812.531250	1575.039917
1809.154297	1558.718750
1805.777344	1523.909912
1802.397461	1496.532104
1799.016602	1503.192749
1795.633789	1464.765137
1792.249023	1413.817261
1788.863281	1427.151611
1785.475586	1379.222656
1782.085938	1346.829468
1778.694336	1335.109863
1775.301758	1304.979614
1771.907227	1296.236816
1768.510742	1314.003052
1765.113281	1286.133301
1761.713867	1245.788452
1758.312500	1237.824829
1754.910156	1210.766724
1751.505859	1194.015381
1748.099609	1216.180176
1744.691406	1164.962158
1741.282227	1128.459106
1737.871094	1129.368408
1734.458008	1096.580444
1731.042969	1101.164429
1727.626953	1051.590454
1724.208984	1019.619507
1720.790039	1034.468384
1717.368164	998.882935
1713.945313	1017.378235
1710.520508	997.895386
1707.093750	967.486938
1703.666016	947.317932
1700.236328	924.981750
1696.804688	936.908936
1693.371094	917.511963
1689.936523	892.311218
1686.500000	889.686462
1683.061523	857.252686
1679.622070	859.007568
1676.179688	837.516174
1672.736328	782.648926
1669.291016	806.932556
1665.844727	789.124451
1662.396484	740.886292
1658.945313	747.763672
1655.494141	740.149475
1652.040039	749.191345
1648.584961	725.666504
1645.126953	701.441650
1641.668945	704.706055
1638.208008	697.130676
1634.745117	681.619995
1631.281250	665.402710
1627.815430	625.397339
1624.347656	625.085144
1620.878906	621.890625
1617.408203	618.698975
1613.935547	603.271973
1610.460938	566.993652
1606.984375	604.826416
1603.506836	569.301880
1600.027344	553.929443
1596.545898	550.779724
1593.062500	541.891052
1589.577148	546.641174
1586.090820	524.856689
1582.602539	500.227142
1579.112305	512.869629
1575.620117	485.406586
1572.126953	491.603119
1568.630859	473.475739
1565.133789	507.551208
1561.634766	465.855042
1558.133789	467.763245
1554.631836	463.959076
1551.127930	455.877960
1547.621094	444.952515
1544.114258	438.314117
1540.604492	424.558716
1537.092773	415.088928
1533.580078	407.051758
1530.065430	395.466156
1526.548828	391.712067
1523.030273	366.645020
1519.509766	374.272003
1515.988281	382.600983
1512.463867	381.698151
1508.938477	363.068146
1505.411133	352.253143
1501.882813	347.824524
1498.351563	332.779602
1494.818359	338.272552
1491.284180	334.564575
1487.748047	318.841797
1484.209961	303.134766
1480.669922	308.631042
1477.128906	292.944855
1473.584961	301.262543
1470.040039	292.647491
1466.493164	273.468781
1462.944336	288.123413
1459.393555	282.344147
1455.840820	267.421967
1452.287109	258.845306
1448.730469	258.010498
1445.172852	274.743164
1441.613281	250.724655
1438.051758	237.961731
1434.488281	237.138824
1430.922852	230.706741
1427.356445	232.691650
1423.787109	220.664017
1420.216797	229.653442
1416.644531	222.538055
1413.070313	225.921555
1409.494141	203.435150
1405.916016	201.234894
1402.336914	211.607529
1398.754883	203.820999
1395.171875	199.530655
1391.585938	191.758087
1387.999023	184.690353
1384.410156	183.202454
1380.819336	183.804703
1377.226563	183.710358
1373.632813	165.532623
1370.036133	177.265274
1366.438477	167.446976
1362.837891	163.888657
1359.236328	166.580704
1355.632813	170.657364
1352.027344	151.155106
1348.419922	144.147095
1344.810547	140.609543
1341.199219	146.075470
1337.585938	140.464600
1333.970703	133.476257
1330.354492	138.937210
1326.735352	137.483719
1323.115234	138.793732
1319.493164	133.200729
1315.869141	130.372665
1312.242188	118.584648
1308.614258	130.926880
1304.984375	118.461929
1301.353516	121.842453
1297.719727	105.266869
1294.083984	103.149315
1290.446289	106.532349
1286.807617	111.972672
1283.166016	102.302261
1279.523438	109.797729
1275.877930	99.452499
1272.231445	103.513947
1268.582031	89.071625
1264.931641	86.970863
1261.279297	104.036934
1257.625000	93.721313
1253.968750	90.937531
1250.310547	88.156601
1246.650391	84.695496
1242.988281	82.603302
1239.324219	84.607147
1235.658203	83.199059
1231.990234	76.339569
1228.320313	77.662170
1224.648438	74.898010
1220.975586	72.817230
1217.299805	76.860199
1213.622070	70.701561
1209.943359	72.023468
1206.261719	67.231956
1202.578125	60.409164
1198.893555	69.196671
1195.206055	67.126236
1191.517578	60.314129
1187.826172	58.927792
1184.133789	62.281708
1180.438477	58.189255
1176.742188	55.453598
1173.042969	56.776237
1169.342773	52.693043
1165.639648	46.588528
1161.935547	47.238823
1158.228516	53.284283
1154.520508	49.211411
1150.809570	54.575634
1147.097656	60.607582
1143.382813	55.191082
1139.666992	45.071327
1135.948242	45.047501
1132.227539	41.663704
1128.505859	48.358055
1124.781250	45.647324
1121.055664	50.319649
1117.327148	40.904964
1113.596680	38.202408
1109.865234	37.512287
1106.130859	38.161892
1102.394531	36.803329
1098.657227	38.121376
1094.916992	39.438000
1091.174805	33.404266
1087.430664	32.718773
1083.684570	38.040359
1079.936523	37.353088
1076.186523	33.999870
1072.434570	43.310078
1068.680664	35.961498
1064.924805	31.283127
1061.166992	34.592648
1057.406250	30.584850
1053.644531	23.258652
1049.880859	33.208889
1046.114258	33.854954
1042.346680	36.490715
1038.576172	32.492508
1034.803711	25.847536
1031.030273	29.145700
1027.253906	31.116220
1023.475586	25.144302
1019.695313	25.792150
1015.913086	32.388126
1012.128906	25.103832
1008.342773	29.051977
1004.553711	21.117352
