4046.277344	211.730118
4043.892578	234.789825
4041.505859	243.079330
4039.119141	223.083969
4036.731445	230.324463
4034.342773	216.628860
4031.952148	239.557617
4029.561523	243.645767
4027.169922	248.775894
4024.777344	234.049469
4022.383789	262.157104
4019.989258	238.040543
4017.593750	255.687973
4015.197266	254.543549
4012.799805	276.341522
4010.401367	243.918121
4008.001953	255.283157
4005.601563	258.306641
4003.201172	269.656799
4000.798828	279.957153
3998.395508	292.329895
3995.991211	250.617569
3993.585938	295.216278
3991.180664	275.356445
3988.773438	286.672363
3986.365234	265.793274
3983.957031	298.898499
3981.546875	288.405304
3979.135742	296.586639
3976.724609	313.054199
3974.311523	321.219025
3971.898438	291.053497
3969.483398	298.185028
3967.068359	310.485535
3964.651367	323.810699
3962.234375	323.681488
3959.815430	302.878021
3957.396484	323.423096
3954.975586	310.899261
3952.554688	326.262146
3950.131836	332.324097
3947.708984	338.381104
3945.284180	333.089569
3942.859375	353.572754
3940.432617	350.339996
3938.005859	350.199707
3935.577148	358.296112
3933.148438	360.210876
3930.718750	355.951416
3928.287109	374.318970
3925.855469	370.057068
3923.421875	365.798462
3920.988281	355.380524
3918.552734	372.691681
3916.117188	402.304291
3913.680664	374.444031
3911.242188	384.548126
3908.803711	405.919525
3906.363281	421.125793
3903.922852	410.714111
3901.480469	403.382080
3899.038086	424.711060
3896.593750	410.218140
3894.149414	409.030273
3891.703125	409.887573
3889.256836	430.157318
3886.808594	424.877136
3884.360352	440.019592
3881.910156	451.067657
3879.459961	449.865448
3877.007813	440.506531
3874.555664	446.444214
3872.101563	456.452454
3869.646484	464.415558
3867.191406	492.732941
3864.734375	480.322021
3862.277344	471.989899
3859.818359	491.118164
3857.358398	487.870087
3854.897461	496.816315
3852.436523	539.269043
3849.973633	552.247498
3847.509766	559.126831
3845.044922	505.140137
3842.579102	541.436523
3840.113281	567.568115
3837.645508	560.245911
3835.176758	548.878784
3832.707031	566.876831
3830.236328	588.907532
3827.764648	591.702515
3825.291992	595.506042
3822.818359	610.423279
3820.343750	618.256653
3817.868164	619.014771
3815.390625	632.894348
3812.913086	647.771362
3810.434570	647.507446
3807.955078	690.594727
3805.473633	644.964111
3802.992188	662.833252
3800.509766	622.285461
3798.025391	658.266357
3795.541016	647.936523
3793.054688	688.905640
3790.568359	696.666565
3788.080078	683.318481
3785.591797	734.267090
3783.101563	713.885681
3780.610352	705.564514
3778.119141	722.330872
3775.625977	738.080505
3773.131836	736.775879
3770.636719	749.500244
3768.140625	758.207581
3765.643555	772.914673
3763.145508	753.583130
3760.646484	805.293091
3758.146484	787.963562
3755.645508	806.631592
3753.143555	841.270203
3750.639648	844.919739
3748.135742	869.530640
3745.630859	882.146179
3743.124023	852.856384
3740.617188	861.479614
3738.108398	895.012268
3735.599609	882.689026
3733.088867	920.168335
3730.577148	910.830627
3728.064453	920.406067
3725.551758	891.182983
3723.037109	912.688599
3720.521484	944.114319
3718.004883	962.599670
3715.487305	1002.915283
3712.967773	941.954529
3710.448242	969.346619
3707.927734	998.699341
3705.406250	998.287170
3702.882813	997.875000
3700.359375	1018.263977
3697.833984	1023.784058
3695.308594	1063.939087
3692.781250	1057.563477
3690.252930	1054.159546
3687.723633	1067.562256
3685.193359	1079.965576
3682.662109	1088.407715
3680.129883	1091.906128
3677.596680	1101.322510
3675.062500	1157.093384
3672.527344	1133.935181
3669.990234	1120.652222
3667.453125	1183.241211
3664.915039	1156.160889
3662.375000	1199.979126
3659.833984	1208.337036
3657.292969	1222.589233
3654.750000	1184.721191
3652.206055	1225.505249
3649.661133	1243.660889
3647.115234	1244.126099
3644.568359	1287.778198
3642.019531	1317.657837
3639.470703	1293.572510
3636.920898	1238.136841
3634.369141	1320.913696
3631.817383	1331.138306
3629.263672	1330.584106
3626.708984	1375.049438
3624.153320	1335.345581
3621.596680	1396.394775
3619.039063	1357.691772
3616.480469	1403.047241
3613.920898	1406.368652
3611.360352	1450.688843
3608.797852	1456.914307
3606.235352	1521.659546
3603.670898	1472.273438
3601.105469	1528.185913
3598.540039	1498.321533
3595.972656	1523.987915
3593.404297	1526.270996
3590.834961	1621.958008
3588.264648	1590.157349
3585.692383	1683.792236
3583.120117	1626.725586
3580.545898	1669.755615
3577.971680	1689.446411
3575.395508	1668.357666
3572.818359	1724.896606
3570.240234	1743.568359
3567.661133	1784.518433
3565.081055	1818.651123
3562.500000	1836.290161
3559.917969	1832.615601
3557.333984	1858.942139
3554.750000	1845.587158
3552.164063	1890.255859
3549.577148	1892.361572
3546.989258	1962.089966
3544.400391	2033.690430
3541.810547	1968.163452
3539.219727	2010.754517
3536.626953	2081.278076
3534.034180	2084.258789
3531.439453	2093.981934
3528.844727	2117.181641
3526.248047	2192.353760
3523.650391	2198.167480
3521.051758	2225.140137
3518.451172	2168.429443
3515.850586	2293.433594
3513.249023	2290.545166
3510.645508	2315.510254
3508.041016	2326.053711
3505.436523	2395.122070
3502.830078	2442.070557
3500.222656	2383.513428
3497.613281	2498.469971
3495.003906	2494.541016
3492.393555	2498.275146
3489.781250	2576.663574
3487.167969	2557.396484
3484.553711	2568.747803
3481.938477	2603.987549
3479.322266	2687.929199
3476.705078	2678.195801
3474.086914	2721.934814
3471.466797	2758.955811
3468.845703	2768.281006
3466.224609	2836.715576
3463.601563	2829.795166
3460.977539	2933.394287
3458.351563	2985.480225
3455.725586	2958.513428
3453.098633	2964.870850
3450.469727	3036.847656
3447.839844	3050.770508
3445.208984	3047.575195
3442.577148	3108.024170
3439.944336	3187.410645
3437.310547	3215.478516
3434.674805	3287.160645
3432.039063	3326.539795
3429.401367	3271.097412
3426.762695	3352.136475
3424.123047	3370.599365
3421.481445	3428.805420
3418.839844	3503.993652
3416.197266	3519.527832
3413.552734	3595.556885
3410.907227	3613.872314
3408.260742	3635.949463
3405.613281	3646.675781
3402.963867	3732.899414
3400.314453	3786.028076
3397.663086	3802.332031
3395.011719	3899.687500
3392.358398	3894.255371
3389.704102	3943.452881
3387.047852	4081.102051
3384.391602	4011.605957
3381.733398	4089.846680
3379.075195	4132.290527
3376.415039	4131.465332
3373.753906	4235.854980
3371.090820	4292.264160
3368.427734	4353.316895
3365.762695	4339.258789
3363.097656	4440.562988
3360.430664	4423.664551
3357.762695	4541.709473
3355.092773	4583.786621
3352.422852	4588.377930
3349.750977	4590.156250
3347.079102	4685.473145
3344.405273	4785.381836
3341.729492	4833.800293
3339.053711	4883.109863
3336.376953	5001.477539
3333.698242	4955.462891
3331.018555	5068.097168
3328.337891	5137.733398
3325.656250	5127.138672
3322.973633	5243.277344
3320.289063	5358.383301
3317.604492	5410.080566
3314.917969	5446.841797
3312.230469	5492.872559
3309.541016	5596.509766
3306.851563	5602.468750
3304.160156	5744.055664
3301.467773	5764.800781
3298.774414	5828.223633
3296.080078	5884.167480
3293.384766	5920.586426
3290.687500	6066.359375
3287.990234	6148.995117
3285.291016	6206.550781
3282.589844	6187.212402
3279.888672	6256.728516
3277.186523	6355.783203
3274.482422	6488.037109
3271.777344	6444.573730
3269.071289	6685.682617
3266.364258	6718.811523
3263.655273	6790.676758
3260.945313	6831.108887
3258.234375	6894.560059
3255.522461	7055.667969
3252.809570	7183.462891
3250.095703	7173.912109
3247.379883	7292.335449
3244.663086	7328.753418
3241.945313	7395.492188
3239.226563	7547.679199
3236.505859	7646.427734
3233.784180	7745.088867
3231.061523	7760.102051
3228.337891	7916.448730
3225.613281	7965.315430
3222.886719	8022.391602
3220.160156	8223.331055
3217.431641	8210.605469
3214.702148	8310.539063
3211.970703	8436.932617
3209.239258	8397.586914
3206.505859	8579.623047
3203.771484	8697.500000
3201.035156	8759.525391
3198.298828	8938.419922
3195.560547	8950.974609
3192.821289	9136.014648
3190.081055	9290.786133
3187.339844	9283.102539
3184.596680	9437.669922
3181.853516	9518.299805
3179.108398	9724.536133
3176.361328	9814.069336
3173.614258	9852.567383
3170.865234	10026.546875
3168.115234	10076.731445
3165.364258	10217.742188
3162.612305	10202.393555
3159.858398	10401.329102
3157.104492	10442.175781
3154.347656	10477.541016
3151.590820	10671.554688
3148.833008	10851.799805
3146.073242	10828.949219
3143.312500	11017.113281
3140.550781	11149.893555
3137.787109	11304.270508
3135.023438	11444.038086
3132.257813	11549.330078
3129.491211	11575.914063
3126.722656	11647.630859
3123.954102	11896.230469
3121.183594	11886.521484
3118.412109	11938.154297
3115.638672	12149.325195
3112.865234	12153.026367
3110.089844	12235.092773
3107.313477	12360.304688
3104.536133	12565.507813
3101.756836	12657.170898
3098.976563	12674.113281
3096.195313	12796.203125
3093.413086	12968.496094
3090.628906	13048.133789
3087.844727	13248.883789
3085.058594	13335.499023
3082.270508	13474.951172
3079.482422	13747.856445
3076.692383	13849.360352
3073.901367	14066.319336
3071.109375	14073.578125
3068.315430	14224.911133
3065.520508	14328.695313
3062.724609	14621.048828
3059.927734	14700.429688
3057.128906	14787.775391
3054.329102	14793.780273
3051.528320	15076.473633
3048.726563	15217.057617
3045.922852	15263.875977
3043.118164	15448.814453
3040.312500	15570.324219
3037.505859	15575.943359
3034.697266	15924.288086
3031.887695	16252.745117
3029.077148	16097.943359
3026.264648	16454.474609
3023.452148	16456.115234
3020.637695	16574.111328
3017.821289	16896.208984
3015.004883	16954.435547
3012.186523	17069.378906
3009.367188	17320.769531
3006.545898	17487.732422
3003.724609	17674.919922
3000.901367	17860.164063
2998.077148	18091.269531
2995.250977	18116.017578
2992.423828	18169.039063
2989.595703	18272.394531
2986.766602	18714.060547
2983.935547	18948.666016
2981.104492	19002.970703
2978.270508	19059.867188
2975.436523	19292.228516
2972.600586	19497.048828
2969.763672	19621.490234
2966.925781	19690.322266
2964.085938	19956.308594
2961.245117	20112.046875
2958.403320	20280.833984
2955.560547	20554.101563
2952.715820	20735.716797
2949.870117	20630.773438
2947.023438	20885.064453
2944.174805	21276.925781
2941.325195	21428.921875
2938.474609	21426.433594
2935.622070	21643.957031
2932.768555	21888.443359
2929.914063	21980.318359
2927.058594	22283.076172
2924.201172	22272.308594
2921.342773	22700.597656
2918.483398	22648.550781
2915.622070	22920.738281
2912.759766	23178.699219
2909.896484	23257.449219
2907.032227	23371.900391
2904.166016	23542.068359
2901.298828	23798.396484
2898.429688	23916.791016
2895.559570	24015.037109
2892.688477	24101.000000
2889.816406	24511.515625
2886.942383	24698.080078
2884.067383	24781.861328
2881.191406	24875.121094
2878.314453	25124.673828
2875.435547	25247.208984
2872.554688	25341.851563
2869.673828	25627.279297
2866.791016	25877.757813
2863.907227	26043.917969
2861.021484	26138.871094
2858.134766	26542.058594
2855.247070	26654.867188
2852.358398	27029.757813
2849.467773	26817.886719
2846.576172	27262.380859
2843.682617	27162.054688
2840.789063	27371.037109
2837.893555	27592.775391
2834.996094	27804.814453
2832.097656	28051.160156
2829.198242	28287.791016
2826.297852	28419.058594
2823.395508	28396.861328
2820.492188	28503.835938
2817.587891	28777.675781
2814.681641	28839.630859
2811.774414	28860.246094
2808.866211	28988.273438
2805.956055	29308.625000
2803.044922	29371.054688
2800.131836	29538.998047
2797.218750	29784.859375
2794.303711	29733.761719
2791.386719	29903.003906
2788.468750	29823.605469
2785.549805	30104.830078
2782.629883	30242.832031
2779.708008	30306.257813
2776.785156	30442.316406
2773.860352	30639.796875
2770.935547	30765.310547
2768.007813	30908.638672
2765.080078	31213.187500
2762.150391	31056.634766
2759.219727	31306.234375
2756.287109	31259.746094
2753.353516	31595.933594
2750.418945	31764.000000
2747.482422	32038.335938
2744.544922	31648.583984
2741.606445	32024.787109
2738.666016	32066.472656
2735.724609	31865.886719
2732.782227	32062.201172
2729.837891	32311.826172
2726.892578	32485.675781
2723.945313	32728.078125
2720.997070	32602.218750
2718.047852	32497.654297
2715.097656	32629.550781
2712.145508	32759.625000
2709.191406	32846.402344
2706.237305	32792.640625
2703.281250	32937.656250
2700.323242	33030.121094
2697.364258	32908.722656
2694.404297	33251.929688
2691.443359	33071.429688
2688.480469	33374.574219
2685.515625	33187.414063
2682.550781	33183.347656
2679.583984	33243.316406
2676.615234	33419.453125
2673.646484	33189.628906
2670.674805	33298.292969
2667.703125	33095.628906
2664.729492	33242.042969
2661.754883	33147.136719
2658.778320	33052.300781
2655.800781	32784.585938
2652.821289	32948.460938
2649.840820	32867.238281
2646.859375	32931.964844
2643.876953	32932.097656
2640.892578	32763.837891
2637.906250	33106.484375
2634.918945	32874.671875
2631.930664	32534.308594
2628.941406	32440.078125
2625.950195	32447.054688
2622.957031	32418.091797
2619.963867	32551.976563
2616.967773	32197.457031
2613.971680	32131.074219
2610.973633	32185.656250
2607.974609	31960.117188
2604.973633	31753.103516
2601.971680	31512.957031
2598.967773	31630.107422
2595.962891	31394.376953
2592.957031	31368.417969
2589.949219	31271.816406
2586.940430	30729.957031
2583.929688	30856.281250
2580.917969	30510.988281
2577.905273	30479.632813
2574.890625	30465.712891
2571.875000	30111.921875
2568.857422	30111.419922
2565.838867	30003.242188
2562.819336	29715.515625
2559.797852	29663.865234
2556.775391	29306.238281
2553.750977	29017.542969
2550.725586	28620.857422
2547.698242	28498.732422
2544.669922	28423.769531
2541.640625	28235.814453
2538.609375	27861.619141
2535.577148	27926.349609
2532.542969	27740.501953
2529.507813	27518.574219
2526.471680	27207.925781
2523.433594	27037.449219
2520.393555	26694.388672
2517.353516	26503.732422
2514.310547	26497.318359
2511.267578	26209.164063
2508.222656	26170.855469
2505.175781	26033.275391
2502.127930	25690.746094
2499.079102	25136.992188
2496.028320	25028.734375
2492.976563	24828.005859
2489.922852	24588.970703
2486.868164	24490.910156
2483.812500	24177.796875
2480.754883	24088.994141
2477.695313	23816.380859
2474.634766	23487.648438
2471.573242	23240.044922
2468.509766	23110.998047
2465.445313	22986.142578
2462.378906	22730.935547
2459.311523	22828.847656
2456.242188	22313.253906
2453.171875	22211.765625
2450.100586	21686.335938
2447.027344	21605.552734
2443.953125	21169.503906
2440.876953	20995.552734
2437.799805	20847.751953
2434.720703	20678.968750
2431.640625	20464.074219
2428.558594	20197.449219
2425.475586	20004.853516
2422.390625	19757.316406
2419.304688	19572.380859
2416.217773	19256.431641
2413.128906	19215.144531
2410.038086	18843.009766
2406.946289	18821.345703
2403.853516	18596.017578
2400.758789	18425.826172
2397.663086	18085.406250
2394.565430	17846.185547
2391.466797	17822.582031
2388.366211	17299.849609
2385.264648	17182.207031
2382.161133	17102.533203
2379.056641	16830.472656
2375.950195	16638.339844
2372.842773	16509.937500
2369.734375	16317.317383
2366.624023	16071.823242
2363.511719	15933.402344
2360.398438	15764.588867
2357.284180	15512.454102
2354.167969	15440.254883
2351.049805	15339.249023
2347.930664	14978.642578
2344.810547	14745.747070
2341.688477	14813.350586
2338.564453	14559.128906
2335.439453	14249.937500
2332.313477	14161.731445
2329.185547	14110.369141
2326.056641	13767.451172
2322.925781	13741.066406
2319.792969	13490.418945
2316.660156	13272.709961
2313.524414	13171.621094
2310.387695	13096.127930
2307.250000	12841.451172
2304.110352	12594.969727
2300.969727	12337.572266
2297.827148	12496.483398
2294.682617	12212.327148
2291.537109	12116.801758
2288.390625	11998.323242
2285.242188	11775.134766
2282.092773	11533.896484
2278.941406	11355.551758
2275.788086	11335.166992
2272.633789	11190.363281
2269.478516	10906.262695
2266.321289	10844.138672
2263.162109	10617.444336
2260.001953	10553.131836
2256.840820	10523.668945
2253.676758	10317.191406
2250.512695	10172.521484
2247.346680	10069.833984
2244.178711	9902.521484
2241.009766	9747.985352
2237.838867	9606.206055
2234.666992	9589.868164
2231.493164	9300.192383
2228.318359	9139.916992
2225.141602	9156.079102
2221.963867	9066.812500
2218.784180	8903.717773
2215.602539	8761.206055
2212.419922	8636.893555
2209.236328	8547.241211
2206.050781	8432.557617
2202.863281	8208.161133
2199.674805	8164.303223
2196.485352	8067.978027
2193.292969	7974.874023
2190.100586	7788.685059
2186.905273	7710.663574
2183.709961	7582.652344
2180.511719	7520.433105
2177.312500	7456.706543
2174.112305	7296.963867
2170.910156	7277.899414
2167.706055	6986.506836
2164.500977	7012.061035
2161.294922	6837.227539
2158.085938	6795.028809
2154.876953	6794.147949
2151.665039	6663.254883
2148.452148	6519.254395
2145.238281	6485.054199
2142.022461	6463.322266
2138.804688	6393.432617
2135.585938	6193.126953
2132.365234	6105.572266
2129.143555	6008.787598
2125.919922	5945.440918
2122.695313	5889.129395
2119.468750	5782.505859
2116.240234	5713.929199
2113.010742	5568.007324
2109.780273	5490.309570
2106.546875	5490.018555
2103.312500	5430.205566
2100.077148	5343.406738
2096.839844	5252.826660
2093.600586	5171.593750
2090.360352	5110.495605
2087.119141	5008.583496
2083.875000	4963.032715
2080.629883	4922.916504
2077.383789	4785.811523
2074.135742	4692.707031
2070.885742	4700.468750
2067.634766	4647.475098
2064.381836	4599.141602
2061.127930	4473.264160
2057.871094	4404.325195
2054.614258	4409.895020
2051.355469	4285.049805
2048.094727	4223.961914
2044.832031	4277.120117
2041.568359	4147.916992
2038.303711	4109.946777
2035.037109	4074.306885
2031.768555	3927.788574
2028.498047	3928.965088
2025.226563	3820.098145
2021.954102	3757.162354
2018.678711	3711.844482
2015.403320	3636.809082
2012.125000	3598.454102
2008.845703	3524.304443
2005.564453	3469.274170
2002.282227	3418.864990
1998.998047	3395.146484
1995.712891	3315.905273
1992.424805	3327.239990
1989.136719	3252.666016
1985.845703	3128.016846
1982.553711	3086.262695
1979.260742	3046.824707
1975.964844	3037.012207
1972.667969	2951.376221
1969.370117	2977.998535
1966.070313	2932.623047
1962.768555	2847.157471
1959.465820	2779.937988
1956.161133	2719.590576
1952.854492	2740.205811
1949.546875	2671.620117
1946.237305	2627.272461
1942.925781	2625.248535
1939.613281	2507.006348
1936.298828	2495.234375
1932.982422	2491.012207
1929.665039	2480.764648
1926.346680	2433.618652
1923.025391	2432.440918
1919.703125	2398.906494
1916.378906	2319.524902
1913.053711	2248.488281
1909.726563	2233.122314
1906.397461	2208.007080
1903.067383	2168.652832
1899.735352	2152.594971
1896.401367	2106.554443
1893.066406	2134.765137
1889.729492	2046.071899
1886.390625	2028.603638
1883.050781	1970.733887
1879.708984	1990.723145
1876.365234	1957.602051
1873.020508	1896.859253
1869.673828	1840.656982
1866.326172	1826.321289
1862.975586	1783.639771
1859.624023	1765.614746
1856.271484	1803.523926
1852.916016	1761.658936
1849.559570	1701.212891
1846.202148	1730.162354
1842.841797	1706.994873
1839.480469	1669.718140
1836.118164	1634.707275
1832.752930	1572.238037
1829.386719	1587.065796
1826.018555	1555.113770
1822.649414	1535.805176
1819.278320	1472.762085
1815.905273	1406.815308
1812.531250	1405.385986
1809.154297	1392.850342
1805.777344	1381.806519
1802.397461	1366.334473
1799.016602	1322.040649
1795.633789	1288.135986
1792.249023	1311.880493
1788.863281	1310.498779
1785.475586	1251.557861
1782.085938	1249.468384
1778.694336	1233.373169
1775.301758	1198.134888
1771.907227	1167.349731
1768.510742	1149.844727
1765.113281	1144.864624
1761.713867	1117.826660
1758.312500	1143.003418
1754.910156	1082.196289
1751.505859	1061.836548
1748.099609	1063.515381
1744.691406	1062.257690
1741.282227	1028.738159
1737.871094	996.717041
1734.458008	994.027832
1731.042969	973.036865
1727.626953	938.893921
1724.208984	935.504578
1720.790039	955.512451
1717.368164	889.276184
1713.945313	908.556030
1710.520508	895.696899
1707.093750	883.579712
1703.666016	863.452209
1700.236328	855.006775
1696.804688	849.483521
1693.371094	815.566162
1689.936523	779.498657
1686.500000	809.665588
1683.061523	777.998657
1679.622070	756.537170
1676.179688	739.454895
1672.736328	771.032593
1669.291016	706.065979
1665.844727	736.902954
1662.396484	694.490295
1658.945313	668.060181
1655.494141	671.348938
1652.040039	657.261536
1648.584961	619.312561
1645.126953	644.313904
1641.668945	623.755188
1638.208008	630.668518
1634.745117	620.245300
1631.281250	586.737976
1627.815430	587.166565
1624.347656	588.315430
1620.878906	562.800171
1617.408203	554.596252
1613.935547	543.520691
1610.460938	507.991791
1606.984375	547.292419
1603.506836	523.297729
1600.027344	528.783508
1596.545898	510.566345
1593.062500	494.520447
1589.577148	469.881866
1586.090820	476.816528
1582.602539	452.927734
1579.112305	462.728729
1575.620117	443.166168
1572.126953	456.539734
1568.630859	454.164795
1565.133789	433.205688
1561.634766	423.699432
1558.133789	415.630859
1554.631836	413.280457
1551.127930	403.084595
1547.621094	386.481201
1544.114258	390.562836
1540.604492	379.680878
1537.092773	373.081635
1533.580078	366.488892
1530.065430	365.592804
1526.548828	368.962891
1523.030273	355.986725
1519.509766	345.154083
1515.988281	323.684692
1512.463867	333.453766
1508.938477	331.157867
1505.411133	308.310089
1501.882813	316.654907
1498.351563	313.662476
1494.818359	291.565460
1491.284180	306.271606
1487.748047	279.958649
1484.209961	291.122437
1480.669922	271.199799
1477.128906	277.415222
1473.584961	260.341644
1470.040039	256.683563
1466.493164	265.715790
1462.944336	247.969299
1459.393555	262.629333
1455.840820	240.679764
1452.287109	237.743774
1448.730469	229.889481
1445.172852	232.583084
1441.613281	212.799911
1438.051758	208.479752
1434.488281	212.583023
1430.922852	211.773361
1427.356445	222.178467
1423.787109	215.760376
1420.216797	192.544800
1416.644531	191.746628
1413.070313	190.949173
1409.494141	201.337891
1405.916016	194.247574
1402.336914	185.069290
1398.754883	186.370575
1395.171875	182.786819
1391.585938	168.747116
1387.999023	179.114792
1384.410156	174.146820
1380.819336	164.310257
1377.226563	162.834183
1373.632813	180.138443
1370.036133	145.288010
1366.438477	142.434143
1362.837891	150.694229
1359.236328	143.675858
1355.632813	139.439560
1352.027344	132.434052
1348.419922	132.365845
1344.810547	123.985756
1341.199219	135.690964
1337.585938	119.014336
1333.970703	130.709915
1330.354492	126.495071
1326.735352	122.284515
1323.115234	118.078255
1319.493164	109.045166
1315.869141	121.405228
1312.242188	115.826866
1308.614258	104.052422
1304.984375	96.422501
1301.353516	103.256317
1297.719727	110.083000
1294.083984	102.461655
1290.446289	99.659294
1286.807617	103.042336
1283.166016	92.003372
1279.523438	98.131721
1275.877930	90.536064
1272.231445	93.916626
1268.582031	88.386459
1264.931641	96.558197
1261.279297	81.449966
1257.625000	78.671173
1253.968750	73.844009
1250.310547	81.322754
1246.650391	84.695496
1242.988281	74.411240
1239.324219	73.690094
1235.658203	74.333580
1231.990234	79.065979
1228.320313	73.574692
1224.648438	71.493553
1220.975586	63.289742
1217.299805	61.896271
1213.622070	65.262978
1209.943359	63.869869
1206.261719	64.515511
1202.578125	64.481697
1198.893555	52.915100
1195.206055	54.921463
1191.517578	65.057938
1187.826172	62.991779
1184.133789	50.773132
1180.438477	62.925587
1176.742188	59.511181
1173.042969	53.396702
1169.342773	48.639732
1165.639648	45.913330
1161.935547	48.588505
1158.228516	51.260830
1154.520508	64.716377
1150.809570	53.228088
1147.097656	49.159485
1143.382813	45.095154
1139.666992	45.744034
1135.948242	40.341045
1132.227539	43.679688
1128.505859	43.656578
1124.781250	42.290901
1121.055664	36.901077
1117.327148	37.552097
1113.596680	38.202408
1109.865234	35.502701
1106.130859	35.483864
1102.394531	38.141632
1098.657227	36.783783
1094.916992	32.753593
1091.174805	34.740437
1087.430664	34.721962
1083.684570	31.366611
1079.936523	28.014816
1076.186523	36.666527
1072.434570	29.317593
1068.680664	24.640285
1064.924805	28.620733
1061.166992	31.266434
1057.406250	27.925299
1053.644531	29.903980
1049.880859	24.574577
1046.114258	32.527309
1042.346680	24.548298
1038.576172	25.198273
1034.803711	28.498566
1031.030273	29.808102
1027.253906	23.833700
1023.475586	23.820919
1019.695313	25.792150
1015.913086	25.778305
1012.128906	23.121952
1008.342773	21.128712
1004.553711	19.137600
