4046.277344	22.011547
4043.892578	17.818871
4041.505859	28.289404
4039.119141	26.183563
4036.731445	25.126307
4034.342773	31.395487
4031.952148	24.060371
4029.561523	25.096560
4027.169922	21.950813
4024.777344	27.166456
4022.383789	28.200167
4019.989258	28.189013
4017.593750	36.526852
4015.197266	31.296339
4012.799805	23.984358
4010.401367	25.017242
4008.001953	27.091274
4005.601563	31.246771
4003.201172	20.822920
4000.798828	18.733192
3998.395508	26.007998
3995.991211	25.997673
3993.585938	31.184816
3991.180664	24.937943
3988.773438	25.966700
3986.365234	24.918119
3983.957031	26.983892
3981.546875	28.010586
3979.135742	36.295567
3976.724609	33.171307
3974.311523	42.483807
3971.898438	35.216434
3969.483398	26.919481
3967.068359	36.223312
3964.651367	33.105247
3962.234375	36.194416
3959.815430	26.876549
3957.396484	33.065620
3954.975586	32.019524
3952.554688	32.006729
3950.131836	24.769499
3947.708984	41.265987
3945.284180	28.874638
3942.859375	42.263798
3940.432617	36.064411
3938.005859	39.139965
3935.577148	36.035526
3933.148438	29.846043
3930.718750	34.977886
3928.287109	35.992210
3925.855469	34.949833
3923.421875	44.183525
3920.988281	34.921783
3918.552734	35.934460
3916.117188	35.920025
3913.680664	38.983215
3911.242188	41.018467
3908.803711	35.876724
3906.363281	33.813019
3903.922852	35.847862
3901.480469	35.833435
3899.038086	45.029606
3896.593750	45.011467
3894.149414	35.790150
3891.703125	45.997360
3889.256836	40.870056
3886.808594	45.960266
3884.360352	35.732452
3881.910156	52.046268
3879.459961	42.844330
3877.007813	45.886097
3874.555664	40.771164
3872.101563	45.849018
3869.646484	45.830482
3867.191406	42.757816
3864.734375	48.846310
3862.277344	42.723221
3859.818359	40.672310
3857.358398	40.655842
3854.897461	53.847168
3852.436523	55.856491
3849.973633	49.742882
3847.509766	39.575218
3845.044922	41.587841
3842.579102	57.793785
3840.113281	50.675724
3837.645508	55.720665
3835.176758	56.710724
3832.707031	60.736801
3830.236328	49.581562
3827.764648	57.653061
3825.291992	55.607525
3822.818359	58.616806
3820.343750	52.531612
3817.868164	64.627975
3815.390625	58.545250
3812.913086	68.611298
3810.434570	54.463242
3807.955078	63.514549
3805.473633	64.496414
3802.992188	59.433380
3800.509766	60.416065
3798.025391	61.397930
3795.541016	65.397316
3793.054688	61.347805
3790.568359	69.365067
3788.080078	65.317207
3785.591797	65.290504
3783.101563	79.320633
3780.610352	69.251709
3778.119141	64.207191
3775.625977	69.195045
3773.131836	65.157051
3770.636719	73.146416
3768.140625	75.119644
3765.643555	72.085304
3763.145508	74.057304
3760.646484	75.027306
3758.146484	75.996483
3755.645508	71.967133
3753.143555	83.927193
3750.639648	72.906784
3748.135742	83.858292
3745.630859	78.834328
3743.124023	71.819489
3740.617188	78.769547
3738.108398	82.723854
3735.599609	92.652458
3733.088867	78.672401
3730.577148	91.580788
3728.064453	83.582817
3725.551758	90.510773
3723.037109	84.508202
3720.521484	86.460991
3718.004883	79.471596
3715.487305	77.452858
3712.967773	94.294708
3710.448242	92.271484
3707.927734	85.291107
3705.406250	78.316467
3702.882813	94.139153
3700.359375	92.119209
3697.833984	83.170074
3695.308594	100.950500
3692.781250	97.940865
3690.252930	82.078087
3687.723633	104.779266
3685.193359	97.819389
3682.662109	106.667900
3680.129883	96.751175
3677.596680	101.645355
3675.062500	108.508324
3672.527344	112.407494
3669.990234	103.490303
3667.453125	106.403046
3664.915039	106.358917
3662.375000	108.283592
3659.833984	113.158600
3657.292969	105.243004
3654.750000	107.165649
3652.206055	108.103912
3649.661133	105.111938
3647.115234	112.923836
3644.568359	106.006134
3642.019531	110.867706
3639.470703	120.628822
3636.920898	97.051102
3634.369141	117.588753
3631.817383	112.642319
3629.263672	122.386322
3626.708984	137.994278
3624.153320	119.349564
3621.596680	128.100647
3619.039063	123.159950
3616.480469	133.856171
3613.920898	144.543442
3611.360352	135.697006
3608.797852	134.664551
3606.235352	120.952431
3603.670898	140.402237
3601.105469	136.445175
3598.540039	136.388168
3595.972656	134.383591
3593.404297	142.114517
3590.834961	142.055099
3588.264648	142.968277
3585.692383	139.019806
3583.120117	148.679230
3580.545898	165.129990
3577.971680	162.148026
3575.395508	158.197952
3572.818359	166.862885
3570.240234	160.974609
3567.661133	170.600342
3565.081055	149.212723
3562.500000	160.772232
3559.917969	173.290115
3557.333984	163.540451
3554.750000	176.046585
3552.164063	171.138260
3549.577148	201.993652
3546.989258	192.248108
3544.400391	181.545013
3541.810547	192.086563
3539.219727	190.076111
3536.626953	179.387268
3534.034180	185.096069
3531.439453	191.763657
3528.844727	179.160950
3526.248047	201.230530
3523.650391	193.446442
3521.051758	185.668854
3518.451172	198.091568
3515.850586	188.396042
3513.249023	207.532623
3510.645508	201.682770
3508.041016	209.277618
3505.436523	200.553085
3502.830078	219.652054
3500.222656	208.054062
3497.613281	217.549927
3495.003906	228.953644
3492.393555	241.305222
3489.781250	236.417496
3487.167969	233.447327
3484.553711	237.174042
3481.938477	234.205933
3479.322266	235.062424
3476.705078	225.411636
3474.086914	242.501389
3471.466797	239.535782
3468.845703	253.743195
3466.224609	236.472412
3463.601563	245.903397
3460.977539	253.420883
3458.351563	252.361176
3455.725586	255.109909
3453.098633	258.807739
3450.469727	255.844681
3447.839844	276.651367
3445.208984	268.931641
3442.577148	306.812897
3439.944336	281.996124
3437.310547	276.181885
3434.674805	283.653992
3432.039063	284.481720
3429.401367	293.839508
3426.762695	300.346863
3424.123047	286.960266
3421.481445	298.198151
3418.839844	288.608704
3416.197266	317.807404
3413.552734	302.544891
3410.907227	332.657684
3408.260742	295.674774
3405.613281	309.712494
3402.963867	326.569702
3400.314453	330.204285
3397.663086	337.607849
3395.011719	328.980164
3392.358398	334.493256
3389.704102	342.827057
3387.047852	353.036499
3384.391602	350.062744
3381.733398	365.903931
3379.075195	353.524750
3376.415039	363.711823
3373.753906	367.314117
3371.090820	363.401062
3368.427734	386.711212
3365.762695	390.298737
3363.097656	382.629272
3360.430664	392.777161
3357.762695	388.861053
3355.092773	408.363495
3352.422852	396.954132
3349.750977	415.500397
3347.079102	405.032898
3344.405273	401.119354
3341.729492	423.378082
3339.053711	419.459778
3336.376953	410.875671
3333.698242	427.500824
3331.018555	458.106720
3328.337891	450.449310
3325.656250	435.340668
3322.973633	418.381287
3320.289063	448.006683
3317.604492	433.849182
3314.917969	420.634308
3312.230469	449.289978
3309.541016	465.833435
3306.851563	479.574280
3304.160156	461.716919
3301.467773	484.733551
3298.774414	460.391602
3296.080078	490.811218
3293.384766	485.962921
3290.687500	529.323242
3287.990234	487.397766
3285.291016	487.187836
3282.589844	493.458649
3279.888672	516.381348
3277.186523	525.408936
3274.482422	522.408569
3271.777344	513.865356
3269.071289	528.424805
3266.364258	511.575256
3263.655273	535.353088
3260.945313	507.443268
3258.234375	547.802124
3255.522461	547.565552
3252.809570	568.521912
3250.095703	529.592957
3247.379883	568.951294
3244.663086	576.067261
3241.945313	556.501587
3239.226563	584.763550
3236.505859	578.996338
3233.784180	617.328857
3231.061523	581.250122
3228.337891	580.998474
3225.613281	601.848328
3222.886719	609.841125
3220.160156	613.243591
3217.431641	612.061646
3214.702148	604.469482
3211.970703	609.700195
3209.239258	625.907104
3206.505859	621.976929
3203.771484	607.078735
3201.035156	652.509216
3198.298828	656.793457
3195.560547	649.203613
3192.821289	655.310547
3190.081055	674.184082
3187.339844	682.098267
3184.596680	700.943359
3181.853516	694.260986
3179.108398	724.923279
3176.361328	719.146179
3173.614258	727.932556
3170.865234	713.973083
3168.115234	713.662415
3165.364258	716.077942
3162.612305	701.232910
3159.858398	729.073608
3157.104492	726.940979
3154.347656	740.231506
3151.590820	736.281921
3148.833008	748.650024
3146.073242	774.596497
3143.312500	749.808472
3140.550781	776.636536
3137.787109	755.487915
3135.023438	774.150208
3132.257813	801.835938
3129.491211	763.535034
3126.722656	801.135864
3123.954102	808.008423
3121.183594	812.167419
3118.412109	819.028687
3115.638672	807.851257
3112.865234	819.213989
3110.089844	807.144958
3107.313477	861.718628
3104.536133	828.940063
3101.756836	833.075623
3098.976563	819.222168
3096.195313	859.312317
3093.413086	831.981934
3090.628906	852.273315
3087.844727	851.899902
3085.058594	861.396790
3082.270508	896.895081
3079.482422	898.294861
3076.692383	853.991638
3073.901367	868.844238
3071.109375	915.019836
3068.315430	894.034973
3065.520508	908.849670
3062.724609	903.979980
3059.927734	924.139343
3057.128906	913.013123
3054.329102	924.220581
3051.528320	933.632813
3048.726563	937.683350
3045.922852	898.924194
3043.118164	955.578369
3040.312500	928.427917
3037.505859	979.675110
3034.697266	1005.950684
3031.887695	992.160461
3029.077148	1018.406860
3026.264648	1003.733643
3023.452148	965.968079
3020.637695	997.520020
3017.821289	1039.698364
3015.004883	1049.002441
3012.186523	1010.395142
3009.367188	1069.358398
3006.545898	1056.478516
3003.724609	1068.415283
3000.901367	1019.239929
2998.077148	1083.404907
2995.250977	1074.963989
2992.423828	1111.632080
2989.595703	1108.489258
2986.766602	1125.671021
2983.935547	1133.122314
2981.104492	1114.965698
2978.270508	1163.887329
2975.436523	1157.198608
2972.600586	1174.319214
2969.763672	1132.381836
2966.925781	1131.880859
2964.085938	1200.935547
2961.245117	1203.044067
2958.403320	1183.158691
2955.560547	1160.652588
2952.715820	1217.266479
2949.870117	1217.605591
2947.023438	1244.287598
2944.174805	1251.635498
2941.325195	1241.429810
2938.474609	1275.080200
2935.622070	1254.353760
2932.768555	1266.939697
2929.914063	1238.352539
2927.058594	1299.080200
2924.201172	1274.878296
2921.342773	1322.415894
2918.483398	1338.438721
2915.622070	1336.096436
2912.759766	1322.400879
2909.896484	1337.528076
2907.032227	1382.312378
2904.166016	1335.466553
2901.298828	1354.926147
2898.429688	1368.267456
2895.559570	1388.565430
2892.688477	1397.525391
2889.816406	1377.755493
2886.942383	1422.379761
2884.067383	1446.094116
2881.191406	1428.066162
2878.314453	1466.525513
2875.435547	1433.740723
2872.554688	1512.091309
2869.673828	1474.108643
2866.791016	1504.671997
2863.907227	1484.929810
2861.021484	1514.593628
2858.134766	1545.962646
2855.247070	1508.047363
2852.358398	1524.680176
2849.467773	1561.190918
2846.576172	1541.473511
2843.682617	1577.079102
2840.789063	1569.463989
2837.893555	1586.893311
2834.996094	1597.402466
2832.097656	1630.329712
2829.198242	1654.604736
2826.297852	1633.180176
2823.395508	1623.834595
2820.492188	1655.828003
2817.587891	1627.544800
2814.681641	1663.808350
2811.774414	1676.821411
2808.866211	1664.896118
2805.956055	1716.557251
2803.044922	1733.821411
2800.131836	1715.876465
2797.218750	1685.935425
2794.303711	1745.210815
2791.386719	1730.712158
2788.468750	1801.052002
2785.549805	1722.307007
2782.629883	1775.465210
2779.708008	1763.543945
2776.785156	1767.027954
2773.860352	1805.559448
2770.935547	1861.146240
2768.007813	1812.477783
2765.080078	1835.567749
2762.150391	1808.287598
2759.219727	1792.120239
2756.287109	1819.449463
2753.353516	1832.265869
2750.418945	1841.662964
2747.482422	1844.239258
2744.544922	1887.663940
2741.606445	1844.279297
2738.666016	1905.519897
2735.724609	1918.259521
2732.782227	1844.334839
2729.837891	1913.982422
2726.892578	1914.816528
2723.945313	1962.310303
2720.997070	1919.024658
2718.047852	1901.205933
2715.097656	1924.917358
2712.145508	1955.381470
2709.191406	1990.049805
2706.237305	1951.076660
2703.281250	1970.491699
2700.323242	1932.406738
2697.364258	1934.912598
2694.404297	1959.374146
2691.443359	1925.564941
2688.480469	1960.976685
2685.515625	1912.858032
2682.550781	1948.242310
2679.583984	1932.192383
2676.615234	1939.739868
2673.646484	1917.813965
2670.674805	1940.506958
2667.703125	1948.038574
2664.729492	1948.836792
2661.754883	1942.910889
2658.778320	1961.349121
2655.800781	1984.807495
2652.821289	1925.161621
2649.840820	1904.994507
2646.859375	1919.221680
2643.876953	1876.446411
2640.892578	1962.714111
2637.906250	1965.171509
2634.918945	1915.736328
2631.930664	1893.115112
2628.941406	1907.305420
2625.950195	1936.526367
2622.957031	1865.470947
2619.963867	1869.632202
2616.967773	1908.009888
2613.971680	1957.197388
2610.973633	1902.937134
2607.974609	1863.729004
2604.973633	1836.219604
2601.971680	1920.323486
2598.967773	1840.372925
2595.962891	1837.037842
2592.957031	1847.842651
2589.949219	1855.312012
2586.940430	1830.370850
2583.929688	1838.670654
2580.917969	1744.030518
2577.905273	1769.785156
2574.890625	1726.680664
2571.875000	1744.128906
2568.857422	1827.847046
2565.838867	1769.037598
2562.819336	1793.063477
2559.797852	1758.318359
2556.775391	1718.642090
2553.750977	1793.084351
2550.725586	1703.022339
2547.698242	1726.194824
2544.669922	1694.033447
2541.640625	1696.558350
2538.609375	1650.417480
2535.577148	1658.729858
2532.542969	1600.286743
2529.507813	1650.620239
2526.471680	1634.220947
2523.433594	1614.544556
2520.393555	1596.530762
2517.353516	1562.911987
2514.310547	1573.699463
2511.267578	1543.406616
2508.222656	1597.706177
2505.175781	1547.733765
2502.127930	1534.718628
2499.079102	1495.478394
2496.028320	1525.112915
2492.976563	1481.816650
2489.922852	1463.122437
2486.868164	1441.171387
2483.812500	1462.594360
2480.754883	1446.386108
2477.695313	1410.578369
2474.634766	1399.309326
2471.573242	1395.398804
2468.509766	1398.020386
2465.445313	1354.957153
2462.378906	1357.593994
2459.311523	1379.787964
2456.242188	1340.864380
2453.171875	1359.787720
2450.100586	1281.842651
2447.027344	1284.505005
2443.953125	1311.557861
2440.876953	1303.637573
2437.799805	1268.915894
2434.720703	1250.465820
2431.640625	1219.046509
2428.558594	1198.201904
2425.475586	1196.026123
2422.390625	1176.021118
2419.304688	1143.882568
2416.217773	1159.547974
2413.128906	1185.720337
2410.038086	1172.227417
2406.946289	1136.105469
2403.853516	1151.743896
2400.758789	1092.235962
2397.663086	1095.767090
2394.565430	1104.137451
2391.466797	1064.094971
2388.366211	1058.763062
2385.264648	1059.883789
2382.161133	1023.138916
2379.056641	1017.832458
2375.950195	1008.506226
2372.842773	1003.210754
2369.734375	978.620911
2366.624023	953.249817
2363.511719	968.874207
2360.398438	956.378662
2357.284180	947.104858
2354.167969	932.223633
2351.049805	920.563416
2347.930664	903.303162
2344.810547	881.251831
2341.688477	855.216980
2338.564453	874.828369
2335.439453	869.620544
2332.313477	872.413818
2329.185547	887.193237
2326.056641	850.828979
2322.925781	833.663025
2319.792969	775.806824
2316.660156	807.356018
2313.524414	779.069763
2310.387695	793.052612
2307.250000	774.358826
2304.110352	760.460022
2300.969727	778.410828
2297.827148	758.953735
2294.682617	724.406189
2291.537109	724.067322
2288.390625	712.606506
2285.242188	722.595764
2282.092773	673.048767
2278.941406	702.879639
2275.788086	696.206848
2272.633789	667.347961
2269.478516	636.139282
2266.321289	668.306152
2263.162109	647.414795
2260.001953	661.350708
2256.840820	622.295227
2253.676758	611.728638
2250.512695	598.801880
2247.346680	609.575134
2244.178711	573.773315
2241.009766	590.069824
2237.838867	585.850037
2234.666992	573.752808
2231.493164	586.087036
2228.318359	560.615173
2225.141602	549.333252
2221.963867	540.421631
2218.784180	557.465149
2215.602539	535.197449
2212.419922	523.162415
2209.236328	527.626892
2206.050781	514.036804
2202.863281	493.399567
2199.674805	504.927643
2196.485352	491.366913
2193.292969	506.017944
2190.100586	486.205597
2186.905273	475.802643
2183.709961	463.062744
2180.511719	468.316803
2177.312500	466.532593
2174.112305	445.222595
2170.910156	442.669922
2167.706055	424.512421
2164.500977	429.771484
2161.294922	431.906952
2158.085938	413.000610
2154.876953	415.141693
2151.665039	399.374878
2148.452148	399.185669
2145.238281	401.329803
2142.022461	422.129425
2138.804688	377.638336
2135.585938	400.759186
2132.365234	378.056427
2129.143555	377.101074
2125.919922	363.737518
2122.695313	358.913635
2119.468750	371.915161
2116.240234	336.887939
2113.010742	343.694611
2109.780273	334.246582
2106.546875	333.314240
2103.312500	340.112518
2100.077148	326.816223
2096.839844	325.888397
2093.600586	334.223907
2090.360352	317.091461
2087.119141	299.975189
2083.875000	303.686127
2080.629883	301.230103
2077.383789	286.455658
2074.135742	300.173157
2070.885742	283.105164
2067.634766	299.886719
2064.381836	297.437805
2061.127930	275.017792
2057.871094	259.529602
2054.614258	257.870636
2051.355469	267.719727
2048.094727	246.123032
2044.832031	258.267242
2041.568359	261.207703
2038.303711	261.848328
2035.037109	247.948059
2031.768555	239.415344
2028.498047	260.707733
2025.226563	241.478485
2021.954102	229.141830
2018.678711	226.741638
2015.403320	215.186768
2012.125000	228.049545
2008.845703	237.850540
2005.564453	216.401031
2002.282227	211.727432
1998.998047	197.923340
1995.712891	201.632614
1992.424805	212.182846
1989.136719	194.597443
1985.845703	201.341873
1982.553711	203.523224
1979.260742	169.268036
1975.964844	193.464432
1972.667969	185.788071
1969.370117	168.265625
1966.070313	178.033173
1962.768555	191.577362
1959.465820	190.728119
1956.161133	174.749756
1952.854492	176.177689
1949.546875	164.000443
1946.237305	171.475235
1942.925781	151.761551
1939.613281	169.800262
1936.298828	150.106308
1932.982422	163.604614
1929.665039	155.989761
1926.346680	149.135406
1923.025391	135.512024
1919.703125	153.505936
1916.378906	145.158325
1913.053711	151.853775
1909.726563	137.503830
1906.397461	146.449448
1903.067383	132.866577
1899.735352	147.057724
1896.401367	122.238655
1893.066406	130.424561
1889.729492	122.119995
1886.390625	113.074623
1883.050781	122.001373
1879.708984	119.697746
1876.365234	120.387299
1873.020508	119.581360
1869.673828	111.305962
1866.326172	113.491760
1862.975586	117.914261
1859.624023	112.635330
1856.271484	105.870361
1852.916016	105.818764
1849.559570	107.256859
1846.202148	103.482170
1842.841797	101.943459
1839.480469	98.174965
1836.118164	112.251381
1832.752930	101.051216
1829.386719	105.457809
1826.018555	101.694794
1822.649414	106.096687
1819.278320	86.763931
1815.905273	88.203911
1812.531250	94.828362
1809.154297	84.415169
1805.777344	88.814560
1802.397461	92.469849
1799.016602	93.163933
1795.633789	82.771797
1792.249023	83.469879
1788.863281	75.307533
1785.475586	76.746475
1782.085938	78.183968
1778.694336	81.831688
1775.301758	68.528008
1771.907227	77.332314
1768.510742	72.877480
1765.113281	65.483902
1761.713867	70.599579
1758.312500	66.889587
1754.910156	64.652596
1751.505859	69.761047
1748.099609	68.258751
1744.691406	67.491516
1741.282227	57.926098
1737.871094	61.561935
1734.458008	60.066528
1731.042969	65.161987
1727.626953	69.520599
1724.208984	62.903355
1720.790039	54.099403
1717.368164	61.379787
1713.945313	54.776287
1710.520508	62.779083
1707.093750	51.803600
1703.666016	58.341366
1700.236328	59.770294
1696.804688	62.654873
1693.371094	53.157440
1689.936523	49.491978
1686.500000	51.649826
1683.061523	45.080296
1679.622070	47.238152
1676.179688	50.846603
1672.736328	45.013203
1669.291016	47.893478
1665.844727	47.144382
1662.396484	44.946136
1658.945313	43.474632
1655.494141	38.383488
1652.040039	38.364388
1648.584961	42.686264
1645.126953	41.941872
1641.668945	41.920975
1638.208008	46.956989
1634.745117	41.157139
1631.281250	37.528137
1627.815430	36.788078
1624.347656	39.653614
1620.878906	36.751358
1617.408203	35.292488
1613.935547	30.235590
1610.460938	35.976757
1606.984375	33.801239
1603.506836	28.033806
1600.027344	36.641247
1596.545898	25.133364
1593.062500	25.120777
1589.577148	38.020973
1586.090820	32.982796
1582.602539	35.832890
1579.112305	34.382320
1575.620117	32.217251
1572.126953	27.907600
1568.630859	32.184906
1565.133789	25.020130
1561.634766	25.007555
1558.133789	24.994984
1554.631836	23.554846
1551.127930	30.677235
1547.621094	24.957273
1544.114258	23.519295
1540.604492	22.082752
1537.092773	22.783611
1533.580078	17.790724
1530.065430	24.183182
1526.548828	29.147358
1523.030273	22.027122
1519.509766	28.407743
1515.988281	21.295044
1512.463867	18.446379
1508.938477	18.437054
1505.411133	26.932835
1501.882813	18.418406
1498.351563	24.073418
1494.818359	19.815128
1491.284180	20.512417
1487.748047	21.208988
1484.209961	24.731276
1480.669922	14.124990
1477.128906	14.823715
1473.584961	14.110658
1470.040039	20.450066
1466.493164	13.391512
1462.944336	19.724831
1459.393555	14.786102
1455.840820	14.778583
1452.287109	14.067678
1448.730469	17.575647
1445.172852	19.674702
1441.613281	14.046199
1438.051758	14.039041
1434.488281	14.031883
1430.922852	18.232143
1427.356445	10.513177
1423.787109	16.111975
1420.216797	19.604563
1416.644531	16.095520
1413.070313	13.988951
1409.494141	20.972696
1405.916016	18.167040
1402.336914	11.173995
1398.754883	13.262325
1395.171875	16.046171
1391.585938	12.551438
1387.999023	10.454170
1384.410156	10.448810
1380.819336	13.228368
1377.226563	13.917451
1373.632813	6.955153
1370.036133	6.256422
1366.438477	11.116811
1362.837891	12.499983
1359.236328	9.717208
1355.632813	9.712208
1352.027344	7.627092
1348.419922	8.316179
1344.810547	12.467841
1341.199219	12.461414
1337.585938	13.146933
1333.970703	10.373802
1330.354492	6.912299
1326.735352	9.672222
1323.115234	11.738774
1319.493164	13.113026
1315.869141	10.347036
1312.242188	11.031130
1308.614258	5.512711
1304.984375	12.397179
1301.353516	9.637256
1297.719727	6.880188
1294.083984	5.501297
1290.446289	3.436527
1286.807617	7.556438
1283.166016	6.179331
1279.523438	9.607301
1275.877930	11.659948
1272.231445	9.597320
1268.582031	6.166497
1264.931641	8.902529
1261.279297	9.582350
1257.625000	8.209166
1253.968750	4.786186
1250.310547	0.683384
1246.650391	2.049085
1242.988281	5.461375
1239.324219	4.093894
1235.658203	5.455676
1231.990234	7.497636
1228.320313	6.131224
1224.648438	4.766237
1220.975586	7.485884
1217.299805	4.081073
1213.622070	6.798227
1209.943359	5.435733
1206.261719	6.111996
1202.578125	4.751283
1198.893555	3.391994
1195.206055	6.780427
1191.517578	0.677687
1187.826172	4.063986
1184.133789	5.415801
1180.438477	8.119431
1176.742188	2.705054
1173.042969	6.759076
1169.342773	6.079967
1165.639648	2.025588
1161.935547	6.073563
1158.228516	5.395877
1154.520508	4.044774
1150.809570	6.063959
1147.097656	3.367088
1143.382813	2.019186
1139.666992	6.727064
1135.948242	4.706456
1132.227539	2.015986
1128.505859	2.014919
1124.781250	0.671284
1121.055664	1.341857
1117.327148	3.352866
1113.596680	3.351089
1109.865234	2.009587
1106.130859	2.678027
1102.394531	4.684060
1098.657227	6.019165
1094.916992	2.673763
1091.174805	3.340427
1087.430664	2.670920
1083.684570	2.002124
1079.936523	0.667019
1076.186523	-1.333328
1072.434570	2.665236
1068.680664	0.000000
1064.924805	2.662394
1061.166992	3.991460
1057.406250	0.000000
1053.644531	1.993599
1049.880859	3.985067
1046.114258	1.991468
1042.346680	2.653870
1038.576172	2.652450
1034.803711	7.290331
1031.030273	0.662402
1027.253906	0.000000
1023.475586	3.970153
1019.695313	3.306686
1015.913086	3.304911
1012.128906	3.303136
1008.342773	2.641089
1004.553711	0.000000
