4046.277344	206.489273
4043.892578	222.211807
4041.505859	228.410751
4039.119141	245.078156
4036.731445	243.934555
4034.342773	226.047516
4031.952148	215.497238
4029.561523	236.325928
4027.169922	216.372299
4024.777344	234.049469
4022.383789	243.356995
4019.989258	233.864395
4017.593750	260.906097
4015.197266	254.543549
4012.799805	267.999146
4010.401367	246.002899
4008.001953	276.122589
4005.601563	264.556000
4003.201172	277.985962
4000.798828	265.386902
3998.395508	286.087982
3995.991211	250.617569
3993.585938	273.386902
3991.180664	289.903564
3988.773438	297.059021
3986.365234	276.175842
3983.957031	266.725403
3981.546875	273.881287
3979.135742	285.179443
3976.724609	297.505157
3974.311523	282.879974
3971.898438	297.268158
3969.483398	293.008209
3967.068359	298.066132
3964.651367	306.223541
3962.234375	310.237854
3959.815430	327.687134
3957.396484	320.323181
3954.975586	319.162354
3952.554688	329.359558
3950.131836	345.740906
3947.708984	333.222870
3945.284180	329.995850
3942.859375	328.832977
3940.432617	333.853394
3938.005859	348.139709
3935.577148	350.059418
3933.148438	362.269226
3930.718750	341.548767
3928.287109	338.326752
3925.855469	360.805634
3923.421875	348.330566
3920.988281	366.678741
3918.552734	337.783936
3916.117188	396.146576
3913.680664	375.469910
3911.242188	349.682434
3908.803711	392.593903
3906.363281	384.238861
3903.922852	392.278046
3901.480469	382.905823
3899.038086	385.821869
3896.593750	397.942291
3894.149414	398.804535
3891.703125	407.843262
3889.256836	390.309021
3886.808594	432.026520
3884.360352	423.684784
3881.910156	409.226563
3879.459961	431.503601
3877.007813	431.329315
3874.555664	441.347839
3872.101563	446.263794
3869.646484	465.434021
3867.191406	446.920990
3864.734375	463.022308
3862.277344	465.886566
3859.818359	459.597107
3857.358398	456.361816
3854.897461	484.624481
3852.436523	481.381378
3849.973633	499.459137
3847.509766	484.035370
3845.044922	514.269165
3842.579102	512.032654
3840.113281	517.905884
3837.645508	513.643188
3835.176758	506.345734
3832.707031	562.827698
3830.236328	566.646423
3827.764648	559.335876
3825.291992	567.196777
3822.818359	579.093628
3820.343750	580.878418
3817.868164	575.592896
3815.390625	593.527710
3812.913086	598.330872
3810.434570	604.138550
3807.955078	627.080200
3805.473633	605.661621
3802.992188	637.649658
3800.509766	639.403381
3798.025391	644.175049
3795.541016	636.869263
3793.054688	628.563538
3790.568359	686.613647
3788.080078	663.220825
3785.591797	675.003418
3783.101563	647.617798
3780.610352	713.593689
3778.119141	697.249939
3775.625977	704.987183
3773.131836	703.696167
3770.636719	737.476196
3768.140625	737.174072
3765.643555	710.841187
3763.145508	747.578491
3760.646484	710.258484
3758.146484	772.964233
3755.645508	762.651672
3753.143555	758.342163
3750.639648	774.010437
3748.135742	794.657166
3745.630859	810.297180
3743.124023	830.911560
3740.617188	797.666321
3738.108398	822.255188
3735.599609	815.939392
3733.088867	870.375671
3730.577148	865.040283
3728.064453	831.848083
3725.551758	852.392639
3723.037109	859.001038
3720.521484	854.671875
3718.004883	884.121521
3715.487305	914.539551
3712.967773	915.154968
3710.448242	913.785339
3707.927734	930.268127
3705.406250	930.875488
3702.882813	975.083374
3700.359375	940.012146
3697.833984	953.485535
3695.308594	961.998901
3692.781250	1012.055603
3690.252930	1010.648254
3687.723633	990.460571
3685.193359	991.038879
3682.662109	1009.394409
3680.129883	1010.951050
3677.596680	1047.045776
3675.062500	1040.693481
3672.527344	1051.108643
3669.990234	1082.212891
3667.453125	1102.453735
3664.915039	1090.178955
3662.375000	1089.726685
3659.833984	1117.810181
3657.292969	1141.935791
3654.750000	1134.579468
3652.206055	1152.780762
3649.661133	1139.531250
3647.115234	1155.750854
3644.568359	1149.381348
3642.019531	1164.601563
3639.470703	1196.481079
3636.920898	1201.865234
3634.369141	1215.083740
3631.817383	1200.864990
3629.263672	1265.964111
3626.708984	1252.713989
3624.153320	1267.844604
3621.596680	1307.408813
3619.039063	1315.661011
3616.480469	1299.479614
3613.920898	1320.423950
3611.360352	1315.968140
3608.797852	1374.944580
3606.235352	1411.436768
3603.670898	1414.747559
3601.105469	1413.182129
3598.540039	1463.250244
3595.972656	1477.245728
3593.404297	1470.787964
3590.834961	1473.092041
3588.264648	1483.174194
3585.692383	1549.633301
3583.120117	1548.013062
3580.545898	1564.849487
3577.971680	1592.351807
3575.395508	1621.771729
3572.818359	1637.584595
3570.240234	1621.382813
3567.661133	1673.046631
3565.081055	1681.065430
3562.500000	1701.667603
3559.917969	1648.676392
3557.333984	1750.560303
3554.750000	1739.185425
3552.164063	1808.070923
3549.577148	1824.708252
3546.989258	1862.584595
3544.400391	1850.214111
3541.810547	1826.270264
3539.219727	1894.007202
3536.626953	1916.357544
3534.034180	1937.724487
3531.439453	1937.872925
3528.844727	1954.395630
3526.248047	1988.234619
3523.650391	2026.856812
3521.051758	2017.344971
3518.451172	2087.654297
3515.850586	2060.822021
3513.249023	2169.484619
3510.645508	2085.015625
3508.041016	2179.175293
3505.436523	2199.366943
3502.830078	2207.071533
3500.222656	2144.778564
3497.613281	2279.003174
3495.003906	2284.746582
3492.393555	2311.550781
3489.781250	2373.746582
3487.167969	2350.738037
3484.553711	2376.522217
3481.938477	2444.345215
3479.322266	2446.177979
3476.705078	2507.226807
3474.086914	2482.297607
3471.466797	2558.547363
3468.845703	2576.542725
3466.224609	2572.591064
3463.601563	2635.359863
3460.977539	2642.817871
3458.351563	2701.693115
3455.725586	2645.337402
3453.098633	2760.298584
3450.469727	2773.394287
3447.839844	2802.639893
3445.208984	2867.020508
3442.577148	2810.710205
3439.944336	2928.202148
3437.310547	2901.333496
3434.674805	2961.764893
3432.039063	3028.782227
3429.401367	3052.139404
3426.762695	3064.106689
3424.123047	3062.803711
3421.481445	3112.620605
3418.839844	3182.265869
3416.197266	3188.478516
3413.552734	3271.266602
3410.907227	3239.632324
3408.260742	3310.045898
3405.613281	3330.353516
3402.963867	3439.364258
3400.314453	3471.862305
3397.663086	3465.667236
3395.011719	3543.370850
3392.358398	3547.512939
3389.704102	3608.160645
3387.047852	3622.625244
3384.391602	3693.538330
3381.733398	3755.924072
3379.075195	3768.423584
3376.415039	3795.948486
3373.753906	3844.115967
3371.090820	3893.180176
3368.427734	3975.991943
3365.762695	4004.314941
3363.097656	4087.005859
3360.430664	4073.071045
3357.762695	4173.462891
3355.092773	4253.162109
3352.422852	4253.213867
3349.750977	4315.963379
3347.079102	4316.921387
3344.405273	4430.078125
3341.729492	4431.917969
3339.053711	4555.202637
3336.376953	4655.034668
3333.698242	4688.507813
3331.018555	4686.497070
3328.337891	4671.429688
3325.656250	4771.967773
3322.973633	4858.440918
3320.289063	4952.290039
3317.604492	5002.299316
3314.917969	5070.876953
3312.230469	5096.604492
3309.541016	5224.586914
3306.851563	5232.564453
3304.160156	5313.925293
3301.467773	5321.854492
3298.774414	5389.180664
3296.080078	5441.602539
3293.384766	5570.025391
3290.687500	5627.883301
3287.990234	5686.616211
3285.291016	5807.353027
3282.589844	5802.073730
3279.888672	5795.872070
3277.186523	5806.323730
3274.482422	6006.312012
3271.777344	6010.191406
3269.071289	6042.704102
3266.364258	6178.609863
3263.655273	6235.940430
3260.945313	6364.261230
3258.234375	6466.646973
3255.522461	6439.887207
3252.809570	6572.555176
3250.095703	6560.505371
3247.379883	6856.875977
3244.663086	6769.250488
3241.945313	6861.066895
3239.226563	6855.341309
3236.505859	6997.584473
3233.784180	7123.166992
3231.061523	7112.738281
3228.337891	7248.254395
3225.613281	7331.356445
3222.886719	7339.186035
3220.160156	7511.088379
3217.431641	7652.603027
3214.702148	7649.286133
3211.970703	7618.506348
3209.239258	7720.436035
3206.505859	7943.926270
3203.771484	8005.393555
3201.035156	8084.168945
3198.298828	8226.817383
3195.560547	8151.112305
3192.821289	8385.785156
3190.081055	8394.002930
3187.339844	8565.440430
3184.596680	8570.833008
3181.853516	8693.750977
3179.108398	8871.203125
3176.361328	8987.506836
3173.614258	8901.705078
3170.865234	9120.665039
3168.115234	9161.243164
3165.364258	9304.469727
3162.612305	9324.944336
3159.858398	9442.547852
3157.104492	9489.256836
3154.347656	9543.180664
3151.590820	9703.144531
3148.833008	9931.848633
3146.073242	9971.911133
3143.312500	10055.402344
3140.550781	10101.706055
3137.787109	10244.777344
3135.023438	10416.661133
3132.257813	10516.073242
3129.491211	10579.251953
3126.722656	10812.172852
3123.954102	10988.011719
3121.183594	10940.797852
3118.412109	11037.042969
3115.638672	11156.642578
3112.865234	11238.282227
3110.089844	11400.022461
3107.313477	11503.087891
3104.536133	11646.563477
3101.756836	11694.545898
3098.976563	11747.878906
3096.195313	11864.981445
3093.413086	11946.039063
3090.628906	12098.868164
3087.844727	12298.239258
3085.058594	12401.421875
3082.270508	12812.145508
3079.482422	12728.533203
3076.692383	12908.446289
3073.901367	13070.283203
3071.109375	13166.616211
3068.315430	13344.299805
3065.520508	13387.642578
3062.724609	13606.195313
3059.927734	13837.958984
3057.128906	13943.550781
3054.329102	13940.997070
3051.528320	13923.267578
3048.726563	14200.862305
3045.922852	14405.973633
3043.118164	14710.737305
3040.312500	14616.057617
3037.505859	14778.843750
3034.697266	14849.790039
3031.887695	15031.008789
3029.077148	15133.792969
3026.264648	15384.952148
3023.452148	15610.115234
3020.637695	15631.663086
3017.821289	15874.267578
3015.004883	16080.266602
3012.186523	16158.337891
3009.367188	16358.701172
3006.545898	16430.367188
3003.724609	16562.208984
3000.901367	16705.439453
2998.077148	17017.599609
2995.250977	17044.593750
2992.423828	17213.937500
2989.595703	17351.304688
2986.766602	17571.601563
2983.935547	17565.603516
2981.104492	17930.378906
2978.270508	17832.447266
2975.436523	18015.076172
2972.600586	18214.291016
2969.763672	18335.773438
2966.925781	18492.378906
2964.085938	18562.554688
2961.245117	18827.156250
2958.403320	18919.982422
2955.560547	19031.185547
2952.715820	19267.966797
2949.870117	19504.531250
2947.023438	19618.822266
2944.174805	19857.644531
2941.325195	19872.527344
2938.474609	20036.472656
2935.622070	20236.207031
2932.768555	20180.791016
2929.914063	20523.021484
2927.058594	20656.599609
2924.201172	20944.054688
2921.342773	20908.515625
2918.483398	21347.705078
2915.622070	21298.023438
2912.759766	21599.505859
2909.896484	21736.578125
2907.032227	22005.296875
2904.166016	22129.841797
2901.298828	22396.388672
2898.429688	22374.222656
2895.559570	22782.402344
2892.688477	22943.796875
2889.816406	23211.220703
2886.942383	23139.986328
2884.067383	23360.984375
2881.191406	23531.365234
2878.314453	23699.851563
2875.435547	24036.648438
2872.554688	24249.880859
2869.673828	24093.304688
2866.791016	24647.134766
2863.907227	25027.958984
2861.021484	25047.115234
2858.134766	25339.064453
2855.247070	25271.480469
2852.358398	25712.753906
2849.467773	25812.843750
2846.576172	26152.312500
2843.682617	26254.693359
2840.789063	26420.031250
2837.893555	26795.011719
2834.996094	26939.230469
2832.097656	27100.564453
2829.198242	27352.279297
2826.297852	27387.439453
2823.395508	27604.326172
2820.492188	27797.761719
2817.587891	28096.017578
2814.681641	28127.308594
2811.774414	28287.546875
2808.866211	28385.748047
2805.956055	28680.595703
2803.044922	29095.394531
2800.131836	29018.828125
2797.218750	29249.478516
2794.303711	29434.458984
2791.386719	29356.958984
2788.468750	29938.419922
2785.549805	29703.158203
2782.629883	30099.015625
2779.708008	30303.691406
2776.785156	30385.867188
2773.860352	30530.369141
2770.935547	30740.529297
2768.007813	30908.638672
2765.080078	30969.869141
2762.150391	31083.943359
2759.219727	31193.638672
2756.287109	31344.152344
2753.353516	31442.535156
2750.418945	31796.369141
2747.482422	31833.136719
2744.544922	31971.136719
2741.606445	31946.523438
2738.666016	32092.832031
2735.724609	32455.726563
2732.782227	32395.218750
2729.837891	32403.535156
2726.892578	32620.630859
2723.945313	32825.640625
2720.997070	32663.275391
2718.047852	32759.568359
2715.097656	32987.929688
2712.145508	33079.734375
2709.191406	32951.363281
2706.237305	33009.238281
2703.281250	33010.386719
2700.323242	33179.742188
2697.364258	33301.621094
2694.404297	33534.859375
2691.443359	33472.414063
2688.480469	33519.707031
2685.515625	33493.570313
2682.550781	33383.988281
2679.583984	33619.136719
2676.615234	33726.039063
2673.646484	33782.316406
2670.674805	33703.054688
2667.703125	33676.843750
2664.729492	33708.656250
2661.754883	33576.558594
2658.778320	33731.003906
2655.800781	33549.460938
2652.821289	33478.843750
2649.840820	33617.156250
2646.859375	33411.562500
2643.876953	33139.937500
2640.892578	33487.605469
2637.906250	33633.988281
2634.918945	33392.730469
2631.930664	33354.964844
2628.941406	33071.386719
2625.950195	33118.195313
2622.957031	33327.855469
2619.963867	33230.019531
2616.967773	33280.000000
2613.971680	33243.992188
2610.973633	32936.992188
2607.974609	32646.095703
2604.973633	32574.570313
2601.971680	32693.798828
2598.967773	32583.173828
2595.962891	32513.406250
2592.957031	32369.679688
2589.949219	32200.304688
2586.940430	31943.833984
2583.929688	31870.291016
2580.917969	31560.228516
2577.905273	31668.617188
2574.890625	31611.027344
2571.875000	31405.925781
2568.857422	31285.517578
2565.838867	31145.332031
2562.819336	31153.443359
2559.797852	30673.347656
2556.775391	30506.310547
2553.750977	30349.335938
2550.725586	30301.568359
2547.698242	30047.353516
2544.669922	29759.511719
2541.640625	29707.925781
2538.609375	29228.306641
2535.577148	29253.662109
2532.542969	29062.261719
2529.507813	28850.437500
2526.471680	28761.464844
2523.433594	28514.568359
2520.393555	28294.208984
2517.353516	27986.894531
2514.310547	27945.287109
2511.267578	27706.572266
2508.222656	27610.925781
2505.175781	27489.917969
2502.127930	27042.544922
2499.079102	26814.486328
2496.028320	26550.568359
2492.976563	26244.291016
2489.922852	26163.445313
2486.868164	25806.869141
2483.812500	25425.255859
2480.754883	25263.925781
2477.695313	25230.228516
2474.634766	24683.556641
2471.573242	24635.443359
2468.509766	24550.640625
2465.445313	24328.863281
2462.378906	24008.623047
2459.311523	23803.583984
2456.242188	23426.025391
2453.171875	23372.876953
2450.100586	23114.675781
2447.027344	22847.755859
2443.953125	22582.701172
2440.876953	22185.408203
2437.799805	22133.728516
2434.720703	21976.531250
2431.640625	21810.542969
2428.558594	21582.236328
2425.475586	21302.238281
2422.390625	21281.039063
2419.304688	20970.640625
2416.217773	20663.759766
2413.128906	20510.128906
2410.038086	20093.708984
2406.946289	19816.751953
2403.853516	19788.173828
2400.758789	19589.962891
2397.663086	19266.767578
2394.565430	19077.041016
2391.466797	18772.119141
2388.366211	18525.531250
2385.264648	18385.558594
2382.161133	18174.009766
2379.056641	17910.308594
2375.950195	17741.017578
2372.842773	17622.560547
2369.734375	17376.351563
2366.624023	17113.486328
2363.511719	16909.505859
2360.398438	16753.087891
2357.284180	16557.480469
2354.167969	16418.207031
2351.049805	16208.491211
2347.930664	15927.631836
2344.810547	15746.368164
2341.688477	15658.958008
2338.564453	15353.917969
2335.439453	15295.561523
2332.313477	15028.547852
2329.185547	14999.959961
2326.056641	14789.245117
2322.925781	14684.925781
2319.792969	14550.369141
2316.660156	14329.771484
2313.524414	14110.970703
2310.387695	13747.307617
2307.250000	13762.396484
2304.110352	13609.447266
2300.969727	13320.535156
2297.827148	13335.787109
2294.682617	13072.708984
2291.537109	12968.833008
2288.390625	12840.421875
2285.242188	12618.427734
2282.092773	12428.384766
2278.941406	12374.172852
2275.788086	12117.012695
2272.633789	11833.933594
2269.478516	11860.076172
2266.321289	11669.227539
2263.162109	11488.050781
2260.001953	11387.731445
2256.840820	11186.290039
2253.676758	11196.056641
2250.512695	10919.049805
2247.346680	10722.837891
2244.178711	10689.388672
2241.009766	10472.950195
2237.838867	10341.081055
2234.666992	10220.366211
2231.493164	10100.547852
2228.318359	9869.031250
2225.141602	9721.939453
2221.963867	9689.044922
2218.784180	9597.993164
2215.602539	9404.072266
2212.419922	9320.303711
2209.236328	9077.223633
2206.050781	9028.998047
2202.863281	8863.150391
2199.674805	8728.035156
2196.485352	8631.443359
2193.292969	8469.925781
2190.100586	8534.043945
2186.905273	8349.241211
2183.709961	8256.126953
2180.511719	8123.224609
2177.312500	7948.246094
2174.112305	7895.280273
2170.910156	7735.402832
2167.706055	7638.102051
2164.500977	7567.410156
2161.294922	7507.696777
2158.085938	7282.057617
2154.876953	7249.791504
2151.665039	7121.796387
2148.452148	7058.505371
2145.238281	6891.828613
2142.022461	6859.797363
2138.804688	6691.036621
2135.585938	6715.822754
2132.365234	6550.390137
2129.143555	6572.111328
2125.919922	6375.876953
2122.695313	6381.375977
2119.468750	6268.319824
2116.240234	6126.713867
2113.010742	5997.625488
2109.780273	5940.613770
2106.546875	5857.359863
2103.312500	5809.740234
2100.077148	5736.667969
2096.839844	5653.623047
2093.600586	5532.833496
2090.360352	5457.676270
2087.119141	5381.045898
2083.875000	5351.504395
2080.629883	5291.172363
2077.383789	5160.822266
2074.135742	5073.696289
2070.885742	5044.349121
2067.634766	4971.199219
2064.381836	4935.008301
2061.127930	4775.168945
2057.871094	4791.315918
2054.614258	4695.394531
2051.355469	4625.644531
2048.094727	4601.197266
2044.832031	4517.761230
2041.568359	4412.954590
2038.303711	4368.732422
2035.037109	4303.123047
2031.768555	4262.052246
2028.498047	4173.617676
2025.226563	4128.059570
2021.954102	4040.534424
2018.678711	3975.231445
2015.403320	3871.835693
2012.125000	3910.401367
2008.845703	3836.864502
2005.564453	3767.968506
2002.282227	3717.415771
1998.998047	3625.803223
1995.712891	3581.451660
1992.424805	3528.775635
1989.136719	3468.547363
1985.845703	3450.163818
1982.553711	3336.110352
1979.260742	3322.359619
1975.964844	3283.584473
1972.667969	3234.987305
1969.370117	3121.251709
1966.070313	3127.323242
1962.768555	3108.399414
1959.465820	3025.916748
1956.161133	2925.356445
1952.854492	2919.407959
1949.546875	2959.565674
1946.237305	2874.287598
1942.925781	2820.046875
1939.613281	2728.124023
1936.298828	2746.417480
1932.982422	2693.821777
1929.665039	2600.582764
1926.346680	2608.363037
1923.025391	2537.839111
1919.703125	2552.412598
1916.378906	2483.486084
1913.053711	2431.915527
1909.726563	2427.731445
1906.397461	2374.734131
1903.067383	2335.299072
1899.735352	2328.163818
1896.401367	2332.283691
1893.066406	2265.189697
1889.729492	2174.934814
1886.390625	2164.892334
1883.050781	2154.858643
1879.708984	2097.702881
1876.365234	2076.493896
1873.020508	2029.146240
1869.673828	2040.111206
1866.326172	2012.985352
1862.975586	1956.779663
1859.624023	1908.087280
1856.271484	1849.003540
1852.916016	1894.304932
1849.559570	1821.132080
1846.202148	1791.953857
1842.841797	1770.244507
1839.480469	1772.355591
1836.118164	1714.993042
1832.752930	1708.954346
1829.386719	1696.979614
1826.018555	1638.251099
1822.649414	1650.063110
1819.278320	1628.492310
1815.905273	1601.753296
1812.531250	1507.622803
1809.154297	1517.251587
1805.777344	1475.061890
1802.397461	1479.517578
1799.016602	1469.919922
1795.633789	1450.723511
1792.249023	1440.409424
1788.863281	1383.591309
1785.475586	1352.656616
1782.085938	1304.787231
1778.694336	1292.350952
1775.301758	1289.505493
1771.907227	1255.729492
1768.510742	1247.750854
1765.113281	1258.173950
1761.713867	1197.986572
1758.312500	1148.883789
1754.910156	1148.318237
1751.505859	1177.860229
1748.099609	1138.379883
1744.691406	1123.880371
1741.282227	1121.126709
1737.871094	1091.991455
1734.458008	1065.082153
1731.042969	1044.788330
1727.626953	1035.490967
1724.208984	1022.545227
1720.790039	1016.191528
1717.368164	958.693787
1713.945313	985.242859
1710.520508	977.455688
1707.093750	941.949951
1703.666016	942.213074
1700.236328	897.283325
1696.804688	889.553528
1693.371094	892.753723
1689.936523	872.660034
1686.500000	902.780762
1683.061523	812.899536
1679.622070	849.559937
1676.179688	805.555481
1672.736328	782.648926
1669.291016	766.295654
1665.844727	761.563110
1662.396484	729.287292
1658.945313	768.776367
1655.494141	740.149475
1652.040039	701.416809
1648.584961	724.219482
1645.126953	702.887878
1641.668945	681.577209
1638.208008	641.504700
1634.745117	665.012695
1631.281250	666.124451
1627.815430	613.855957
1624.347656	625.806152
1620.878906	591.624756
1617.408203	591.329285
1613.935547	608.311279
1610.460938	559.078796
1606.984375	560.237549
1603.506836	556.363220
1600.027344	553.929443
1596.545898	547.189270
1593.062500	550.503906
1589.577148	524.402527
1586.090820	516.969482
1582.602539	512.410339
1579.112305	475.622101
1575.620117	496.145660
1572.126953	487.309662
1568.630859	468.469208
1565.133789	439.639435
1561.634766	455.137512
1558.133789	434.198547
1554.631836	421.132080
1551.127930	428.767853
1547.621094	428.552032
1544.114258	416.932953
1540.604492	401.051270
1537.092773	400.137177
1533.580078	389.972656
1530.065430	380.529480
1526.548828	386.735687
1523.030273	375.882202
1519.509766	355.096771
1515.988281	352.078064
1512.463867	344.095917
1508.938477	352.431366
1505.411133	346.583069
1501.882813	326.572510
1498.351563	317.910706
1494.818359	286.611694
1491.284180	297.076385
1487.748047	306.116394
1484.209961	293.948883
1480.669922	310.043549
1477.128906	293.650726
1473.584961	293.501678
1470.040039	274.312927
1466.493164	282.631378
1462.944336	265.580750
1459.393555	247.843246
1455.840820	270.236938
1452.287109	253.921600
1448.730469	247.465118
1445.172852	247.339111
1441.613281	247.213104
1438.051758	259.020294
1434.488281	242.049973
1430.922852	245.432693
1427.356445	229.888138
1423.787109	226.268173
1420.216797	234.554581
1416.644531	205.042923
1413.070313	209.134811
1409.494141	199.240616
1405.916016	197.741226
1402.336914	182.275787
1398.754883	182.182480
1395.171875	200.228317
1391.585938	175.720139
1387.999023	186.084229
1384.410156	188.078568
1380.819336	183.108459
1377.226563	171.184647
1373.632813	188.484634
1370.036133	160.581482
1366.438477	150.771759
1362.837891	170.833099
1359.236328	150.616730
1355.632813	149.151764
1352.027344	148.381607
1348.419922	146.226151
1344.810547	148.228775
1341.199219	149.536972
1337.585938	135.620987
1333.970703	147.307999
1330.354492	128.568756
1326.735352	116.066666
1323.115234	136.031677
1319.493164	135.271210
1315.869141	122.095032
1312.242188	120.652985
1308.614258	117.834198
1304.984375	115.018265
1301.353516	112.893570
1297.719727	115.587151
1294.083984	101.773994
1290.446289	98.284683
1286.807617	109.911827
1283.166016	109.854774
1279.523438	113.228905
1275.877930	101.510132
1272.231445	105.570511
1268.582031	97.293625
1264.931641	90.394913
1261.279297	97.876854
1257.625000	100.562279
1253.968750	95.039970
1250.310547	92.256905
1246.650391	91.525780
1242.988281	84.651321
1239.324219	79.148621
1235.658203	78.425339
1231.990234	80.429192
1228.320313	82.430901
1224.648438	70.812660
1220.975586	70.095093
1217.299805	68.017876
1213.622070	74.100677
1209.943359	84.933334
1206.261719	67.231956
1202.578125	63.802940
1198.893555	76.659050
1195.206055	70.516449
1191.517578	63.024876
1187.826172	58.250462
1184.133789	56.865906
1180.438477	57.512634
1176.742188	56.806126
1173.042969	53.396702
1169.342773	56.070801
1165.639648	56.041271
1161.935547	49.263344
1158.228516	51.935314
1154.520508	57.300957
1150.809570	55.923180
1147.097656	45.792397
1143.382813	50.479649
1139.666992	52.471096
1135.948242	43.702801
1132.227539	49.727646
1128.505859	47.014778
1124.781250	38.263195
1121.055664	45.623150
1117.327148	44.257828
1113.596680	41.553497
1109.865234	41.531460
1106.130859	46.195972
1102.394531	38.810783
1098.657227	33.439804
1094.916992	34.090477
1091.174805	36.744694
1087.430664	38.060612
1083.684570	38.040359
1079.936523	32.683952
1076.186523	33.999870
1072.434570	39.978535
1068.680664	28.636007
1064.924805	35.276718
1061.166992	23.948757
1057.406250	31.914627
1053.644531	34.555710
1049.880859	32.544712
1046.114258	28.544373
1042.346680	29.192570
1038.576172	27.850721
1034.803711	28.498566
1031.030273	29.808102
1027.253906	20.523464
1023.475586	23.820919
1019.695313	27.114824
1015.913086	24.456341
1012.128906	29.067596
1008.342773	24.430073
1004.553711	24.416939
