4046.277344	212.778290
4043.892578	227.452652
4041.505859	226.315231
4039.119141	229.368027
4036.731445	237.652969
4034.342773	240.698746
4031.952148	223.866058
4029.561523	245.737137
4027.169922	239.368393
4024.777344	243.453247
4022.383789	230.823578
4019.989258	231.776321
4017.593750	238.989990
4015.197266	253.500351
4012.799805	252.357162
4010.401367	256.426758
4008.001953	237.569626
4005.601563	251.015717
4003.201172	263.409943
4000.798828	258.101776
3998.395508	264.241272
3995.991211	280.774872
3993.585938	264.031464
3991.180664	263.926544
3988.773438	275.247009
3986.365234	287.596619
3983.957031	283.330872
3981.546875	295.667297
3979.135742	274.809296
3976.724609	292.322144
3974.311523	295.314270
3971.898438	294.160828
3969.483398	298.185028
3967.068359	308.415649
3964.651367	317.603485
3962.234375	308.169617
3959.815430	307.012878
3957.396484	307.923584
3954.975586	321.228119
3952.554688	314.904907
3950.131836	317.875214
3947.708984	335.286163
3945.284180	339.276978
3942.859375	344.295349
3940.432617	335.914215
3938.005859	355.349701
3935.577148	359.325684
3933.148438	342.714905
3930.718750	368.296570
3928.287109	366.092163
3925.855469	361.833588
3923.421875	367.853516
3920.988281	351.272064
3918.552734	378.851898
3916.117188	369.463135
3913.680664	400.090881
3911.242188	384.548126
3908.803711	396.694092
3906.363281	406.780884
3903.922852	411.738312
3901.480469	391.096344
3899.038086	422.664246
3896.593750	414.310120
3894.149414	396.759369
3891.703125	414.998383
3889.256836	408.700562
3886.808594	437.133209
3884.360352	440.019592
3881.910156	469.436951
3879.459961	432.523682
3877.007813	474.156342
3874.555664	452.559906
3872.101563	474.792084
3869.646484	471.544739
3867.191406	486.624695
3864.734375	495.586487
3862.277344	494.368713
3859.818359	487.050934
3857.358398	493.968445
3854.897461	519.167969
3852.436523	506.770691
3849.973633	539.050415
3847.509766	501.286133
3845.044922	551.799683
3842.579102	532.311157
3840.113281	559.460022
3837.645508	562.272156
3835.176758	583.310303
3832.707031	579.024170
3830.236328	577.776978
3827.764648	592.713928
3825.291992	611.682739
3822.818359	589.199951
3820.343750	619.266907
3817.868164	595.789124
3815.390625	630.875549
3812.913086	641.717468
3810.434570	635.404480
3807.955078	611.957642
3805.473633	639.925354
3802.992188	645.708374
3800.509766	653.500427
3798.025391	639.142395
3795.541016	667.052612
3793.054688	659.740295
3790.568359	674.550171
3788.080078	675.279419
3785.591797	683.039124
3783.101563	699.828857
3780.610352	731.659363
3778.119141	737.379456
3775.625977	738.080505
3773.131836	753.816956
3770.636719	744.490234
3768.140625	765.218750
3765.643555	783.927673
3763.145508	782.605591
3760.646484	811.295227
3758.146484	799.963013
3755.645508	824.623413
3753.143555	825.284119
3750.639648	820.950378
3748.135742	829.598083
3745.630859	847.219543
3743.124023	855.848877
3740.617188	857.491272
3738.108398	875.078796
3735.599609	894.644165
3733.088867	886.309326
3730.577148	910.830627
3728.064453	902.495422
3725.551758	936.935669
3723.037109	907.717529
3720.521484	941.132874
3718.004883	936.771423
3715.487305	957.237915
3712.967773	907.214355
3710.448242	987.205627
3707.927734	994.732361
3705.406250	962.598633
3702.882813	1002.829651
3700.359375	1009.349243
3697.833984	1028.734619
3695.308594	1017.422729
3692.781250	1059.542114
3690.252930	1030.426147
3687.723633	1035.930786
3685.193359	1079.965576
3682.662109	1050.876343
3680.129883	1095.855103
3677.596680	1092.440796
3675.062500	1109.744263
3672.527344	1131.963135
3669.990234	1136.422119
3667.453125	1185.211670
3664.915039	1140.403931
3662.375000	1181.275513
3659.833984	1203.417114
3657.292969	1212.753418
3654.750000	1203.401489
3652.206055	1256.953613
3649.661133	1272.149170
3647.115234	1252.963623
3644.568359	1271.092041
3642.019531	1277.431519
3639.470703	1262.189453
3636.920898	1307.739136
3634.369141	1338.552002
3631.817383	1343.871826
3629.263672	1381.496826
3626.708984	1408.324585
3624.153320	1386.215820
3621.596680	1360.213745
3619.039063	1387.015625
3616.480469	1454.830933
3613.920898	1480.593628
3611.360352	1480.952271
3608.797852	1547.666626
3606.235352	1550.922241
3603.670898	1514.199219
3601.105469	1569.119507
3598.540039	1600.612671
3595.972656	1695.375610
3593.404297	1665.465332
3590.834961	1648.228394
3588.264648	1634.895630
3585.692383	1688.653076
3583.120117	1668.511353
3580.545898	1693.068115
3577.971680	1753.528931
3575.395508	1783.851807
3572.818359	1760.791504
3570.240234	1839.571289
3567.661133	1858.186768
3565.081055	1915.542480
3562.500000	1900.211670
3559.917969	1948.787720
3557.333984	1896.682251
3554.750000	1946.185303
3552.164063	1956.970825
3549.577148	2039.266113
3546.989258	2019.088135
3544.400391	1990.235474
3541.810547	2053.106201
3539.219727	2095.661621
3536.626953	2157.469482
3534.034180	2136.317139
3531.439453	2146.018311
3528.844727	2201.946045
3526.248047	2294.413086
3523.650391	2233.777100
3521.051758	2273.240967
3518.451172	2322.287109
3515.850586	2380.903076
3513.249023	2417.370850
3510.645508	2379.856689
3508.041016	2406.692627
3505.436523	2493.959229
3502.830078	2481.396729
3500.222656	2467.885498
3497.613281	2552.138672
3495.003906	2583.631592
3492.393555	2598.818848
3489.781250	2680.993652
3487.167969	2601.406982
3484.553711	2660.557129
3481.938477	2709.141357
3479.322266	2754.816895
3476.705078	2793.767090
3474.086914	2751.531494
3471.466797	2914.510986
3468.845703	2834.101563
3466.224609	2914.904053
3463.601563	3016.605469
3460.977539	2922.914551
3458.351563	3000.717285
3455.725586	2988.974365
3453.098633	3136.140625
3450.469727	3093.913574
3447.839844	3163.902832
3445.208984	3147.355713
3442.577148	3208.712158
3439.944336	3290.904297
3437.310547	3294.251953
3434.674805	3364.952148
3432.039063	3393.866943
3429.401367	3381.998047
3426.762695	3503.730957
3424.123047	3492.770508
3421.481445	3618.137451
3418.839844	3634.577148
3416.197266	3651.947754
3413.552734	3724.138428
3410.907227	3780.200928
3408.260742	3713.410400
3405.613281	3859.131104
3402.963867	3877.307373
3400.314453	3960.564697
3397.663086	3902.293945
3395.011719	4011.861328
3392.358398	4041.243896
3389.704102	4095.087891
3387.047852	4179.010742
3384.391602	4274.152832
3381.733398	4337.231445
3379.075195	4331.618652
3376.415039	4461.343750
3373.753906	4424.678711
3371.090820	4514.812012
3368.427734	4581.401367
3365.762695	4692.028809
3363.097656	4681.581543
3360.430664	4760.196777
3357.762695	4821.876953
3355.092773	4909.728027
3352.422852	4925.414551
3349.750977	4955.123047
3347.079102	5052.154297
3344.405273	5097.675293
3341.729492	5233.812988
3339.053711	5291.359375
3336.376953	5297.494629
3333.698242	5481.904785
3331.018555	5400.247559
3328.337891	5572.328125
3325.656250	5595.106445
3322.973633	5706.385254
3320.289063	5729.083008
3317.604492	5831.826660
3314.917969	5909.353516
3312.230469	5931.930176
3309.541016	6000.976074
3306.851563	6174.983887
3304.160156	6090.575684
3301.467773	6302.464844
3298.774414	6375.866699
3296.080078	6429.719727
3293.384766	6499.290527
3290.687500	6578.996094
3287.990234	6619.713867
3285.291016	6695.590820
3282.589844	6813.062012
3279.888672	6915.623535
3277.186523	6959.818359
3274.482422	7041.882813
3271.777344	6987.089844
3269.071289	7180.849609
3266.364258	7295.025879
3263.655273	7340.798340
3260.945313	7420.665527
3258.234375	7509.684570
3255.522461	7673.291992
3252.809570	7591.656250
3250.095703	7769.819336
3247.379883	7904.556641
3244.663086	8030.892578
3241.945313	8023.741211
3239.226563	8165.542480
3236.505859	8111.462891
3233.784180	8321.997070
3231.061523	8367.063477
3228.337891	8508.460938
3225.613281	8583.677734
3222.886719	8708.348633
3220.160156	8809.075195
3217.431641	8857.484375
3214.702148	8990.109375
3211.970703	9025.577148
3209.239258	9145.198242
3206.505859	9266.541992
3203.771484	9383.206055
3201.035156	9493.369141
3198.298828	9571.462891
3195.560547	9703.357422
3192.821289	9741.127930
3190.081055	9982.303711
3187.339844	10055.478516
3184.596680	10176.895508
3181.853516	10232.605469
3179.108398	10372.048828
3176.361328	10486.790039
3173.614258	10464.940430
3170.865234	10653.206055
3168.115234	10761.301758
3165.364258	10857.486328
3162.612305	10889.093750
3159.858398	11086.822266
3157.104492	11220.846680
3154.347656	11280.366211
3151.590820	11526.621094
3148.833008	11484.436523
3146.073242	11638.878906
3143.312500	11839.367188
3140.550781	11864.978516
3137.787109	12172.855469
3135.023438	12220.902344
3132.257813	12379.189453
3129.491211	12420.771484
3126.722656	12497.539063
3123.954102	12675.349609
3121.183594	12901.731445
3118.412109	12898.799805
3115.638672	13067.173828
3112.865234	13159.695313
3110.089844	13231.412109
3107.313477	13471.444336
3104.536133	13458.350586
3101.756836	13813.221680
3098.976563	13778.399414
3096.195313	14031.239258
3093.413086	14161.663086
3090.628906	14261.432617
3087.844727	14449.083984
3085.058594	14574.654297
3082.270508	14944.961914
3079.482422	15011.923828
3076.692383	15172.017578
3073.901367	15295.241211
3071.109375	15493.560547
3068.315430	15590.573242
3065.520508	15793.052734
3062.724609	15972.995117
3059.927734	16186.738281
3057.128906	16394.927734
3054.329102	16352.900391
3051.528320	16371.599609
3048.726563	16646.333984
3045.922852	16836.101563
3043.118164	17040.851563
3040.312500	17213.339844
3037.505859	17385.669922
3034.697266	17475.054688
3031.887695	17840.201172
3029.077148	17996.005859
3026.264648	18064.539063
3023.452148	18133.007813
3020.637695	18427.029297
3017.821289	18387.833984
3015.004883	18641.537109
3012.186523	18777.027344
3009.367188	19027.664063
3006.545898	19192.988281
3003.724609	19486.619141
3000.901367	19595.794922
2998.077148	19778.335938
2995.250977	19904.970703
2992.423828	19900.603516
2989.595703	20210.923828
2986.766602	20375.175781
2983.935547	20510.132813
2981.104492	20693.515625
2978.270508	20857.318359
2975.436523	21016.560547
2972.600586	21436.615234
2969.763672	21344.296875
2966.925781	21616.722656
2964.085938	21709.287109
2961.245117	21852.808594
2958.403320	21973.324219
2955.560547	22181.654297
2952.715820	22417.917969
2949.870117	22451.031250
2947.023438	22676.416016
2944.174805	22776.957031
2941.325195	23063.398438
2938.474609	23204.880859
2935.622070	23271.724609
2932.768555	23406.843750
2929.914063	23569.859375
2927.058594	23878.039063
2924.201172	23991.687500
2921.342773	24051.876953
2918.483398	24390.007813
2915.622070	24503.255859
2912.759766	24648.712891
2909.896484	25131.908203
2907.032227	24896.458984
2904.166016	25168.878906
2901.298828	25414.019531
2898.429688	25599.673828
2895.559570	25559.533203
2892.688477	25929.537109
2889.816406	26103.375000
2886.942383	26224.853516
2884.067383	26466.216797
2881.191406	26703.880859
2878.314453	26792.759766
2875.435547	26952.761719
2872.554688	27112.611328
2869.673828	27391.177734
2866.791016	27763.150391
2863.907227	27609.464844
2861.021484	28042.509766
2858.134766	28178.958984
2855.247070	28428.685547
2852.358398	28495.597656
2849.467773	28747.537109
2846.576172	29064.082031
2843.682617	29274.044922
2840.789063	29446.667969
2837.893555	29486.169922
2834.996094	29873.412109
2832.097656	30108.480469
2829.198242	30252.796875
2826.297852	30355.605469
2823.395508	30412.656250
2820.492188	30572.113281
2817.587891	30839.863281
2814.681641	30649.689453
2811.774414	30748.605469
2808.866211	31128.486328
2805.956055	31401.484375
2803.044922	31673.371094
2800.131836	31761.312500
2797.218750	31938.394531
2794.303711	31913.773438
2791.386719	32134.328125
2788.468750	32277.558594
2785.549805	32209.111328
2782.629883	32698.007813
2779.708008	32715.835938
2776.785156	32914.101563
2773.860352	33217.335938
2770.935547	33207.531250
2768.007813	33496.671875
2765.080078	33295.492188
2762.150391	33494.707031
2759.219727	33624.644531
2756.287109	33656.406250
2753.353516	33893.511719
2750.418945	33961.730469
2747.482422	34264.023438
2744.544922	34343.910156
2741.606445	34379.476563
2738.666016	34483.023438
2735.724609	34668.058594
2732.782227	34510.554688
2729.837891	34704.730469
2726.892578	34831.667969
2723.945313	34956.781250
2720.997070	34910.476563
2718.047852	34981.171875
2715.097656	34845.070313
2712.145508	34963.980469
2709.191406	35063.304688
2706.237305	35126.148438
2703.281250	35076.445313
2700.323242	35151.035156
2697.364258	35063.320313
2694.404297	35384.441406
2691.443359	35454.539063
2688.480469	35421.617188
2685.515625	35144.972656
2682.550781	35177.113281
2679.583984	35617.898438
2676.615234	35489.742188
2673.646484	35351.589844
2670.674805	35402.050781
2667.703125	35072.265625
2664.729492	35133.710938
2661.754883	35046.347656
2658.778320	35289.164063
2655.800781	34856.710938
2652.821289	34939.082031
2649.840820	34912.316406
2646.859375	34879.695313
2643.876953	34610.757813
2640.892578	34875.660156
2637.906250	34801.203125
2634.918945	34567.785156
2631.930664	34363.847656
2628.941406	34410.097656
2625.950195	34171.289063
2622.957031	34149.062500
2619.963867	34309.714844
2616.967773	34170.570313
2613.971680	34149.171875
2610.973633	33912.640625
2607.974609	33657.976563
2604.973633	33294.394531
2601.971680	33341.679688
2598.967773	33517.925781
2595.962891	32966.011719
2592.957031	32981.746094
2589.949219	32975.011719
2586.940430	32257.066406
2583.929688	32478.199219
2580.917969	32338.029297
2577.905273	32089.283203
2574.890625	32075.457031
2571.875000	31834.498047
2568.857422	31916.894531
2565.838867	31678.693359
2562.819336	31430.763672
2559.797852	31357.642578
2556.775391	30965.332031
2553.750977	30600.648438
2550.725586	30693.240234
2547.698242	30281.091797
2544.669922	30041.851563
2541.640625	30047.072266
2538.609375	29672.873047
2535.577148	29544.681641
2532.542969	29397.646484
2529.507813	29410.527344
2526.471680	28823.212891
2523.433594	28737.576172
2520.393555	28596.078125
2517.353516	28402.082031
2514.310547	28385.757813
2511.267578	28170.662109
2508.222656	27761.171875
2505.175781	27481.710938
2502.127930	27393.619141
2499.079102	26994.041016
2496.028320	26755.447266
2492.976563	26415.490234
2489.922852	26160.988281
2486.868164	26154.681641
2483.812500	25956.140625
2480.754883	25429.904297
2477.695313	25347.095703
2474.634766	25065.037109
2471.573242	24866.513672
2468.509766	24718.763672
2465.445313	24443.068359
2462.378906	24241.003906
2459.311523	24110.021484
2456.242188	23748.615234
2453.171875	23479.542969
2450.100586	23079.679688
2447.027344	22972.220703
2443.953125	22726.623047
2440.876953	22439.794922
2437.799805	22184.908203
2434.720703	22215.255859
2431.640625	21907.937500
2428.558594	21713.658203
2425.475586	21339.539063
2422.390625	21170.812500
2419.304688	20915.552734
2416.217773	20715.583984
2413.128906	20409.767578
2410.038086	20190.789063
2406.946289	20069.847656
2403.853516	19753.417969
2400.758789	19460.703125
2397.663086	19291.800781
2394.565430	19027.806641
2391.466797	18785.027344
2388.366211	18601.330078
2385.264648	18197.761719
2382.161133	18120.837891
2379.056641	17984.390625
2375.950195	17785.285156
2372.842773	17628.191406
2369.734375	17435.855469
2366.624023	17082.140625
2363.511719	16914.326172
2360.398438	16696.074219
2357.284180	16522.164063
2354.167969	16345.201172
2351.049805	16268.632813
2347.930664	16030.224609
2344.810547	15925.823242
2341.688477	15649.349609
2338.564453	15413.146484
2335.439453	15262.760742
2332.313477	15057.334961
2329.185547	15040.723633
2326.056641	14809.217773
2322.925781	14556.363281
2319.792969	14412.288086
2316.660156	14089.639648
2313.524414	14122.133789
2310.387695	13818.244141
2307.250000	13650.863281
2304.110352	13475.669922
2300.969727	13189.208008
2297.827148	13171.108398
2294.682617	12947.866211
2291.537109	12891.737305
2288.390625	12811.028320
2285.242188	12498.524414
2282.092773	12342.666016
2278.941406	12258.347656
2275.788086	12034.545898
2272.633789	11933.797852
2269.478516	11787.985352
2266.321289	11613.006836
2263.162109	11280.688477
2260.001953	11310.205078
2256.840820	11072.426758
2253.676758	10970.017578
2250.512695	10913.519531
2247.346680	10756.000977
2244.178711	10518.125000
2241.009766	10431.140625
2237.838867	10296.925781
2234.666992	10071.411133
2231.493164	9965.842773
2228.318359	9991.863281
2225.141602	9745.549805
2221.963867	9578.127930
2218.784180	9457.250977
2215.602539	9330.197266
2212.419922	9211.115234
2209.236328	9039.536133
2206.050781	9046.262695
2202.863281	8729.014648
2199.674805	8713.921875
2196.485352	8593.827148
2193.292969	8491.858398
2190.100586	8491.764648
2186.905273	8279.591797
2183.709961	8183.382324
2180.511719	8123.224609
2177.312500	7981.849121
2174.112305	7826.544434
2170.910156	7708.858398
2167.706055	7586.598633
2164.500977	7469.131836
2161.294922	7357.230957
2158.085938	7215.821777
2154.876953	7153.210449
2151.665039	7142.037598
2148.452148	7010.260742
2145.238281	6943.161133
2142.022461	6867.571777
2138.804688	6796.712891
2135.585938	6718.152832
2132.365234	6527.101563
2129.143555	6457.273926
2125.919922	6339.425293
2122.695313	6270.523926
2119.468750	6279.167480
2116.240234	6094.961426
2113.010742	6027.041016
2109.780273	5927.460449
2106.546875	5896.800781
2103.312500	5802.010742
2100.077148	5776.843750
2096.839844	5645.128418
2093.600586	5549.042969
2090.360352	5429.130371
2087.119141	5406.493652
2083.875000	5296.779297
2080.629883	5242.636719
2077.383789	5231.666016
2074.135742	5089.859375
2070.885742	5000.498535
2067.634766	4926.600586
2064.381836	4816.647949
2061.127930	4777.473633
2057.871094	4671.533203
2054.614258	4647.043945
2051.355469	4639.452637
2048.094727	4519.922852
2044.832031	4464.115234
2041.568359	4412.954590
2038.303711	4323.559570
2035.037109	4361.283691
2031.768555	4152.670898
2028.498047	4117.041504
2025.226563	4077.624268
2021.954102	3972.555664
2018.678711	3921.790527
2015.403320	3906.937256
2012.125000	3811.249512
2008.845703	3740.809570
2005.564453	3730.631836
2002.282227	3696.090820
1998.998047	3614.384521
1995.712891	3547.212158
1992.424805	3521.170410
1989.136719	3433.580811
1985.845703	3390.141113
1982.553711	3296.620605
1979.260742	3304.142578
1975.964844	3255.513184
1972.667969	3182.663330
1969.370117	3109.124268
1966.070313	3076.564941
1962.768555	3044.792725
1959.465820	2991.858154
1956.161133	2908.713623
1952.854492	2892.187500
1949.546875	2930.091064
1946.237305	2804.791016
1942.925781	2816.271729
1939.613281	2735.670898
1936.298828	2685.318848
1932.982422	2613.150391
1929.665039	2639.768555
1926.346680	2547.353271
1923.025391	2549.884521
1919.703125	2476.412109
1916.378906	2433.094238
1913.053711	2408.611328
1909.726563	2417.963623
1906.397461	2342.440186
1903.067383	2330.044434
1899.735352	2301.903564
1896.401367	2261.040283
1893.066406	2252.447021
1889.729492	2204.153564
1886.390625	2128.199219
1883.050781	2145.876953
1879.708984	2099.947266
1876.365234	2081.728027
1873.020508	2054.557129
1869.673828	2007.242432
1866.326172	1989.092407
1862.975586	1955.287109
1859.624023	1923.005859
1856.271484	1882.553955
1852.916016	1863.751587
1849.559570	1802.511108
1846.202148	1801.632080
1842.841797	1762.803345
1839.480469	1759.711792
1836.118164	1753.649048
1832.752930	1694.836914
1829.386719	1662.074585
1826.018555	1594.455566
1822.649414	1614.450317
1819.278320	1602.537231
1815.905273	1560.245605
1812.531250	1509.104492
1809.154297	1472.082153
1805.777344	1482.463013
1802.397461	1422.556152
1799.016602	1431.471313
1795.633789	1379.776245
1792.249023	1385.009033
1788.863281	1388.759521
1785.475586	1368.153442
1782.085938	1287.822754
1778.694336	1312.993164
1775.301758	1256.346802
1771.907227	1257.938965
1768.510742	1223.458374
1765.113281	1186.803833
1761.713867	1185.484619
1758.312500	1156.234253
1754.910156	1142.440796
1751.505859	1113.973755
1748.099609	1142.049683
1744.691406	1087.200195
1741.282227	1110.128052
1737.871094	1107.381958
1734.458008	1040.909058
1731.042969	1037.466675
1727.626953	1029.636597
1724.208984	1020.350952
1720.790039	990.603943
1717.368164	985.730164
1713.945313	965.523376
1710.520508	948.256104
1707.093750	955.083313
1703.666016	901.374146
1700.236328	921.337219
1696.804688	873.525513
1693.371094	846.878113
1689.936523	838.452332
1686.500000	827.852112
1683.061523	818.716309
1679.622070	822.670532
1676.179688	803.376343
1672.736328	788.457031
1669.291016	756.136414
1665.844727	749.233032
1662.396484	772.058594
1658.945313	739.793274
1655.494141	731.458923
1652.040039	695.625977
1648.584961	698.897156
1645.126953	686.978882
1641.668945	684.468323
1638.208008	684.127197
1634.745117	623.133545
1631.281250	645.916992
1627.815430	623.233337
1624.347656	604.176880
1620.878906	614.684448
1617.408203	610.055908
1613.935547	574.476196
1610.460938	582.103943
1606.984375	574.621094
1603.506836	582.959412
1600.027344	546.026428
1596.545898	571.604492
1593.062500	528.254028
1589.577148	548.075928
1586.090820	519.120544
1582.602539	510.977020
1579.112305	497.827332
1575.620117	486.122528
1572.126953	485.162903
1568.630859	480.627960
1565.133789	468.233856
1561.634766	471.571045
1558.133789	438.483429
1554.631836	433.980164
1551.127930	436.615509
1547.621094	417.143005
1544.114258	395.551758
1540.604492	418.147614
1537.092773	405.121094
1533.580078	389.261017
1530.065430	371.994232
1526.548828	393.844788
1523.030273	379.434967
1519.509766	352.966217
1515.988281	351.368225
1512.463867	356.866486
1508.938477	334.703430
1505.411133	342.330505
1501.882813	320.196899
1498.351563	322.158966
1494.818359	305.719147
1491.284180	323.247375
1487.748047	297.632813
1484.209961	310.200867
1480.669922	307.924774
1477.128906	290.121277
1473.584961	277.274414
1470.040039	282.775024
1466.493164	274.173584
1462.944336	259.240631
1459.393555	242.914536
1455.840820	254.754608
1452.287109	254.624985
1448.730469	256.604462
1445.172852	244.528427
1441.613281	232.464600
1438.051758	235.153931
1434.488281	246.961136
1430.922852	226.499313
1427.356445	217.272324
1423.787109	219.262970
1420.216797	221.251480
1416.644531	224.637466
1413.070313	207.036469
1409.494141	199.240616
1405.916016	201.234894
1402.336914	199.735168
1398.754883	196.142822
1395.171875	193.251724
1391.585938	181.995865
1387.999023	186.084229
1384.410156	173.450241
1380.819336	178.931091
1377.226563	175.359879
1373.632813	171.792267
1370.036133	173.094330
1366.438477	144.518539
1362.837891	163.194214
1359.236328	153.393066
1355.632813	155.395325
1352.027344	152.541840
1348.419922	164.244537
1344.810547	152.384720
1341.199219	151.613876
1337.585938	145.308197
1333.970703	131.401505
1330.354492	132.024918
1326.735352	136.792847
1323.115234	127.745483
1319.493164	118.017235
1315.869141	124.854240
1312.242188	112.379639
1308.614258	117.145111
1304.984375	115.707001
1301.353516	119.088951
1297.719727	121.779320
1294.083984	109.338272
1290.446289	109.968880
1286.807617	103.042336
1283.166016	100.929070
1279.523438	107.052788
1275.877930	91.221947
1272.231445	89.803490
1268.582031	90.441956
1264.931641	97.243011
1261.279297	92.401230
1257.625000	95.773605
1253.968750	81.365158
1250.310547	92.256905
1246.650391	79.231270
1242.988281	85.333992
1239.324219	84.607147
1235.658203	77.061424
1231.990234	77.021172
1228.320313	75.618431
1224.648438	75.578896
1220.975586	65.331345
1217.299805	74.819664
1213.622070	65.262978
1209.943359	58.434135
1206.261719	72.664841
1202.578125	74.663017
1198.893555	60.377483
1195.206055	63.057976
1191.517578	64.380249
1187.826172	62.991779
1184.133789	61.604733
1180.438477	58.189255
1176.742188	64.921288
1173.042969	52.044884
1169.342773	60.799664
1165.639648	60.767647
1161.935547	66.809189
1158.228516	51.260830
1154.520508	57.300957
1150.809570	49.859219
1147.097656	59.260750
1143.382813	50.479649
1139.666992	53.143803
1135.948242	41.685749
1132.227539	52.415627
1128.505859	44.999859
1124.781250	42.290901
1121.055664	40.926647
1117.327148	42.246109
1113.596680	42.223717
1109.865234	44.210911
1106.130859	41.509426
1102.394531	43.494843
1098.657227	41.465355
1094.916992	40.774883
1091.174805	41.421291
1087.430664	40.063801
1083.684570	36.705608
1079.936523	38.020107
1076.186523	32.666542
1072.434570	41.311153
1068.680664	39.291267
1064.924805	35.276718
1061.166992	34.592648
1057.406250	30.584850
1053.644531	31.897579
1049.880859	21.253689
1046.114258	27.216728
1042.346680	23.221363
1038.576172	28.513834
1034.803711	38.439926
1031.030273	31.132906
1027.253906	27.143936
1023.475586	25.805996
1019.695313	30.421511
1015.913086	25.778305
1012.128906	26.425087
1008.342773	25.090343
1004.553711	29.696278
