4046.277344	7.337182
4043.892578	6.289013
4041.505859	5.238779
4039.119141	3.142028
4036.731445	2.093859
4034.342773	4.186065
4031.952148	6.276618
4029.561523	5.228450
4027.169922	4.181108
4024.777344	0.000000
4022.383789	7.311154
4019.989258	3.132113
4017.593750	-1.043624
4015.197266	0.000000
4012.799805	8.342385
4010.401367	1.042385
4008.001953	2.083944
4005.601563	4.166236
4003.201172	-2.082292
4000.798828	4.162932
3998.395508	6.241920
3995.991211	1.039907
3993.585938	3.118482
3991.180664	6.234486
3988.773438	0.000000
3986.365234	6.229530
3983.957031	4.151368
3981.546875	2.074858
3979.135742	4.148065
3976.724609	-1.036603
3974.311523	0.000000
3971.898438	2.071555
3969.483398	2.070729
3967.068359	4.139807
3964.651367	-1.034539
3962.234375	6.204757
3959.815430	4.134854
3957.396484	3.099902
3954.975586	4.131551
3952.554688	4.129900
3950.131836	3.096187
3947.708984	5.158248
3945.284180	4.124948
3942.859375	0.000000
3940.432617	7.212882
3938.005859	5.149995
3935.577148	4.118346
3933.148438	1.029174
3930.718750	-2.057523
3928.287109	2.056698
3925.855469	3.083809
3923.421875	1.027524
3920.988281	4.108445
3918.552734	2.053398
3916.117188	4.105146
3913.680664	4.103496
3911.242188	5.127308
3908.803711	1.025049
3906.363281	4.098548
3903.922852	6.145348
3901.480469	4.095250
3899.038086	4.093601
3896.593750	3.068964
3894.149414	-3.067727
3891.703125	4.088654
3889.256836	4.087006
3886.808594	4.085357
3884.360352	1.020927
3881.910156	1.020515
3879.459961	2.040206
3877.007813	1.019691
3874.555664	0.000000
3872.101563	-1.018867
3869.646484	0.000000
3867.191406	5.090217
3864.734375	4.070526
3862.277344	5.086098
3859.818359	0.000000
3857.358398	4.065584
3854.897461	4.063937
3852.436523	4.062290
3849.973633	4.060644
3847.509766	4.058997
3845.044922	5.071688
3842.579102	1.013926
3840.113281	1.013515
3837.645508	2.026206
3835.176758	0.000000
3832.707031	0.000000
3830.236328	4.047474
3827.764648	5.057286
3825.291992	3.033138
3822.818359	-1.010635
3820.343750	0.000000
3817.868164	-6.058872
3815.390625	1.009401
3812.913086	9.080907
3810.434570	8.068628
3807.955078	0.000000
3805.473633	5.038782
3802.992188	3.022036
3800.509766	1.006934
3798.025391	2.013047
3795.541016	2.012225
3793.054688	4.022807
3790.568359	2.010582
3788.080078	2.009760
3785.591797	1.004469
3783.101563	3.012176
3780.610352	2.007296
3778.119141	5.016187
3775.625977	1.002827
3773.131836	6.014497
3770.636719	8.016046
3768.140625	5.007976
3765.643555	-1.001185
3763.145508	7.005421
3760.646484	1.000364
3758.146484	1.999907
3755.645508	6.996805
3753.143555	-0.999133
3750.639648	1.997446
3748.135742	3.993252
3745.630859	3.991612
3743.124023	0.000000
3740.617188	-2.991249
3738.108398	2.990019
3735.599609	0.996263
3733.088867	-0.995853
3730.577148	1.990887
3728.064453	-3.980134
3725.551758	0.994624
3723.037109	4.971071
3720.521484	2.981414
3718.004883	2.980185
3715.487305	10.922839
3712.967773	0.992576
3710.448242	2.976499
3707.927734	0.000000
3705.406250	2.974043
3702.882813	2.972815
3700.359375	3.962117
3697.833984	1.980240
3695.308594	3.958843
3692.781250	5.935810
3690.252930	5.933356
3687.723633	2.965451
3685.193359	2.964224
3682.662109	0.000000
3680.129883	3.949028
3677.596680	1.973696
3675.062500	0.000000
3672.527344	3.944123
3669.990234	0.985622
3667.453125	4.926067
3664.915039	1.969610
3662.375000	0.000000
3659.833984	2.951964
3657.292969	0.983579
3654.750000	2.949513
3652.206055	2.948288
3649.661133	2.947064
3647.115234	4.909732
3644.568359	-4.907691
3642.019531	-0.981130
3639.470703	8.826499
3636.920898	2.940943
3634.369141	-1.959813
3631.817383	-3.917994
3629.263672	5.874544
3626.708984	3.914731
3624.153320	5.869651
3621.596680	3.911470
3619.039063	-2.932380
3616.480469	0.000000
3613.920898	3.906579
3611.360352	2.928712
3608.797852	-0.975830
3606.235352	-0.975423
3603.670898	0.975016
3601.105469	1.949217
3598.540039	-1.948403
3595.972656	0.000000
3593.404297	-0.973387
3590.834961	6.810861
3588.264648	0.972573
3585.692383	1.944333
3583.120117	4.858798
3580.545898	1.942706
3577.971680	3.883785
3575.395508	-1.941079
3572.818359	2.910399
3570.240234	4.848633
3567.661133	3.877281
3565.081055	2.906741
3562.500000	1.937015
3559.917969	3.872405
3557.333984	2.903085
3554.750000	1.934578
3552.164063	0.966883
3549.577148	1.932954
3546.989258	0.000000
3544.400391	1.931330
3541.810547	2.895777
3539.219727	2.894560
3536.626953	0.000000
3534.034180	0.000000
3531.439453	2.890909
3528.844727	-0.963231
3526.248047	3.851302
3523.650391	3.849680
3521.051758	-0.962015
3518.451172	2.884829
3515.850586	6.728430
3513.249023	4.803996
3510.645508	5.762365
3508.041016	0.959989
3505.436523	4.797921
3502.830078	-1.918359
3500.222656	0.000000
3497.613281	1.916739
3495.003906	0.957965
3492.393555	0.000000
3489.781250	0.957156
3487.167969	-4.783757
3484.553711	3.825388
3481.938477	0.000000
3479.322266	1.911077
3476.705078	3.820536
3474.086914	-2.864190
3471.466797	1.908652
3468.845703	0.953922
3466.224609	1.907036
3463.601563	0.000000
3460.977539	-0.952710
3458.351563	0.952306
3455.725586	-3.807611
3453.098633	-3.805996
3450.469727	2.853286
3447.839844	-3.802768
3445.208984	0.950289
3442.577148	0.949885
3439.944336	1.898964
3437.310547	3.796315
3434.674805	0.000000
3432.039063	1.896545
3429.401367	0.000000
3426.762695	0.947466
3424.123047	1.894127
3421.481445	-2.839982
3418.839844	-0.946258
3416.197266	3.783422
3413.552734	-2.836358
3410.907227	3.780201
3408.260742	0.000000
3405.613281	3.776982
3402.963867	2.831529
3400.314453	1.886882
3397.663086	-0.943039
3395.011719	-1.885273
3392.358398	0.942235
3389.704102	3.767330
3387.047852	3.765723
3384.391602	-1.882058
3381.733398	1.881254
3379.075195	1.880451
3376.415039	1.879648
3373.753906	-2.818267
3371.090820	3.756083
3368.427734	-3.754478
3365.762695	-1.876436
3363.097656	1.875634
3360.430664	1.874831
3357.762695	3.748058
3355.092773	-0.936614
3352.422852	0.000000
3349.750977	-0.935812
3347.079102	1.870822
3344.405273	-0.935010
3341.729492	9.346095
3339.053711	0.934209
3336.376953	3.735234
3333.698242	0.933408
3331.018555	0.000000
3328.337891	2.797822
3325.656250	0.000000
3322.973633	2.795421
3320.289063	12.108289
3317.604492	0.000000
3314.917969	2.791821
3312.230469	-0.930207
3309.541016	-2.789422
3306.851563	6.505853
3304.160156	0.929008
3301.467773	10.214692
3298.774414	0.928209
3296.080078	0.927809
3293.384766	-1.854820
3290.687500	0.000000
3287.990234	-0.926612
3285.291016	3.704850
3282.589844	3.703254
3279.888672	-1.850829
3277.186523	5.550095
3274.482422	-3.698468
3271.777344	-2.772655
3269.071289	4.619098
3266.364258	3.693684
3263.655273	0.000000
3260.945313	5.535745
3258.234375	1.844452
3255.522461	3.687310
3252.809570	1.842859
3250.095703	0.921031
3247.379883	0.000000
3244.663086	1.840470
3241.945313	-0.919837
3239.226563	2.758319
3236.505859	1.838084
3233.784180	2.755933
3231.061523	0.918247
3228.337891	3.671396
3225.613281	2.752355
3222.886719	-0.917054
3220.160156	4.583285
3217.431641	0.000000
3214.702148	0.000000
3211.970703	3.661863
3209.239258	-0.915069
3206.505859	0.914672
3203.771484	1.828550
3201.035156	0.000000
3198.298828	3.653927
3195.560547	1.826171
3192.821289	4.563444
3190.081055	-0.912292
3187.339844	1.823792
3184.596680	2.734499
3181.853516	0.000000
3179.108398	2.732123
3176.361328	2.730935
3173.614258	-3.639663
3170.865234	0.909520
3168.115234	0.000000
3165.364258	3.634913
3162.612305	0.908333
3159.858398	4.539686
3157.104492	0.907542
3154.347656	0.907146
3151.590820	7.254009
3148.833008	-1.812712
3146.073242	3.623843
3143.312500	1.811132
3140.550781	0.905171
3137.787109	2.714328
3135.023438	1.808762
3132.257813	4.519932
3129.491211	3.614367
3126.722656	-0.903197
3123.954102	5.416816
3121.183594	5.414450
3118.412109	-1.804028
3115.638672	3.606479
3112.865234	4.506128
3110.089844	-1.801663
3107.313477	0.900437
3104.536133	5.400261
3101.756836	0.000000
3098.976563	-0.899256
3096.195313	0.898862
3093.413086	0.000000
3090.628906	0.000000
3087.844727	2.693045
3085.058594	0.000000
3082.270508	3.587580
3079.482422	2.689506
3076.692383	-1.792217
3073.901367	2.687147
3071.109375	0.895323
3068.315430	2.684790
3065.520508	1.789074
3062.724609	2.682433
3059.927734	0.000000
3057.128906	5.360156
3054.329102	-0.892967
3051.528320	6.248021
3048.726563	-3.568728
3045.922852	5.350739
3043.118164	5.348386
3040.312500	0.891006
3037.505859	0.000000
3034.697266	3.560887
3031.887695	1.779660
3029.077148	2.668315
3026.264648	-1.778093
3023.452148	-0.888655
3020.637695	2.664791
3017.821289	1.775744
3015.004883	3.549924
3012.186523	-0.887090
3009.367188	0.000000
3006.545898	0.000000
3003.724609	0.885916
3000.901367	2.656577
2998.077148	7.081078
2995.250977	1.769488
2992.423828	4.421767
2989.595703	4.419814
2986.766602	3.534289
2983.935547	4.415909
2981.104492	1.765583
2978.270508	0.000000
2975.436523	0.882011
2972.600586	7.052968
2969.763672	0.000000
2966.925781	3.523365
2964.085938	0.880451
2961.245117	-0.880062
2958.403320	6.157703
2955.560547	-1.758565
2952.715820	2.636678
2949.870117	0.878503
2947.023438	3.512456
2944.174805	1.755450
2941.325195	2.632007
2938.474609	1.753893
2935.622070	1.753115
2932.768555	1.752337
2929.914063	-2.627339
2927.058594	5.252346
2924.201172	1.750005
2921.342773	4.373068
2918.483398	5.245351
2915.622070	1.747674
2912.759766	3.493793
2909.896484	4.365301
2907.032227	0.872672
2904.166016	0.000000
2901.298828	0.000000
2898.429688	1.743016
2895.559570	2.613360
2892.688477	0.000000
2889.816406	0.000000
2886.942383	1.739914
2884.067383	8.695695
2881.191406	1.738364
2878.314453	3.475179
2875.435547	0.868407
2872.554688	2.604061
2869.673828	2.602899
2866.791016	0.000000
2863.907227	-2.600578
2861.021484	0.866472
2858.134766	-0.866086
2855.247070	1.731398
2852.358398	3.461249
2849.467773	5.189554
2846.576172	-1.729079
2843.682617	-1.728306
2840.789063	2.591300
2837.893555	3.453522
2834.996094	2.588983
2832.097656	1.725217
2829.198242	0.862222
2826.297852	2.585510
2823.395508	4.307253
2820.492188	5.166390
2817.587891	2.582038
2814.681641	-0.860294
2811.774414	3.439634
2808.866211	-0.859523
2805.956055	-1.718276
2803.044922	3.435010
2800.131836	4.291837
2797.218750	-0.857982
2794.303711	-0.857597
2791.386719	-1.714425
2788.468750	3.427311
2785.549805	2.569329
2782.629883	2.568175
2779.708008	-1.711348
2776.785156	0.855289
2773.860352	-0.854905
2770.935547	-1.709041
2768.007813	0.000000
2765.080078	-3.415010
2762.150391	0.853368
2759.219727	-0.852984
2756.287109	0.852601
2753.353516	3.408867
2750.418945	-0.851833
2747.482422	-0.851449
2744.544922	1.702132
2741.606445	2.552047
2738.666016	0.000000
2735.724609	-0.849916
2732.782227	0.849532
2729.837891	1.698298
2726.892578	5.941363
2723.945313	3.393533
2720.997070	0.848000
2718.047852	3.390470
2715.097656	3.388939
2712.145508	3.387408
2709.191406	3.385878
2706.237305	-0.846087
2703.281250	0.845705
2700.323242	5.917256
2697.364258	4.224700
2694.404297	-0.844558
2691.443359	0.844176
2688.480469	2.531381
2685.515625	-2.530236
2682.550781	0.843030
2679.583984	5.055890
2676.615234	0.842267
2673.646484	3.367540
2670.674805	0.000000
2667.703125	2.523366
2664.729492	-0.840741
2661.754883	0.840359
2658.778320	1.679956
2655.800781	1.679194
2652.821289	0.839216
2649.840820	3.355340
2646.859375	-2.515363
2643.876953	0.000000
2640.892578	4.188464
2637.906250	3.349248
2634.918945	2.510795
2631.930664	2.509653
2628.941406	0.000000
2625.950195	-3.343162
2622.957031	0.835410
2619.963867	2.505090
2616.967773	5.007900
2613.971680	0.834270
2610.973633	3.335560
2607.974609	-2.500531
2604.973633	3.332522
2601.971680	-0.832751
2598.967773	4.994227
2595.962891	-0.831992
2592.957031	1.663225
2589.949219	0.000000
2586.940430	-0.830854
2583.929688	-0.830475
2580.917969	-2.490286
2577.905273	0.829716
2574.890625	0.829337
2571.875000	3.315835
2568.857422	5.800059
2565.838867	3.312804
2562.819336	1.655645
2559.797852	0.000000
2556.775391	2.481196
2553.750977	4.133435
2550.725586	1.652618
2547.698242	3.303722
2544.669922	0.825552
2541.640625	2.475523
2538.609375	6.598371
2535.577148	0.824418
2532.542969	-3.296162
2529.507813	0.000000
2526.471680	-3.293140
2523.433594	-0.822908
2520.393555	-0.822530
2517.353516	0.822153
2514.310547	-4.108876
2511.267578	2.464194
2508.222656	2.463062
2505.175781	2.461931
2502.127930	-2.460799
2499.079102	0.000000
2496.028320	3.278050
2492.976563	1.638272
2489.922852	1.637518
2486.868164	-1.636765
2483.812500	3.272023
2480.754883	2.452888
2477.695313	0.817253
2474.634766	-0.816876
2471.573242	0.000000
2468.509766	-0.816124
2465.445313	0.000000
2462.378906	4.076859
2459.311523	0.814996
2456.242188	2.443860
2453.171875	1.628488
2450.100586	-0.813868
2447.027344	1.626985
2443.953125	4.065586
2440.876953	0.812742
2437.799805	-1.624732
2434.720703	0.000000
2431.640625	2.434847
2428.558594	4.056201
2425.475586	2.432595
2422.390625	0.000000
2419.304688	1.620230
2416.217773	-2.429221
2413.128906	-1.618731
2410.038086	0.000000
2406.946289	0.808616
2403.853516	1.616483
2400.758789	4.039334
2397.663086	-2.422477
2394.565430	-0.807118
2391.466797	-1.613487
2388.366211	1.612739
2385.264648	-0.805995
2382.161133	0.805621
2379.056641	1.610494
2375.950195	0.000000
2372.842773	-0.804499
2369.734375	8.041257
2366.624023	7.233768
2363.511719	0.803378
2360.398438	1.606009
2357.284180	0.802631
2354.167969	-0.802258
2351.049805	0.801885
2347.930664	2.404534
2344.810547	1.602276
2341.688477	3.203060
2338.564453	0.000000
2335.439453	0.800019
2332.313477	0.799646
2329.185547	0.799273
2326.056641	3.994502
2322.925781	4.791167
2319.792969	2.394465
2316.660156	-0.797783
2313.524414	3.189641
2310.387695	-0.797038
2307.250000	-3.186662
2304.110352	-1.592587
2300.969727	1.591842
2297.827148	3.977745
2294.682617	7.156592
2291.537109	4.768830
2288.390625	3.177732
2285.242188	0.000000
2282.092773	-2.381069
2278.941406	0.000000
2275.788086	3.171785
2272.633789	-0.792575
2269.478516	3.168813
2266.321289	-2.375496
2263.162109	2.374382
2260.001953	0.791089
2256.840820	-1.581436
2253.676758	-0.790347
2250.512695	2.369928
2247.346680	0.000000
2244.178711	3.156937
2241.009766	1.577727
2237.838867	-0.788493
2234.666992	1.576244
2231.493164	-1.575503
2228.318359	1.574762
2225.141602	2.361031
2221.963867	2.359920
2218.784180	0.000000
2215.602539	2.357698
2212.419922	3.927646
2209.236328	-0.785159
2206.050781	1.569578
2202.863281	1.568838
2199.674805	3.920246
2196.485352	2.351038
2193.292969	2.349928
2190.100586	3.131759
2186.905273	4.695421
2183.709961	-1.564401
2180.511719	0.000000
2177.312500	3.125846
2174.112305	-2.343277
2170.910156	1.561446
2167.706055	1.560707
2164.500977	0.000000
2161.294922	-0.779615
2158.085938	2.337739
2154.876953	3.894387
2151.665039	0.778509
2148.452148	0.000000
2145.238281	-0.777771
2142.022461	-0.777402
2138.804688	1.554067
2135.585938	0.000000
2132.365234	-3.105186
2129.143555	3.103713
2125.919922	3.102239
2122.695313	-0.775191
2119.468750	6.973409
2116.240234	-0.774455
2113.010742	1.548174
2109.780273	4.642313
2106.546875	2.320053
2103.312500	4.637898
2100.077148	-0.772615
2096.839844	0.772247
2093.600586	1.543759
2090.360352	-1.543024
2087.119141	0.771144
2083.875000	-2.312331
2080.629883	0.000000
2077.383789	1.540084
2074.135742	0.769675
2070.885742	2.307923
2067.634766	4.613642
2064.381836	3.842866
2061.127930	0.768206
2057.871094	0.000000
2054.614258	2.302416
2051.355469	0.000000
2048.094727	0.766738
2044.832031	3.065487
2041.568359	0.766005
2038.303711	1.531277
2035.037109	0.765272
2031.768555	0.764905
2028.498047	-2.293617
2025.226563	0.000000
2021.954102	0.000000
2018.678711	0.000000
2015.403320	0.000000
2012.125000	1.525415
2008.845703	1.524683
2005.564453	1.523951
2002.282227	2.284828
1998.998047	2.283731
1995.712891	-3.043511
1992.424805	0.000000
1989.136719	3.040585
1985.845703	0.000000
1982.553711	1.518830
1979.260742	3.795248
1975.964844	0.758684
1972.667969	3.033275
1969.370117	-3.031813
1966.070313	-3.030352
1962.768555	0.000000
1959.465820	-1.513715
1956.161133	-3.782462
1952.854492	1.512255
1949.546875	0.000000
1946.237305	1.510795
1942.925781	3.775163
1939.613281	2.264004
1936.298828	3.771515
1932.982422	-4.523630
1929.665039	-3.014295
1926.346680	4.519255
1923.025391	-3.011378
1919.703125	-3.009920
1916.378906	5.264810
1913.053711	3.007005
1909.726563	0.000000
1906.397461	3.004091
1903.067383	0.750659
1899.735352	-0.750295
1896.401367	1.499861
1893.066406	-2.998266
1889.729492	-1.498405
1886.390625	-2.246516
1883.050781	0.748475
1879.708984	2.992444
1876.365234	2.243242
1873.020508	2.242151
1869.673828	2.241060
1866.326172	1.493313
1862.975586	0.000000
1859.624023	2.237788
1856.271484	1.491132
1852.916016	-1.490405
1849.559570	4.469036
1846.202148	4.466856
1842.841797	0.744113
1839.480469	2.231249
1836.118164	-2.230160
1832.752930	0.743024
1829.386719	1.485321
1826.018555	2.969191
1822.649414	2.967740
1819.278320	2.224716
1815.905273	2.964837
1812.531250	3.704233
1809.154297	2.961936
1805.777344	-0.740121
1802.397461	4.438553
1799.016602	0.739396
1795.633789	-0.739034
1792.249023	2.216014
1788.863281	2.214927
1785.475586	0.737947
1782.085938	-1.475169
1778.694336	1.474445
1775.301758	3.684302
1771.907227	0.736498
1768.510742	1.472272
1765.113281	-0.735774
1761.713867	1.470825
1758.312500	2.205151
1754.910156	2.938754
1751.505859	0.000000
1748.099609	1.467930
1744.691406	4.401620
1741.282227	-2.932967
1737.871094	0.732880
1734.458008	1.465037
1731.042969	5.125100
1727.626953	-1.463591
1724.208984	2.194303
1720.790039	2.924292
1717.368164	1.461424
1713.945313	3.651752
1710.520508	-0.729989
1707.093750	-0.729628
1703.666016	1.458534
1700.236328	5.102342
1696.804688	1.457090
1693.371094	2.184552
1689.936523	-0.727823
1686.500000	1.454925
1683.061523	3.635508
1679.622070	3.633704
1676.179688	-1.452760
1672.736328	-1.452039
1669.291016	2.176976
1665.844727	1.450596
1662.396484	0.724938
1658.945313	4.347463
1655.494141	-0.724217
1652.040039	2.171569
1648.584961	0.000000
1645.126953	2.169407
1641.668945	1.445551
1638.208008	3.612076
1634.745117	2.888220
1631.281250	0.000000
1627.815430	3.606674
1624.347656	1.441950
1620.878906	0.720615
1617.408203	0.720255
1613.935547	2.879580
1610.460938	4.317211
1606.984375	0.719175
1603.506836	1.437631
1600.027344	2.873823
1596.545898	0.000000
1593.062500	1.435473
1589.577148	2.152131
1586.090820	0.717017
1582.602539	1.433316
1579.112305	0.716298
1575.620117	-0.715939
1572.126953	3.577898
1568.630859	0.000000
1565.133789	2.859443
1561.634766	0.000000
1558.133789	2.142427
1554.631836	-0.713783
1551.127930	0.000000
1547.621094	-1.426130
1544.114258	0.712706
1540.604492	2.849387
1537.092773	0.711988
1533.580078	0.711629
1530.065430	1.422540
1526.548828	0.000000
1523.030273	1.421105
1519.509766	0.710194
1515.988281	0.709835
1512.463867	1.418952
1508.938477	2.127352
1505.411133	1.417518
1501.882813	-0.708400
1498.351563	2.124125
1494.818359	0.000000
1491.284180	2.121974
1487.748047	0.706966
1484.209961	2.826432
1480.669922	0.000000
1477.128906	-0.705891
1473.584961	3.527664
1470.040039	0.000000
1466.493164	1.409633
1462.944336	-0.704458
1459.393555	1.408200
1455.840820	-1.407484
1452.287109	2.813536
1448.730469	-1.406052
1445.172852	2.810672
1441.613281	-2.106930
1438.051758	2.807808
1434.488281	1.403188
1430.922852	0.000000
1427.356445	2.803514
1423.787109	0.700521
1420.216797	2.800652
1416.644531	2.799221
1413.070313	1.398895
1409.494141	0.699090
1405.916016	1.397465
1402.336914	2.095124
1398.754883	0.000000
1395.171875	-2.092979
1391.585938	-1.394604
1387.999023	4.878613
1384.410156	2.786349
1380.819336	1.392460
1377.226563	-0.695873
1373.632813	0.000000
1370.036133	1.390316
1366.438477	-0.694801
1362.837891	-2.777774
1359.236328	0.694086
1355.632813	0.000000
1352.027344	2.080116
1348.419922	-0.693015
1344.810547	-0.692658
1341.199219	-0.692301
1337.585938	2.075831
1333.970703	-2.766347
1330.354492	3.456150
1326.735352	2.072619
1323.115234	2.762064
1319.493164	1.380319
1315.869141	-2.069407
1312.242188	0.000000
1308.614258	-1.378178
1304.984375	2.754929
1301.353516	2.753502
1297.719727	4.128112
1294.083984	-0.687662
1290.446289	-1.374611
1286.807617	4.808642
1283.166016	1.373185
1279.523438	-1.372472
1275.877930	-0.685879
1272.231445	1.371046
1268.582031	4.110998
1264.931641	1.369620
1261.279297	0.684454
1257.625000	0.684097
1253.968750	1.367482
1250.310547	-2.050153
1246.650391	2.732113
1242.988281	0.682672
1239.324219	0.000000
1235.658203	2.045878
1231.990234	1.363207
1228.320313	-1.362494
1224.648438	2.042673
1220.975586	1.361070
1217.299805	2.720715
1213.622070	-4.078936
1209.943359	0.679467
1206.261719	-2.037332
1202.578125	2.715019
1198.893555	-0.678399
1195.206055	3.390214
1191.517578	0.000000
1187.826172	2.031993
1184.133789	2.707900
1180.438477	-3.383096
1176.742188	-1.352527
1173.042969	1.351815
1169.342773	0.000000
1165.639648	0.000000
1161.935547	2.024521
1158.228516	0.674485
1154.520508	4.718903
1150.809570	1.347546
1147.097656	-0.673418
1143.382813	4.038372
1139.666992	3.363532
1135.948242	-0.672351
1132.227539	0.000000
1128.505859	3.358198
1124.781250	-0.671284
1121.055664	1.341857
1117.327148	2.011719
1113.596680	0.670218
1109.865234	2.679449
1106.130859	1.339014
1102.394531	4.684060
1098.657227	4.012776
1094.916992	1.336881
1091.174805	0.668085
1087.430664	6.009570
1083.684570	2.669499
1079.936523	0.000000
1076.186523	-0.666664
1072.434570	-0.666309
1068.680664	1.331907
1064.924805	-0.665598
1061.166992	-2.660973
1057.406250	1.329776
1053.644531	1.329066
1049.880859	1.992533
1046.114258	1.991468
1042.346680	-0.663468
1038.576172	0.663112
1034.803711	0.662757
1031.030273	0.662402
1027.253906	-0.662047
1023.475586	0.661692
1019.695313	3.306686
1015.913086	3.304911
1012.128906	0.660627
1008.342773	-1.980817
1004.553711	-3.299586
