4046.277344	205.441101
4043.892578	222.211807
4041.505859	216.885437
4039.119141	236.699417
4036.731445	211.479736
4034.342773	227.094025
4031.952148	229.096588
4029.561523	231.097488
4027.169922	238.323120
4024.777344	238.228928
4022.383789	245.445892
4019.989258	243.260727
4017.593750	258.818848
4015.197266	238.895386
4012.799805	250.271576
4010.401367	261.638672
4008.001953	240.695541
4005.601563	240.600128
4003.201172	264.451080
4000.798828	272.672028
3998.395508	285.047668
3995.991211	271.415710
3993.585938	270.268402
3991.180664	288.864502
3988.773438	278.363007
3986.365234	291.749664
3983.957031	262.574036
3981.546875	286.330444
3979.135742	288.290497
3976.724609	282.992706
3974.311523	305.676178
3971.898438	278.624146
3969.483398	295.078918
3967.068359	288.751556
3964.651367	277.256439
3962.234375	302.998962
3959.815430	321.484863
3957.396484	316.190002
3954.975586	313.997925
3952.554688	320.067291
3950.131836	303.426361
3947.708984	322.906372
3945.284180	342.370697
3942.859375	340.172028
3940.432617	343.127106
3938.005859	337.839691
3935.577148	338.733948
3933.148438	348.889954
3930.718750	351.836395
3928.287109	346.553558
3925.855469	346.414520
3923.421875	348.330566
3920.988281	371.814301
3918.552734	350.104309
3916.117188	369.463135
3913.680664	382.651031
3911.242188	377.369904
3908.803711	372.092896
3906.363281	377.066406
3903.922852	376.914673
3901.480469	397.239197
3899.038086	412.430267
3896.593750	405.103210
3894.149414	413.120575
3891.703125	388.422150
3889.256836	405.635284
3886.808594	394.236969
3884.360352	414.496429
3881.910156	420.452209
3879.459961	450.885559
3877.007813	423.171783
3874.555664	428.097198
3872.101563	452.376984
3869.646484	460.341736
3867.191406	444.884918
3864.734375	475.233887
3862.277344	442.490509
3859.818359	490.101349
3857.358398	470.591339
3854.897461	482.592529
3852.436523	478.334686
3849.973633	484.231750
3847.509766	515.492615
3845.044922	507.168793
3842.579102	503.921234
3840.113281	539.189697
3837.645508	531.879028
3835.176758	552.929565
3832.707031	548.655762
3830.236328	514.029236
3827.764648	560.347290
3825.291992	579.329285
3822.818359	572.019165
3820.343750	585.929504
3817.868164	566.504578
3815.390625	577.377319
3812.913086	603.375854
3810.434570	608.172852
3807.955078	611.957642
3805.473633	628.840027
3802.992188	622.539429
3800.509766	620.271606
3798.025391	624.044556
3795.541016	612.722534
3793.054688	633.592102
3790.568359	657.460205
3788.080078	656.186707
3785.591797	645.873779
3783.101563	609.463562
3780.610352	695.528015
3778.119141	700.259644
3775.625977	679.916504
3773.131836	692.669556
3770.636719	689.379883
3768.140625	721.148560
3765.643555	694.822266
3763.145508	722.559143
3760.646484	713.259583
3758.146484	742.965637
3755.645508	726.668152
3753.143555	767.334351
3750.639648	762.025757
3748.135742	800.647034
3745.630859	795.328613
3743.124023	780.039429
3740.617188	803.648804
3738.108398	790.361633
3735.599609	813.946899
3733.088867	835.520813
3730.577148	834.181519
3728.064453	852.743774
3725.551758	836.478638
3723.037109	825.197754
3720.521484	865.603760
3718.004883	887.101685
3715.487305	874.820129
3712.967773	902.251526
3710.448242	891.957642
3707.927734	939.193970
3705.406250	905.100464
3702.882813	936.436829
3700.359375	932.087952
3697.833984	968.337341
3695.308594	980.803406
3692.781250	980.397949
3690.252930	982.959290
3687.723633	1027.034424
3685.193359	1048.347168
3682.662109	1015.320374
3680.129883	1020.823608
3677.596680	1005.598206
3675.062500	1051.544312
3672.527344	1108.298462
3669.990234	1080.241699
3667.453125	1121.172852
3664.915039	1085.254883
3662.375000	1089.726685
3659.833984	1126.666138
3657.292969	1151.771484
3654.750000	1153.259766
3652.206055	1150.815308
3649.661133	1162.125488
3647.115234	1145.931396
3644.568359	1187.661255
3642.019531	1208.752319
3639.470703	1222.960571
3636.920898	1228.333618
3634.369141	1288.576782
3631.817383	1254.737427
3629.263672	1283.587769
3626.708984	1277.181152
3624.153320	1309.910400
3621.596680	1340.656372
3619.039063	1332.277832
3616.480469	1373.735596
3613.920898	1359.489746
3611.360352	1415.544312
3608.797852	1423.736084
3606.235352	1453.380005
3603.670898	1477.148560
3601.105469	1473.607910
3598.540039	1460.327637
3595.972656	1468.481567
3593.404297	1515.563721
3590.834961	1513.957153
3588.264648	1530.830322
3585.692383	1557.410645
3583.120117	1594.657593
3580.545898	1627.987427
3577.971680	1625.364014
3575.395508	1602.360962
3572.818359	1636.614502
3570.240234	1705.749023
3567.661133	1692.432983
3565.081055	1700.443726
3562.500000	1714.258179
3559.917969	1731.933105
3557.333984	1787.332764
3554.750000	1795.288208
3552.164063	1794.534546
3549.577148	1808.278076
3546.989258	1848.093506
3544.400391	1859.870728
3541.810547	1899.630005
3539.219727	1889.182983
3536.626953	1924.073120
3534.034180	1942.544678
3531.439453	1960.036621
3528.844727	1964.027954
3526.248047	2044.078491
3523.650391	2073.052979
3521.051758	2079.875977
3518.451172	2080.923096
3515.850586	2059.860840
3513.249023	2120.483887
3510.645508	2147.441162
3508.041016	2210.854980
3505.436523	2213.760742
3502.830078	2253.112061
3500.222656	2277.089355
3497.613281	2315.421143
3495.003906	2311.569580
3492.393555	2345.065430
3489.781250	2387.146729
3487.167969	2408.143066
3484.553711	2490.327393
3481.938477	2547.586914
3479.322266	2483.444092
3476.705078	2498.630615
3474.086914	2595.910645
3471.466797	2684.518555
3468.845703	2579.404541
3466.224609	2637.430176
3463.601563	2690.640625
3460.977539	2679.973389
3458.351563	2759.783691
3455.725586	2791.930420
3453.098633	2897.314453
3450.469727	2859.944092
3447.839844	2967.109619
3445.208984	3020.016846
3442.577148	2990.238525
3439.944336	3063.978027
3437.310547	3046.542480
3434.674805	3140.115967
3432.039063	3171.022949
3429.401367	3230.338867
3426.762695	3282.023926
3424.123047	3265.475342
3421.481445	3342.659180
3418.839844	3360.162354
3416.197266	3419.267334
3413.552734	3441.448242
3410.907227	3474.949707
3408.260742	3606.665283
3405.613281	3583.411377
3402.963867	3605.480713
3400.314453	3719.987305
3397.663086	3691.996338
3395.011719	3720.586426
3392.358398	3850.912598
3389.704102	3870.931885
3387.047852	3898.464355
3384.391602	3941.028809
3381.733398	4005.190186
3379.075195	4112.545898
3376.415039	4010.228271
3373.753906	4103.396484
3371.090820	4196.483887
3368.427734	4278.227539
3365.762695	4264.201172
3363.097656	4403.050293
3360.430664	4397.416992
3357.762695	4450.819336
3355.092773	4582.850098
3352.422852	4566.845215
3349.750977	4580.798340
3347.079102	4676.119141
3344.405273	4719.931152
3341.729492	4729.124023
3339.053711	4836.399414
3336.376953	4861.406250
3333.698242	4954.529297
3331.018555	5034.508789
3328.337891	5084.574707
3325.656250	5136.460938
3322.973633	5146.369629
3320.289063	5317.401367
3317.604492	5347.703125
3314.917969	5326.793945
3312.230469	5371.015137
3309.541016	5506.318359
3306.851563	5534.622070
3304.160156	5663.232422
3301.467773	5746.228516
3298.774414	5699.202637
3296.080078	5877.672852
3293.384766	5876.070801
3290.687500	5977.366211
3287.990234	6074.866211
3285.291016	6069.471191
3282.589844	6208.505859
3279.888672	6228.040527
3277.186523	6338.208008
3274.482422	6368.761719
3271.777344	6475.997070
3269.071289	6618.243652
3266.364258	6676.333984
3263.655273	6771.293457
3260.945313	6864.323242
3258.234375	6875.193359
3255.522461	6982.843262
3252.809570	7071.048828
3250.095703	7215.358398
3247.379883	7306.145020
3244.663086	7419.856445
3241.945313	7438.724609
3239.226563	7651.575684
3236.505859	7639.075684
3233.784180	7701.912598
3231.061523	7857.436035
3228.337891	7983.451660
3225.613281	8046.968750
3222.886719	8169.120117
3220.160156	8316.830078
3217.431641	8433.255859
3214.702148	8517.524414
3211.970703	8643.828125
3209.239258	8754.463867
3206.505859	8857.683594
3203.771484	9035.781250
3201.035156	9052.879883
3198.298828	9202.416016
3195.560547	9222.161133
3192.821289	9372.401367
3190.081055	9554.438477
3187.339844	9567.614258
3184.596680	9665.544922
3181.853516	9676.832031
3179.108398	9836.552734
3176.361328	9978.835938
3173.614258	10060.027344
3170.865234	10352.155273
3168.115234	10482.200195
3165.364258	10355.869141
3162.612305	10553.010742
3159.858398	10532.072266
3157.104492	10661.800781
3154.347656	10738.799805
3151.590820	10959.901367
3148.833008	11099.235352
3146.073242	11223.042969
3143.312500	11407.412109
3140.550781	11378.902344
3137.787109	11654.418945
3135.023438	11703.595703
3132.257813	11726.511719
3129.491211	11917.471680
3126.722656	12154.324219
3123.954102	12158.946289
3121.183594	12288.996094
3118.412109	12420.732422
3115.638672	12638.002930
3112.865234	12639.688477
3110.089844	12663.888672
3107.313477	12897.866211
3104.536133	12984.927734
3101.756836	13171.770508
3098.976563	13119.244141
3096.195313	13350.800781
3093.413086	13525.546875
3090.628906	13538.482422
3087.844727	13827.888672
3085.058594	13971.676758
3082.270508	14366.464844
3079.482422	14430.990234
3076.692383	14505.312500
3073.901367	14689.737305
3071.109375	14754.023438
3068.315430	15028.557617
3065.520508	15157.037109
3062.724609	15474.957031
3059.927734	15628.143555
3057.128906	15717.762695
3054.329102	15925.168945
3051.528320	16044.024414
3048.726563	16191.320313
3045.922852	16540.917969
3043.118164	16587.128906
3040.312500	16836.443359
3037.505859	16929.675781
3034.697266	17074.455078
3031.887695	17458.464844
3029.077148	17411.644531
3026.264648	17576.453125
3023.452148	17790.875000
3020.637695	17948.253906
3017.821289	18142.781250
3015.004883	18237.732422
3012.186523	18502.916016
3009.367188	18834.363281
3006.545898	18816.306641
3003.724609	19045.431641
3000.901367	19191.996094
2998.077148	19464.998047
2995.250977	19603.273438
2992.423828	19678.630859
2989.595703	19958.994141
2986.766602	20211.714844
2983.935547	20441.244141
2981.104492	20623.775391
2978.270508	20595.246094
2975.436523	20815.462891
2972.600586	20976.408203
2969.763672	21094.908203
2966.925781	21184.228516
2964.085938	21461.880859
2961.245117	21663.593750
2958.403320	21910.867188
2955.560547	22215.945313
2952.715820	22393.308594
2949.870117	22473.873047
2947.023438	22580.701172
2944.174805	22679.529297
2941.325195	22917.759766
2938.474609	23361.855469
2935.622070	23276.107422
2932.768555	23373.548828
2929.914063	23602.263672
2927.058594	23906.927734
2924.201172	24010.937500
2921.342773	24335.251953
2918.483398	24549.992188
2915.622070	24635.205078
2912.759766	24909.001953
2909.896484	25180.800781
2907.032227	25052.666016
2904.166016	25632.933594
2901.298828	25787.191406
2898.429688	25889.884766
2895.559570	26170.189453
2892.688477	26245.613281
2889.816406	26607.304688
2886.942383	26738.128906
2884.067383	26938.392578
2881.191406	27041.123047
2878.314453	27399.177734
2875.435547	27552.830078
2872.554688	27781.855469
2869.673828	27927.375000
2866.791016	28386.699219
2863.907227	28494.527344
2861.021484	28699.296875
2858.134766	29021.660156
2855.247070	29032.076172
2852.358398	29361.775391
2849.467773	29721.443359
2846.576172	29629.490234
2843.682617	30116.593750
2840.789063	30251.699219
2837.893555	30614.607422
2834.996094	30861.541016
2832.097656	30978.851563
2829.198242	31211.587891
2826.297852	31413.939453
2823.395508	31621.271484
2820.492188	31671.693359
2817.587891	31946.697266
2814.681641	31917.763672
2811.774414	32153.695313
2808.866211	32289.703125
2805.956055	32389.494141
2803.044922	33014.742188
2800.131836	32775.902344
2797.218750	33215.929688
2794.303711	33206.171875
2791.386719	33662.738281
2788.468750	33463.410156
2785.549805	33637.656250
2782.629883	33952.132813
2779.708008	33986.511719
2776.785156	34480.992188
2773.860352	34431.300781
2770.935547	34637.144531
2768.007813	34916.246094
2765.080078	34443.789063
2762.150391	34636.515625
2759.219727	35157.457031
2756.287109	35016.304688
2753.353516	35343.132813
2750.418945	35258.218750
2747.482422	35480.746094
2744.544922	35408.593750
2741.606445	35595.101563
2738.666016	35667.488281
2735.724609	35556.218750
2732.782227	35688.007813
2729.837891	35953.828125
2726.892578	35819.628906
2723.945313	36163.183594
2720.997070	36038.316406
2718.047852	36178.855469
2715.097656	36120.156250
2712.145508	36282.531250
2709.191406	36255.980469
2706.237305	36129.605469
2703.281250	36364.453125
2700.323242	36326.035156
2697.364258	36403.394531
2694.404297	36621.718750
2691.443359	36551.121094
2688.480469	36462.859375
2685.515625	36547.566406
2682.550781	36504.042969
2679.583984	36709.128906
2676.615234	36736.296875
2673.646484	36542.015625
2670.674805	36864.582031
2667.703125	36469.367188
2664.729492	36661.335938
2661.754883	36411.929688
2658.778320	36679.328125
2655.800781	36307.535156
2652.821289	36411.906250
2649.840820	36305.621094
2646.859375	36284.105469
2643.876953	36177.953125
2640.892578	35957.960938
2637.906250	36301.667969
2634.918945	36252.527344
2631.930664	35626.203125
2628.941406	35914.367188
2625.950195	35630.582031
2622.957031	35528.324219
2619.963867	35715.070313
2616.967773	35646.230469
2613.971680	35645.855469
2610.973633	35387.792969
2607.974609	35161.628906
2604.973633	34965.656250
2601.971680	34739.035156
2598.967773	34783.128906
2595.962891	34475.242188
2592.957031	34355.570313
2589.949219	34338.234375
2586.940430	34119.007813
2583.929688	33923.226563
2580.917969	33879.515625
2577.905273	33703.082031
2574.890625	33380.003906
2571.875000	33344.031250
2568.857422	33019.734375
2565.838867	32860.535156
2562.819336	32774.320313
2559.797852	32498.687500
2556.775391	32225.779297
2553.750977	31948.148438
2550.725586	31812.060547
2547.698242	31523.291016
2544.669922	31252.111328
2541.640625	31156.107422
2538.609375	30629.636719
2535.577148	30566.960938
2532.542969	30534.822266
2529.507813	30280.316406
2526.471680	30044.966797
2523.433594	29664.169922
2520.393555	29478.652344
2517.353516	29419.083984
2514.310547	29046.464844
2511.267578	28777.675781
2508.222656	28865.445313
2505.175781	28386.880859
2502.127930	28159.748047
2499.079102	27892.640625
2496.028320	27372.541016
2492.976563	27199.404297
2489.922852	26990.390625
2486.868164	26901.046875
2483.812500	26522.201172
2480.754883	26341.562500
2477.695313	26104.689453
2474.634766	25824.732422
2471.573242	25718.939453
2468.509766	25523.460938
2465.445313	25315.917969
2462.378906	24827.255859
2459.311523	24766.908203
2456.242188	24495.621094
2453.171875	24157.808594
2450.100586	23939.937500
2447.027344	23701.109375
2443.953125	23263.281250
2440.876953	23216.777344
2437.799805	22870.544922
2434.720703	22570.908203
2431.640625	22425.748047
2428.558594	22294.505859
2425.475586	22118.779297
2422.390625	21902.685547
2419.304688	21662.478516
2416.217773	21455.687500
2413.128906	21190.804688
2410.038086	20744.138672
2406.946289	20708.654297
2403.853516	20255.335938
2400.758789	20159.507813
2397.663086	20001.585938
2394.565430	19666.236328
2391.466797	19368.302734
2388.366211	19088.376953
2385.264648	18950.560547
2382.161133	18944.183594
2379.056641	18498.943359
2375.950195	18395.378906
2372.842773	18041.705078
2369.734375	17987.486328
2366.624023	17711.478516
2363.511719	17489.544922
2360.398438	17369.794922
2357.284180	17073.572266
2354.167969	17068.035156
2351.049805	16679.197266
2347.930664	16571.244141
2344.810547	16134.119141
2341.688477	16200.275391
2338.564453	16003.835938
2335.439453	15827.574219
2332.313477	15421.973633
2329.185547	15462.739258
2326.056641	15187.097656
2322.925781	14947.641602
2319.792969	14767.466797
2316.660156	14669.626953
2313.524414	14384.482422
2310.387695	14231.907227
2307.250000	14007.769531
2304.110352	13823.650391
2300.969727	13729.638672
2297.827148	13667.531250
2294.682617	13462.345703
2291.537109	13307.419922
2288.390625	13097.818359
2285.242188	12929.700195
2282.092773	12860.151367
2278.941406	12504.276367
2275.788086	12396.921875
2272.633789	12193.762695
2269.478516	12129.424805
2266.321289	11924.197266
2263.162109	11652.674805
2260.001953	11603.699219
2256.840820	11588.765625
2253.676758	11377.836914
2250.512695	11219.240234
2247.346680	10931.292969
2244.178711	10938.786133
2241.009766	10756.941406
2237.838867	10565.013672
2234.666992	10382.718750
2231.493164	10307.726563
2228.318359	10102.883789
2225.141602	9995.031250
2221.963867	9884.917969
2218.784180	9741.880859
2215.602539	9667.348633
2212.419922	9438.132813
2209.236328	9411.702148
2206.050781	9284.053711
2202.863281	9074.159180
2199.674805	9019.701172
2196.485352	8838.334961
2193.292969	8778.549805
2190.100586	8560.663086
2186.905273	8605.923828
2183.709961	8398.487305
2180.511719	8367.937500
2177.312500	8095.942383
2174.112305	8050.717773
2170.910156	7947.759766
2167.706055	7814.461914
2164.500977	7763.966309
2161.294922	7690.906250
2158.085938	7518.169434
2154.876953	7405.566895
2151.665039	7309.416992
2148.452148	7183.007813
2145.238281	7132.937500
2142.022461	7052.593262
2138.804688	6902.389648
2135.585938	6859.505859
2132.365234	6681.584473
2129.143555	6674.533691
2125.919922	6619.402344
2122.695313	6520.135254
2119.468750	6386.867676
2116.240234	6277.732910
2113.010742	6080.453125
2109.780273	6159.576172
2106.546875	5977.229492
2103.312500	5921.049805
2100.077148	5809.293457
2096.839844	5897.653320
2093.600586	5631.634277
2090.360352	5591.919434
2087.119141	5539.901855
2083.875000	5474.057617
2080.629883	5400.570313
2077.383789	5265.547852
2074.135742	5163.748047
2070.885742	5134.358398
2067.634766	5106.532715
2064.381836	5080.268555
2061.127930	4940.333496
2057.871094	4832.011230
2054.614258	4723.023438
2051.355469	4715.395996
2048.094727	4662.536621
2044.832031	4612.024902
2041.568359	4539.345703
2038.303711	4485.875000
2035.037109	4399.547363
2031.768555	4379.082520
2028.498047	4250.071289
2025.226563	4224.345215
2021.954102	4115.387207
2018.678711	4130.973145
2015.403320	4043.527344
2012.125000	4013.366943
2008.845703	3882.604980
2005.564453	3789.303955
2002.282227	3839.273438
1998.998047	3685.941406
1995.712891	3670.474365
1992.424805	3639.049805
1989.136719	3482.990234
1985.845703	3475.236572
1982.553711	3414.330078
1979.260742	3381.565674
1975.964844	3322.277344
1972.667969	3272.903320
1969.370117	3262.230957
1966.070313	3147.020508
1962.768555	3151.561035
1959.465820	3055.434082
1956.161133	2973.771973
1952.854492	2953.433838
1949.546875	2954.275391
1946.237305	2864.467285
1942.925781	2831.372314
1939.613281	2842.078857
1936.298828	2744.908691
1932.982422	2730.764648
1929.665039	2700.054443
1926.346680	2656.568604
1923.025391	2662.811279
1919.703125	2595.303955
1916.378906	2519.587646
1913.053711	2506.338867
1909.726563	2452.527344
1906.397461	2430.309814
1903.067383	2363.823975
1899.735352	2355.924805
1896.401367	2324.034424
1893.066406	2276.433105
1889.729492	2240.115234
1886.390625	2254.003906
1883.050781	2208.748779
1879.708984	2156.055664
1876.365234	2114.628906
1873.020508	2091.926514
1869.673828	2083.438477
1866.326172	2047.331543
1862.975586	1996.333252
1859.624023	1907.341309
1856.271484	1912.376587
1852.916016	1892.069336
1849.559570	1849.435913
1846.202148	1840.344727
1842.841797	1788.103149
1839.480469	1802.849365
1836.118164	1770.746948
1832.752930	1755.021851
1829.386719	1696.236938
1826.018555	1688.727295
1822.649414	1709.417969
1819.278320	1649.256226
1815.905273	1583.964233
1812.531250	1540.220093
1809.154297	1554.275757
1805.777344	1506.146973
1802.397461	1457.324829
1799.016602	1486.926025
1795.633789	1450.723511
1792.249023	1438.193359
1788.863281	1385.806274
1785.475586	1379.222656
1782.085938	1341.666382
1778.694336	1313.730347
1775.301758	1299.084717
1771.907227	1322.014282
1768.510742	1274.251709
1765.113281	1253.023438
1761.713867	1222.255249
1758.312500	1185.636353
1754.910156	1205.623901
1751.505859	1154.361694
1748.099609	1139.113770
1744.691406	1136.351685
1741.282227	1105.728638
1737.871094	1113.977905
1734.458008	1078.267456
1731.042969	1086.521240
1727.626953	1085.253052
1724.208984	1044.488281
1720.790039	1021.309021
1717.368164	1017.881470
1713.945313	994.737366
1710.520508	973.075745
1707.093750	959.461060
1703.666016	930.544800
1700.236328	934.457520
1696.804688	885.910767
1693.371094	902.220093
1689.936523	888.672119
1686.500000	867.862549
1683.061523	848.527466
1679.622070	808.862488
1676.179688	827.346863
1672.736328	787.731018
1669.291016	777.180542
1665.844727	781.871460
1662.396484	761.909485
1658.945313	752.835693
1655.494141	740.149475
1652.040039	717.341614
1648.584961	702.514587
1645.126953	706.503601
1641.668945	701.814941
1638.208008	666.066833
1634.745117	667.178894
1631.281250	658.185791
1627.815430	665.792053
1624.347656	625.085144
1620.878906	613.243225
1617.408203	597.091309
1613.935547	594.633240
1610.460938	587.140686
1606.984375	568.148499
1603.506836	577.927673
1600.027344	549.618713
1596.545898	553.652100
1593.062500	534.713684
1589.577148	524.402527
1586.090820	527.007751
1582.602539	518.143616
1579.112305	522.897766
1575.620117	499.009430
1572.126953	497.327759
1568.630859	472.760529
1565.133789	464.659546
1561.634766	477.287079
1558.133789	435.626862
1554.631836	446.114502
1551.127930	450.884003
1547.621094	421.421387
1544.114258	406.955048
1540.604492	418.859955
1537.092773	394.441284
1533.580078	389.261017
1530.065430	381.951996
1526.548828	384.602936
1523.030273	379.434967
1519.509766	358.647766
1515.988281	345.689575
1512.463867	364.670715
1508.938477	348.176666
1505.411133	338.786713
1501.882813	328.697723
1498.351563	327.115265
1494.818359	338.272552
1491.284180	308.393585
1487.748047	316.720886
1484.209961	308.081024
1480.669922	305.099792
1477.128906	292.944855
1473.584961	282.213165
1470.040039	292.647491
1466.493164	271.354340
1462.944336	278.261017
1459.393555	282.344147
1455.840820	264.606995
1452.287109	269.396057
1448.730469	250.277222
1445.172852	237.501755
1441.613281	253.533890
1438.051758	249.192978
1434.488281	234.332443
1430.922852	236.316635
1427.356445	235.495163
1423.787109	217.161407
1420.216797	233.154251
1416.644531	223.237869
1413.070313	207.036469
1409.494141	208.328781
1405.916016	203.331085
1402.336914	213.702652
1398.754883	189.162643
1395.171875	200.228317
1391.585938	193.849991
1387.999023	184.690353
1384.410156	186.685394
1380.819336	170.576324
1377.226563	175.359879
1373.632813	171.096756
1370.036133	178.655594
1366.438477	161.888565
1362.837891	153.472015
1359.236328	150.616730
1355.632813	148.458038
1352.027344	158.088821
1348.419922	154.542328
1344.810547	146.150803
1341.199219	144.690872
1337.585938	156.379303
1333.970703	137.625778
1330.354492	128.568756
1326.735352	122.975395
1323.115234	128.435989
1319.493164	128.369629
1315.869141	126.923645
1312.242188	124.100212
1308.614258	128.859619
1304.984375	103.998550
1301.353516	115.647072
1297.719727	104.578850
1294.083984	117.590218
1290.446289	113.405403
1286.807617	109.224876
1283.166016	100.929070
1279.523438	101.562897
1275.877930	108.368927
1272.231445	95.287674
1268.582031	97.978790
1264.931641	100.667061
1261.279297	93.085678
1257.625000	97.825897
1253.968750	83.416382
1250.310547	82.006142
1246.650391	75.133102
1242.988281	81.920631
1239.324219	86.654091
1235.658203	76.379463
1231.990234	73.613152
1228.320313	81.749657
1224.648438	72.855339
1220.975586	64.650810
1217.299805	72.779129
1213.622070	69.341919
1209.943359	67.946671
1206.261719	70.627510
1202.578125	72.626747
1198.893555	63.091080
1195.206055	70.516449
1191.517578	57.603382
1187.826172	66.378433
1184.133789	59.573807
1180.438477	63.602207
1176.742188	60.187443
1173.042969	52.720791
1169.342773	59.448559
1165.639648	51.314899
1161.935547	59.385948
1158.228516	52.609798
1154.520508	46.514896
1150.809570	55.249405
1147.097656	50.506321
1143.382813	49.133526
1139.666992	43.725914
1135.948242	53.115711
1132.227539	42.335697
1128.505859	46.343136
1124.781250	44.976040
1121.055664	42.268505
1117.327148	40.904964
1113.596680	39.542843
1109.865234	46.220497
1106.130859	42.848438
1102.394531	37.472481
1098.657227	38.121376
1094.916992	39.438000
1091.174805	42.089378
1087.430664	36.057423
1083.684570	42.711983
1079.936523	36.019051
1076.186523	30.666552
1072.434570	33.315445
1068.680664	27.970055
1064.924805	39.270309
1061.166992	33.262161
1057.406250	29.255075
1053.644531	37.213844
1049.880859	31.880533
1046.114258	27.216728
1042.346680	30.519506
1038.576172	33.155621
1034.803711	30.486837
1031.030273	30.470505
1027.253906	30.454172
1023.475586	28.452765
1019.695313	31.744184
1015.913086	28.422234
1012.128906	20.479443
1008.342773	29.051977
1004.553711	27.056608
