4046.277344	207.537445
4043.892578	223.259979
4041.505859	224.219727
4039.119141	225.178650
4036.731445	218.808243
4034.342773	232.326614
4031.952148	213.405029
4029.561523	227.960419
4027.169922	239.368393
4024.777344	233.004608
4022.383789	256.934845
4019.989258	239.084579
4017.593750	232.728241
4015.197266	252.457138
4012.799805	232.544006
4010.401367	253.299591
4008.001953	243.821457
4005.601563	260.389740
4003.201172	264.451080
4000.798828	257.061035
3998.395508	259.039673
3995.991211	257.896912
3993.585938	281.702850
3991.180664	276.395538
3988.773438	286.672363
3986.365234	275.137573
3983.957031	275.028137
3981.546875	271.806427
3979.135742	282.068420
3976.724609	273.663269
3974.311523	281.843781
3971.898438	267.230591
3969.483398	297.149658
3967.068359	277.367096
3964.651367	308.292633
3962.234375	293.691833
3959.815430	315.282593
3957.396484	317.223297
3954.975586	294.373047
3952.554688	326.262146
3950.131836	331.292023
3947.708984	324.969666
3945.284180	331.027100
3942.859375	335.017914
3940.432617	319.427643
3938.005859	349.169708
3935.577148	325.349335
3933.148438	359.181702
3930.718750	326.117340
3928.287109	337.298401
3925.855469	356.693909
3923.421875	365.798462
3920.988281	332.784058
3918.552734	356.264526
3916.117188	354.068817
3913.680664	375.469910
3911.242188	352.758820
3908.803711	374.143005
3906.363281	418.051880
3903.922852	388.181152
3901.480469	385.977264
3899.038086	401.172852
3896.593750	388.735413
3894.149414	415.165741
3891.703125	404.776764
3889.256836	427.092072
3886.808594	439.175873
3884.360352	427.768494
3881.910156	428.616333
3879.459961	458.026276
3877.007813	433.368683
3874.555664	446.444214
3872.101563	426.905304
3869.646484	434.880371
3867.191406	453.029266
3864.734375	460.987030
3862.277344	461.817688
3859.818359	466.714783
3857.358398	469.574951
3854.897461	501.896240
3852.436523	472.241241
3849.973633	482.201416
3847.509766	529.699097
3845.044922	515.283508
3842.579102	520.144043
3840.113281	479.392365
3837.645508	533.905273
3835.176758	539.764587
3832.707031	537.520691
3830.236328	520.100464
3827.764648	548.209839
3825.291992	543.942688
3822.818359	551.806458
3820.343750	571.786377
3817.868164	559.435913
3815.390625	576.367920
3812.913086	605.393799
3810.434570	581.949829
3807.955078	588.769775
3805.473633	571.397888
3802.992188	604.407227
3800.509766	574.959534
3798.025391	605.927124
3795.541016	622.783691
3793.054688	641.637695
3790.568359	649.417908
3788.080078	633.074463
3785.591797	628.797791
3783.101563	653.642151
3780.610352	663.411316
3778.119141	680.194885
3775.625977	683.927856
3773.131836	678.635742
3770.636719	686.373901
3768.140625	694.105469
3765.643555	689.816345
3763.145508	699.541321
3760.646484	724.263550
3758.146484	715.966919
3755.645508	746.658997
3753.143555	756.343872
3750.639648	778.005310
3748.135742	765.706055
3745.630859	783.353760
3743.124023	758.094604
3740.617188	794.675049
3738.108398	810.295105
3735.599609	799.002930
3733.088867	807.636902
3730.577148	819.249878
3728.064453	851.748718
3725.551758	871.290466
3723.037109	853.035767
3720.521484	845.727661
3718.004883	874.187561
3715.487305	849.995483
3712.967773	866.518799
3710.448242	899.894958
3707.927734	895.556641
3705.406250	918.979309
3702.882813	918.599915
3700.359375	926.144775
3697.833984	929.722656
3695.308594	934.286987
3692.781250	961.601257
3690.252930	989.881531
3687.723633	985.518188
3685.193359	1007.836182
3682.662109	1023.221741
3680.129883	1062.288452
3677.596680	982.900696
3675.062500	1040.693481
3672.527344	1035.332153
3669.990234	1068.414185
3667.453125	1091.616455
3664.915039	1086.239746
3662.375000	1099.570679
3659.833984	1106.986328
3657.292969	1122.264160
3654.750000	1144.411133
3652.206055	1152.780762
3649.661133	1189.631348
3647.115234	1213.685791
3644.568359	1220.052002
3642.019531	1156.752441
3639.470703	1214.134033
3636.920898	1215.589600
3634.369141	1216.063721
3631.817383	1221.434448
3629.263672	1238.549561
3626.708984	1285.989258
3624.153320	1282.518677
3621.596680	1322.076904
3619.039063	1305.886475
3616.480469	1336.607666
3613.920898	1330.190308
3611.360352	1303.276978
3608.797852	1334.935547
3606.235352	1402.657959
3603.670898	1409.872559
3601.105469	1391.740723
3598.540039	1438.895264
3595.972656	1441.215332
3593.404297	1474.681519
3590.834961	1488.659668
3588.264648	1472.475952
3585.692383	1484.498169
3583.120117	1511.086182
3580.545898	1572.620361
3577.971680	1583.613281
3575.395508	1592.655518
3572.818359	1587.137695
3570.240234	1595.200195
3567.661133	1615.856689
3565.081055	1646.184448
3562.500000	1666.801392
3559.917969	1673.847046
3557.333984	1679.918579
3554.750000	1746.923706
3552.164063	1739.422241
3549.577148	1784.116211
3546.989258	1811.382813
3544.400391	1782.617554
3541.810547	1762.563232
3539.219727	1852.518555
3536.626953	1864.277344
3534.034180	1913.623413
3531.439453	1854.036621
3528.844727	1892.748779
3526.248047	1976.680786
3523.650391	1942.163818
3521.051758	1976.940430
3518.451172	2034.765747
3515.850586	2020.451538
3513.249023	2097.424561
3510.645508	2030.273193
3508.041016	2113.895996
3505.436523	2148.509033
3502.830078	2148.561523
3500.222656	2209.975098
3497.613281	2249.293701
3495.003906	2250.259766
3492.393555	2302.932861
3489.781250	2284.730957
3487.167969	2316.295166
3484.553711	2338.268311
3481.938477	2473.979492
3479.322266	2420.378418
3476.705078	2429.861084
3474.086914	2481.343018
3471.466797	2568.090820
3468.845703	2562.233887
3466.224609	2614.545898
3463.601563	2583.891846
3460.977539	2593.276855
3458.351563	2671.219238
3455.725586	2701.499756
3453.098633	2685.130127
3450.469727	2798.122803
3447.839844	2854.927979
3445.208984	2859.418213
3442.577148	2857.254639
3439.944336	2931.050537
3437.310547	2965.870850
3434.674805	2991.173828
3432.039063	2983.265137
3429.401367	3109.011719
3426.762695	3083.055908
3424.123047	3176.451416
3421.481445	3192.140137
3418.839844	3254.181396
3416.197266	3263.201172
3413.552734	3401.739014
3410.907227	3371.939209
3408.260742	3434.739502
3405.613281	3462.547852
3402.963867	3493.163330
3400.314453	3495.448242
3397.663086	3536.395020
3395.011719	3609.355469
3392.358398	3562.588867
3389.704102	3602.509521
3387.047852	3734.655518
3384.391602	3740.589600
3381.733398	3783.202148
3379.075195	3775.005127
3376.415039	3844.819092
3373.753906	3945.573486
3371.090820	3976.753174
3368.427734	4062.344727
3365.762695	4039.028809
3363.097656	4113.264648
3360.430664	4163.062988
3357.762695	4140.667480
3355.092773	4189.472168
3352.422852	4289.726074
3349.750977	4294.439941
3347.079102	4325.339844
3344.405273	4428.208008
3341.729492	4506.687012
3339.053711	4499.149902
3336.376953	4624.219238
3333.698242	4706.242676
3331.018555	4691.162109
3328.337891	4673.294922
3325.656250	4708.577637
3322.973633	4829.555176
3320.289063	4835.864258
3317.604492	5047.918945
3314.917969	4984.330566
3312.230469	5055.675293
3309.541016	5107.431152
3306.851563	5156.353027
3304.160156	5265.616699
3301.467773	5390.571289
3298.774414	5420.739746
3296.080078	5504.693848
3293.384766	5510.670898
3290.687500	5627.883301
3287.990234	5707.928223
3285.291016	5677.683105
3282.589844	5776.150879
3279.888672	5802.349609
3277.186523	5847.024414
3274.482422	6024.804199
3271.777344	6018.509277
3269.071289	6161.876465
3266.364258	6289.420410
3263.655273	6348.548828
3260.945313	6372.564941
3258.234375	6514.603027
3255.522461	6595.675781
3252.809570	6658.248047
3250.095703	6713.396484
3247.379883	6807.161621
3244.663086	6937.653320
3241.945313	6947.531250
3239.226563	6989.579590
3236.505859	7151.983398
3233.784180	7185.634766
3231.061523	7312.916016
3228.337891	7380.424805
3225.613281	7503.837402
3222.886719	7644.564941
3220.160156	7712.752930
3217.431641	7815.697266
3214.702148	7675.846191
3211.970703	7887.653320
3209.239258	8002.276855
3206.505859	8194.545898
3203.771484	8215.676758
3201.035156	8328.174805
3198.298828	8462.496094
3195.560547	8479.823242
3192.821289	8640.424805
3190.081055	8673.164063
3187.339844	8814.387695
3184.596680	8892.592773
3181.853516	9021.749023
3179.108398	8995.969727
3176.361328	9125.874023
3173.614258	9293.878906
3170.865234	9437.177734
3168.115234	9370.341797
3165.364258	9503.481445
3162.612305	9743.685547
3159.858398	9680.426758
3157.104492	9756.074219
3154.347656	9877.010742
3151.590820	9997.837891
3148.833008	10072.333984
3146.073242	10208.366211
3143.312500	10376.877930
3140.550781	10412.179688
3137.787109	10603.069336
3135.023438	10631.904297
3132.257813	10793.597656
3129.491211	10767.199219
3126.722656	11001.844727
3123.954102	11128.848633
3121.183594	11188.959961
3118.412109	11230.073242
3115.638672	11327.047852
3112.865234	11535.686523
3110.089844	11461.278320
3107.313477	11741.704102
3104.536133	11801.371094
3101.756836	11881.672852
3098.976563	12157.940430
3096.195313	12030.372070
3093.413086	12371.913086
3090.628906	12421.277344
3087.844727	12429.300781
3085.058594	12690.348633
3082.270508	13042.647461
3079.482422	13112.236328
3076.692383	13195.201172
3073.901367	13299.586914
3071.109375	13474.607422
3068.315430	13606.513672
3065.520508	13662.265625
3062.724609	13860.132813
3059.927734	13927.333984
3057.128906	14237.465820
3054.329102	14415.162109
3051.528320	14480.234375
3048.726563	14636.247070
3045.922852	14826.006836
3043.118164	14898.822266
3040.312500	15251.344727
3037.505859	15294.509766
3034.697266	15261.962891
3031.887695	15501.728516
3029.077148	15861.353516
3026.264648	15875.706055
3023.452148	15999.346680
3020.637695	16256.112305
3017.821289	16351.942383
3015.004883	16539.093750
3012.186523	16508.738281
3009.367188	16831.310547
3006.545898	17069.394531
3003.724609	17335.613281
3000.901367	17407.662109
2998.077148	17613.296875
2995.250977	17693.109375
2992.423828	17886.046875
2989.595703	17940.908203
2986.766602	18212.191406
2983.935547	18287.164063
2981.104492	18456.521484
2978.270508	18742.203125
2975.436523	18886.503906
2972.600586	18944.273438
2969.763672	19113.900391
2966.925781	19201.455078
2964.085938	19413.070313
2961.245117	19746.820313
2958.403320	19952.716797
2955.560547	19955.310547
2952.715820	20296.271484
2949.870117	20357.558594
2947.023438	20416.150391
2944.174805	20629.164063
2941.325195	20548.953125
2938.474609	21115.117188
2935.622070	21186.394531
2932.768555	21282.134766
2929.914063	21489.882813
2927.058594	21683.433594
2924.201172	21876.806641
2921.342773	22131.224609
2918.483398	22303.232422
2915.622070	22539.744141
2912.759766	22619.693359
2909.896484	22783.376953
2907.032227	23066.464844
2904.166016	23319.636719
2901.298828	23314.494141
2898.429688	23337.238281
2895.559570	23726.697266
2892.688477	23952.974609
2889.816406	24108.544922
2886.942383	24425.783203
2884.067383	24555.773438
2881.191406	24751.697266
2878.314453	24896.181641
2875.435547	24960.634766
2872.554688	25163.039063
2869.673828	25613.398438
2866.791016	25791.900391
2863.907227	25949.429688
2861.021484	26253.244141
2858.134766	26497.021484
2855.247070	26422.861328
2852.358398	26888.712891
2849.467773	27194.128906
2846.576172	27151.720703
2843.682617	27502.531250
2840.789063	27838.335938
2837.893555	27787.037109
2834.996094	28244.078125
2832.097656	28382.400391
2829.198242	28582.671875
2826.297852	28912.029297
2823.395508	29062.763672
2820.492188	29129.830078
2817.587891	29492.041016
2814.681641	29523.564453
2811.774414	29625.564453
2808.866211	29711.132813
2805.956055	30246.804688
2803.044922	30488.292969
2800.131836	30693.501953
2797.218750	30960.294922
2794.303711	30946.404297
2791.386719	31075.669922
2788.468750	31233.943359
2785.549805	31350.097656
2782.629883	31678.443359
2779.708008	31682.181641
2776.785156	32018.615234
2773.860352	32486.392578
2770.935547	32354.718750
2768.007813	32594.705078
2765.080078	32359.777344
2762.150391	32713.876953
2759.219727	32922.640625
2756.287109	33308.542969
2753.353516	33160.605469
2750.418945	33189.117188
2747.482422	33531.777344
2744.544922	33510.714844
2741.606445	33679.363281
2738.666016	33778.976563
2735.724609	33891.234375
2732.782227	33676.312500
2729.837891	34275.058594
2726.892578	34150.105469
2723.945313	34270.437500
2720.997070	34136.250000
2718.047852	34489.554688
2715.097656	34458.730469
2712.145508	34485.511719
2709.191406	34530.875000
2706.237305	34714.949219
2703.281250	34743.234375
2700.323242	34610.875000
2697.364258	34801.390625
2694.404297	35096.445313
2691.443359	35078.878906
2688.480469	35059.628906
2685.515625	35162.683594
2682.550781	35031.269531
2679.583984	35102.199219
2676.615234	35121.671875
2673.646484	35193.316406
2670.674805	35335.570313
2667.703125	34984.789063
2664.729492	35243.847656
2661.754883	35240.468750
2658.778320	35129.566406
2655.800781	34915.484375
2652.821289	34949.152344
2649.840820	34837.660156
2646.859375	34942.578125
2643.876953	34919.167969
2640.892578	34859.746094
2637.906250	34802.039063
2634.918945	34744.375000
2631.930664	34705.996094
2628.941406	34783.027344
2625.950195	34551.574219
2622.957031	34692.078125
2619.963867	34460.019531
2616.967773	34601.250000
2613.971680	34533.773438
2610.973633	34227.019531
2607.974609	34218.929688
2604.973633	33999.222656
2601.971680	33653.128906
2598.967773	33780.957031
2595.962891	33644.914063
2592.957031	33455.765625
2589.949219	33408.085938
2586.940430	33076.289063
2583.929688	33020.500000
2580.917969	33092.585938
2577.905273	32909.042969
2574.890625	32766.294922
2571.875000	32461.191406
2568.857422	32468.728516
2565.838867	32094.449219
2562.819336	32362.064453
2559.797852	31925.269531
2556.775391	31529.390625
2553.750977	31326.480469
2550.725586	31140.273438
2547.698242	30871.630859
2544.669922	30559.472656
2541.640625	30594.162109
2538.609375	30292.294922
2535.577148	30115.179688
2532.542969	30112.089844
2529.507813	29782.822266
2526.471680	29405.275391
2523.433594	29318.548828
2520.393555	28991.714844
2517.353516	28882.218750
2514.310547	28736.656250
2511.267578	28515.648438
2508.222656	28449.187500
2505.175781	27890.390625
2502.127930	27873.474609
2499.079102	27703.246094
2496.028320	27247.154297
2492.976563	26913.525391
2489.922852	26737.394531
2486.868164	26586.787109
2483.812500	26171.277344
2480.754883	25958.093750
2477.695313	25801.488281
2474.634766	25466.123047
2471.573242	25291.910156
2468.509766	25197.828125
2465.445313	24974.121094
2462.378906	24732.673828
2459.311523	24433.574219
2456.242188	24050.837891
2453.171875	23886.666016
2450.100586	23685.197266
2447.027344	23295.990234
2443.953125	23137.248047
2440.876953	22916.062500
2437.799805	22810.429688
2434.720703	22429.621094
2431.640625	22209.857422
2428.558594	22077.093750
2425.475586	21799.298828
2422.390625	21669.263672
2419.304688	21438.076172
2416.217773	21038.669922
2413.128906	20906.716797
2410.038086	20524.091797
2406.946289	20428.873047
2403.853516	19994.275391
2400.758789	19995.511719
2397.663086	19693.123047
2394.565430	19364.375000
2391.466797	19305.376953
2388.366211	18869.851563
2385.264648	18628.164063
2382.161133	18652.548828
2379.056641	18439.355469
2375.950195	18283.501953
2372.842773	17932.292969
2369.734375	17808.970703
2366.624023	17594.130859
2363.511719	17436.523438
2360.398438	17099.183594
2357.284180	17033.441406
2354.167969	16877.900391
2351.049805	16654.339844
2347.930664	16474.261719
2344.810547	16210.227539
2341.688477	15965.651367
2338.564453	15742.908203
2335.439453	15681.970703
2332.313477	15444.363281
2329.185547	15299.687500
2326.056641	14976.986328
2322.925781	14967.604492
2319.792969	14666.101563
2316.660156	14463.000977
2313.524414	14230.582031
2310.387695	13902.730469
2307.250000	13991.039063
2304.110352	13827.631836
2300.969727	13684.270508
2297.827148	13583.999023
2294.682617	13433.718750
2291.537109	13104.744141
2288.390625	13081.135742
2285.242188	12854.264648
2282.092773	12622.044922
2278.941406	12530.456055
2275.788086	12360.446289
2272.633789	12151.755859
2269.478516	11942.464844
2266.321289	11778.500000
2263.162109	11748.441406
2260.001953	11450.227539
2256.840820	11403.738281
2253.676758	11241.897461
2250.512695	11133.132813
2247.346680	10985.776367
2244.178711	10820.401367
2241.009766	10508.449219
2237.838867	10424.661133
2234.666992	10379.566406
2231.493164	10173.808594
2228.318359	10091.860352
2225.141602	9869.110352
2221.963867	9767.708984
2218.784180	9729.300781
2215.602539	9491.306641
2212.419922	9369.791992
2209.236328	9270.373047
2206.050781	9227.548828
2202.863281	8910.215820
2199.674805	8840.937500
2196.485352	8884.572266
2193.292969	8695.518555
2190.100586	8581.019531
2186.905273	8471.321289
2183.709961	8376.585938
2180.511719	8270.991211
2177.312500	8152.207520
2174.112305	8037.439453
2170.910156	7872.810059
2167.706055	7706.773438
2164.500977	7623.568848
2161.294922	7523.289063
2158.085938	7479.207031
2154.876953	7329.236816
2151.665039	7177.848633
2148.452148	7116.865723
2145.238281	7125.937500
2142.022461	6943.756836
2138.804688	6762.523438
2135.585938	6773.295898
2132.365234	6636.559082
2129.143555	6602.372559
2125.919922	6616.300293
2122.695313	6501.530762
2119.468750	6311.709961
2116.240234	6224.295410
2113.010742	6123.027832
2109.780273	5999.416504
2106.546875	5987.283203
2103.312500	5942.693359
2100.077148	5856.423340
2096.839844	5738.570313
2093.600586	5660.965820
2090.360352	5543.313965
2087.119141	5509.827148
2083.875000	5423.186523
2080.629883	5331.233398
2077.383789	5296.349609
2074.135742	5212.237305
2070.885742	5153.590820
2067.634766	5036.559082
2064.381836	4942.693848
2061.127930	4896.545410
2057.871094	4839.689941
2054.614258	4792.096191
2051.355469	4687.780273
2048.094727	4603.497559
2044.832031	4531.555664
2041.568359	4475.000977
2038.303711	4461.374512
2035.037109	4385.007324
2031.768555	4281.174805
2028.498047	4253.129395
2025.226563	4141.814453
2021.954102	4075.669434
2018.678711	4074.478516
2015.403320	3976.376953
2012.125000	3964.553711
2008.845703	3847.537354
2005.564453	3849.500000
2002.282227	3741.787354
1998.998047	3688.986328
1995.712891	3656.017578
1992.424805	3633.726318
1989.136719	3518.717041
1985.845703	3444.845459
1982.553711	3397.622803
1979.260742	3295.033936
1975.964844	3302.551758
1972.667969	3246.362061
1969.370117	3212.206055
1966.070313	3162.172363
1962.768555	3141.717285
1959.465820	3037.269531
1956.161133	2972.259033
1952.854492	2982.922607
1949.546875	2970.146484
1946.237305	2879.575195
1942.925781	2871.389160
1939.613281	2817.929688
1936.298828	2729.822754
1932.982422	2701.361084
1929.665039	2678.954590
1926.346680	2634.725586
1923.025391	2602.583740
1919.703125	2583.264160
1916.378906	2515.074951
1913.053711	2472.510254
1909.726563	2441.256592
1906.397461	2383.746338
1903.067383	2399.855713
1899.735352	2346.170898
1896.401367	2316.535156
1893.066406	2270.436523
1889.729492	2267.086670
1886.390625	2212.069092
1883.050781	2181.803711
1879.708984	2146.330078
1876.365234	2104.908203
1873.020508	2076.231445
1869.673828	2057.292725
1866.326172	2012.238770
1862.975586	2007.527588
1859.624023	1990.139404
1856.271484	1939.216919
1852.916016	1889.833740
1849.559570	1813.683594
1846.202148	1832.900024
1842.841797	1789.591431
1839.480469	1797.643066
1836.118164	1748.445435
1832.752930	1728.272949
1829.386719	1698.464966
1826.018555	1680.562134
1822.649414	1680.482544
1819.278320	1644.806885
1815.905273	1594.341187
1812.531250	1549.851074
1809.154297	1543.168579
1805.777344	1521.689453
1802.397461	1515.765747
1799.016602	1445.519775
1795.633789	1402.686279
1792.249023	1393.873047
1788.863281	1361.442017
1785.475586	1379.222656
1782.085938	1336.503296
1778.694336	1332.160889
1775.301758	1326.348511
1771.907227	1284.452881
1768.510742	1264.682007
1765.113281	1260.381226
1761.713867	1217.842773
1758.312500	1180.490967
1754.910156	1203.419922
1751.505859	1179.328857
1748.099609	1127.370361
1744.691406	1153.958130
1741.282227	1137.991211
1737.871094	1119.840942
1734.458008	1072.407349
1731.042969	1071.145996
1727.626953	1045.004272
1724.208984	1035.711060
1720.790039	982.562134
1717.368164	982.807312
1713.945313	1010.074768
1710.520508	957.015991
1707.093750	937.572205
1703.666016	922.522888
1700.236328	930.084106
1696.804688	915.781128
1693.371094	908.045593
1689.936523	879.210388
1686.500000	864.225281
1683.061523	836.166748
1679.622070	831.391418
1676.179688	833.884277
1672.736328	778.292786
1669.291016	791.693726
1665.844727	757.936584
1662.396484	752.485291
1658.945313	762.979736
1655.494141	716.250366
1652.040039	724.580200
1648.584961	722.772522
1645.126953	714.458069
1641.668945	687.359436
1638.208008	672.568604
1634.745117	660.680359
1631.281250	656.742371
1627.815430	636.217346
1624.347656	614.991516
1620.878906	621.169983
1617.408203	596.371033
1613.935547	583.114929
1610.460938	591.457886
1606.984375	558.080017
1603.506836	547.737427
1600.027344	555.366333
1596.545898	533.545410
1593.062500	559.834473
1589.577148	506.468079
1586.090820	518.403503
1582.602539	515.993652
1579.112305	492.096954
1575.620117	470.371857
1572.126953	490.887543
1568.630859	490.641022
1565.133789	469.663574
1561.634766	443.705505
1558.133789	433.484406
1554.631836	441.831787
1551.127930	450.170563
1547.621094	420.708313
1544.114258	416.220245
1540.604492	412.448822
1537.092773	403.697113
1533.580078	407.051758
1530.065430	389.064697
1526.548828	366.119263
1523.030273	373.039978
1519.509766	347.284668
1515.988281	350.658417
1512.463867	354.738068
1508.938477	347.467560
1505.411133	338.786713
1501.882813	320.905304
1498.351563	329.947418
1494.818359	319.165100
1491.284180	326.076691
1487.748047	313.893036
1484.209961	309.494232
1480.669922	281.087311
1477.128906	292.944855
1473.584961	292.090607
1470.040039	280.659515
1466.493164	278.402496
1462.944336	269.807526
1459.393555	268.262146
1455.840820	261.792023
1452.287109	258.141907
1448.730469	237.622757
1445.172852	241.717758
1441.613281	238.083069
1438.051758	258.318359
1434.488281	224.510132
1430.922852	230.706741
1427.356445	234.093414
1423.787109	226.268173
1420.216797	213.549698
1416.644531	223.937668
1413.070313	216.828735
1409.494141	212.523331
1405.916016	204.029816
1402.336914	190.656296
1398.754883	192.652725
1395.171875	192.554062
1391.585938	181.995865
1387.999023	178.417847
1384.410156	183.899048
1380.819336	192.159454
1377.226563	176.055756
1373.632813	180.833969
1370.036133	164.752441
1366.438477	163.278168
1362.837891	161.110886
1359.236328	164.498459
1355.632813	152.620407
1352.027344	149.074982
1348.419922	149.691223
1344.810547	140.609543
1341.199219	132.921753
1337.585938	138.388763
1333.970703	137.625778
1330.354492	135.481064
1326.735352	132.647614
1323.115234	123.602386
1319.493164	124.918823
1315.869141	126.923645
1312.242188	129.615784
1308.614258	122.657822
1304.984375	105.376015
1301.353516	115.647072
1297.719727	109.394981
1294.083984	105.899963
1290.446289	111.343491
1286.807617	105.790131
1283.166016	98.182701
1279.523438	101.562897
1275.877930	98.080742
1272.231445	91.860054
1268.582031	93.867790
1264.931641	99.297440
1261.279297	87.610054
1257.625000	87.564438
1253.968750	82.048897
1250.310547	77.905830
1246.650391	96.990005
1242.988281	73.728569
1239.324219	85.289459
1235.658203	75.015541
1231.990234	80.429192
1228.320313	68.124710
1224.648438	80.345139
1220.975586	70.095093
1217.299805	72.779129
1213.622070	70.021736
1209.943359	68.626137
1206.261719	71.306618
1202.578125	71.269241
1198.893555	66.483070
1195.206055	64.414063
1191.517578	66.413307
1187.826172	60.959785
1184.133789	56.188931
1180.438477	60.895729
1176.742188	58.158653
1173.042969	59.479870
1169.342773	62.150768
1165.639648	56.041271
1161.935547	56.686588
1158.228516	51.260830
1154.520508	49.211411
1150.809570	53.901859
1147.097656	45.792397
1143.382813	47.114338
1139.666992	47.762154
1135.948242	53.115711
1132.227539	38.975723
1128.505859	49.029697
1124.781250	46.989891
1121.055664	44.281292
1117.327148	43.587257
1113.596680	42.893932
1109.865234	39.521873
1106.130859	41.509426
1102.394531	38.810783
1098.657227	44.140541
1094.916992	42.780205
1091.174805	42.089378
1087.430664	35.389690
1083.684570	37.372986
1079.936523	28.014816
1076.186523	32.666542
1072.434570	29.983900
1068.680664	25.972193
1064.924805	33.945522
1061.166992	28.605459
1057.406250	35.903957
1053.644531	33.891178
1049.880859	29.223822
1046.114258	34.518776
1042.346680	27.202168
1038.576172	26.524496
1034.803711	29.824080
1031.030273	31.132906
1027.253906	26.481890
1023.475586	25.805996
1019.695313	24.469475
1015.913086	19.829466
1012.128906	29.728224
1008.342773	23.769800
1004.553711	24.416939
