4046.277344	203.344772
4043.892578	189.718567
4041.505859	195.930313
4039.119141	231.462708
4036.731445	227.183685
4034.342773	208.256729
4031.952148	190.390762
4029.561523	204.955231
4027.169922	233.096741
4024.777344	217.331650
4022.383789	226.645782
4019.989258	226.556137
4017.593750	213.942993
4015.197266	239.938599
4012.799805	211.688034
4010.401367	212.646561
4008.001953	224.024002
4005.601563	256.223511
4003.201172	221.764099
4000.798828	252.898102
3998.395508	246.555817
3995.991211	255.817093
3993.585938	269.228912
3991.180664	269.121948
3988.773438	267.976318
3986.365234	269.946289
3983.957031	271.914612
3981.546875	261.432129
3979.135742	260.291077
3976.724609	265.370453
3974.311523	290.133301
3971.898438	276.552612
3969.483398	261.947266
3967.068359	302.205933
3964.651367	286.567291
3962.234375	273.009308
3959.815430	297.709473
3957.396484	273.824677
3954.975586	293.340149
3952.554688	303.547699
3950.131836	303.426361
3947.708984	306.399963
3945.284180	320.714722
3942.859375	314.401428
3940.432617	310.153931
3938.005859	312.089722
3935.577148	320.201385
3933.148438	322.131439
3930.718750	333.318665
3928.287109	330.099976
3925.855469	330.995483
3923.421875	331.890198
3920.988281	346.136505
3918.552734	358.317902
3916.117188	317.122528
3913.680664	333.409058
3911.242188	340.453278
3908.803711	350.566864
3906.363281	341.204102
3903.922852	384.084259
3901.480469	381.882019
3899.038086	378.658051
3896.593750	366.229675
3894.149414	368.127258
3891.703125	394.555115
3889.256836	405.635284
3886.808594	393.215607
3884.360352	409.391785
3881.910156	424.534271
3879.459961	403.960815
3877.007813	421.132416
3874.555664	416.885132
3872.101563	413.660034
3869.646484	457.286377
3867.191406	457.101440
3864.734375	455.898865
3862.277344	431.301117
3859.818359	456.546692
3857.358398	463.476593
3854.897461	442.969147
3852.436523	476.303528
3849.973633	444.640472
3847.509766	477.946899
3845.044922	461.523621
3842.579102	467.419891
3840.113281	486.486938
3837.645508	483.250122
3835.176758	493.180756
3832.707031	516.262817
3830.236328	500.874969
3827.764648	513.820251
3825.291992	540.909546
3822.818359	523.508728
3820.343750	549.561462
3817.868164	541.259277
3815.390625	552.142273
3812.913086	572.097168
3810.434570	551.692505
3807.955078	597.843323
3805.473633	580.467712
3802.992188	584.260315
3800.509766	612.216125
3798.025391	610.959778
3795.541016	582.539185
3793.054688	644.654785
3790.568359	634.338562
3788.080078	656.186707
3785.591797	654.914001
3783.101563	670.711182
3780.610352	656.385742
3778.119141	657.120422
3775.625977	658.857178
3773.131836	704.698547
3770.636719	676.353821
3768.140625	730.162903
3765.643555	709.840027
3763.145508	736.569946
3760.646484	774.281799
3758.146484	721.966614
3755.645508	752.656250
3753.143555	753.346497
3750.639648	758.030823
3748.135742	751.729675
3745.630859	752.418762
3743.124023	783.031921
3740.617188	805.642944
3738.108398	806.308411
3735.599609	825.902039
3733.088867	860.417114
3730.577148	851.104065
3728.064453	849.758667
3725.551758	848.414124
3723.037109	840.110962
3720.521484	881.504639
3718.004883	884.121521
3715.487305	918.511475
3712.967773	912.177246
3710.448242	929.659973
3707.927734	927.292847
3705.406250	935.832214
3702.882813	943.373352
3700.359375	959.822754
3697.833984	934.673218
3695.308594	981.793091
3692.781250	976.440796
3690.252930	984.937073
3687.723633	966.737000
3685.193359	1023.645325
3682.662109	1024.209351
3680.129883	1038.594238
3677.596680	1056.914307
3675.062500	1080.151001
3672.527344	1035.332153
3669.990234	1083.198486
3667.453125	1074.867798
3664.915039	1111.844604
3662.375000	1133.040161
3659.833984	1126.666138
3657.292969	1112.428345
3654.750000	1139.495361
3652.206055	1172.436035
3649.661133	1197.490234
3647.115234	1148.877319
3644.568359	1135.639771
3642.019531	1205.808960
3639.470703	1207.268921
3636.920898	1208.727417
3634.369141	1232.722046
3631.817383	1210.660034
3629.263672	1257.152344
3626.708984	1270.330322
3624.153320	1296.214600
3621.596680	1333.811279
3619.039063	1331.300415
3616.480469	1274.076294
3613.920898	1311.634155
3611.360352	1340.374023
3608.797852	1398.364502
3606.235352	1361.690186
3603.670898	1452.773193
3601.105469	1444.369629
3598.540039	1489.553711
3595.972656	1480.167114
3593.404297	1488.308960
3590.834961	1523.687012
3588.264648	1530.830322
3585.692383	1531.162109
3583.120117	1589.798706
3580.545898	1594.961426
3577.971680	1591.380859
3575.395508	1555.775024
3572.818359	1652.136597
3570.240234	1685.384766
3567.661133	1694.371582
3565.081055	1742.106934
3562.500000	1713.289673
3559.917969	1734.837402
3557.333984	1741.851074
3554.750000	1833.979736
3552.164063	1793.567627
3549.577148	1808.278076
3546.989258	1891.566772
3544.400391	1858.905029
3541.810547	1904.456299
3539.219727	1982.773682
3536.626953	1936.610962
3534.034180	2013.883789
3531.439453	2011.109253
3528.844727	2014.115967
3526.248047	2062.372314
3523.650391	2096.151123
3521.051758	2121.242676
3518.451172	2123.233887
3515.850586	2168.477051
3513.249023	2145.464600
3510.645508	2140.718506
3508.041016	2248.294434
3505.436523	2251.184326
3502.830078	2317.377197
3500.222656	2362.420166
3497.613281	2357.589600
3495.003906	2346.056396
3492.393555	2403.476563
3489.781250	2451.276123
3487.167969	2442.586182
3484.553711	2493.196533
3481.938477	2507.437500
3479.322266	2562.753662
3476.705078	2604.650635
3474.086914	2622.643066
3471.466797	2613.898438
3468.845703	2675.750488
3466.224609	2688.920166
3463.601563	2717.327881
3460.977539	2735.230713
3458.351563	2805.494385
3455.725586	2860.467285
3453.098633	2871.624023
3450.469727	2886.574707
3447.839844	2930.032471
3445.208984	2990.558105
3442.577148	3068.129150
3439.944336	2986.120605
3437.310547	3066.473145
3434.674805	3066.119141
3432.039063	3098.954346
3429.401367	3174.414795
3426.762695	3221.385986
3424.123047	3273.998779
3421.481445	3362.539063
3418.839844	3327.043213
3416.197266	3358.732422
3413.552734	3454.684570
3410.907227	3477.784912
3408.260742	3520.702393
3405.613281	3551.306885
3402.963867	3622.469727
3400.314453	3638.851318
3397.663086	3626.926758
3395.011719	3763.005127
3392.358398	3743.497803
3389.704102	3827.607666
3387.047852	3845.744385
3384.391602	3891.154297
3381.733398	3943.108887
3379.075195	4004.420166
3376.415039	4053.460205
3373.753906	4006.635986
3371.090820	4100.704102
3368.427734	4132.741211
3365.762695	4170.379395
3363.097656	4229.554199
3360.430664	4354.295898
3357.762695	4414.275879
3355.092773	4414.259766
3352.422852	4490.075684
3349.750977	4519.970703
3347.079102	4530.194824
3344.405273	4653.545410
3341.729492	4639.401367
3339.053711	4625.268066
3336.376953	4807.245605
3333.698242	4840.653320
3331.018555	4886.160645
3328.337891	4867.277344
3325.656250	5012.477051
3322.973633	5104.437988
3320.289063	5177.690430
3317.604492	5217.362305
3314.917969	5295.153320
3312.230469	5371.015137
3309.541016	5483.073242
3306.851563	5434.246094
3304.160156	5583.337402
3301.467773	5645.010254
3298.774414	5702.915527
3296.080078	5738.501465
3293.384766	5839.901855
3290.687500	5897.643066
3287.990234	5904.369629
3285.291016	6035.201172
3282.589844	6101.111328
3279.888672	6095.706055
3277.186523	6260.506836
3274.482422	6237.465820
3271.777344	6351.227539
3269.071289	6390.983887
3266.364258	6540.591309
3263.655273	6598.687988
3260.945313	6666.881836
3258.234375	6749.770508
3255.522461	6816.914551
3252.809570	6953.105469
3250.095703	7041.283691
3247.379883	7131.224609
3244.663086	7063.725586
3241.945313	7300.749023
3239.226563	7356.435547
3236.505859	7370.715332
3233.784180	7450.204102
3231.061523	7525.949219
3228.337891	7646.601074
3225.613281	7724.025879
3222.886719	7843.565918
3220.160156	7908.000977
3217.431641	7987.037598
3214.702148	8136.525391
3211.970703	8176.024902
3209.239258	8235.619141
3206.505859	8347.296875
3203.771484	8439.673828
3201.035156	8524.658203
3198.298828	8728.319336
3195.560547	8793.011719
3192.821289	8889.588867
3190.081055	8800.884766
3187.339844	8970.322266
3184.596680	9156.015625
3181.853516	9182.102539
3179.108398	9311.074219
3176.361328	9499.101563
3173.614258	9584.141602
3170.865234	9551.777344
3168.115234	9643.079102
3165.364258	9884.238281
3162.612305	9779.110352
3159.858398	9957.347656
3157.104492	10019.261719
3154.347656	10223.540039
3151.590820	10231.780273
3148.833008	10237.290039
3146.073242	10493.744141
3143.312500	10633.153320
3140.550781	10736.230469
3137.787109	10838.310547
3135.023438	10873.374023
3132.257813	11039.481445
3129.491211	11024.722656
3126.722656	11234.869141
3123.954102	11258.852539
3121.183594	11377.563477
3118.412109	11505.187500
3115.638672	11693.105469
3112.865234	11708.721680
3110.089844	11676.577148
3107.313477	11989.324219
3104.536133	12109.185547
3101.756836	12198.349609
3098.976563	12292.828125
3096.195313	12371.041016
3093.413086	12447.384766
3090.628906	12438.340820
3087.844727	12832.359375
3085.058594	12929.027344
3082.270508	13259.696289
3079.482422	13246.711914
3076.692383	13457.760742
3073.901367	13574.571289
3071.109375	13723.506836
3068.315430	13861.569336
3065.520508	14058.544922
3062.724609	14149.834961
3059.927734	14308.072266
3057.128906	14459.912109
3054.329102	14528.569336
3051.528320	14592.698242
3048.726563	14654.983398
3045.922852	15036.468750
3043.118164	14998.658203
3040.312500	15162.244141
3037.505859	15235.728516
3034.697266	15499.652344
3031.887695	15766.007813
3029.077148	15856.906250
3026.264648	16020.621094
3023.452148	16065.106445
3020.637695	16260.553711
3017.821289	16355.494141
3015.004883	16438.808594
3012.186523	16610.753906
3009.367188	16763.921875
3006.545898	16995.832031
3003.724609	17129.195313
3000.901367	17359.843750
2998.077148	17419.451172
2995.250977	17564.822266
2992.423828	17747.203125
2989.595703	17867.539063
2986.766602	18060.216797
2983.935547	18021.326172
2981.104492	18460.935547
2978.270508	18388.359375
2975.436523	18709.218750
2972.600586	18908.126953
2969.763672	18836.312500
2966.925781	19056.998047
2964.085938	19111.955078
2961.245117	19429.119141
2958.403320	19352.781250
2955.560547	19604.478516
2952.715820	19670.500000
2949.870117	19881.410156
2947.023438	20151.837891
2944.174805	20277.197266
2941.325195	20551.585938
2938.474609	20501.255859
2935.622070	20549.136719
2932.768555	20724.890625
2929.914063	20897.855469
2927.058594	20938.476563
2924.201172	21191.679688
2921.342773	21367.687500
2918.483398	21395.787109
2915.622070	21724.455078
2912.759766	21885.123047
2909.896484	22030.798828
2907.032227	22029.730469
2904.166016	22329.593750
2901.298828	22398.132813
2898.429688	22403.853516
2895.559570	22796.341797
2892.688477	22854.111328
2889.816406	23113.742188
2886.942383	23094.748047
2884.067383	23287.070313
2881.191406	23493.990234
2878.314453	23712.882813
2875.435547	23879.466797
2872.554688	24176.968750
2869.673828	24150.568359
2866.791016	24329.722656
2863.907227	24542.517578
2861.021484	24829.630859
2858.134766	24940.666016
2855.247070	24966.755859
2852.358398	25366.628906
2849.467773	25410.652344
2846.576172	25549.728516
2843.682617	25613.492188
2840.789063	25835.259766
2837.893555	26091.357422
2834.996094	26250.562500
2832.097656	26443.257813
2829.198242	26507.302734
2826.297852	26709.175781
2823.395508	26662.761719
2820.492188	26802.371094
2817.587891	27099.351563
2814.681641	26967.630859
2811.774414	27187.724609
2808.866211	27241.722656
2805.956055	27683.996094
2803.044922	27997.910156
2800.131836	28071.189453
2797.218750	27949.634766
2794.303711	28464.517578
2791.386719	28261.441406
2788.468750	28545.216797
2785.549805	28600.916016
2782.629883	28673.677734
2779.708008	28748.076172
2776.785156	28918.191406
2773.860352	29326.664063
2770.935547	29398.931641
2768.007813	29595.832031
2765.080078	29416.039063
2762.150391	29475.343750
2759.219727	30031.875000
2756.287109	29779.630859
2753.353516	29905.136719
2750.418945	30122.517578
2747.482422	30327.773438
2744.544922	30171.132813
2741.606445	30394.878906
2738.666016	30622.666016
2735.724609	30575.714844
2732.782227	30578.068359
2729.837891	30841.949219
2726.892578	30721.091797
2723.945313	31098.333984
2720.997070	30896.042969
2718.047852	31021.951172
2715.097656	30980.832031
2712.145508	31071.001953
2709.191406	31046.808594
2706.237305	31319.603516
2703.281250	31269.927734
2700.323242	31508.542969
2697.364258	31330.375000
2694.404297	31620.246094
2691.443359	31306.257813
2688.480469	31299.685547
2685.515625	31369.859375
2682.550781	31485.484375
2679.583984	31656.609375
2676.615234	31689.437500
2673.646484	31228.880859
2670.674805	31489.058594
2667.703125	31315.812500
2664.729492	31454.630859
2661.754883	31518.519531
2658.778320	31380.744141
2655.800781	31303.537109
2652.821289	31259.958984
2649.840820	31353.138672
2646.859375	31189.658203
2643.876953	30932.453125
2640.892578	30891.595703
2637.906250	31225.880859
2634.918945	30964.792969
2631.930664	30843.638672
2628.941406	30831.287109
2625.950195	30798.876953
2622.957031	30565.152344
2619.963867	30747.476563
2616.967773	30574.062500
2613.971680	30621.880859
2610.973633	30501.197266
2607.974609	30237.251953
2604.973633	30136.830078
2601.971680	29982.361328
2598.967773	29979.515625
2595.962891	29908.439453
2592.957031	29782.533203
2589.949219	29836.277344
2586.940430	29310.027344
2583.929688	29414.578125
2580.917969	29202.757813
2577.905273	29056.669922
2574.890625	29186.044922
2571.875000	29110.539063
2568.857422	28870.207031
2565.838867	28568.796875
2562.819336	28886.865234
2559.797852	28085.101563
2556.775391	28176.466797
2553.750977	27881.675781
2550.725586	27930.888672
2547.698242	27593.513672
2544.669922	27481.812500
2541.640625	27418.066406
2538.609375	27013.728516
2535.577148	26895.001953
2532.542969	26896.683594
2529.507813	26517.824219
2526.471680	26390.404297
2523.433594	26151.177734
2520.393555	26153.164063
2517.353516	25656.091797
2514.310547	25840.720703
2511.267578	25612.828125
2508.222656	25464.777344
2505.175781	25067.376953
2502.127930	24900.009766
2499.079102	24686.873047
2496.028320	24556.695313
2492.976563	24108.804688
2489.922852	24116.546875
2486.868164	23832.113281
2483.812500	23637.095703
2480.754883	23399.732422
2477.695313	23267.187500
2474.634766	22759.812500
2471.573242	22793.419922
2468.509766	22698.041016
2465.445313	22419.197266
2462.378906	22198.498047
2459.311523	22202.931641
2456.242188	21708.806641
2453.171875	21656.451172
2450.100586	21246.847656
2447.027344	21183.349609
2443.953125	20806.853516
2440.876953	20529.853516
2437.799805	20468.376953
2434.720703	20387.464844
2431.640625	20187.312500
2428.558594	19757.757813
2425.475586	19579.960938
2422.390625	19522.275391
2419.304688	19187.576172
2416.217773	18902.576172
2413.128906	18866.306641
2410.038086	18540.447266
2406.946289	18315.958984
2403.853516	18078.742188
2400.758789	17991.193359
2397.663086	17667.933594
2394.565430	17537.060547
2391.466797	17308.685547
2388.366211	17065.197266
2385.264648	16839.660156
2382.161133	16681.998047
2379.056641	16646.070313
2375.950195	16483.000000
2372.842773	16095.620117
2369.734375	16081.708984
2366.624023	15619.311523
2363.511719	15587.145508
2360.398438	15616.033203
2357.284180	15302.165039
2354.167969	15160.266602
2351.049805	14992.033203
2347.930664	14806.317383
2344.810547	14692.872070
2341.688477	14436.190430
2338.564453	14333.417969
2335.439453	14148.334961
2332.313477	13943.427734
2329.185547	13809.042969
2326.056641	13673.980469
2322.925781	13440.020508
2319.792969	13249.375977
2316.660156	13101.984375
2313.524414	12964.294922
2310.387695	12740.649414
2307.250000	12749.038086
2304.110352	12370.415039
2300.969727	12199.082031
2297.827148	12226.791992
2294.682617	12004.786133
2291.537109	11968.968750
2288.390625	11698.822266
2285.242188	11566.296875
2282.092773	11375.158203
2278.941406	11353.965820
2275.788086	11206.709961
2272.633789	11005.693359
2269.478516	10852.393555
2266.321289	10771.290039
2263.162109	10582.620117
2260.001953	10364.061523
2256.840820	10394.781250
2253.676758	10263.447266
2250.512695	10121.963867
2247.346680	9979.029297
2244.178711	9758.880859
2241.009766	9684.086914
2237.838867	9729.999023
2234.666992	9272.254883
2231.493164	9185.180664
2228.318359	9220.229492
2225.141602	8955.390625
2221.963867	8881.165039
2218.784180	8801.501953
2215.602539	8640.963867
2212.419922	8510.422852
2209.236328	8344.670898
2206.050781	8355.648438
2202.863281	8156.389160
2199.674805	8058.457031
2196.485352	8058.573730
2193.292969	7806.462402
2190.100586	7783.987305
2186.905273	7644.927734
2183.709961	7543.541992
2180.511719	7456.322754
2177.312500	7385.593750
2174.112305	7210.262695
2170.910156	7135.026855
2167.706055	7049.715332
2164.500977	6995.681641
2161.294922	6875.428711
2158.085938	6737.364746
2154.876953	6804.273438
2151.665039	6576.061523
2148.452148	6556.605469
2145.238281	6335.722168
2142.022461	6308.619141
2138.804688	6246.573242
2135.585938	6099.150879
2132.365234	6056.665527
2129.143555	6008.787598
2125.919922	5874.865234
2122.695313	5782.928223
2119.468750	5765.459473
2116.240234	5631.062500
2113.010742	5530.077148
2109.780273	5467.871582
2106.546875	5408.042969
2103.312500	5343.631836
2100.077148	5285.460449
2096.839844	5282.172363
2093.600586	5151.524902
2090.360352	5089.665039
2087.119141	4982.364258
2083.875000	4893.662598
2080.629883	4807.354980
2077.383789	4725.748535
2074.135742	4704.251953
2070.885742	4630.461914
2067.634766	4558.278320
2064.381836	4565.324707
2061.127930	4459.436523
2057.871094	4343.665527
2054.614258	4289.401855
2051.355469	4231.352539
2048.094727	4138.854004
2044.832031	4148.370117
2041.568359	4118.808594
2038.303711	4082.383789
2035.037109	3961.812012
2031.768555	3850.533203
2028.498047	3847.159424
2025.226563	3833.088867
2021.954102	3710.570068
2018.678711	3701.919922
2015.403320	3597.129150
2012.125000	3609.132080
2008.845703	3519.730469
2005.564453	3447.176758
2002.282227	3462.276611
1998.998047	3299.990967
1995.712891	3242.100098
1992.424805	3299.861572
1989.136719	3186.533203
1985.845703	3107.502686
1982.553711	3113.601563
1979.260742	3078.704834
1975.964844	2983.145752
1972.667969	2977.158936
1969.370117	2910.540527
1966.070313	2858.379395
1962.768555	2772.949707
1959.465820	2784.479004
1956.161133	2727.911865
1952.854492	2697.862549
1949.546875	2665.574219
1946.237305	2624.250977
1942.925781	2576.926270
1939.613281	2522.099854
1936.298828	2505.040527
1932.982422	2491.766113
1929.665039	2446.100342
1926.346680	2395.205078
1923.025391	2356.403564
1919.703125	2324.411133
1916.378906	2284.927490
1913.053711	2245.481201
1909.726563	2201.563965
1906.397461	2165.198730
1903.067383	2169.403320
1899.735352	2135.338135
1896.401367	2099.055176
1893.066406	2098.785889
1889.729492	2028.091064
1886.390625	2003.143066
1883.050781	1948.279663
1879.708984	1945.088379
1876.365234	1929.187744
1873.020508	1851.268921
1869.673828	1868.296753
1866.326172	1821.094727
1862.975586	1806.028564
1859.624023	1807.386719
1856.271484	1714.056030
1852.916016	1714.711182
1849.559570	1698.978394
1846.202148	1673.582153
1842.841797	1622.166016
1839.480469	1587.905640
1836.118164	1599.024658
1832.752930	1570.751953
1829.386719	1555.131470
1826.018555	1500.183716
1822.649414	1480.160034
1819.278320	1462.380127
1815.905273	1428.310303
1812.531250	1403.163452
1809.154297	1385.445435
1805.777344	1347.020874
1802.397461	1363.375488
1799.016602	1338.307373
1795.633789	1314.002197
1792.249023	1283.811035
1788.863281	1280.966309
1785.475586	1271.482422
1782.085938	1225.128052
1778.694336	1199.460938
1775.301758	1202.556030
1771.907227	1159.984741
1768.510742	1157.206055
1765.113281	1109.547485
1761.713867	1120.032959
1758.312500	1073.173584
1754.910156	1082.930908
1751.505859	1065.508179
1748.099609	1023.147339
1744.691406	1023.376709
1741.282227	1000.141785
1737.871094	998.915710
1734.458008	969.122192
1731.042969	979.626282
1727.626953	967.433960
1724.208984	963.299072
1720.790039	899.950928
1717.368164	940.426025
1713.945313	868.386780
1710.520508	892.046936
1707.093750	854.394592
1703.666016	849.596130
1700.236328	841.886475
1696.804688	854.583313
1693.371094	798.817932
1689.936523	809.339417
1686.500000	787.841736
1683.061523	756.912720
1679.622070	772.525452
1676.179688	734.370239
1672.736328	741.991821
1669.291016	727.110107
1665.844727	719.495789
1662.396484	685.066101
1658.945313	686.174561
1655.494141	655.416138
1652.040039	648.575256
1648.584961	633.782471
1645.126953	646.483337
1641.668945	613.636353
1638.208008	613.330505
1634.745117	584.864624
1631.281250	588.903076
1627.815430	576.346558
1624.347656	608.502747
1620.878906	594.507263
1617.408203	538.030396
1613.935547	537.041687
1610.460938	518.065308
1606.984375	519.963745
1603.506836	502.452057
1600.027344	525.909668
1596.545898	485.432983
1593.062500	492.367218
1589.577148	467.729736
1586.090820	465.344238
1582.602539	461.527618
1579.112305	453.416840
1575.620117	455.337158
1572.126953	444.374878
1568.630859	425.556000
1565.133789	438.924561
1561.634766	417.268921
1558.133789	427.057129
1554.631836	398.291016
1551.127930	410.218811
1547.621094	395.037964
1544.114258	391.988220
1540.604492	372.557404
1537.092773	383.761475
1533.580078	376.451721
1530.065430	374.839325
1526.548828	344.791931
1523.030273	339.644012
1519.509766	340.892914
1515.988281	320.845337
1512.463867	329.906403
1508.938477	321.230194
1505.411133	311.853882
1501.882813	308.154114
1498.351563	305.165955
1494.818359	306.426819
1491.284180	282.929871
1487.748047	285.614380
1484.209961	281.229919
1480.669922	279.674805
1477.128906	268.944550
1473.584961	254.697372
1470.040039	251.747345
1466.493164	258.667633
1462.944336	234.584595
1459.393555	249.955536
1455.840820	232.234863
1452.287109	242.667465
1448.730469	231.998550
1445.172852	222.043060
1441.613281	218.418396
1438.051758	230.240265
1434.488281	218.195770
1430.922852	208.267181
1427.356445	199.049484
1423.787109	205.252563
1420.216797	213.549698
1416.644531	196.645264
1413.070313	194.446411
1409.494141	190.851532
1405.916016	186.561523
1402.336914	181.577423
1398.754883	181.484451
1395.171875	168.135971
1391.585938	168.049820
1387.999023	171.448395
1384.410156	174.146820
1380.819336	177.538620
1377.226563	164.225922
1373.632813	159.968506
1370.036133	150.849274
1366.438477	150.771759
1362.837891	142.360916
1359.236328	142.981781
1355.632813	133.889725
1352.027344	141.447891
1348.419922	126.821732
1344.810547	133.682968
1341.199219	127.383354
1337.585938	129.393494
1333.970703	120.336113
1330.354492	108.523094
1326.735352	112.612297
1323.115234	122.221352
1319.493164	118.707390
1315.869141	122.095032
1312.242188	128.236893
1308.614258	120.590553
1304.984375	115.018265
1301.353516	104.633064
1297.719727	94.946587
1294.083984	99.711006
1290.446289	108.594269
1286.807617	98.920639
1283.166016	97.496109
1279.523438	98.131721
1275.877930	93.965462
1272.231445	93.231102
1268.582031	90.441956
1264.931641	79.437950
1261.279297	93.085678
1257.625000	80.723465
1253.968750	77.262711
1250.310547	84.739677
1246.650391	79.231270
1242.988281	75.776581
1239.324219	75.054726
1235.658203	73.651627
1231.990234	74.294762
1228.320313	71.530945
1224.648438	70.131775
1220.975586	72.136696
1217.299805	70.058418
1213.622070	61.184044
1209.943359	61.831467
1206.261719	67.231956
1202.578125	60.409164
1198.893555	56.985493
1195.206055	65.092102
1191.517578	60.991817
1187.826172	65.023773
1184.133789	52.127079
1180.438477	50.069824
1176.742188	56.806126
1173.042969	52.720791
1169.342773	52.693043
1165.639648	53.340488
1161.935547	53.312386
1158.228516	50.586346
1154.520508	46.514896
1150.809570	49.185448
1147.097656	47.812649
1143.382813	45.768215
1139.666992	43.725914
1135.948242	42.358101
1132.227539	35.615746
1128.505859	41.641659
1124.781250	38.934483
1121.055664	44.952221
1117.327148	33.528660
1113.596680	42.893932
1109.865234	36.172562
1106.130859	42.178932
1102.394531	39.479935
1098.657227	40.127762
1094.916992	38.101120
1091.174805	32.736183
1087.430664	32.051041
1083.684570	38.040359
1079.936523	31.349913
1076.186523	33.333206
1072.434570	33.315445
1068.680664	31.965776
1064.924805	28.620733
1061.166992	29.270702
1057.406250	25.930635
1053.644531	29.239449
1049.880859	30.552177
1046.114258	29.208195
1042.346680	28.529102
1038.576172	30.503172
1034.803711	32.475109
1031.030273	26.496092
1027.253906	20.523464
1023.475586	25.805996
1019.695313	27.114824
1015.913086	23.795359
1012.128906	20.479443
1008.342773	18.487621
1004.553711	29.696278
