4046.277344	230.597153
4043.892578	232.693497
4041.505859	238.888306
4039.119141	231.462708
4036.731445	243.934555
4034.342773	241.745255
4031.952148	250.018646
4029.561523	247.828522
4027.169922	226.825073
4024.777344	248.677567
4022.383789	257.979309
4019.989258	266.229553
4017.593750	251.513474
4015.197266	225.333633
4012.799805	249.228775
4010.401367	268.935364
4008.001953	269.870758
4005.601563	290.594971
4003.201172	265.492218
4000.798828	299.731079
3998.395508	257.999329
3995.991211	279.734955
3993.585938	279.623871
3991.180664	293.020813
3988.773438	293.943024
3986.365234	285.520111
3983.957031	309.276917
3981.546875	302.929291
3979.135742	316.289948
3976.724609	345.188904
3974.311523	321.219025
3971.898438	311.769043
3969.483398	320.963043
3967.068359	309.450592
3964.651367	317.603485
3962.234375	338.159271
3959.815430	330.788300
3957.396484	326.523010
3954.975586	326.392578
3952.554688	325.229675
3950.131836	344.708832
3947.708984	341.476044
3945.284180	354.745544
3942.859375	330.894623
3940.432617	349.309570
3938.005859	362.559692
3935.577148	362.414459
3933.148438	359.181702
3930.718750	381.670471
3928.287109	391.800903
3925.855469	369.029144
3923.421875	386.348938
3920.988281	366.678741
3918.552734	364.478088
3916.117188	386.910004
3913.680664	392.909760
3911.242188	419.413818
3908.803711	411.044769
3906.363281	400.633057
3903.922852	446.561951
3901.480469	424.882141
3899.038086	442.108856
3896.593750	436.815826
3894.149414	428.459229
3891.703125	449.751953
3889.256836	456.722870
3886.808594	424.877136
3884.360352	436.956818
3881.910156	460.252319
3879.459961	481.488647
3877.007813	431.329315
3874.555664	492.311798
3872.101563	492.112823
3869.646484	507.190674
3867.191406	486.624695
3864.734375	483.374939
3862.277344	507.592560
3859.818359	505.353455
3857.358398	504.132416
3854.897461	513.072083
3852.436523	518.957581
3849.973633	543.111084
3847.509766	539.846619
3845.044922	557.885681
3842.579102	549.547913
3840.113281	534.122131
3837.645508	586.586609
3835.176758	562.043762
3832.707031	562.827698
3830.236328	578.788879
3827.764648	584.622314
3825.291992	585.395569
3822.818359	580.104248
3820.343750	614.215759
3817.868164	632.142334
3815.390625	628.856750
3812.913086	633.645508
3810.434570	617.250061
3807.955078	643.210876
3805.473633	662.095947
3802.992188	676.936096
3800.509766	682.701538
3798.025391	689.468567
3795.541016	676.107666
3793.054688	670.803040
3790.568359	708.730042
3788.080078	693.367249
3785.591797	717.191101
3783.101563	710.873535
3780.610352	743.703125
3778.119141	740.389160
3775.625977	731.060669
3773.131836	758.829041
3770.636719	780.562439
3768.140625	757.205994
3765.643555	804.952576
3763.145508	783.606384
3760.646484	813.295959
3758.146484	855.960388
3755.645508	828.621582
3753.143555	826.283203
3750.639648	857.903137
3748.135742	835.587952
3745.630859	825.265686
3743.124023	896.746094
3740.617188	908.342468
3738.108398	898.998962
3735.599609	924.532104
3733.088867	942.077087
3730.577148	929.744080
3728.064453	934.336548
3725.551758	960.806641
3723.037109	947.486084
3720.521484	991.816895
3718.004883	955.645935
3715.487305	957.237915
3712.967773	977.687256
3710.448242	1004.072449
3707.927734	1014.567505
3705.406250	1000.269836
3702.882813	1079.131958
3700.359375	1062.837769
3697.833984	1067.349365
3695.308594	1069.877319
3692.781250	1090.210449
3690.252930	1115.470947
3687.723633	1092.274414
3685.193359	1096.762817
3682.662109	1144.704590
3680.129883	1107.702271
3677.596680	1147.704346
3675.062500	1164.984863
3672.527344	1194.083130
3669.990234	1181.760742
3667.453125	1222.649780
3664.915039	1225.097168
3662.375000	1195.057129
3659.833984	1259.504395
3657.292969	1240.293701
3654.750000	1208.317261
3652.206055	1293.315918
3649.661133	1303.584473
3647.115234	1276.530273
3644.568359	1310.353516
3642.019531	1332.374756
3639.470703	1370.068848
3636.920898	1355.774536
3634.369141	1347.371094
3631.817383	1373.256714
3629.263672	1430.451294
3626.708984	1452.365356
3624.153320	1426.325195
3621.596680	1451.155396
3619.039063	1458.370239
3616.480469	1444.083374
3613.920898	1487.430176
3611.360352	1478.999756
3608.797852	1504.730103
3606.235352	1567.504517
3603.670898	1538.574585
3601.105469	1616.875244
3598.540039	1583.077026
3595.972656	1634.026611
3593.404297	1638.210571
3590.834961	1606.390259
3588.264648	1674.771118
3585.692383	1692.541748
3583.120117	1713.212280
3580.545898	1642.557739
3577.971680	1777.802612
3575.395508	1818.791260
3572.818359	1754.970703
3570.240234	1806.600586
3567.661133	1793.242310
3565.081055	1858.376587
3562.500000	1865.345337
3559.917969	1860.690552
3557.333984	1931.519287
3554.750000	1981.007690
3552.164063	1980.176025
3549.577148	1955.182617
3546.989258	2029.714844
3544.400391	2044.312744
3541.810547	2045.384155
3539.219727	2118.818115
3536.626953	2098.638184
3534.034180	2159.454102
3531.439453	2146.981934
3528.844727	2188.460693
3526.248047	2253.011719
3523.650391	2253.987793
3521.051758	2337.696045
3518.451172	2300.169922
3515.850586	2363.601318
3513.249023	2399.115479
3510.645508	2384.658691
3508.041016	2412.452637
3505.436523	2452.697021
3502.830078	2471.804932
3500.222656	2527.329590
3497.613281	2562.680664
3495.003906	2612.370605
3492.393555	2617.970215
3489.781250	2672.379150
3487.167969	2749.703369
3484.553711	2751.410156
3481.938477	2731.127930
3479.322266	2808.326904
3476.705078	2826.241699
3474.086914	2837.457275
3471.466797	2896.378906
3468.845703	2910.415283
3466.224609	2940.648926
3463.601563	3030.902344
3460.977539	3025.807129
3458.351563	3143.563232
3455.725586	3137.470947
3453.098633	3111.401611
3450.469727	3143.370361
3447.839844	3265.626953
3445.208984	3234.782227
3442.577148	3279.953369
3439.944336	3391.549316
3437.310547	3354.043945
3434.674805	3449.384277
3432.039063	3450.763428
3429.401367	3501.429688
3426.762695	3566.263916
3424.123047	3640.512451
3421.481445	3652.217285
3418.839844	3729.202881
3416.197266	3794.771729
3413.552734	3860.283691
3410.907227	3724.443115
3408.260742	3930.679443
3405.613281	4006.433350
3402.963867	3966.972412
3400.314453	4088.872559
3397.663086	4065.439697
3395.011719	4158.912598
3392.358398	4191.059082
3389.704102	4254.257813
3387.047852	4286.333984
3384.391602	4265.683594
3381.733398	4363.569336
3379.075195	4371.107910
3376.415039	4493.297852
3373.753906	4502.650879
3371.090820	4622.799316
3368.427734	4666.815918
3365.762695	4791.479980
3363.097656	4676.892578
3360.430664	4736.761230
3357.762695	4862.168457
3355.092773	4868.517090
3352.422852	4998.438965
3349.750977	5041.217773
3347.079102	5091.441406
3344.405273	5107.025391
3341.729492	5224.466797
3339.053711	5290.424805
3336.376953	5308.700684
3333.698242	5328.825684
3331.018555	5415.175781
3328.337891	5507.045898
3325.656250	5500.953613
3322.973633	5630.909180
3320.289063	5703.935059
3317.604492	5721.967773
3314.917969	5847.002930
3312.230469	5957.976074
3309.541016	6026.080566
3306.851563	6069.960449
3304.160156	6087.789063
3301.467773	6203.104004
3298.774414	6214.358398
3296.080078	6299.826172
3293.384766	6345.340332
3290.687500	6499.273438
3287.990234	6534.465820
3285.291016	6589.076660
3282.589844	6721.406738
3279.888672	6687.046387
3277.186523	6821.066406
3274.482422	6885.622559
3271.777344	6980.620605
3269.071289	7105.096680
3266.364258	7217.458496
3263.655273	7208.806152
3260.945313	7367.153320
3258.234375	7460.806641
3255.522461	7513.815918
3252.809570	7693.935059
3250.095703	7744.951660
3247.379883	7944.143555
3244.663086	7878.133789
3241.945313	7993.386719
3239.226563	8176.575684
3236.505859	8247.481445
3233.784180	8406.512695
3231.061523	8386.346680
3228.337891	8513.968750
3225.613281	8595.604492
3222.886719	8824.814453
3220.160156	8908.990234
3217.431641	8972.933594
3214.702148	9057.882813
3211.970703	9174.797852
3209.239258	9195.526367
3206.505859	9423.865234
3203.771484	9533.147461
3201.035156	9656.954102
3198.298828	9816.275391
3195.560547	9841.233398
3192.821289	9984.815430
3190.081055	10133.744141
3187.339844	10276.157227
3184.596680	10354.638672
3181.853516	10389.315430
3179.108398	10511.387695
3176.361328	10698.892578
3173.614258	10783.411133
3170.865234	10885.133789
3168.115234	11079.495117
3165.364258	11191.898438
3162.612305	11292.393555
3159.858398	11324.701172
3157.104492	11366.053711
3154.347656	11598.774414
3151.590820	11841.263672
3148.833008	11837.915039
3146.073242	11923.350586
3143.312500	12185.292969
3140.550781	12244.245117
3137.787109	12414.430664
3135.023438	12465.084961
3132.257813	12654.905273
3129.491211	12619.562500
3126.722656	12863.333984
3123.954102	12791.811523
3121.183594	13057.847656
3118.412109	13129.714844
3115.638672	13432.330078
3112.865234	13529.197266
3110.089844	13398.966797
3107.313477	13641.626953
3104.536133	13782.366211
3101.756836	13912.182617
3098.976563	14023.896484
3096.195313	14139.102539
3093.413086	14342.254883
3090.628906	14355.730469
3087.844727	14650.165039
3085.058594	14654.512695
3082.270508	14934.199219
3079.482422	15262.047852
3076.692383	15206.069336
3073.901367	15477.072266
3071.109375	15545.489258
3068.315430	15739.131836
3065.520508	15974.643555
3062.724609	16035.585938
3059.927734	16246.620117
3057.128906	16353.833984
3054.329102	16373.438477
3051.528320	16639.371094
3048.726563	16633.843750
3045.922852	16706.791016
3043.118164	17029.261719
3040.312500	17229.376953
3037.505859	17144.314453
3034.697266	17420.750000
3031.887695	17790.371094
3029.077148	17932.855469
3026.264648	17936.515625
3023.452148	18010.373047
3020.637695	18333.761719
3017.821289	18479.285156
3015.004883	18680.585938
3012.186523	18717.591797
3009.367188	18825.496094
3006.545898	19288.708984
3003.724609	19390.052734
3000.901367	19589.595703
2998.077148	19639.369141
2995.250977	19935.050781
2992.423828	19977.541016
2989.595703	20185.289063
2986.766602	20570.445313
2983.935547	20562.240234
2981.104492	20856.832031
2978.270508	20917.322266
2975.436523	21013.914063
2972.600586	21420.746094
2969.763672	21474.718750
2966.925781	21594.701172
2964.085938	21733.058594
2961.245117	22026.179688
2958.403320	22206.435547
2955.560547	22532.488281
2952.715820	22636.761719
2949.870117	22802.433594
2947.023438	23186.599609
2944.174805	23341.333984
2941.325195	23471.359375
2938.474609	23552.152344
2935.622070	23865.154297
2932.768555	23858.945313
2929.914063	24036.650391
2927.058594	24098.636719
2924.201172	24591.939453
2921.342773	24809.291016
2918.483398	24796.523438
2915.622070	25036.296875
2912.759766	25384.158203
2909.896484	25452.322266
2907.032227	25763.021484
2904.166016	25831.814453
2901.298828	26232.730469
2898.429688	26077.259766
2895.559570	26412.359375
2892.688477	26799.398438
2889.816406	26770.929688
2886.942383	27210.515625
2884.067383	27209.699219
2881.191406	27433.992188
2878.314453	27627.671875
2875.435547	27746.486328
2872.554688	27950.251953
2869.673828	28198.076172
2866.791016	28632.130859
2863.907227	28742.449219
2861.021484	28939.308594
2858.134766	29219.994141
2855.247070	29332.474609
2852.358398	29676.748047
2849.467773	29686.845703
2846.576172	29789.429688
2843.682617	30270.412109
2840.789063	30339.802734
2837.893555	30593.023438
2834.996094	30369.632813
2832.097656	30720.931641
2829.198242	31020.173828
2826.297852	31008.876953
2823.395508	31289.613281
2820.492188	31169.693359
2817.587891	31392.419922
2814.681641	31439.439453
2811.774414	31651.509766
2808.866211	31775.707031
2805.956055	31860.265625
2803.044922	32385.277344
2800.131836	32442.855469
2797.218750	32446.320313
2794.303711	32560.402344
2791.386719	32775.523438
2788.468750	32643.423828
2785.549805	32992.757813
2782.629883	33227.050781
2779.708008	33011.042969
2776.785156	33340.894531
2773.860352	33697.792969
2770.935547	33878.332031
2768.007813	34014.281250
2765.080078	33746.273438
2762.150391	33655.996094
2759.219727	34336.886719
2756.287109	34121.074219
2753.353516	34489.210938
2750.418945	34385.089844
2747.482422	34500.726563
2744.544922	34568.589844
2741.606445	34495.167969
2738.666016	34955.789063
2735.724609	34852.488281
2732.782227	34755.218750
2729.837891	35048.632813
2726.892578	34962.375000
2723.945313	35036.527344
2720.997070	35130.957031
2718.047852	35456.687500
2715.097656	35150.074219
2712.145508	35565.246094
2709.191406	35442.523438
2706.237305	35400.281250
2703.281250	35528.894531
2700.323242	35530.585938
2697.364258	35685.195313
2694.404297	35663.144531
2691.443359	35690.906250
2688.480469	35613.160156
2685.515625	35723.550781
2682.550781	35610.429688
2679.583984	35804.125000
2676.615234	35643.035156
2673.646484	35658.039063
2670.674805	36124.058594
2667.703125	35519.742188
2664.729492	35939.980469
2661.754883	35662.332031
2658.778320	35442.878906
2655.800781	35560.292969
2652.821289	35554.226563
2649.840820	35336.765625
2646.859375	35345.875000
2643.876953	34932.578125
2640.892578	35136.183594
2637.906250	35398.207031
2634.918945	35130.203125
2631.930664	34896.730469
2628.941406	35002.941406
2625.950195	34539.875000
2622.957031	34566.765625
2619.963867	34439.980469
2616.967773	34502.761719
2613.971680	34362.746094
2610.973633	34485.523438
2607.974609	34037.226563
2604.973633	33610.152344
2601.971680	33763.050781
2598.967773	33562.042969
2595.962891	33479.347656
2592.957031	32927.691406
2589.949219	33216.070313
2586.940430	32468.933594
2583.929688	32878.488281
2580.917969	32545.552734
2577.905273	32409.552734
2574.890625	32246.300781
2571.875000	31878.431641
2568.857422	31843.152344
2565.838867	31413.667969
2562.819336	31446.492188
2559.797852	31085.414063
2556.775391	30980.218750
2553.750977	30809.800781
2550.725586	30384.199219
2547.698242	30159.679688
2544.669922	29814.824219
2541.640625	29783.015625
2538.609375	29543.378906
2535.577148	29507.583984
2532.542969	29252.615234
2529.507813	28974.810547
2526.471680	28907.187500
2523.433594	28468.486328
2520.393555	28234.986328
2517.353516	27907.146484
2514.310547	28232.085938
2511.267578	27818.281250
2508.222656	27495.982422
2505.175781	27208.435547
2502.127930	26860.445313
2499.079102	26599.675781
2496.028320	26281.769531
2492.976563	26059.986328
2489.922852	26066.011719
2486.868164	25685.748047
2483.812500	25538.958984
2480.754883	25104.488281
2477.695313	24961.353516
2474.634766	24664.767578
2471.573242	24550.527344
2468.509766	24427.406250
2465.445313	24176.318359
2462.378906	23844.732422
2459.311523	23484.105469
2456.242188	23312.792969
2453.171875	22833.847656
2450.100586	22763.083984
2447.027344	22575.236328
2443.953125	22309.494141
2440.876953	21944.835938
2437.799805	21896.517578
2434.720703	21659.853516
2431.640625	21236.730469
2428.558594	21046.818359
2425.475586	20935.728516
2422.390625	20709.642578
2419.304688	20428.673828
2416.217773	20326.099609
2413.128906	20178.289063
2410.038086	19602.652344
2406.946289	19612.980469
2403.853516	19516.603516
2400.758789	19216.728516
2397.663086	18836.375000
2394.565430	18619.404297
2391.466797	18525.255859
2388.366211	18028.808594
2385.264648	18001.099609
2382.161133	17789.728516
2379.056641	17549.558594
2375.950195	17419.873047
2372.842773	17279.843750
2369.734375	17020.927734
2366.624023	16681.068359
2363.511719	16502.998047
2360.398438	16472.839844
2357.284180	16242.045898
2354.167969	16021.088867
2351.049805	15826.794922
2347.930664	15580.577148
2344.810547	15559.703125
2341.688477	15182.502930
2338.564453	15050.569336
2335.439453	14964.353516
2332.313477	14825.437500
2329.185547	14800.141602
2326.056641	14350.648438
2322.925781	14256.116211
2319.792969	14060.301758
2316.660156	13890.193359
2313.524414	13706.683594
2310.387695	13536.092773
2307.250000	13325.823242
2304.110352	13194.579102
2300.969727	13009.330078
2297.827148	12863.231445
2294.682617	12648.083984
2291.537109	12554.739258
2288.390625	12350.256836
2285.242188	12181.694336
2282.092773	12062.494141
2278.941406	11880.728516
2275.788086	11796.662109
2272.633789	11616.768555
2269.478516	11425.156250
2266.321289	11251.931641
2263.162109	11043.250000
2260.001953	10976.365234
2256.840820	10863.677734
2253.676758	10772.430664
2250.512695	10618.068359
2247.346680	10426.735352
2244.178711	10334.233398
2241.009766	10064.319336
2237.838867	9957.874023
2234.666992	9887.778320
2231.493164	9674.375000
2228.318359	9584.787109
2225.141602	9494.493164
2221.963867	9348.429688
2218.784180	9251.249023
2215.602539	9072.422852
2212.419922	8922.041016
2209.236328	8903.704102
2206.050781	8711.158203
2202.863281	8616.842773
2199.674805	8470.866211
2196.485352	8322.673828
2193.292969	8211.433594
2190.100586	8076.806641
2186.905273	8065.167969
2183.709961	7891.621582
2180.511719	7787.819336
2177.312500	7699.741211
2174.112305	7689.072266
2170.910156	7644.839355
2167.706055	7432.088867
2164.500977	7271.795898
2161.294922	7156.869629
2158.085938	7101.272461
2154.876953	7021.580078
2151.665039	6899.921387
2148.452148	6776.818848
2145.238281	6763.496094
2142.022461	6600.145020
2138.804688	6488.230957
2135.585938	6527.869629
2132.365234	6300.422852
2129.143555	6259.412109
2125.919922	6242.480469
2122.695313	6146.493164
2119.468750	6106.381836
2116.240234	5953.235840
2113.010742	5801.007813
2109.780273	5732.483398
2106.546875	5689.542969
2103.312500	5637.365234
2100.077148	5495.611816
2096.839844	5395.692871
2093.600586	5359.932617
2090.360352	5315.717773
2087.119141	5189.031250
2083.875000	5127.208008
2080.629883	5034.625977
2077.383789	5009.124023
2074.135742	4963.632324
2070.885742	4912.797852
2067.634766	4866.623047
2064.381836	4725.956543
2061.127930	4672.997559
2057.871094	4626.230469
2054.614258	4547.272461
2051.355469	4383.239258
2048.094727	4398.778320
2044.832031	4395.141602
2041.568359	4296.521973
2038.303711	4245.464844
2035.037109	4168.435547
2031.768555	4050.173340
2028.498047	3990.892578
2025.226563	3936.252197
2021.954102	3876.316162
2018.678711	3779.027344
2015.403320	3769.583984
2012.125000	3763.961670
2008.845703	3632.557129
2005.564453	3583.570557
2002.282227	3552.908203
1998.998047	3434.731201
1995.712891	3406.449707
1992.424805	3394.925537
1989.136719	3313.477539
1985.845703	3247.302490
1982.553711	3235.108154
1979.260742	3162.200195
1975.964844	3077.981201
1972.667969	3096.973389
1969.370117	3091.691406
1966.070313	2954.593262
1962.768555	2943.324951
1959.465820	2877.572510
1956.161133	2848.950684
1952.854492	2819.599121
1949.546875	2747.952148
1946.237305	2750.402344
1942.925781	2675.080566
1939.613281	2692.654785
1936.298828	2616.677246
1932.982422	2592.793945
1929.665039	2539.543457
1926.346680	2508.186279
1923.025391	2467.824463
1919.703125	2414.708740
1916.378906	2407.522461
1913.053711	2379.292969
1909.726563	2283.465332
1906.397461	2310.897217
1903.067383	2248.973145
1899.735352	2203.614990
1896.401367	2200.295898
1893.066406	2123.521729
1889.729492	2133.728516
1886.390625	2032.347778
1883.050781	2063.544678
1879.708984	2030.373047
1876.365234	1946.385864
1873.020508	1954.407837
1869.673828	1945.986816
1866.326172	1907.706909
1862.975586	1873.194946
1859.624023	1819.321655
1856.271484	1809.488525
1852.916016	1801.899780
1849.559570	1801.766235
1846.202148	1716.017334
1842.841797	1775.453247
1839.480469	1723.268066
1836.118164	1648.088257
1832.752930	1636.138062
1829.386719	1600.433716
1826.018555	1519.483521
1822.649414	1536.547119
1819.278320	1545.436157
1815.905273	1503.913696
1812.531250	1435.760742
1809.154297	1417.286255
1805.777344	1427.694092
1802.397461	1415.898315
1799.016602	1381.192261
1795.633789	1377.559082
1792.249023	1362.848877
1788.863281	1303.115601
1785.475586	1317.235107
1782.085938	1259.794556
1778.694336	1268.759766
1775.301758	1232.030396
1771.907227	1210.803101
1768.510742	1196.221313
1765.113281	1203.726563
1761.713867	1186.955444
1758.312500	1145.943604
1754.910156	1104.971680
1751.505859	1114.708130
1748.099609	1088.470215
1744.691406	1067.392944
1741.282227	1040.470093
1737.871094	1039.957031
1734.458008	1011.608276
1731.042969	1029.412964
1727.626953	998.901184
1724.208984	992.556458
1720.790039	973.058228
1717.368164	928.003906
1713.945313	942.882507
1710.520508	901.536804
1707.093750	868.257507
1703.666016	876.579041
1700.236328	859.380249
1696.804688	879.353882
1693.371094	858.529053
1689.936523	812.250671
1686.500000	825.669739
1683.061523	787.450928
1679.622070	794.327637
1676.179688	769.962830
1672.736328	757.964233
1669.291016	759.039063
1665.844727	741.254761
1662.396484	698.839905
1658.945313	701.390686
1655.494141	689.454346
1652.040039	686.215820
1648.584961	682.980225
1645.126953	670.346802
1641.668945	666.398926
1638.208008	665.344421
1634.745117	626.021729
1631.281250	623.544434
1627.815430	586.445251
1624.347656	596.967163
1620.878906	567.844482
1617.408203	576.203918
1613.935547	557.918640
1610.460938	568.432739
1606.984375	548.730774
1603.506836	547.737427
1600.027344	530.938843
1596.545898	507.693970
1593.062500	524.665344
1589.577148	522.250366
1586.090820	495.458984
1582.602539	472.277496
1579.112305	468.459106
1575.620117	452.473389
1572.126953	464.411102
1568.630859	470.614868
1565.133789	439.639435
1561.634766	440.132996
1558.133789	417.773285
1554.631836	423.273438
1551.127930	417.353058
1547.621094	410.725403
1544.114258	397.689880
1540.604492	408.887085
1537.092773	380.201538
1533.580078	372.893555
1530.065430	384.085815
1526.548828	350.479218
1523.030273	349.591766
1519.509766	349.415222
1515.988281	332.202698
1512.463867	320.683197
1508.938477	353.849609
1505.411133	312.562653
1501.882813	317.363312
1498.351563	309.414215
1494.818359	317.749756
1491.284180	306.271606
1487.748047	296.218872
1484.209961	287.589417
1480.669922	288.856049
1477.128906	273.179901
1473.584961	277.274414
1470.040039	266.556030
1466.493164	262.896515
1462.944336	254.309433
1459.393555	264.037537
1455.840820	235.753571
1452.287109	255.328369
1448.730469	231.295532
1445.172852	245.933777
1441.613281	244.403870
1438.051758	235.153931
1434.488281	246.259537
1430.922852	199.852341
1427.356445	231.990768
1423.787109	212.257767
1420.216797	217.050507
1416.644531	205.742737
1413.070313	204.238678
1409.494141	200.638794
1405.916016	197.042496
1402.336914	193.449783
1398.754883	187.766617
1395.171875	181.391510
1391.585938	173.628235
1387.999023	177.720901
1384.410156	169.967300
1380.819336	172.665024
1377.226563	165.617676
1373.632813	153.708862
1370.036133	155.715378
1366.438477	155.635361
1362.837891	157.638672
1359.236328	140.899521
1355.632813	142.214478
1352.027344	141.447891
1348.419922	134.444901
1344.810547	141.994858
1341.199219	134.998657
1337.585938	128.701553
1333.970703	132.784668
1330.354492	143.775818
1326.735352	125.048012
1323.115234	120.840317
1319.493164	115.946754
1315.869141	116.576614
1312.242188	130.994675
1308.614258	119.212372
1304.984375	111.574608
1301.353516	102.567940
1297.719727	110.083000
1294.083984	106.587624
1290.446289	101.033905
1286.807617	107.850975
1283.166016	96.809517
1279.523438	94.014305
1275.877930	99.452499
1272.231445	91.174530
1268.582031	92.497459
1264.931641	92.449341
1261.279297	88.294502
1257.625000	89.616730
1253.968750	86.151344
1250.310547	80.639374
1246.650391	75.816132
1242.988281	78.507271
1239.324219	86.654091
1235.658203	73.651627
1231.990234	71.568344
1228.320313	57.906006
1224.648438	77.621574
1220.975586	74.858833
1217.299805	71.418770
1213.622070	76.140144
1209.943359	67.267204
1206.261719	65.194626
1202.578125	59.051655
1198.893555	67.839874
1195.206055	60.345806
1191.517578	56.925694
1187.826172	63.669109
1184.133789	64.312630
1180.438477	55.482777
1176.742188	57.482388
1173.042969	43.933994
1169.342773	48.639732
1165.639648	51.314899
1161.935547	53.312386
1158.228516	53.284283
1154.520508	54.604443
1150.809570	43.121487
1147.097656	45.118980
1143.382813	46.441277
1139.666992	47.762154
1135.948242	47.064556
1132.227539	43.679688
1128.505859	44.999859
1124.781250	41.619617
1121.055664	53.003365
1117.327148	43.587257
1113.596680	38.872627
1109.865234	38.852013
1106.130859	44.856960
1102.394531	37.472481
1098.657227	43.471745
1094.916992	37.432678
1091.174805	40.753208
1087.430664	32.051041
1083.684570	38.707733
1079.936523	40.021164
1076.186523	29.999887
1072.434570	41.311153
1068.680664	30.633869
1064.924805	31.948725
1061.166992	31.266434
1057.406250	33.244404
1053.644531	29.239449
1049.880859	27.895466
1046.114258	27.216728
1042.346680	31.182974
1038.576172	27.850721
1034.803711	29.824080
1031.030273	31.132906
1027.253906	25.157795
1023.475586	29.776148
1019.695313	25.792150
1015.913086	27.100269
1012.128906	23.782579
1008.342773	19.147894
1004.553711	26.396690
