4046.277344	233.741669
4043.892578	228.500824
4041.505859	226.315231
4039.119141	232.510056
4036.731445	248.122269
4034.342773	238.605713
4031.952148	212.358932
4029.561523	233.188858
4027.169922	229.960907
4024.777344	261.215942
4022.383789	238.134735
4019.989258	262.053406
4017.593750	246.295349
4015.197266	239.938599
4012.799805	249.228775
4010.401367	242.875732
4008.001953	258.409088
4005.601563	251.015717
4003.201172	254.039612
4000.798828	273.712769
3998.395508	267.362213
3995.991211	292.213837
3993.585938	267.149933
3991.180664	278.473694
3988.773438	290.827026
3986.365234	291.749664
3983.957031	303.049866
3981.546875	273.881287
3979.135742	296.586639
3976.724609	287.139099
3974.311523	304.639984
3971.898438	314.876373
3969.483398	298.185028
3967.068359	302.205933
3964.651367	307.258087
3962.234375	328.852142
3959.815430	317.350006
3957.396484	309.990204
3954.975586	334.655670
3952.554688	340.716797
3950.131836	334.388214
3947.708984	341.476044
3945.284180	341.339447
3942.859375	337.079559
3940.432617	344.157501
3938.005859	351.229706
3935.577148	344.911469
3933.148438	359.181702
3930.718750	354.922668
3928.287109	365.063843
3925.855469	382.392303
3923.421875	383.266388
3920.988281	370.787201
3918.552734	385.012085
3916.117188	356.121399
3913.680664	377.521637
3911.242188	397.879120
3908.803711	393.618927
3906.363281	421.125793
3903.922852	411.738312
3901.480469	421.810699
3899.038086	441.085449
3896.593750	421.471008
3894.149414	441.752716
3891.703125	439.530304
3889.256836	445.483612
3886.808594	435.090515
3884.360352	434.914978
3881.910156	463.313843
3879.459961	448.845337
3877.007813	448.664063
3874.555664	461.733429
3872.101563	461.546814
3869.646484	481.729309
3867.191406	469.317963
3864.734375	474.216248
3862.277344	491.317047
3859.818359	503.319855
3857.358398	507.181610
3854.897461	518.151978
3852.436523	529.113281
3849.973633	512.656250
3847.509766	510.418854
3845.044922	538.613281
3842.579102	529.269409
3840.113281	550.338379
3837.645508	558.219727
3835.176758	563.056458
3832.707031	545.618958
3830.236328	584.860046
3827.764648	563.381653
3825.291992	595.506042
3822.818359	580.104248
3820.343750	585.929504
3817.868164	587.710632
3815.390625	639.960144
3812.913086	631.627563
3810.434570	625.318726
3807.955078	646.235352
3805.473633	630.855530
3802.992188	647.723083
3800.509766	685.722351
3798.025391	645.181519
3795.541016	662.022095
3793.054688	680.860046
3790.568359	701.693054
3788.080078	687.337952
3785.591797	699.110657
3783.101563	733.966858
3780.610352	754.743286
3778.119141	755.437683
3775.625977	731.060669
3773.131836	741.787964
3770.636719	775.552368
3768.140625	773.231506
3765.643555	773.915833
3763.145508	771.597046
3760.646484	769.279968
3758.146484	754.965088
3755.645508	792.638000
3753.143555	833.277161
3750.639648	813.959351
3748.135742	813.625061
3745.630859	813.290894
3743.124023	833.904053
3740.617188	911.333740
3738.108398	871.092102
3735.599609	859.774963
3733.088867	890.292725
3730.577148	887.935486
3728.064453	904.485535
3725.551758	908.091553
3723.037109	953.451355
3720.521484	901.380737
3718.004883	935.778015
3715.487305	975.111694
3712.967773	984.635315
3710.448242	962.401489
3707.927734	982.831238
3705.406250	991.347717
3702.882813	1003.820618
3700.359375	993.500732
3697.833984	1030.714844
3695.308594	1012.474121
3692.781250	1037.777466
3690.252930	1044.270630
3687.723633	1046.804199
3685.193359	1101.703247
3682.662109	1106.185669
3680.129883	1083.020752
3677.596680	1125.006836
3675.062500	1079.164673
3672.527344	1083.647705
3669.990234	1136.422119
3667.453125	1129.054565
3664.915039	1156.160889
3662.375000	1154.696899
3659.833984	1171.929565
3657.292969	1211.769897
3654.750000	1218.149048
3652.206055	1196.022339
3649.661133	1203.384399
3647.115234	1214.667725
3644.568359	1227.904297
3642.019531	1245.054199
3639.470703	1289.649658
3636.920898	1247.939941
3634.369141	1328.752930
3631.817383	1379.133789
3629.263672	1319.814087
3626.708984	1352.539673
3624.153320	1365.672119
3621.596680	1416.930054
3619.039063	1378.218506
3616.480469	1431.381714
3613.920898	1468.873901
3611.360352	1480.952271
3608.797852	1461.793457
3606.235352	1537.266357
3603.670898	1507.374023
3601.105469	1537.932007
3598.540039	1547.031616
3595.972656	1589.232056
3593.404297	1612.902466
3590.834961	1622.930908
3588.264648	1607.663574
3585.692383	1668.237549
3583.120117	1640.330322
3580.545898	1695.010864
3577.971680	1703.039673
3575.395508	1707.179199
3572.818359	1766.612305
3570.240234	1780.417969
3567.661133	1797.119507
3565.081055	1798.303955
3562.500000	1876.967407
3559.917969	1866.499146
3557.333984	1843.458984
3554.750000	1933.610474
3552.164063	1887.355225
3549.577148	1938.752441
3546.989258	1953.395264
3544.400391	2015.342773
3541.810547	1973.954956
3539.219727	2027.156982
3536.626953	2029.197876
3534.034180	2060.157959
3531.439453	2066.036621
3528.844727	2074.799561
3526.248047	2120.141846
3523.650391	2146.196777
3521.051758	2192.431641
3518.451172	2193.431396
3515.850586	2229.032715
3513.249023	2231.936523
3510.645508	2259.807373
3508.041016	2328.933594
3505.436523	2340.425781
3502.830078	2363.417725
3500.222656	2446.792480
3497.613281	2398.799316
3495.003906	2383.416992
3492.393555	2439.864014
3489.781250	2440.747314
3487.167969	2563.136963
3484.553711	2548.664551
3481.938477	2593.472168
3479.322266	2612.441650
3476.705078	2633.304688
3474.086914	2664.651123
3471.466797	2776.133789
3468.845703	2716.769287
3466.224609	2755.666504
3463.601563	2786.905029
3460.977539	2875.279053
3458.351563	2886.440430
3455.725586	2859.515381
3453.098633	2931.568359
3450.469727	2930.324951
3447.839844	3027.953857
3445.208984	3055.177490
3442.577148	3046.281738
3439.944336	3143.734619
3437.310547	3121.519775
3434.674805	3205.574463
3432.039063	3176.712646
3429.401367	3242.661377
3426.762695	3314.237793
3424.123047	3256.004639
3421.481445	3405.138916
3418.839844	3416.937744
3416.197266	3510.069336
3413.552734	3534.102539
3410.907227	3517.477051
3408.260742	3653.897705
3405.613281	3658.950928
3402.963867	3654.560547
3400.314453	3752.064209
3397.663086	3776.869873
3395.011719	3848.785156
3392.358398	3908.388916
3389.704102	3927.441895
3387.047852	4023.674805
3384.391602	4025.721436
3381.733398	4107.718750
3379.075195	4241.356934
3376.415039	4191.614258
3373.753906	4251.825195
3371.090820	4372.081055
3368.427734	4340.176270
3365.762695	4507.199707
3363.097656	4411.490234
3360.430664	4505.219727
3357.762695	4583.875488
3355.092773	4665.271973
3352.422852	4791.536133
3349.750977	4709.004395
3347.079102	4805.205566
3344.405273	4822.782227
3341.729492	4909.503418
3339.053711	5040.991211
3336.376953	4986.536621
3333.698242	5140.277344
3331.018555	5188.455078
3328.337891	5230.061523
3325.656250	5235.274902
3322.973633	5392.366211
3320.289063	5377.011230
3317.604492	5390.529297
3314.917969	5503.608887
3312.230469	5548.685059
3309.541016	5652.298340
3306.851563	5753.961914
3304.160156	5822.092773
3301.467773	5841.875000
3298.774414	5920.116211
3296.080078	5949.114258
3293.384766	6110.705566
3290.687500	6129.395996
3287.990234	6190.692871
3285.291016	6164.871094
3282.589844	6238.131836
3279.888672	6351.120605
3277.186523	6386.308594
3274.482422	6467.695801
3271.777344	6538.844238
3269.071289	6743.882813
3266.364258	6778.833984
3263.655273	6795.291992
3260.945313	6886.466309
3258.234375	6962.804688
3255.522461	7175.505371
3252.809570	7155.820313
3250.095703	7118.650391
3247.379883	7248.145020
3244.663086	7279.980957
3241.945313	7379.854980
3239.226563	7451.138184
3236.505859	7548.090332
3233.784180	7578.814453
3231.061523	7709.598633
3228.337891	7805.388672
3225.613281	7912.103516
3222.886719	7949.944336
3220.160156	8085.832031
3217.431641	8081.412598
3214.702148	8283.979492
3211.970703	8458.904297
3209.239258	8425.954102
3206.505859	8629.015625
3203.771484	8684.700195
3201.035156	8688.242188
3198.298828	8839.763672
3195.560547	8931.799805
3192.821289	8952.564453
3190.081055	9214.153320
3187.339844	9297.692383
3184.596680	9259.926758
3181.853516	9475.478516
3179.108398	9574.269531
3176.361328	9766.733398
3173.614258	9836.188477
3170.865234	9816.447266
3168.115234	9997.637695
3165.364258	10006.007813
3162.612305	10213.293945
3159.858398	10286.021484
3157.104492	10328.733398
3154.347656	10433.090820
3151.590820	10503.805664
3148.833008	10803.762695
3146.073242	10816.266602
3143.312500	11075.069336
3140.550781	11052.135742
3137.787109	11233.698242
3135.023438	11390.679688
3132.257813	11398.364258
3129.491211	11607.539063
3126.722656	11653.049805
3123.954102	11879.980469
3121.183594	11842.303711
3118.412109	12089.693359
3115.638672	12101.540039
3112.865234	12330.567383
3110.089844	12279.233398
3107.313477	12505.275391
3104.536133	12528.605469
3101.756836	12538.417969
3098.976563	12815.295898
3096.195313	12850.134766
3093.413086	13004.435547
3090.628906	13093.037109
3087.844727	13135.776367
3085.058594	13284.353516
3082.270508	13681.237305
3079.482422	13781.922852
3076.692383	13816.205078
3073.901367	13972.269531
3071.109375	14143.414063
3068.315430	14162.265625
3065.520508	14291.125000
3062.724609	14387.677734
3059.927734	14572.623047
3057.128906	14859.244141
3054.329102	14742.881836
3051.528320	14919.380859
3048.726563	15089.475586
3045.922852	15179.155273
3043.118164	15344.520508
3040.312500	15415.289063
3037.505859	15593.755859
3034.697266	15758.707031
3031.887695	15958.211914
3029.077148	16134.411133
3026.264648	16126.416992
3023.452148	16257.945313
3020.637695	16332.502930
3017.821289	16529.517578
3015.004883	16658.015625
3012.186523	16820.107422
3009.367188	16897.814453
3006.545898	17318.447266
3003.724609	17303.720703
3000.901367	17435.998047
2998.077148	17514.160156
2995.250977	17651.527344
2992.423828	17824.140625
2989.595703	17749.087891
2986.766602	18099.978516
2983.935547	18298.644531
2981.104492	18398.257813
2978.270508	18647.785156
2975.436523	18636.013672
2972.600586	18888.730469
2969.763672	19028.421875
2966.925781	19146.843750
2964.085938	19374.330078
2961.245117	19416.796875
2958.403320	19478.574219
2955.560547	19814.626953
2952.715820	19975.474609
2949.870117	20144.082031
2947.023438	20553.136719
2944.174805	20490.484375
2941.325195	20672.658203
2938.474609	20782.755859
2935.622070	20942.710938
2932.768555	21178.746094
2929.914063	21467.988281
2927.058594	21458.458984
2924.201172	21485.681641
2921.342773	21682.548828
2918.483398	22027.851563
2915.622070	22385.076172
2912.759766	22466.839844
2909.896484	22802.583984
2907.032227	22751.429688
2904.166016	23221.941406
2901.298828	23050.310547
2898.429688	23336.367188
2895.559570	23486.267578
2892.688477	23817.140625
2889.816406	24032.826172
2886.942383	24156.966797
2884.067383	24367.076172
2881.191406	24626.535156
2878.314453	24639.017578
2875.435547	24846.005859
2872.554688	25113.562500
2869.673828	25511.884766
2866.791016	25627.990234
2863.907227	25730.113281
2861.021484	25882.394531
2858.134766	26177.435547
2855.247070	26293.871094
2852.358398	26657.673828
2849.467773	26968.384766
2846.576172	27022.039063
2843.682617	27138.722656
2840.789063	27470.371094
2837.893555	27572.917969
2834.996094	27664.146484
2832.097656	27879.500000
2829.198242	28161.906250
2826.297852	28148.441406
2823.395508	28469.222656
2820.492188	28632.994141
2817.587891	28905.056641
2814.681641	28889.527344
2811.774414	28866.265625
2808.866211	29066.490234
2805.956055	29255.359375
2803.044922	29653.583984
2800.131836	29629.986328
2797.218750	30093.732422
2794.303711	30109.388672
2791.386719	30232.173828
2788.468750	30454.230469
2785.549805	30384.886719
2782.629883	30837.792969
2779.708008	30685.322266
2776.785156	31119.707031
2773.860352	31256.183594
2770.935547	31288.277344
2768.007813	31469.806641
2765.080078	31307.955078
2762.150391	31561.828125
2759.219727	31576.628906
2756.287109	31954.615234
2753.353516	31894.210938
2750.418945	32149.029297
2747.482422	32288.662109
2744.544922	32274.117188
2741.606445	32600.699219
2738.666016	32396.388672
2735.724609	32641.859375
2732.782227	32679.812500
2729.837891	32926.609375
2726.892578	33007.667969
2723.945313	33198.929688
2720.997070	33124.585938
2718.047852	33251.187500
2715.097656	33257.351563
2712.145508	33443.035156
2709.191406	33215.464844
2706.237305	33381.515625
2703.281250	33662.425781
2700.323242	33511.957031
2697.364258	33618.472656
2694.404297	34092.265625
2691.443359	34026.191406
2688.480469	34018.390625
2685.515625	33721.292969
2682.550781	33913.410156
2679.583984	34124.726563
2676.615234	34206.128906
2673.646484	33997.839844
2670.674805	34100.242188
2667.703125	34013.292969
2664.729492	34032.339844
2661.754883	34089.179688
2658.778320	34112.355469
2655.800781	34042.304688
2652.821289	33734.804688
2649.840820	33795.828125
2646.859375	33823.242188
2643.876953	33768.492188
2640.892578	33924.042969
2637.906250	33788.894531
2634.918945	33953.476563
2631.930664	33511.398438
2628.941406	33421.742188
2625.950195	33450.839844
2622.957031	33621.917969
2619.963867	33519.777344
2616.967773	33397.683594
2613.971680	33286.539063
2610.973633	33026.214844
2607.974609	32756.953125
2604.973633	32657.050781
2601.971680	32798.726563
2598.967773	32584.837891
2595.962891	32654.013672
2592.957031	32206.683594
2589.949219	32275.947266
2586.940430	31894.812500
2583.929688	31842.054688
2580.917969	31837.480469
2577.905273	31460.357422
2574.890625	31552.144531
2571.875000	31321.373047
2568.857422	31373.345703
2565.838867	30958.158203
2562.819336	30814.865234
2559.797852	30582.328125
2556.775391	30420.294922
2553.750977	30339.416016
2550.725586	29929.730469
2547.698242	29664.947266
2544.669922	29502.765625
2541.640625	29427.367188
2538.609375	28955.298828
2535.577148	28900.810547
2532.542969	28824.115234
2529.507813	28589.335938
2526.471680	28298.779297
2523.433594	27894.095703
2520.393555	27706.921875
2517.353516	27538.000000
2514.310547	27472.765625
2511.267578	27226.875000
2508.222656	27014.863281
2505.175781	26753.800781
2502.127930	26624.208984
2499.079102	26490.628906
2496.028320	26014.607422
2492.976563	25638.130859
2489.922852	25429.835938
2486.868164	25366.580078
2483.812500	25194.578125
2480.754883	24982.662109
2477.695313	24615.654297
2474.634766	24421.337891
2471.573242	24361.099609
2468.509766	24128.705078
2465.445313	23880.203125
2462.378906	23614.798828
2459.311523	23365.929688
2456.242188	23171.863281
2453.171875	22989.369141
2450.100586	22760.642578
2447.027344	22293.767578
2443.953125	22001.322266
2440.876953	21804.232422
2437.799805	21746.230469
2434.720703	21364.289063
2431.640625	21250.529297
2428.558594	20882.947266
2425.475586	20943.835938
2422.390625	20595.363281
2419.304688	20479.710938
2416.217773	20237.027344
2413.128906	19894.201172
2410.038086	19562.203125
2406.946289	19451.255859
2403.853516	19165.019531
2400.758789	19129.478516
2397.663086	18812.150391
2394.565430	18490.265625
2391.466797	18431.673828
2388.366211	18103.800781
2385.264648	17868.916016
2382.161133	17759.113281
2379.056641	17538.285156
2375.950195	17427.921875
2372.842773	17073.085938
2369.734375	17110.990234
2366.624023	16633.646484
2363.511719	16541.558594
2360.398438	16366.842773
2357.284180	16101.585938
2354.167969	15916.795898
2351.049805	15919.011719
2347.930664	15773.741211
2344.810547	15418.703125
2341.688477	15244.162109
2338.564453	15193.838867
2335.439453	14865.151367
2332.313477	14643.917969
2329.185547	14653.075195
2326.056641	14288.334961
2322.925781	14190.636719
2319.792969	14017.201172
2316.660156	13831.955078
2313.524414	13746.553711
2310.387695	13399.001953
2307.250000	13304.313477
2304.110352	13009.838867
2300.969727	13049.921875
2297.827148	12980.176758
2294.682617	12616.277344
2291.537109	12530.895508
2288.390625	12374.089844
2285.242188	12205.516602
2282.092773	11970.425781
2278.941406	11760.937500
2275.788086	11763.358398
2272.633789	11615.183594
2269.478516	11346.727539
2266.321289	11314.486328
2263.162109	10966.478516
2260.001953	10994.560547
2256.840820	10922.190430
2253.676758	10692.606445
2250.512695	10489.302734
2247.346680	10439.369141
2244.178711	10320.816406
2241.009766	10214.992188
2237.838867	9918.449219
2234.666992	9852.312500
2231.493164	9701.946289
2228.318359	9522.583984
2225.141602	9452.781250
2221.963867	9274.485352
2218.784180	9271.691406
2215.602539	8955.323242
2212.419922	8894.546875
2209.236328	8821.261719
2206.050781	8721.360352
2202.863281	8632.531250
2199.674805	8474.002930
2196.485352	8379.882813
2193.292969	8220.833008
2190.100586	8162.146973
2186.905273	8066.732910
2183.709961	7844.689453
2180.511719	7749.509277
2177.312500	7687.237793
2174.112305	7650.798828
2170.910156	7468.395508
2167.706055	7343.908691
2164.500977	7322.495117
2161.294922	7184.156250
2158.085938	7024.906250
2154.876953	7053.514160
2151.665039	6903.035156
2148.452148	6780.709473
2145.238281	6784.496094
2142.022461	6684.881836
2138.804688	6588.468262
2135.585938	6431.563477
2132.365234	6370.289551
2129.143555	6324.590332
2125.919922	6221.540527
2122.695313	6030.214355
2119.468750	6021.926270
2116.240234	5999.703125
2113.010742	5818.037598
2109.780273	5714.687988
2106.546875	5752.184082
2103.312500	5661.327637
2100.077148	5603.005371
2096.839844	5433.532715
2093.600586	5340.635742
2090.360352	5277.914063
2087.119141	5251.493652
2083.875000	5154.956055
2080.629883	5023.069824
2077.383789	4984.482422
2074.135742	4895.131348
2070.885742	4894.334473
2067.634766	4847.399902
2064.381836	4778.219238
2061.127930	4677.606934
2057.871094	4607.802246
2054.614258	4502.758789
2051.355469	4495.236816
2048.094727	4378.076660
2044.832031	4350.691895
2041.568359	4245.199707
2038.303711	4237.042480
2035.037109	4137.824707
2031.768555	4092.243164
2028.498047	4003.889893
2025.226563	3917.912109
2021.954102	3899.230225
2018.678711	3830.941162
2015.403320	3758.137695
2012.125000	3728.877197
2008.845703	3676.010498
2005.564453	3607.191650
2002.282227	3533.867920
1998.998047	3539.782715
1995.712891	3417.102051
1992.424805	3419.261963
1989.136719	3417.617676
1985.845703	3339.995605
1982.553711	3241.942871
1979.260742	3245.695801
1975.964844	3153.849609
1972.667969	3099.248291
1969.370117	3048.488037
1966.070313	3030.352051
1962.768555	2948.625488
1959.465820	2914.658691
1956.161133	2870.888916
1952.854492	2839.258545
1949.546875	2800.855469
1946.237305	2767.020996
1942.925781	2673.570557
1939.613281	2642.092041
1936.298828	2609.134277
1932.982422	2580.730957
1929.665039	2547.079102
1926.346680	2493.122070
1923.025391	2477.611572
1919.703125	2486.194336
1916.378906	2474.460693
1913.053711	2386.810547
1909.726563	2356.349854
1906.397461	2306.391113
1903.067383	2282.002197
1899.735352	2265.139160
1896.401367	2192.046631
1893.066406	2165.497314
1889.729492	2117.995361
1886.390625	2107.980469
1883.050781	2058.305420
1879.708984	2040.098389
1876.365234	2009.196655
1873.020508	1985.050537
1869.673828	1928.805298
1866.326172	1900.240234
1862.975586	1885.881836
1859.624023	1832.748413
1856.271484	1802.032837
1852.916016	1775.817749
1849.559570	1774.952026
1846.202148	1786.742554
1842.841797	1702.530273
1839.480469	1724.755615
1836.118164	1682.283936
1832.752930	1664.372925
1829.386719	1606.375000
1826.018555	1578.125000
1822.649414	1575.869629
1819.278320	1519.481201
1815.905273	1519.479126
1812.531250	1450.577637
1809.154297	1460.974854
1805.777344	1427.694092
1802.397461	1416.638062
1799.016602	1364.925537
1795.633789	1347.997803
1792.249023	1328.869995
1788.863281	1359.227173
1785.475586	1305.427979
1782.085938	1250.943481
1778.694336	1221.577637
1775.301758	1216.556396
1771.907227	1191.654175
1768.510742	1191.804443
1765.113281	1200.783569
1761.713867	1173.718018
1758.312500	1160.644653
1754.910156	1146.114136
1751.505859	1116.176758
1748.099609	1087.736206
1744.691406	1074.729004
1741.282227	1062.467285
1737.871094	1037.025513
1734.458008	1016.003357
1731.042969	1037.466675
1727.626953	999.632996
1724.208984	971.344849
1720.790039	965.747498
1717.368164	919.966064
1713.945313	931.927246
1710.520508	910.296692
1707.093750	920.061157
1703.666016	906.479004
1700.236328	845.531006
1696.804688	877.168213
1693.371094	868.723633
1689.936523	844.274902
1686.500000	814.030334
1683.061523	819.443420
1679.622070	789.240479
1676.179688	771.415588
1672.736328	780.470825
1669.291016	745.251526
1665.844727	755.035400
1662.396484	700.289795
1658.945313	718.055969
1655.494141	676.418457
1652.040039	682.596558
1648.584961	679.362732
1645.126953	674.685608
1641.668945	657.725647
1638.208008	628.501221
1634.745117	628.187927
1631.281250	617.770874
1627.815430	590.773254
1624.347656	573.174988
1620.878906	583.697998
1617.408203	580.525452
1613.935547	548.559998
1610.460938	549.005310
1606.984375	553.045837
1603.506836	519.703613
1600.027344	519.443542
1596.545898	526.364441
1593.062500	509.592896
1589.577148	495.707428
1586.090820	519.837585
1582.602539	481.594055
1579.112305	460.579834
1575.620117	464.644348
1572.126953	453.677399
1568.630859	447.727814
1565.133789	433.920532
1561.634766	448.707001
1558.133789	447.767273
1554.631836	433.980164
1551.127930	400.944305
1547.621094	398.603302
1544.114258	414.794830
1540.604492	390.366089
1537.092773	364.537781
1533.580078	371.470306
1530.065430	367.015350
1526.548828	363.275604
1523.030273	351.723419
1519.509766	353.676392
1515.988281	347.109222
1512.463867	337.710632
1508.938477	346.049316
1505.411133	336.660431
1501.882813	327.280914
1498.351563	293.837311
1494.818359	297.226929
1491.284180	304.856934
1487.748047	314.599976
1484.209961	293.948883
1480.669922	287.443542
1477.128906	283.768250
1473.584961	268.102509
1470.040039	278.543976
1466.493164	272.059143
1462.944336	267.694122
1459.393555	246.435043
1455.840820	251.235901
1452.287109	244.074234
1448.730469	258.010498
1445.172852	236.799088
1441.613281	236.678452
1438.051758	228.836365
1434.488281	237.840408
1430.922852	221.590668
1427.356445	209.562668
1423.787109	206.653595
1420.216797	205.147736
1416.644531	201.543900
1413.070313	208.435364
1409.494141	206.930603
1405.916016	192.850113
1402.336914	190.656296
1398.754883	191.954712
1395.171875	177.205551
1391.585938	164.563309
1387.999023	179.811737
1384.410156	165.787781
1380.819336	176.842392
1377.226563	171.184647
1373.632813	169.010208
1370.036133	173.789490
1366.438477	154.940552
1362.837891	150.694229
1359.236328	151.310806
1355.632813	151.926682
1352.027344	141.447891
1348.419922	141.375046
1344.810547	141.994858
1341.199219	146.767776
1337.585938	136.312927
1333.970703	127.943565
1330.354492	129.951218
1326.735352	124.357140
1323.115234	128.435989
1319.493164	123.538506
1315.869141	114.507202
1312.242188	102.727402
1308.614258	113.699661
1304.984375	118.461929
1301.353516	110.140068
1297.719727	113.523094
1294.083984	104.524643
1290.446289	105.845047
1286.807617	109.224876
1283.166016	102.988853
1279.523438	93.328072
1275.877930	93.965462
1272.231445	102.142899
1268.582031	87.701294
1264.931641	86.286049
1261.279297	84.187782
1257.625000	79.355270
1253.968750	86.835083
1250.310547	79.955986
1246.650391	84.012466
1242.988281	81.237961
1239.324219	80.513252
1235.658203	76.379463
1231.990234	77.021172
1228.320313	81.068405
1224.648438	78.983353
1220.975586	61.248138
1217.299805	65.297165
1213.622070	70.021736
1209.943359	61.831467
1206.261719	63.836403
1202.578125	65.160446
1198.893555	64.447876
1195.206055	59.667763
1191.517578	60.991817
1187.826172	56.895802
1184.133789	58.219856
1180.438477	61.572350
1176.742188	63.568760
1173.042969	52.720791
1169.342773	64.852974
1165.639648	61.442841
1161.935547	51.962704
1158.228516	50.586346
1154.520508	55.278572
1150.809570	53.228088
1147.097656	49.832901
1143.382813	57.883331
1139.666992	46.416740
1135.948242	47.064556
1132.227539	47.711662
1128.505859	49.029697
1124.781250	35.578060
1121.055664	32.875504
1117.327148	42.246109
1113.596680	38.202408
1109.865234	40.191734
1106.130859	36.153370
1102.394531	40.818237
1098.657227	36.114986
1094.916992	42.111763
1091.174805	39.417034
1087.430664	30.715582
1083.684570	36.038235
1079.936523	34.685009
1076.186523	31.333216
1072.434570	31.982828
1068.680664	34.629589
1064.924805	36.607914
1061.166992	29.270702
1057.406250	26.595522
1053.644531	33.226646
1049.880859	33.873066
1046.114258	27.880550
1042.346680	31.182974
1038.576172	29.840059
1034.803711	25.184778
1031.030273	28.483297
1027.253906	29.130077
1023.475586	25.144302
1019.695313	21.162790
1015.913086	27.761251
1012.128906	23.782579
1008.342773	21.128712
1004.553711	23.097105
