4046.277344	246.319687
4043.892578	233.741669
4041.505859	232.601776
4039.119141	266.025024
4036.731445	254.403839
4034.342773	248.024353
4031.952148	246.880341
4029.561523	232.143173
4027.169922	251.911713
4024.777344	251.812149
4022.383789	249.623688
4019.989258	283.978210
4017.593750	256.731598
4015.197266	272.278137
4012.799805	263.827942
4010.401367	280.401611
4008.001953	274.038666
4005.601563	278.096252
4003.201172	293.603149
4000.798828	256.020294
3998.395508	296.491180
3995.991211	279.734955
3993.585938	299.374237
3991.180664	289.903564
3988.773438	282.517670
3986.365234	290.711395
3983.957031	292.671448
3981.546875	298.779572
3979.135742	318.363983
3976.724609	317.200623
3974.311523	311.893311
3971.898438	324.198364
3969.483398	350.988617
3967.068359	334.289429
3964.651367	323.810699
3962.234375	326.783875
3959.815430	318.383728
3957.396484	303.790375
3954.975586	328.458344
3952.554688	327.294617
3950.131836	351.933289
3947.708984	361.077393
3945.284180	340.308228
3942.859375	353.572754
3940.432617	366.826569
3938.005859	362.559692
3935.577148	357.266510
3933.148438	390.056915
3930.718750	391.958069
3928.287109	358.893738
3925.855469	383.420227
3923.421875	388.403992
3920.988281	404.681854
3918.552734	402.465973
3916.117188	401.278015
3913.680664	406.246124
3911.242188	422.490204
3908.803711	431.545776
3906.363281	426.248993
3903.922852	412.762543
3901.480469	440.239319
3899.038086	439.038666
3896.593750	440.907776
3894.149414	463.226807
3891.703125	424.197876
3889.256836	457.744629
3886.808594	466.752045
3884.360352	472.689270
3881.910156	459.231781
3879.459961	488.629364
3877.007813	464.979126
3874.555664	487.215393
3872.101563	487.018463
3869.646484	494.969208
3867.191406	517.166016
3864.734375	515.939148
3862.277344	512.678650
3859.818359	512.471130
3857.358398	533.607910
3854.897461	528.311829
3852.436523	560.596069
3849.973633	586.763000
3847.509766	552.023560
3845.044922	546.727966
3842.579102	550.561829
3840.113281	579.730286
3837.645508	607.861755
3835.176758	615.716431
3832.707031	585.097839
3830.236328	611.168640
3827.764648	600.805603
3825.291992	607.638611
3822.818359	614.465820
3820.343750	614.215759
3817.868164	652.338623
3815.390625	652.072937
3812.913086	617.501709
3810.434570	664.653259
3807.955078	650.268005
3805.473633	642.948608
3802.992188	650.745117
3800.509766	684.715393
3798.025391	701.546875
3795.541016	715.346008
3793.054688	702.985474
3790.568359	695.661255
3788.080078	700.401428
3785.591797	748.329651
3783.101563	708.865417
3780.610352	755.746887
3778.119141	773.495972
3775.625977	738.080505
3773.131836	759.831482
3770.636719	798.598511
3768.140625	801.276184
3765.643555	795.941895
3763.145508	800.619507
3760.646484	833.303284
3758.146484	851.960632
3755.645508	827.622009
3753.143555	840.271118
3750.639648	890.861023
3748.135742	877.517090
3745.630859	878.154541
3743.124023	870.811279
3740.617188	855.497131
3738.108398	933.882507
3735.599609	897.632996
3733.088867	897.263672
3730.577148	907.844299
3728.064453	953.242126
3725.551758	975.726013
3723.037109	942.515015
3720.521484	935.170044
3718.004883	992.401550
3715.487305	985.041504
3712.967773	998.531372
3710.448242	982.244812
3707.927734	1018.534485
3705.406250	1014.148743
3702.882813	1056.340332
3700.359375	1043.027222
3697.833984	1072.299927
3695.308594	1090.661255
3692.781250	1130.771851
3690.252930	1101.626343
3687.723633	1145.652466
3685.193359	1136.285889
3682.662109	1138.778564
3680.129883	1182.733765
3677.596680	1187.178223
3675.062500	1236.994873
3672.527344	1220.705933
3669.990234	1209.358154
3667.453125	1235.457520
3664.915039	1223.127563
3662.375000	1249.198853
3659.833984	1252.616577
3657.292969	1260.948853
3654.750000	1332.196899
3652.206055	1311.988403
3649.661133	1310.461060
3647.115234	1332.501221
3644.568359	1379.061279
3642.019531	1381.431274
3639.470703	1400.471191
3636.920898	1411.652466
3634.369141	1406.165527
3631.817383	1427.129150
3629.263672	1443.179565
3626.708984	1449.429321
3624.153320	1493.826172
3621.596680	1479.513550
3619.039063	1519.950195
3616.480469	1523.224609
3613.920898	1547.982178
3611.360352	1520.978027
3608.797852	1605.240601
3606.235352	1605.545898
3603.670898	1618.525879
3601.105469	1671.453369
3598.540039	1714.594116
3595.972656	1636.947998
3593.404297	1662.545288
3590.834961	1669.634033
3588.264648	1715.619263
3585.692383	1746.010864
3583.120117	1760.828491
3580.545898	1795.060181
3577.971680	1806.930908
3575.395508	1829.467163
3572.818359	1864.595825
3570.240234	1889.027344
3567.661133	1887.266357
3565.081055	1849.656372
3562.500000	1950.573975
3559.917969	1975.894531
3557.333984	1939.260864
3554.750000	1981.007690
3552.164063	1997.579956
3549.577148	2023.802490
3546.989258	2106.034424
3544.400391	2047.209717
3541.810547	2125.500732
3539.219727	2108.204590
3536.626953	2176.758545
3534.034180	2221.152832
3531.439453	2236.600342
3528.844727	2231.806152
3526.248047	2260.714355
3523.650391	2262.649658
3521.051758	2350.202148
3518.451172	2362.674561
3515.850586	2454.915771
3513.249023	2392.389893
3510.645508	2421.153564
3508.041016	2522.851318
3505.436523	2566.887695
3502.830078	2507.294678
3500.222656	2571.433105
3497.613281	2593.348389
3495.003906	2665.058594
3492.393555	2667.763184
3489.781250	2686.736572
3487.167969	2739.179199
3484.553711	2820.267090
3481.938477	2823.854492
3479.322266	2815.971436
3476.705078	2871.133057
3474.086914	2902.378906
3471.466797	2936.460449
3468.845703	2997.222168
3466.224609	3041.721924
3463.601563	3009.933838
3460.977539	3142.990479
3458.351563	3196.892334
3455.725586	3166.979980
3453.098633	3271.253662
3450.469727	3293.643555
3447.839844	3345.484863
3445.208984	3344.065430
3442.577148	3394.889648
3439.944336	3450.417236
3437.310547	3515.387451
3434.674805	3618.248291
3432.039063	3668.865967
3429.401367	3593.373047
3426.762695	3680.907227
3424.123047	3837.501709
3421.481445	3826.402832
3418.839844	3884.389404
3416.197266	3964.079834
3413.552734	4010.610840
3410.907227	4014.573486
3408.260742	4041.203369
3405.613281	4089.526855
3402.963867	4144.415039
3400.314453	4160.574219
3397.663086	4180.490234
3395.011719	4225.839844
3392.358398	4330.509766
3389.704102	4446.391602
3387.047852	4424.724121
3384.391602	4546.110352
3381.733398	4518.772461
3379.075195	4649.414551
3376.415039	4673.743652
3373.753906	4665.170898
3371.090820	4848.164551
3368.427734	4887.391113
3365.762695	4887.178223
3363.097656	4928.227539
3360.430664	4975.802246
3357.762695	4983.980469
3355.092773	5137.325195
3352.422852	5178.191895
3349.750977	5171.295410
3347.079102	5260.750977
3344.405273	5270.652344
3341.729492	5353.442871
3339.053711	5399.727539
3336.376953	5482.389160
3333.698242	5591.113281
3331.018555	5652.159668
3328.337891	5656.263184
3325.656250	5796.463379
3322.973633	5765.089355
3320.289063	5850.166016
3317.604492	6037.579102
3314.917969	6134.560547
3312.230469	6101.228027
3309.541016	6178.569336
3306.851563	6287.441895
3304.160156	6290.312500
3301.467773	6388.825684
3298.774414	6438.984863
3296.080078	6604.147949
3293.384766	6697.755859
3290.687500	6711.559082
3287.990234	6838.394531
3285.291016	6839.153809
3282.589844	7002.854004
3279.888672	6948.013184
3277.186523	7113.371094
3274.482422	7274.886230
3271.777344	7167.312500
3269.071289	7554.072754
3266.364258	7497.255371
3263.655273	7678.624512
3260.945313	7758.346191
3258.234375	7774.363281
3255.522461	7943.387695
3252.809570	8028.413574
3250.095703	8099.548340
3247.379883	8133.793945
3244.663086	8224.142578
3241.945313	8257.379883
3239.226563	8428.501953
3236.505859	8558.117188
3233.784180	8696.804688
3231.061523	8769.254883
3228.337891	8981.153320
3225.613281	8895.611328
3222.886719	9156.788086
3220.160156	9205.987305
3217.431641	9417.319336
3214.702148	9371.108398
3211.970703	9453.099609
3209.239258	9747.313477
3206.505859	9805.283203
3203.771484	9843.086914
3201.035156	10059.060547
3198.298828	10148.783203
3195.560547	10253.947266
3192.821289	10407.390625
3190.081055	10472.204102
3187.339844	10600.791992
3184.596680	10746.583008
3181.853516	10803.867188
3179.108398	11092.418945
3176.361328	11181.357422
3173.614258	11171.944336
3170.865234	11499.059570
3168.115234	11519.510742
3165.364258	11629.906250
3162.612305	11765.634766
3159.858398	11748.708008
3157.104492	11810.749023
3154.347656	11902.668945
3151.590820	12116.916016
3148.833008	12291.999023
3146.073242	12437.030273
3143.312500	12551.141602
3140.550781	12772.865234
3137.787109	12766.387695
3135.023438	12788.853516
3132.257813	13104.186523
3129.491211	13280.087891
3126.722656	13301.384766
3123.954102	13327.172852
3121.183594	13520.783203
3118.412109	13535.621094
3115.638672	13820.026367
3112.865234	13899.601563
3110.089844	13916.945313
3107.313477	14093.646484
3104.536133	14145.984375
3101.756836	14311.626953
3098.976563	14570.643555
3096.195313	14578.646484
3093.413086	14833.716797
3090.628906	14928.703125
3087.844727	15026.293945
3085.058594	15229.674805
3082.270508	15527.046875
3079.482422	15825.947266
3076.692383	15895.176758
3073.901367	16048.538086
3071.109375	16236.678711
3068.315430	16427.333984
3065.520508	16592.769531
3062.724609	16716.029297
3059.927734	16832.027344
3057.128906	17190.912109
3054.329102	17251.224609
3051.528320	17232.933594
3048.726563	17554.574219
3045.922852	17954.406250
3043.118164	18055.261719
3040.312500	18167.605469
3037.505859	18330.611328
3034.697266	18493.468750
3031.887695	18697.107422
3029.077148	18886.332031
3026.264648	19050.492188
3023.452148	19222.498047
3020.637695	19389.906250
3017.821289	19587.349609
3015.004883	19642.615234
3012.186523	19971.937500
3009.367188	20158.203125
3006.545898	20264.533203
3003.724609	20519.597656
3000.901367	20730.152344
2998.077148	20967.957031
2995.250977	21351.527344
2992.423828	21170.535156
2989.595703	21442.285156
2986.766602	21950.585938
2983.935547	21775.732422
2981.104492	22195.144531
2978.270508	22242.689453
2975.436523	22451.593750
2972.600586	22552.748047
2969.763672	22799.208984
2966.925781	22775.908203
2964.085938	23072.226563
2961.245117	23502.923828
2958.403320	23477.562500
2955.560547	23702.812500
2952.715820	24113.302734
2949.870117	24237.908203
2947.023438	24401.910156
2944.174805	24359.496094
2941.325195	24775.957031
2938.474609	24847.402344
2935.622070	24961.726563
2932.768555	25036.515625
2929.914063	25460.667969
2927.058594	25511.519531
2924.201172	25740.816406
2921.342773	25871.072266
2918.483398	26175.175781
2915.622070	26180.148438
2912.759766	26180.742188
2909.896484	26721.751953
2907.032227	26996.107422
2904.166016	27340.865234
2901.298828	27379.273438
2898.429688	27447.269531
2895.559570	27773.919922
2892.688477	27755.462891
2889.816406	28026.837891
2886.942383	28194.437500
2884.067383	28473.183594
2881.191406	28403.130859
2878.314453	28936.945313
2875.435547	29081.228516
2872.554688	29191.521484
2869.673828	29322.529297
2866.791016	29739.603516
2863.907227	30134.625000
2861.021484	30212.156250
2858.134766	30580.615234
2855.247070	30895.060547
2852.358398	31082.015625
2849.467773	31158.083984
2846.576172	31216.785156
2843.682617	31504.423828
2840.789063	31815.980469
2837.893555	32096.167969
2834.996094	32391.628906
2832.097656	32564.326172
2829.198242	32810.148438
2826.297852	32842.003906
2823.395508	33141.730469
2820.492188	33271.550781
2817.587891	33540.675781
2814.681641	33556.621094
2811.774414	33642.195313
2808.866211	33925.375000
2805.956055	34165.332031
2803.044922	34638.644531
2800.131836	34716.671875
2797.218750	34749.144531
2794.303711	35058.582031
2791.386719	35020.562500
2788.468750	35025.406250
2785.549805	35388.226563
2782.629883	35504.167969
2779.708008	35636.250000
2776.785156	35840.046875
2773.860352	36049.636719
2770.935547	36212.882813
2768.007813	36285.429688
2765.080078	36266.550781
2762.150391	36676.917969
2759.219727	36790.070313
2756.287109	36903.109375
2753.353516	36961.492188
2750.418945	37188.472656
2747.482422	37292.628906
2744.544922	37092.851563
2741.606445	37323.687500
2738.666016	37449.714844
2735.724609	37490.628906
2732.782227	37653.824219
2729.837891	37836.390625
2726.892578	37942.394531
2723.945313	38206.089844
2720.997070	37734.316406
2718.047852	38124.984375
2715.097656	38213.675781
2712.145508	38090.558594
2709.191406	38210.480469
2706.237305	38269.359375
2703.281250	38151.425781
2700.323242	38101.210938
2697.364258	38651.781250
2694.404297	38475.523438
2691.443359	38410.839844
2688.480469	38261.828125
2685.515625	38345.718750
2682.550781	38211.175781
2679.583984	38397.792969
2676.615234	38317.230469
2673.646484	38382.378906
2670.674805	38588.824219
2667.703125	38260.117188
2664.729492	38234.363281
2661.754883	38012.816406
2658.778320	38309.726563
2655.800781	38074.046875
2652.821289	37852.839844
2649.840820	37912.828125
2646.859375	37938.375000
2643.876953	37555.746094
2640.892578	37841.093750
2637.906250	38007.269531
2634.918945	37870.316406
2631.930664	37467.449219
2628.941406	37674.507813
2625.950195	37373.203125
2622.957031	37321.113281
2619.963867	37433.562500
2616.967773	37299.671875
2613.971680	37118.339844
2610.973633	37115.613281
2607.974609	36755.300781
2604.973633	36583.593750
2601.971680	36490.308594
2598.967773	36129.906250
2595.962891	36379.671875
2592.957031	36166.820313
2589.949219	36114.582031
2586.940430	35679.351563
2583.929688	35581.683594
2580.917969	35321.390625
2577.905273	35303.605469
2574.890625	35159.761719
2571.875000	34746.628906
2568.857422	34949.496094
2565.838867	34529.359375
2562.819336	34372.019531
2559.797852	34099.792969
2556.775391	33726.902344
2553.750977	33718.085938
2550.725586	33287.023438
2547.698242	32974.449219
2544.669922	32850.378906
2541.640625	32539.099609
2538.609375	32276.753906
2535.577148	32244.652344
2532.542969	31963.708984
2529.507813	31913.638672
2526.471680	31516.177734
2523.433594	31201.361328
2520.393555	31011.847656
2517.353516	30648.203125
2514.310547	30604.550781
2511.267578	30686.603516
2508.222656	30372.837891
2505.175781	29902.609375
2502.127930	29621.462891
2499.079102	29365.982422
2496.028320	29063.195313
2492.976563	28653.369141
2489.922852	28362.630859
2486.868164	28223.552734
2483.812500	27919.355469
2480.754883	27631.781250
2477.695313	27622.328125
2474.634766	27149.707031
2471.573242	26863.671875
2468.509766	26692.966797
2465.445313	26657.824219
2462.378906	26247.632813
2459.311523	26042.376953
2456.242188	25811.232422
2453.171875	25332.763672
2450.100586	25090.748047
2447.027344	24868.472656
2443.953125	24594.353516
2440.876953	24268.464844
2437.799805	23994.859375
2434.720703	23706.070313
2431.640625	23495.457031
2428.558594	23390.492188
2425.475586	23024.515625
2422.390625	22909.312500
2419.304688	22726.968750
2416.217773	22244.373047
2413.128906	22103.769531
2410.038086	21675.285156
2406.946289	21574.681641
2403.853516	21130.662109
2400.758789	21183.076172
2397.663086	20802.619141
2394.565430	20623.478516
2391.466797	20421.910156
2388.366211	20142.302734
2385.264648	19949.996094
2382.161133	19616.876953
2379.056641	19356.533203
2375.950195	19333.056641
2372.842773	19102.837891
2369.734375	18670.189453
2366.624023	18499.154297
2363.511719	18343.537109
2360.398438	18071.621094
2357.284180	17999.005859
2354.167969	17770.814453
2351.049805	17613.392578
2347.930664	17454.509766
2344.810547	17138.746094
2341.688477	17015.455078
2338.564453	16614.535156
2335.439453	16497.189453
2332.313477	16364.755859
2329.185547	16288.388672
2326.056641	15932.471680
2322.925781	15649.546875
2319.792969	15517.732422
2316.660156	15487.354492
2313.524414	15167.539063
2310.387695	14936.488281
2307.250000	14714.411133
2304.110352	14595.258789
2300.969727	14403.783203
2297.827148	14147.247070
2294.682617	14018.969727
2291.537109	13905.908203
2288.390625	13734.954102
2285.242188	13681.675781
2282.092773	13157.785156
2278.941406	13174.629883
2275.788086	13070.133789
2272.633789	12708.143555
2269.478516	12782.992188
2266.321289	12521.238281
2263.162109	12271.596680
2260.001953	12220.749023
2256.840820	12082.964844
2253.676758	11818.060547
2250.512695	11687.696289
2247.346680	11558.239258
2244.178711	11465.206055
2241.009766	11163.995117
2237.838867	11083.841797
2234.666992	10958.047852
2231.493164	10785.891602
2228.318359	10622.554688
2225.141602	10451.498047
2221.963867	10291.610352
2218.784180	10290.697266
2215.602539	10101.165039
2212.419922	9865.460938
2209.236328	9869.449219
2206.050781	9605.817383
2202.863281	9524.416016
2199.674805	9367.818359
2196.485352	9203.529297
2193.292969	9265.767578
2190.100586	9034.341797
2186.905273	8972.166992
2183.709961	8904.571289
2180.511719	8716.634766
2177.312500	8607.799805
2174.112305	8431.109375
2170.910156	8374.815430
2167.706055	8170.303223
2164.500977	8061.140137
2161.294922	7940.383301
2158.085938	7790.126465
2154.876953	7792.668945
2151.665039	7705.677734
2148.452148	7627.325684
2145.238281	7566.933594
2142.022461	7352.670410
2138.804688	7331.312012
2135.585938	7162.405273
2132.365234	7094.574219
2129.143555	6898.000977
2125.919922	6938.933105
2122.695313	6845.715820
2119.468750	6653.407227
2116.240234	6556.536621
2113.010742	6464.399902
2109.780273	6416.451172
2106.546875	6313.637207
2103.312500	6210.145508
2100.077148	6071.982910
2096.839844	6100.754395
2093.600586	5898.704590
2090.360352	5905.153320
2087.119141	5758.135742
2083.875000	5656.731934
2080.629883	5643.249512
2077.383789	5544.303223
2074.135742	5475.466309
2070.885742	5414.386230
2067.634766	5324.911621
2064.381836	5212.463379
2061.127930	5189.231934
2057.871094	5076.952148
2054.614258	4967.847168
2051.355469	4913.309082
2048.094727	4848.854004
2044.832031	4798.252930
2041.568359	4709.398438
2038.303711	4692.597656
2035.037109	4602.344238
2031.768555	4500.702637
2028.498047	4448.851563
2025.226563	4316.810059
2021.954102	4347.584473
2018.678711	4231.747070
2015.403320	4190.037598
2012.125000	4176.586426
2008.845703	4102.921875
2005.564453	3940.937012
2002.282227	3932.951416
1998.998047	3861.788818
1995.712891	3786.888672
1992.424805	3769.857910
1989.136719	3673.026855
1985.845703	3665.181641
1982.553711	3579.123047
1979.260742	3585.750000
1975.964844	3474.014160
1972.667969	3388.167725
1969.370117	3391.841064
1966.070313	3326.568848
1962.768555	3290.132813
1959.465820	3228.754395
1956.161133	3167.434082
1952.854492	3131.879883
1949.546875	3062.349365
1946.237305	3013.280518
1942.925781	3019.375488
1939.613281	2964.335205
1936.298828	2911.609863
1932.982422	2820.483398
1929.665039	2831.929932
1926.346680	2768.043457
1923.025391	2754.658447
1919.703125	2684.849121
1916.378906	2654.968506
1913.053711	2624.364014
1909.726563	2602.804688
1906.397461	2527.191650
1903.067383	2489.934570
1899.735352	2511.235596
1896.401367	2437.273926
1893.066406	2465.323975
1889.729492	2362.235352
1886.390625	2310.166992
1883.050781	2300.062744
1879.708984	2239.095947
1876.365234	2229.781982
1873.020508	2203.286621
1869.673828	2179.056885
1866.326172	2106.317383
1862.975586	2100.814209
1859.624023	2008.041748
1856.271484	2001.844482
1852.916016	1961.373169
1849.559570	1999.893433
1846.202148	1964.672241
1842.841797	1917.578857
1839.480469	1860.118042
1836.118164	1859.953369
1832.752930	1814.463745
1829.386719	1795.010742
1826.018555	1754.791870
1822.649414	1728.708252
1819.278320	1676.694458
1815.905273	1639.554932
1812.531250	1618.749878
1809.154297	1552.794800
1805.777344	1592.000977
1802.397461	1571.247681
1799.016602	1529.810913
1795.633789	1532.017212
1792.249023	1458.137451
1788.863281	1461.113770
1785.475586	1424.975342
1782.085938	1402.148315
1778.694336	1377.131470
1775.301758	1376.455078
1771.907227	1320.541260
1768.510742	1336.823364
1765.113281	1325.129395
1761.713867	1271.527832
1758.312500	1305.449585
1754.910156	1248.235840
1751.505859	1244.683960
1748.099609	1230.125488
1744.691406	1215.580811
1741.282227	1167.320923
1737.871094	1168.943848
1734.458008	1170.564819
1731.042969	1126.789917
1727.626953	1114.524902
1724.208984	1092.762939
1720.790039	1068.828735
1717.368164	1055.147705
1713.945313	1038.558472
1710.520508	992.785461
1707.093750	995.942444
1703.666016	986.698364
1700.236328	956.324707
1696.804688	962.408020
1693.371094	920.424683
1689.936523	962.910095
1686.500000	891.868835
1683.061523	875.430237
1679.622070	880.809814
1676.179688	872.382446
1672.736328	828.388123
1669.291016	843.215454
1665.844727	819.586975
1662.396484	831.503479
1658.945313	797.759460
1655.494141	790.120483
1652.040039	758.601440
1648.584961	703.961609
1645.126953	715.904358
1641.668945	706.151611
1638.208008	716.635925
1634.745117	696.783142
1631.281250	686.331909
1627.815430	688.874817
1624.347656	650.319275
1620.878906	668.009949
1617.408203	646.068665
1613.935547	617.669922
1610.460938	631.032288
1606.984375	614.894897
1603.506836	599.492188
1600.027344	574.046204
1596.545898	583.812134
1593.062500	574.189209
1589.577148	560.271362
1586.090820	510.516327
1582.602539	540.359985
1579.112305	540.805237
1575.620117	519.055725
1572.126953	520.941895
1568.630859	482.773621
1565.133789	496.113434
1561.634766	488.719086
1558.133789	466.334961
1554.631836	465.386627
1551.127930	458.731659
1547.621094	471.335938
1544.114258	461.120697
1540.604492	416.722900
1537.092773	431.464661
1533.580078	419.861084
1530.065430	413.959167
1526.548828	415.172119
1523.030273	390.803802
1519.509766	376.402588
1515.988281	386.150146
1512.463867	363.251770
1508.938477	360.940796
1505.411133	377.768463
1501.882813	352.074921
1498.351563	349.064545
1494.818359	344.641693
1491.284180	323.247375
1487.748047	329.446289
1484.209961	327.866058
1480.669922	305.806030
1477.128906	328.239410
1473.584961	311.140015
1470.040039	306.750977
1466.493164	316.462585
1462.944336	274.034271
1459.393555	273.190857
1455.840820	261.088287
1452.287109	272.912964
1448.730469	255.901428
1445.172852	265.608459
1441.613281	255.640823
1438.051758	261.828094
1434.488281	235.034042
1430.922852	244.731461
1427.356445	249.512741
1423.787109	239.578079
1420.216797	230.353607
1416.644531	217.639420
1413.070313	207.735916
1409.494141	201.337891
1405.916016	220.100662
1402.336914	224.178268
1398.754883	215.687302
1395.171875	191.158737
1391.585938	194.547302
1387.999023	203.507858
1384.410156	194.347855
1380.819336	183.804703
1377.226563	195.540192
1373.632813	187.789108
1370.036133	185.607178
1366.438477	167.446976
1362.837891	165.277542
1359.236328	176.992004
1355.632813	165.107529
1352.027344	167.796021
1348.419922	158.007401
1344.810547	157.925995
1341.199219	142.613968
1337.585938	148.075974
1333.970703	142.466888
1330.354492	135.481064
1326.735352	146.465073
1323.115234	129.817032
1319.493164	135.961380
1315.869141	133.131866
1312.242188	130.994675
1308.614258	126.103264
1304.984375	126.037979
1301.353516	105.321442
1297.719727	119.715263
1294.083984	123.779182
1290.446289	106.532349
1286.807617	126.398598
1283.166016	109.854774
1279.523438	104.307838
1275.877930	103.567772
1272.231445	111.740219
1268.582031	100.719452
1264.931641	102.721489
1261.279297	93.085678
1257.625000	97.825897
1253.968750	97.774933
1250.310547	89.523369
1246.650391	82.646416
1242.988281	83.968651
1239.324219	91.430305
1235.658203	87.972771
1231.990234	87.926826
1228.320313	75.618431
1224.648438	87.154045
1220.975586	82.344719
1217.299805	78.900742
1213.622070	80.219078
1209.943359	72.702934
1206.261719	79.455948
1202.578125	65.160446
1198.893555	73.267059
1195.206055	63.736019
1191.517578	69.801743
1187.826172	60.282455
1184.133789	64.989609
1180.438477	69.691780
1176.742188	56.129864
1173.042969	66.914848
1169.342773	52.693043
1165.639648	54.690880
1161.935547	60.060787
1158.228516	54.633255
1154.520508	59.997475
1150.809570	58.618271
1147.097656	56.567078
1143.382813	49.133526
1139.666992	52.471096
1135.948242	51.771011
1132.227539	50.399643
1128.505859	50.372974
1124.781250	43.633469
1121.055664	40.926647
1117.327148	50.963562
1113.596680	41.553497
1109.865234	51.579395
1106.130859	40.839916
1102.394531	44.833145
1098.657227	42.802948
1094.916992	46.122406
1091.174805	43.425549
1087.430664	47.408833
1083.684570	36.705608
1079.936523	36.686069
1076.186523	33.999870
1072.434570	34.648064
1068.680664	40.623173
1064.924805	37.939114
1061.166992	39.914597
1057.406250	37.898621
1053.644531	33.226646
1049.880859	33.873066
1046.114258	38.501713
1042.346680	29.856039
1038.576172	35.144958
1034.803711	27.835808
1031.030273	27.158493
1027.253906	32.440315
1023.475586	27.791073
1019.695313	27.114824
1015.913086	26.439287
1012.128906	33.031361
1008.342773	23.769800
1004.553711	25.736773
