4046.277344	214.874619
4043.892578	240.030670
4041.505859	213.742172
4039.119141	227.273331
4036.731445	219.855179
4034.342773	232.326614
4031.952148	231.188782
4029.561523	242.600067
4027.169922	249.821167
4024.777344	233.004608
4022.383789	262.157104
4019.989258	242.216690
4017.593750	237.946365
4015.197266	269.148499
4012.799805	269.041931
4010.401367	265.808197
4008.001953	254.241180
4005.601563	283.304047
4003.201172	273.821381
4000.798828	280.997894
3998.395508	264.241272
3995.991211	278.695038
3993.585938	293.137268
3991.180664	266.004730
3988.773438	270.053680
3986.365234	299.017426
3983.957031	284.368713
3981.546875	288.405304
3979.135742	318.363983
3976.724609	276.773071
3974.311523	292.205688
3971.898438	303.482819
3969.483398	320.963043
3967.068359	310.485535
3964.651367	305.188995
3962.234375	319.544983
3959.815430	326.653442
3957.396484	330.656189
3954.975586	330.524109
3952.554688	332.457001
3950.131836	334.388214
3947.708984	348.697601
3945.284180	345.464417
3942.859375	361.819366
3940.432617	351.370392
3938.005859	360.499695
3935.577148	356.236938
3933.148438	360.210876
3930.718750	342.577545
3928.287109	361.978790
3925.855469	352.582153
3923.421875	368.881042
3920.988281	362.570313
3918.552734	390.145569
3916.117188	378.699707
3913.680664	390.858002
3911.242188	382.497192
3908.803711	397.719147
3906.363281	393.460602
3903.922852	444.513519
3901.480469	380.858215
3899.038086	402.196259
3896.593750	424.539978
3894.149414	429.481812
3891.703125	413.976227
3889.256836	426.070313
3886.808594	413.642395
3884.360352	442.061462
3881.910156	457.190765
3879.459961	453.945862
3877.007813	447.644379
3874.555664	450.521332
3872.101563	453.395874
3869.646484	452.194092
3867.191406	462.191650
3864.734375	463.022308
3862.277344	465.886566
3859.818359	515.521545
3857.358398	487.870087
3854.897461	482.592529
3852.436523	503.723999
3849.973633	514.686584
3847.509766	528.684326
3845.044922	508.183136
3842.579102	535.352966
3840.113281	565.541077
3837.645508	516.682495
3835.176758	521.536133
3832.707031	550.680359
3830.236328	524.147949
3827.764648	551.244202
3825.291992	597.528137
3822.818359	559.891541
3820.343750	555.622803
3817.868164	569.533997
3815.390625	571.320862
3812.913086	596.312927
3810.434570	595.061340
3807.955078	605.908630
3805.473633	585.506470
3802.992188	640.671692
3800.509766	591.070496
3798.025391	630.083679
3795.541016	641.899841
3793.054688	676.837219
3790.568359	642.380859
3788.080078	656.186707
3785.591797	663.954224
3783.101563	686.776123
3780.610352	671.440491
3778.119141	695.243469
3775.625977	750.114380
3773.131836	705.700989
3770.636719	721.444092
3768.140625	744.185242
3765.643555	721.854248
3763.145508	737.570740
3760.646484	767.279236
3758.146484	751.965210
3755.645508	764.650757
3753.143555	767.334351
3750.639648	813.959351
3748.135742	799.648682
3745.630859	778.364258
3743.124023	827.919067
3740.617188	812.622559
3738.108398	845.178650
3735.599609	826.898315
3733.088867	835.520813
3730.577148	885.944580
3728.064453	883.589783
3725.551758	852.392639
3723.037109	898.769592
3720.521484	901.380737
3718.004883	912.929932
3715.487305	930.427307
3712.967773	935.999084
3710.448242	932.636475
3707.927734	965.971375
3705.406250	924.927429
3702.882813	937.427734
3700.359375	985.576538
3697.833984	1000.021179
3695.308594	1038.206665
3692.781250	996.226807
3690.252930	1025.481689
3687.723633	1014.184204
3685.193359	1022.657288
3682.662109	1047.913330
3680.129883	1078.084473
3677.596680	1088.493408
3675.062500	1074.232422
3672.527344	1092.521973
3669.990234	1118.680908
3667.453125	1093.586792
3664.915039	1113.814209
3662.375000	1166.509644
3659.833984	1194.561279
3657.292969	1163.574463
3654.750000	1191.603394
3652.206055	1230.419067
3649.661133	1188.649048
3647.115234	1214.667725
3644.568359	1242.627441
3642.019531	1247.997559
3639.470703	1278.861694
3636.920898	1236.176147
3634.369141	1314.054321
3631.817383	1247.880981
3629.263672	1320.793213
3626.708984	1308.498901
3624.153320	1347.084839
3621.596680	1394.439087
3619.039063	1395.812744
3616.480469	1397.184937
3613.920898	1327.260376
3611.360352	1431.164185
3608.797852	1450.083496
3606.235352	1456.306274
3603.670898	1443.023071
3601.105469	1481.404663
3598.540039	1501.244141
3595.972656	1514.249878
3593.404297	1512.643555
3590.834961	1535.362671
3588.264648	1561.952637
3585.692383	1580.742554
3583.120117	1592.713989
3580.545898	1624.102051
3577.971680	1637.986328
3575.395508	1639.241455
3572.818359	1700.643311
3570.240234	1705.749023
3567.661133	1719.573975
3565.081055	1764.391968
3562.500000	1711.352661
3559.917969	1758.071777
3557.333984	1827.975952
3554.750000	1814.633911
3552.164063	1843.845581
3549.577148	1863.367310
3546.989258	1868.381104
3544.400391	1880.149658
3541.810547	1912.178345
3539.219727	1913.304321
3536.626953	1923.108643
3534.034180	1933.868286
3531.439453	1941.727539
3528.844727	1976.549927
3526.248047	2052.743896
3523.650391	2057.654297
3521.051758	2091.420166
3518.451172	2107.848145
3515.850586	2123.300293
3513.249023	2135.856689
3510.645508	2154.164063
3508.041016	2152.295654
3505.436523	2179.215576
3502.830078	2240.642822
3500.222656	2261.749023
3497.613281	2318.296387
3495.003906	2309.653809
3492.393555	2350.810791
3489.781250	2319.188721
3487.167969	2449.283447
3484.553711	2479.807617
3481.938477	2461.552246
3479.322266	2503.510254
3476.705078	2561.669434
3474.086914	2597.820068
3471.466797	2608.172363
3468.845703	2643.317139
3466.224609	2673.663818
3463.601563	2663.000244
3460.977539	2633.290771
3458.351563	2647.411621
3455.725586	2797.641846
3453.098633	2832.612549
3450.469727	2884.672363
3447.839844	2861.582764
3445.208984	2903.131348
3442.577148	2885.751221
3439.944336	3002.261719
3437.310547	2951.634521
3434.674805	3024.377441
3432.039063	3043.006348
3429.401367	3164.936035
3426.762695	3128.534180
3424.123047	3174.557129
3421.481445	3282.072998
3418.839844	3301.494385
3416.197266	3329.410889
3413.552734	3380.939209
3410.907227	3397.455566
3408.260742	3452.687744
3405.613281	3451.217041
3402.963867	3601.705322
3400.314453	3592.622803
3397.663086	3493.015137
3395.011719	3667.798828
3392.358398	3670.003418
3389.704102	3786.166992
3387.047852	3879.635742
3384.391602	3802.697510
3381.733398	4004.249512
3379.075195	3900.995361
3376.415039	4026.205322
3373.753906	4045.152344
3371.090820	4117.606445
3368.427734	4131.802734
3365.762695	4158.182617
3363.097656	4222.989258
3360.430664	4315.861816
3357.762695	4338.377441
3355.092773	4325.281250
3352.422852	4476.032227
3349.750977	4606.064941
3347.079102	4547.967773
3344.405273	4627.365234
3341.729492	4671.178223
3339.053711	4736.438965
3336.376953	4829.656738
3333.698242	4849.987793
3331.018555	4902.021484
3328.337891	4943.750977
3325.656250	5060.952148
3322.973633	5120.278809
3320.289063	5118.080566
3317.604492	5166.156738
3314.917969	5261.651367
3312.230469	5307.761230
3309.541016	5376.145508
3306.851563	5397.069336
3304.160156	5452.347656
3301.467773	5541.934570
3298.774414	5650.935547
3296.080078	5689.327637
3293.384766	5779.620117
3290.687500	5934.723633
3287.990234	5875.645020
3285.291016	5975.923828
3282.589844	6027.972168
3279.888672	5986.507324
3277.186523	6138.404785
3274.482422	6167.195313
3271.777344	6230.155273
3269.071289	6314.307129
3266.364258	6443.631836
3263.655273	6489.771484
3260.945313	6555.244141
3258.234375	6710.114746
3255.522461	6815.070801
3252.809570	6747.626953
3250.095703	6957.469727
3247.379883	6970.113770
3244.663086	7033.357910
3241.945313	7069.869629
3239.226563	7155.998047
3236.505859	7192.421387
3233.784180	7349.153320
3231.061523	7376.274902
3228.337891	7466.702637
3225.613281	7492.828125
3222.886719	7705.090820
3220.160156	7777.835449
3217.431641	7845.933594
3214.702148	7958.847656
3211.970703	7936.172852
3209.239258	8127.641602
3206.505859	8241.194336
3203.771484	8387.560547
3201.035156	8376.610352
3198.298828	8525.526367
3195.560547	8533.695313
3192.821289	8715.265625
3190.081055	8820.042969
3187.339844	8853.599609
3184.596680	8913.556641
3181.853516	9064.570313
3179.108398	9070.647461
3176.361328	9124.053711
3173.614258	9242.923828
3170.865234	9466.282227
3168.115234	9523.074219
3165.364258	9660.691406
3162.612305	9657.394531
3159.858398	9708.573242
3157.104492	9712.512695
3154.347656	9994.939453
3151.590820	10037.735352
3148.833008	10175.658203
3146.073242	10308.927734
3143.312500	10285.416016
3140.550781	10453.817383
3137.787109	10490.876953
3135.023438	10475.446289
3132.257813	10773.709961
3129.491211	10853.944336
3126.722656	10962.103516
3123.954102	11062.041016
3121.183594	11108.645508
3118.412109	11197.601563
3115.638672	11419.915039
3112.865234	11539.291992
3110.089844	11382.004883
3107.313477	11621.045898
3104.536133	11789.669922
3101.756836	11831.292969
3098.976563	11935.824219
3096.195313	11971.046875
3093.413086	12091.590820
3090.628906	12267.706055
3087.844727	12460.719727
3085.058594	12565.625977
3082.270508	12871.340820
3079.482422	12893.489258
3076.692383	13102.902344
3073.901367	13101.633789
3071.109375	13283.904297
3068.315430	13522.390625
3065.520508	13798.234375
3062.724609	13591.888672
3059.927734	13931.802734
3057.128906	13923.003906
3054.329102	14082.085938
3051.528320	14177.651367
3048.726563	14341.827148
3045.922852	14664.592773
3043.118164	14606.443359
3040.312500	14669.517578
3037.505859	14844.749023
3034.697266	15137.332031
3031.887695	15321.983398
3029.077148	15361.489258
3026.264648	15464.966797
3023.452148	15645.661133
3020.637695	15689.400391
3017.821289	15857.397461
3015.004883	15942.707031
3012.186523	16175.193359
3009.367188	16283.331055
3006.545898	16547.359375
3003.724609	16781.916016
3000.901367	16857.750000
2998.077148	17087.525391
2995.250977	17150.761719
2992.423828	17244.005859
2989.595703	17510.417969
2986.766602	17520.353516
2983.935547	17783.750000
2981.104492	17998.353516
2978.270508	18046.871094
2975.436523	18210.001953
2972.600586	18393.259766
2969.763672	18476.771484
2966.925781	18618.337891
2964.085938	18638.273438
2961.245117	18953.884766
2958.403320	19106.472656
2955.560547	19449.724609
2952.715820	19631.828125
2949.870117	19634.550781
2947.023438	19869.085938
2944.174805	19903.287109
2941.325195	20196.265625
2938.474609	20355.681641
2935.622070	20342.269531
2932.768555	20503.220703
2929.914063	20608.847656
2927.058594	20947.230469
2924.201172	21070.929688
2921.342773	21276.726563
2918.483398	21469.222656
2915.622070	21669.404297
2912.759766	21752.359375
2909.896484	22018.576172
2907.032227	22050.675781
2904.166016	22280.746094
2901.298828	22483.578125
2898.429688	22746.355469
2895.559570	22753.656250
2892.688477	22950.761719
2889.816406	23089.373047
2886.942383	23380.964844
2884.067383	23378.375000
2881.191406	23759.960938
2878.314453	23806.712891
2875.435547	24147.804688
2872.554688	24243.804688
2869.673828	24344.050781
2866.791016	24635.861328
2863.907227	24885.792969
2861.021484	24887.683594
2858.134766	25291.429688
2855.247070	25370.169922
2852.358398	25554.400391
2849.467773	25706.457031
2846.576172	26057.214844
2843.682617	26039.519531
2840.789063	26024.425781
2837.893555	26488.511719
2834.996094	26591.445313
2832.097656	27007.404297
2829.198242	27021.187500
2826.297852	27083.210938
2823.395508	27245.101563
2820.492188	27629.853516
2817.587891	27676.005859
2814.681641	27624.035156
2811.774414	27756.984375
2808.866211	28035.062500
2805.956055	28476.121094
2803.044922	28458.201172
2800.131836	28595.652344
2797.218750	28826.492188
2794.303711	28925.904297
2791.386719	29326.099609
2788.468750	29375.484375
2785.549805	29302.343750
2782.629883	29502.341797
2779.708008	29741.513672
2776.785156	30027.501953
2773.860352	29972.117188
2770.935547	30237.216797
2768.007813	30351.742188
2765.080078	30360.289063
2762.150391	30483.171875
2759.219727	30740.705078
2756.287109	30933.199219
2753.353516	30983.191406
2750.418945	31348.306641
2747.482422	31534.277344
2744.544922	31306.455078
2741.606445	31661.544922
2738.666016	31637.072266
2735.724609	31929.628906
2732.782227	32074.945313
2729.837891	32057.931641
2726.892578	32005.275391
2723.945313	32314.916016
2720.997070	32436.859375
2718.047852	32634.119141
2715.097656	32731.218750
2712.145508	32620.742188
2709.191406	33043.628906
2706.237305	32725.798828
2703.281250	32847.167969
2700.323242	32871.203125
2697.364258	33190.089844
2694.404297	32950.425781
2691.443359	33136.429688
2688.480469	33248.847656
2685.515625	33092.105469
2682.550781	33340.992188
2679.583984	33495.265625
2676.615234	33551.687500
2673.646484	33368.953125
2670.674805	33825.914063
2667.703125	33683.570313
2664.729492	33500.992188
2661.754883	33634.542969
2658.778320	33328.656250
2655.800781	33328.644531
2652.821289	33514.933594
2649.840820	33529.917969
2646.859375	33424.976563
2643.876953	33377.949219
2640.892578	33423.941406
2637.906250	33730.281250
2634.918945	33544.218750
2631.930664	33303.933594
2628.941406	33374.082031
2625.950195	33427.437500
2622.957031	33085.585938
2619.963867	33031.281250
2616.967773	33203.210938
2613.971680	33009.562500
2610.973633	32998.699219
2607.974609	32771.957031
2604.973633	32803.679688
2601.971680	32520.585938
2598.967773	32541.554688
2595.962891	32435.199219
2592.957031	32138.490234
2589.949219	32354.082031
2586.940430	31692.916016
2583.929688	31894.375000
2580.917969	31816.728516
2577.905273	31554.945313
2574.890625	31568.730469
2571.875000	31289.871094
2568.857422	31185.259766
2565.838867	30790.861328
2562.819336	30886.884766
2559.797852	30641.076172
2556.775391	30579.917969
2553.750977	30198.878906
2550.725586	30010.708984
2547.698242	29886.296875
2544.669922	29501.115234
2541.640625	29683.996094
2538.609375	29173.871094
2535.577148	29105.267578
2532.542969	28899.101563
2529.507813	28835.611328
2526.471680	28571.287109
2523.433594	28265.226563
2520.393555	28233.341797
2517.353516	27862.750000
2514.310547	28052.939453
2511.267578	27452.759766
2508.222656	27228.330078
2505.175781	27225.669922
2502.127930	26820.253906
2499.079102	26587.376953
2496.028320	26418.626953
2492.976563	25964.146484
2489.922852	25644.351563
2486.868164	25784.773438
2483.812500	25292.738281
2480.754883	25309.712891
2477.695313	24996.494141
2474.634766	24872.253906
2471.573242	24489.289063
2468.509766	24393.128906
2465.445313	24031.115234
2462.378906	23821.902344
2459.311523	23648.734375
2456.242188	23426.025391
2453.171875	23072.421875
2450.100586	23062.587891
2447.027344	22426.367188
2443.953125	22468.052734
2440.876953	22192.722656
2437.799805	21805.533203
2434.720703	21814.945313
2431.640625	21791.876953
2428.558594	21187.162109
2425.475586	21204.935547
2422.390625	20847.425781
2419.304688	20733.277344
2416.217773	20634.609375
2413.128906	20366.060547
2410.038086	19905.214844
2406.946289	19828.880859
2403.853516	19524.685547
2400.758789	19272.470703
2397.663086	19004.332031
2394.565430	18952.744141
2391.466797	18692.251953
2388.366211	18532.789063
2385.264648	18250.152344
2382.161133	17929.099609
2379.056641	17810.457031
2375.950195	17625.115234
2372.842773	17530.042969
2369.734375	17280.660156
2366.624023	16866.734375
2363.511719	16801.853516
2360.398438	16709.726563
2357.284180	16522.966797
2354.167969	16344.399414
2351.049805	16204.482422
2347.930664	15881.143555
2344.810547	15602.164063
2341.688477	15690.188477
2338.564453	15351.516602
2335.439453	15361.163086
2332.313477	14998.960938
2329.185547	14887.262695
2326.056641	14628.666016
2322.925781	14446.964844
2319.792969	14186.410156
2316.660156	13975.556641
2313.524414	13870.152344
2310.387695	13603.043945
2307.250000	13530.566406
2304.110352	13348.263672
2300.969727	13251.290039
2297.827148	13085.985352
2294.682617	13031.359375
2291.537109	12692.241211
2288.390625	12661.674805
2285.242188	12362.740234
2282.092773	12271.234375
2278.941406	12038.598633
2275.788086	11994.898438
2272.633789	11881.488281
2269.478516	11745.206055
2266.321289	11541.742188
2263.162109	11438.980469
2260.001953	11260.366211
2256.840820	11079.543945
2253.676758	11000.050781
2250.512695	10787.123047
2247.346680	10688.884766
2244.178711	10605.729492
2241.009766	10440.607422
2237.838867	10204.671875
2234.666992	10185.688477
2231.493164	9913.851563
2228.318359	9832.811523
2225.141602	9703.837891
2221.963867	9546.663086
2218.784180	9352.677734
2215.602539	9315.265625
2212.419922	9167.911133
2209.236328	8999.493164
2206.050781	8939.531250
2202.863281	8860.012695
2199.674805	8692.752930
2196.485352	8542.104492
2193.292969	8480.108398
2190.100586	8403.292969
2186.905273	8309.330078
2183.709961	8094.211426
2180.511719	8064.587402
2177.312500	7887.291992
2174.112305	7850.758301
2170.910156	7687.778809
2167.706055	7471.106445
2164.500977	7410.633301
2161.294922	7392.313477
2158.085938	7239.978516
2154.876953	7215.520508
2151.665039	7064.186523
2148.452148	7007.926270
2145.238281	6887.939453
2142.022461	6846.581543
2138.804688	6727.557129
2135.585938	6593.886230
2132.365234	6475.089844
2129.143555	6461.929688
2125.919922	6362.692383
2122.695313	6275.950195
2119.468750	6259.796875
2116.240234	6078.697754
2113.010742	5959.695313
2109.780273	5926.687012
2106.546875	5814.825684
2103.312500	5736.307129
2100.077148	5717.352539
2096.839844	5576.398438
2093.600586	5508.905273
2090.360352	5426.815918
2087.119141	5333.234863
2083.875000	5258.240234
2080.629883	5258.814941
2077.383789	5113.079590
2074.135742	5021.358398
2070.885742	4906.643066
2067.634766	4890.460449
2064.381836	4860.456543
2061.127930	4782.851074
2057.871094	4726.817383
2054.614258	4602.530273
2051.355469	4594.193359
2048.094727	4435.582031
2044.832031	4497.068848
2041.568359	4446.658691
2038.303711	4337.341309
2035.037109	4228.126465
2031.768555	4200.859863
2028.498047	4113.983398
2025.226563	4097.492676
2021.954102	3967.208984
2018.678711	3915.683105
2015.403320	3896.254150
2012.125000	3837.944336
2008.845703	3714.127441
2005.564453	3716.916260
2002.282227	3677.812256
1998.998047	3584.696045
1995.712891	3550.255615
1992.424805	3477.821289
1989.136719	3448.023438
1985.845703	3330.118408
1982.553711	3292.823730
1979.260742	3301.865479
1975.964844	3222.889893
1972.667969	3184.938232
1969.370117	3140.958496
1966.070313	3094.747070
1962.768555	3090.226074
1959.465820	2963.854248
1956.161133	2907.957031
1952.854492	2905.797607
1949.546875	2859.804932
1946.237305	2807.057129
1942.925781	2790.600586
1939.613281	2690.390625
1936.298828	2725.296875
1932.982422	2677.989014
1929.665039	2617.161377
1926.346680	2569.949463
1923.025391	2502.455322
1919.703125	2517.045898
1916.378906	2501.536865
1913.053711	2455.971680
1909.726563	2387.907959
1906.397461	2330.423828
1903.067383	2355.566650
1899.735352	2337.167236
1896.401367	2232.542969
1893.066406	2226.961670
1889.729492	2178.680664
1886.390625	2113.222412
1883.050781	2109.201660
1879.708984	2093.962402
1876.365234	2086.962402
1873.020508	2054.557129
1869.673828	1982.590698
1866.326172	1968.186035
1862.975586	1920.211304
1859.624023	1934.194702
1856.271484	1892.246338
1852.916016	1883.872070
1849.559570	1827.090820
1846.202148	1813.543701
1842.841797	1765.035645
1839.480469	1740.374390
1836.118164	1720.940063
1832.752930	1651.741577
1829.386719	1653.905273
1826.018555	1599.651611
1822.649414	1595.901855
1819.278320	1584.739502
1815.905273	1580.999512
1812.531250	1528.366577
1809.154297	1497.999023
1805.777344	1492.824829
1802.397461	1458.804321
1799.016602	1409.289429
1795.633789	1400.469238
1792.249023	1401.998413
1788.863281	1368.086792
1785.475586	1325.352539
1782.085938	1313.638184
1778.694336	1310.044312
1775.301758	1296.874146
1771.907227	1260.885010
1768.510742	1243.333984
1765.113281	1211.820190
1761.713867	1206.811523
1758.312500	1178.285767
1754.910156	1185.787354
1751.505859	1150.690063
1748.099609	1135.443970
1744.691406	1107.741089
1741.282227	1067.599976
1737.871094	1065.607788
1734.458008	1059.221924
1731.042969	1044.056152
1727.626953	1050.858643
1724.208984	1013.036621
1720.790039	1006.687561
1717.368164	948.463867
1713.945313	993.276672
1710.520508	943.876221
1707.093750	947.057373
1703.666016	922.522888
1700.236328	919.150513
1696.804688	880.810974
1693.371094	850.519043
1689.936523	887.216492
1686.500000	840.946472
1683.061523	828.895752
1679.622070	856.827393
1676.179688	770.689209
1672.736328	797.169312
1669.291016	795.322021
1665.844727	749.958313
1662.396484	747.410706
1658.945313	724.577148
1655.494141	704.662903
1652.040039	707.931519
1648.584961	699.620605
1645.126953	689.871460
1641.668945	670.735596
1638.208008	653.063354
1634.745117	644.073120
1631.281250	655.299011
1627.815430	626.118652
1624.347656	594.083252
1620.878906	584.418640
1617.408203	576.924194
1613.935547	579.515442
1610.460938	594.335999
1606.984375	564.552612
1603.506836	539.111633
1600.027344	585.541504
1596.545898	536.417786
1593.062500	516.052551
1589.577148	503.598572
1586.090820	511.233368
1582.602539	510.977020
1579.112305	474.905792
1575.620117	464.644348
1572.126953	469.420166
1568.630859	473.475739
1565.133789	481.101349
1561.634766	435.131470
1558.133789	441.339996
1554.631836	426.128571
1551.127930	438.755798
1547.621094	412.864594
1544.114258	405.529633
1540.604492	396.064850
1537.092773	384.473450
1533.580078	389.972656
1530.065430	379.818207
1526.548828	395.266602
1523.030273	364.513367
1519.509766	363.619110
1515.988281	363.435425
1512.463867	358.994904
1508.938477	337.539917
1505.411133	328.155334
1501.882813	357.033722
1498.351563	329.947418
1494.818359	329.780365
1491.284180	320.418091
1487.748047	318.134827
1484.209961	293.948883
1480.669922	299.449799
1477.128906	315.533356
1473.584961	297.734894
1470.040039	287.006073
1466.493164	276.992859
1462.944336	264.171844
1459.393555	247.139145
1455.840820	261.088287
1452.287109	253.218216
1448.730469	258.713531
1445.172852	243.123093
1441.613281	238.785385
1438.051758	243.577362
1434.488281	237.840408
1430.922852	227.901794
1427.356445	213.067047
1423.787109	229.770782
1420.216797	219.151001
1416.644531	225.337280
1413.070313	207.735916
1409.494141	206.231522
1405.916016	201.234894
1402.336914	193.449783
1398.754883	200.330917
1395.171875	179.298523
1391.585938	189.666183
1387.999023	179.114792
1384.410156	185.292221
1380.819336	171.272552
1377.226563	173.968140
1373.632813	182.224991
1370.036133	168.923386
1366.438477	154.940552
1362.837891	172.221985
1359.236328	158.251678
1355.632813	164.413803
1352.027344	167.102661
1348.419922	150.384232
1344.810547	146.150803
1341.199219	142.613968
1337.585938	137.696823
1333.970703	140.392136
1330.354492	139.628433
1326.735352	126.429756
1323.115234	125.673935
1319.493164	128.369629
1315.869141	124.164436
1312.242188	122.721321
1308.614258	116.456017
1304.984375	123.283051
1301.353516	99.126060
1297.719727	117.651207
1294.083984	113.464249
1290.446289	114.092712
1286.807617	105.103180
1283.166016	98.182701
1279.523438	97.445480
1275.877930	92.593704
1272.231445	102.142899
1268.582031	100.034286
1264.931641	95.873390
1261.279297	93.770134
1257.625000	95.089508
1253.968750	84.783859
1250.310547	88.839981
1246.650391	88.110641
1242.988281	81.920631
1239.324219	75.737045
1235.658203	87.972771
1231.990234	83.155602
1228.320313	76.299675
1224.648438	77.621574
1220.975586	76.219902
1217.299805	67.337700
1213.622070	69.341919
1209.943359	67.946671
1206.261719	69.269287
1202.578125	70.590485
1198.893555	67.161469
1195.206055	71.872536
1191.517578	71.157120
1187.826172	58.927792
1184.133789	73.790283
1180.438477	55.482777
1176.742188	56.129864
1173.042969	60.155777
1169.342773	63.501869
1165.639648	62.793232
1161.935547	53.987225
1158.228516	49.237377
1154.520508	53.930313
1150.809570	53.901859
1147.097656	48.486069
1143.382813	50.479649
1139.666992	45.744034
1135.948242	47.064556
1132.227539	47.711662
1128.505859	49.701336
1124.781250	40.277050
1121.055664	49.648720
1117.327148	42.246109
1113.596680	44.234367
1109.865234	38.852013
1106.130859	44.856960
1102.394531	43.494843
1098.657227	37.452579
1094.916992	36.095798
1091.174805	41.421291
1087.430664	36.057423
1083.684570	31.366611
1079.936523	35.352028
1076.186523	34.666534
1072.434570	31.982828
1068.680664	31.299822
1064.924805	33.279922
1061.166992	31.931677
1057.406250	31.914627
1053.644531	37.213844
1049.880859	28.559643
1046.114258	24.561438
1042.346680	37.154182
1038.576172	25.861383
1034.803711	27.173050
1031.030273	21.196873
1027.253906	25.157795
1023.475586	25.805996
1019.695313	24.469475
1015.913086	28.422234
1012.128906	25.103832
1008.342773	23.769800
1004.553711	19.137600
