4046.277344	220.115463
4043.892578	216.970963
4041.505859	218.980942
4039.119141	226.225998
4036.731445	215.667450
4034.342773	228.140549
4031.952148	222.819962
4029.561523	240.508698
4027.169922	233.096741
4024.777344	238.228928
4022.383789	230.823578
4019.989258	240.128616
4017.593750	240.033615
4015.197266	243.068237
4012.799805	247.143173
4010.401367	248.087662
4008.001953	259.451050
4005.601563	248.932602
4003.201172	249.875031
4000.798828	266.427643
3998.395508	254.878387
3995.991211	241.258408
3993.585938	287.939819
3991.180664	250.418503
3988.773438	272.131012
3986.365234	272.022797
3983.957031	269.838928
3981.546875	278.031006
3979.135742	271.698242
3976.724609	284.029297
3974.311523	271.481873
3971.898438	273.445282
3969.483398	267.124084
3967.068359	285.646698
3964.651367	291.739990
3962.234375	296.794220
3959.815430	319.417450
3957.396484	292.424072
3954.975586	302.636139
3952.554688	311.807495
3950.131836	344.708832
3947.708984	330.127899
3945.284180	313.496063
3942.859375	314.401428
3940.432617	330.762177
3938.005859	333.719696
3935.577148	334.615601
3933.148438	346.831604
3930.718750	366.239044
3928.287109	359.922089
3925.855469	350.526276
3923.421875	349.358093
3920.988281	341.000977
3918.552734	351.131012
3916.117188	388.962555
3913.680664	355.978302
3911.242188	371.217133
3908.803711	391.568848
3906.363281	373.992493
3903.922852	398.423401
3901.480469	396.215393
3899.038086	391.962250
3896.593750	409.195160
3894.149414	398.804535
3891.703125	403.754608
3889.256836	399.504791
3886.808594	414.663727
3884.360352	432.873108
3881.910156	422.493256
3879.459961	435.584015
3877.007813	459.880646
3874.555664	434.212891
3872.101563	426.905304
3869.646484	463.397095
3867.191406	472.372070
3864.734375	467.092834
3862.277344	456.731598
3859.818359	487.050934
3857.358398	473.640533
3854.897461	497.832275
3852.436523	486.459259
3849.973633	500.474304
3847.509766	524.625366
3845.044922	517.312195
3842.579102	518.116211
3840.113281	499.662628
3837.645508	511.617004
3835.176758	517.485352
3832.707031	570.925964
3830.236328	568.670166
3827.764648	551.244202
3825.291992	562.141541
3822.818359	598.295654
3820.343750	571.786377
3817.868164	576.602722
3815.390625	577.377319
3812.913086	597.321899
3810.434570	595.061340
3807.955078	600.867798
3805.473633	629.847778
3802.992188	646.715759
3800.509766	627.320129
3798.025391	633.103271
3795.541016	625.802002
3793.054688	646.666199
3790.568359	670.528992
3788.080078	637.093994
3785.591797	673.998901
3783.101563	687.780151
3780.610352	660.400330
3778.119141	694.240234
3775.625977	711.004150
3773.131836	709.710632
3770.636719	698.397949
3768.140625	748.191650
3765.643555	739.875549
3763.145508	732.566833
3760.646484	754.274475
3758.146484	770.964355
3755.645508	784.641663
3753.143555	765.336121
3750.639648	795.982300
3748.135742	816.620056
3745.630859	797.324402
3743.124023	801.984253
3740.617188	833.561279
3738.108398	848.168640
3735.599609	807.969299
3733.088867	850.458618
3730.577148	866.035706
3728.064453	870.654358
3725.551758	903.118469
3723.037109	864.966309
3720.521484	880.510803
3718.004883	909.949768
3715.487305	913.546570
3712.967773	914.162415
3710.448242	963.393616
3707.927734	958.037354
3705.406250	918.979309
3702.882813	969.137756
3700.359375	946.945862
3697.833984	1021.803772
3695.308594	977.834290
3692.781250	980.397949
3690.252930	1028.448364
3687.723633	1021.103577
3685.193359	1078.977539
3682.662109	1020.258728
3680.129883	1053.403076
3677.596680	1083.559204
3675.062500	1106.784912
3672.527344	1101.396240
3669.990234	1126.565918
3667.453125	1160.581299
3664.915039	1116.768677
3662.375000	1178.322388
3659.833984	1147.329834
3657.292969	1163.574463
3654.750000	1219.132202
3652.206055	1211.746582
3649.661133	1209.278442
3647.115234	1215.649658
3644.568359	1276.981323
3642.019531	1248.978760
3639.470703	1243.555664
3636.920898	1256.762817
3634.369141	1297.395874
3631.817383	1299.794434
3629.263672	1305.127808
3626.708984	1348.625000
3624.153320	1326.541138
3621.596680	1335.766968
3619.039063	1329.345459
3616.480469	1369.827393
3613.920898	1390.742310
3611.360352	1417.496826
3608.797852	1444.228516
3606.235352	1432.896118
3603.670898	1498.598877
3601.105469	1501.871460
3598.540039	1458.379272
3595.972656	1581.441650
3593.404297	1565.206543
3590.834961	1594.714478
3588.264648	1571.678345
3585.692383	1598.241577
3583.120117	1583.968262
3580.545898	1641.586426
3577.971680	1621.480225
3575.395508	1706.208618
3572.818359	1712.284912
3570.240234	1761.023438
3567.661133	1754.469482
3565.081055	1710.132813
3562.500000	1769.463135
3559.917969	1839.392334
3557.333984	1878.296021
3554.750000	1866.867554
3552.164063	1827.408569
3549.577148	1881.730347
3546.989258	1935.039917
3544.400391	1908.153931
3541.810547	1944.997192
3539.219727	1978.914307
3536.626953	1969.402222
3534.034180	2015.811890
3531.439453	2045.800171
3528.844727	2087.321533
3526.248047	2078.740234
3523.650391	2156.783447
3521.051758	2144.331055
3518.451172	2182.853516
3515.850586	2233.838867
3513.249023	2184.857422
3510.645508	2242.520264
3508.041016	2261.734375
3505.436523	2360.577148
3502.830078	2293.397705
3500.222656	2331.739502
3497.613281	2407.424805
3495.003906	2358.510010
3492.393555	2524.129150
3489.781250	2487.647949
3487.167969	2546.872070
3484.553711	2583.093018
3481.938477	2630.753906
3479.322266	2700.351074
3476.705078	2724.997559
3474.086914	2726.708496
3471.466797	2778.042480
3468.845703	2832.193848
3466.224609	2876.763184
3463.601563	2851.716797
3460.977539	2927.677979
3458.351563	2923.580322
3455.725586	3012.771729
3453.098633	3001.979248
3450.469727	3051.114258
3447.839844	3107.812012
3445.208984	3198.671143
3442.577148	3181.165527
3439.944336	3189.309570
3437.310547	3171.820801
3434.674805	3335.543213
3432.039063	3360.677490
3429.401367	3392.424561
3426.762695	3378.665527
3424.123047	3438.787842
3421.481445	3489.391602
3418.839844	3541.843994
3416.197266	3600.871338
3413.552734	3599.338867
3410.907227	3656.399414
3408.260742	3788.037598
3405.613281	3780.758545
3402.963867	3832.002930
3400.314453	3833.200195
3397.663086	3868.344727
3395.011719	3923.253418
3392.358398	4012.976807
3389.704102	4051.763672
3387.047852	4034.030518
3384.391602	4105.708984
3381.733398	4194.256348
3379.075195	4222.552246
3376.415039	4270.559570
3373.753906	4288.462891
3371.090820	4392.739258
3368.427734	4471.583008
3365.762695	4590.701172
3363.097656	4530.593262
3360.430664	4625.208984
3357.762695	4686.946777
3355.092773	4683.067871
3352.422852	4827.112305
3349.750977	4836.274902
3347.079102	4923.067383
3344.405273	5012.589355
3341.729492	4970.253418
3339.053711	5030.714844
3336.376953	5155.556152
3333.698242	5186.014648
3331.018555	5246.301270
3328.337891	5319.591797
3325.656250	5392.817871
3322.973633	5472.501953
3320.289063	5518.585449
3317.604492	5545.076660
3314.917969	5674.840820
3312.230469	5708.680664
3309.541016	5853.136719
3306.851563	5877.573242
3304.160156	5954.011719
3301.467773	6067.526855
3298.774414	6060.275879
3296.080078	6230.240723
3293.384766	6280.421387
3290.687500	6293.477051
3287.990234	6374.162109
3285.291016	6401.981445
3282.589844	6653.822266
3279.888672	6673.165039
3277.186523	6755.390137
3274.482422	6767.271484
3271.777344	6870.638184
3269.071289	6884.303711
3266.364258	7130.657227
3263.655273	7137.733398
3260.945313	7302.569824
3258.234375	7352.906250
3255.522461	7445.600586
3252.809570	7500.434570
3250.095703	7666.663574
3247.379883	7777.509277
3244.663086	7814.637695
3241.945313	7876.567383
3239.226563	7867.644043
3236.505859	8138.115234
3233.784180	8122.651855
3231.061523	8197.187500
3228.337891	8345.083984
3225.613281	8552.484375
3222.886719	8634.066406
3220.160156	8718.325195
3217.431641	8866.647461
3214.702148	8921.419922
3211.970703	8901.989258
3209.239258	9013.427734
3206.505859	9205.258789
3203.771484	9320.121094
3201.035156	9414.776367
3198.298828	9602.521484
3195.560547	9706.096680
3192.821289	9745.691406
3190.081055	9765.177734
3187.339844	9990.733398
3184.596680	10115.825195
3181.853516	10264.494141
3179.108398	10372.959961
3176.361328	10543.229492
3173.614258	10440.373047
3170.865234	10586.810547
3168.115234	10664.934570
3165.364258	10782.970703
3162.612305	10851.851563
3159.858398	10919.761719
3157.104492	11052.043945
3154.347656	11174.229492
3151.590820	11324.415039
3148.833008	11395.613281
3146.073242	11499.360352
3143.312500	11717.115234
3140.550781	11772.651367
3137.787109	11952.089844
3135.023438	12041.833984
3132.257813	12247.207031
3129.491211	12270.775391
3126.722656	12576.117188
3123.954102	12676.251953
3121.183594	12821.416992
3118.412109	12799.578125
3115.638672	13065.371094
3112.865234	13164.201172
3110.089844	13188.172852
3107.313477	13390.405273
3104.536133	13512.353516
3101.756836	13676.474609
3098.976563	13702.861328
3096.195313	13983.599609
3093.413086	14161.663086
3090.628906	14305.438477
3087.844727	14359.316406
3085.058594	14530.687500
3082.270508	14894.736328
3079.482422	15002.062500
3076.692383	15166.640625
3073.901367	15287.179688
3071.109375	15537.431641
3068.315430	15660.377930
3065.520508	15793.947266
3062.724609	15910.405273
3059.927734	16191.207031
3057.128906	16377.955078
3054.329102	16376.117188
3051.528320	16506.378906
3048.726563	16847.074219
3045.922852	16921.712891
3043.118164	17154.058594
3040.312500	17379.957031
3037.505859	17316.203125
3034.697266	17502.650391
3031.887695	17823.294922
3029.077148	17827.900391
3026.264648	18079.652344
3023.452148	18013.039063
3020.637695	18306.224609
3017.821289	18579.613281
3015.004883	18771.109375
3012.186523	18855.089844
3009.367188	19138.500000
3006.545898	19297.572266
3003.724609	19405.113281
3000.901367	19693.203125
2998.077148	19761.517578
2995.250977	19915.587891
2992.423828	20028.833984
2989.595703	20212.691406
2986.766602	20571.330078
2983.935547	20541.042969
2981.104492	20712.054688
2978.270508	20827.316406
2975.436523	21073.009766
2972.600586	21353.742188
2969.763672	21377.783203
2966.925781	21517.187500
2964.085938	21620.361328
2961.245117	21817.605469
2958.403320	22183.564453
2955.560547	22186.050781
2952.715820	22294.873047
2949.870117	22568.751953
2947.023438	22895.066406
2944.174805	23047.296875
2941.325195	22966.890625
2938.474609	23133.847656
2935.622070	23338.343750
2932.768555	23362.158203
2929.914063	23961.333984
2927.058594	23937.566406
2924.201172	24031.062500
2921.342773	24293.269531
2918.483398	24376.894531
2915.622070	24707.734375
2912.759766	24821.656250
2909.896484	25094.367188
2907.032227	25346.757813
2904.166016	25550.939453
2901.298828	25564.857422
2898.429688	25898.599609
2895.559570	26103.984375
2892.688477	26170.730469
2889.816406	26505.474609
2886.942383	26644.173828
2884.067383	26808.828125
2881.191406	27115.873047
2878.314453	27279.285156
2875.435547	27525.910156
2872.554688	27791.404297
2869.673828	28172.048828
2866.791016	28415.318359
2863.907227	28477.191406
2861.021484	28647.308594
2858.134766	28961.900391
2855.247070	29067.570313
2852.358398	29277.839844
2849.467773	29686.845703
2846.576172	29975.306641
2843.682617	29808.955078
2840.789063	29991.705078
2837.893555	30279.615234
2834.996094	30609.546875
2832.097656	30712.306641
2829.198242	30905.498047
2826.297852	31068.343750
2823.395508	31223.281250
2820.492188	31188.636719
2817.587891	31395.863281
2814.681641	31311.255859
2811.774414	31808.011719
2808.866211	31706.085938
2805.956055	31944.460938
2803.044922	32275.355469
2800.131836	32362.169922
2797.218750	32612.769531
2794.303711	32427.474609
2791.386719	32560.361328
2788.468750	32841.351563
2785.549805	32859.152344
2782.629883	33278.414063
2779.708008	32946.011719
2776.785156	33509.386719
2773.860352	33388.316406
2770.935547	33785.187500
2768.007813	33799.039063
2765.080078	33759.078125
2762.150391	33744.746094
2759.219727	33987.164063
2756.287109	34095.496094
2753.353516	34154.289063
2750.418945	34549.496094
2747.482422	34486.253906
2744.544922	34498.804688
2741.606445	34610.011719
2738.666016	34571.453125
2735.724609	34661.257813
2732.782227	34648.179688
2729.837891	35313.570313
2726.892578	34943.703125
2723.945313	35242.687500
2720.997070	35049.546875
2718.047852	35268.515625
2715.097656	35191.589844
2712.145508	35515.281250
2709.191406	35479.769531
2706.237305	35423.125000
2703.281250	35739.476563
2700.323242	35519.597656
2697.364258	35761.242188
2694.404297	35938.468750
2691.443359	35675.710938
2688.480469	35779.386719
2685.515625	35969.828125
2682.550781	35775.664063
2679.583984	36050.175781
2676.615234	35748.320313
2673.646484	35809.578125
2670.674805	35695.734375
2667.703125	35710.675781
2664.729492	35846.660156
2661.754883	35703.507813
2658.778320	35982.984375
2655.800781	35409.167969
2652.821289	35477.019531
2649.840820	35517.117188
2646.859375	35583.160156
2643.876953	35412.792969
2640.892578	35427.699219
2637.906250	35574.042969
2634.918945	35608.925781
2631.930664	35230.511719
2628.941406	35240.414063
2625.950195	35099.019531
2622.957031	35154.894531
2619.963867	34999.449219
2616.967773	34940.117188
2613.971680	34742.339844
2610.973633	34566.410156
2607.974609	34205.593750
2604.973633	34103.363281
2601.971680	33933.765625
2598.967773	33846.714844
2595.962891	33804.656250
2592.957031	33495.683594
2589.949219	33431.359375
2586.940430	33010.648438
2583.929688	33253.863281
2580.917969	32645.994141
2577.905273	32730.654297
2574.890625	32679.214844
2571.875000	32467.822266
2568.857422	32434.757813
2565.838867	32253.464844
2562.819336	32105.439453
2559.797852	31510.720703
2556.775391	31358.187500
2553.750977	31209.917969
2550.725586	30980.794922
2547.698242	30741.960938
2544.669922	30464.535156
2541.640625	30349.912109
2538.609375	30127.335938
2535.577148	29761.503906
2532.542969	29931.625000
2529.507813	29475.597656
2526.471680	29057.025391
2523.433594	29047.812500
2520.393555	28886.431641
2517.353516	28508.138672
2514.310547	28675.023438
2511.267578	28210.089844
2508.222656	27996.804688
2505.175781	28097.193359
2502.127930	27478.107422
2499.079102	27216.232422
2496.028320	27061.125000
2492.976563	26683.347656
2489.922852	26561.361328
2486.868164	26298.716797
2483.812500	26045.304688
2480.754883	25772.492188
2477.695313	25526.074219
2474.634766	25386.070313
2471.573242	25140.857422
2468.509766	24725.292969
2465.445313	24602.955078
2462.378906	24474.199219
2459.311523	24330.070313
2456.242188	23952.269531
2453.171875	23921.677734
2450.100586	23463.011719
2447.027344	23158.509766
2443.953125	23079.515625
2440.876953	22640.542969
2437.799805	22556.158203
2434.720703	22311.070313
2431.640625	22019.939453
2428.558594	21922.957031
2425.475586	21627.396484
2422.390625	21371.003906
2419.304688	21190.181641
2416.217773	20938.261719
2413.128906	20756.984375
2410.038086	20390.609375
2406.946289	20325.371094
2403.853516	19895.669922
2400.758789	19719.220703
2397.663086	19556.658203
2394.565430	19156.945313
2391.466797	19150.482422
2388.366211	18813.406250
2385.264648	18566.908203
2382.161133	18358.496094
2379.056641	18121.283203
2375.950195	17972.820313
2372.842773	17724.730469
2369.734375	17596.681641
2366.624023	17389.976563
2363.511719	17137.666016
2360.398438	16883.173828
2357.284180	16793.453125
2354.167969	16634.013672
2351.049805	16425.802734
2347.930664	16216.175781
2344.810547	15804.851563
2341.688477	15775.069336
2338.564453	15542.009766
2335.439453	15305.961914
2332.313477	15175.682617
2329.185547	15079.087891
2326.056641	14972.992188
2322.925781	14758.390625
2319.792969	14488.911133
2316.660156	14298.658203
2313.524414	14135.690430
2310.387695	14001.562500
2307.250000	13902.609375
2304.110352	13640.502930
2300.969727	13332.473633
2297.827148	13389.088867
2294.682617	13216.635742
2291.537109	12970.422852
2288.390625	12800.700195
2285.242188	12647.808594
2282.092773	12512.515625
2278.941406	12193.295898
2275.788086	12262.121094
2272.633789	12030.492188
2269.478516	11960.685547
2266.321289	11679.520508
2263.162109	11661.380859
2260.001953	11399.597656
2256.840820	11286.711914
2253.676758	11041.149414
2250.512695	10901.669922
2247.346680	10769.423828
2244.178711	10827.504883
2241.009766	10528.170898
2237.838867	10304.022461
2234.666992	10285.780273
2231.493164	10049.344727
2228.318359	9980.051758
2225.141602	9891.146484
2221.963867	9634.766602
2218.784180	9535.091797
2215.602539	9477.946289
2212.419922	9336.014648
2209.236328	9150.244141
2206.050781	9019.580078
2202.863281	8901.586914
2199.674805	8724.114258
2196.485352	8711.378906
2193.292969	8607.004883
2190.100586	8477.671875
2186.905273	8424.367188
2183.709961	8205.284180
2180.511719	8163.098145
2177.312500	7998.259766
2174.112305	7953.081055
2170.910156	7837.677734
2167.706055	7624.835938
2164.500977	7584.569824
2161.294922	7530.305664
2158.085938	7380.242676
2154.876953	7314.437988
2151.665039	7162.278809
2148.452148	7066.286621
2145.238281	7013.938477
2142.022461	6840.362305
2138.804688	6829.348633
2135.585938	6729.025879
2132.365234	6596.191895
2129.143555	6569.007324
2125.919922	6474.373047
2122.695313	6327.887695
2119.468750	6275.293457
2116.240234	6182.474609
2113.010742	6075.808594
2109.780273	6015.664551
2106.546875	5860.453613
2103.312500	5812.059570
2100.077148	5713.489258
2096.839844	5655.939941
2093.600586	5583.005859
2090.360352	5527.112305
2087.119141	5405.722656
2083.875000	5346.108887
2080.629883	5272.682617
2077.383789	5313.290527
2074.135742	5104.482910
2070.885742	5027.424316
2067.634766	4991.191406
2064.381836	4930.396973
2061.127930	4878.108887
2057.871094	4797.458496
2054.614258	4760.629883
2051.355469	4618.740723
2048.094727	4595.830078
2044.832031	4533.088379
2041.568359	4406.826660
2038.303711	4393.232910
2035.037109	4299.296875
2031.768555	4218.452637
2028.498047	4229.428711
2025.226563	4118.125488
2021.954102	4071.850342
2018.678711	3977.521729
2015.403320	3921.435547
2012.125000	3891.333740
2008.845703	3785.025391
2005.564453	3720.726074
2002.282227	3721.985596
1998.998047	3669.955322
1995.712891	3580.690674
1992.424805	3562.998779
1989.136719	3435.101074
1985.845703	3407.616211
1982.553711	3323.200195
1979.260742	3343.613037
1975.964844	3210.750977
1972.667969	3211.479492
1969.370117	3142.474365
1966.070313	3149.293213
1962.768555	3087.954346
1959.465820	3021.375488
1956.161133	3007.057617
1952.854492	2926.969238
1949.546875	2898.348877
1946.237305	2872.021240
1942.925781	2817.781738
1939.613281	2732.652100
1936.298828	2707.947998
1932.982422	2665.926025
1929.665039	2687.997314
1926.346680	2566.936768
1923.025391	2517.512207
1919.703125	2530.590576
1916.378906	2509.057861
1913.053711	2461.985596
1909.726563	2448.770264
1906.397461	2383.746338
1903.067383	2353.314697
1899.735352	2308.656250
1896.401367	2293.287109
1893.066406	2269.687012
1889.729492	2200.407471
1886.390625	2197.841064
1883.050781	2169.079590
1879.708984	2110.420898
1876.365234	2107.899170
1873.020508	2073.241699
1869.673828	2013.218506
1866.326172	1988.345703
1862.975586	1964.242676
1859.624023	1941.654053
1856.271484	1890.009644
1852.916016	1871.948853
1849.559570	1817.407837
1846.202148	1844.067139
1842.841797	1783.638550
1839.480469	1765.661865
1836.118164	1692.691406
1832.752930	1687.406616
1829.386719	1697.722290
1826.018555	1628.601196
1822.649414	1630.772827
1819.278320	1586.964233
1815.905273	1574.328613
1812.531250	1512.808716
1809.154297	1513.549194
1805.777344	1458.779175
1802.397461	1486.175415
1799.016602	1455.131958
1795.633789	1424.118286
1792.249023	1401.998413
1788.863281	1371.778442
1785.475586	1329.042236
1782.085938	1366.006714
1778.694336	1285.715942
1775.301758	1254.136230
1771.907227	1254.992920
1768.510742	1247.014771
1765.113281	1235.364868
1761.713867	1197.986572
1758.312500	1184.901245
1754.910156	1176.236450
1751.505859	1133.066284
1748.099609	1129.572266
1744.691406	1102.605957
1741.282227	1121.859863
1737.871094	1087.594238
1734.458008	1048.966675
1731.042969	1045.520508
1727.626953	1012.805298
1724.208984	1021.813782
1720.790039	970.864990
1717.368164	980.615173
1713.945313	982.321411
1710.520508	953.366028
1707.093750	927.357422
1703.666016	940.025269
1700.236328	916.963806
1696.804688	893.196228
1693.371094	892.025513
1689.936523	836.268860
1686.500000	866.407654
1683.061523	796.176147
1679.622070	837.205383
1676.179688	820.083069
1672.736328	778.292786
1669.291016	787.339783
1665.844727	754.310120
1662.396484	735.086792
1658.945313	743.416199
1655.494141	712.629272
1652.040039	699.245239
1648.584961	707.579102
1645.126953	678.301270
1641.668945	703.983276
1638.208008	666.066833
1634.745117	667.900940
1631.281250	646.638672
1627.815430	635.496033
1624.347656	645.993469
1620.878906	598.110291
1617.408203	594.210266
1613.935547	593.193481
1610.460938	572.030457
1606.984375	550.169128
1603.506836	574.333618
1600.027344	538.841858
1596.545898	555.088318
1593.062500	539.737854
1589.577148	516.511353
1586.090820	491.156860
1582.602539	515.993652
1579.112305	480.636169
1575.620117	479.679077
1572.126953	458.686462
1568.630859	479.912720
1565.133789	439.639435
1561.634766	445.848999
1558.133789	454.194550
1554.631836	413.280457
1551.127930	424.487305
1547.621094	431.404297
1544.114258	411.944000
1540.604492	400.338928
1537.092773	414.376953
1533.580078	386.414520
1530.065430	379.818207
1526.548828	393.844788
1523.030273	382.277161
1519.509766	358.647766
1515.988281	354.917419
1512.463867	339.839050
1508.938477	355.976959
1505.411133	343.039276
1501.882813	334.364929
1498.351563	336.319794
1494.818359	324.118896
1491.284180	311.930206
1487.748047	320.255707
1484.209961	301.721558
1480.669922	293.093536
1477.128906	297.180176
1473.584961	284.329742
1470.040039	286.300903
1466.493164	270.649506
1462.944336	265.580750
1459.393555	253.476044
1455.840820	266.014465
1452.287109	258.141907
1448.730469	248.871170
1445.172852	243.825760
1441.613281	255.640823
1438.051758	243.577362
1434.488281	249.767517
1430.922852	221.590668
1427.356445	213.767929
1423.787109	211.557251
1420.216797	195.345459
1416.644531	212.040985
1413.070313	209.834259
1409.494141	207.629700
1405.916016	194.247574
1402.336914	199.735168
1398.754883	194.048767
1395.171875	198.135330
1391.585938	185.482376
1387.999023	193.053680
1384.410156	176.236588
1380.819336	178.234863
1377.226563	180.230988
1373.632813	159.272995
1370.036133	162.666962
1366.438477	166.057373
1362.837891	150.694229
1359.236328	154.087158
1355.632813	144.295654
1352.027344	150.461731
1348.419922	140.682022
1344.810547	147.536118
1341.199219	140.537064
1337.585938	141.848480
1333.970703	132.784668
1330.354492	140.319672
1326.735352	131.265869
1323.115234	134.650635
1319.493164	122.158188
1315.869141	117.956215
1312.242188	117.205757
1308.614258	119.901466
1304.984375	109.508408
1301.353516	112.893570
1297.719727	99.074699
1294.083984	118.965546
1290.446289	113.405403
1286.807617	99.607590
1283.166016	102.988853
1279.523438	104.307838
1275.877930	109.054810
1272.231445	85.004829
1268.582031	103.460121
1264.931641	100.667061
1261.279297	96.507950
1257.625000	88.248535
1253.968750	84.783859
1250.310547	90.206757
1246.650391	79.914299
1242.988281	83.285973
1239.324219	83.924828
1235.658203	81.835136
1231.990234	79.065979
1228.320313	80.387161
1224.648438	74.217117
1220.975586	72.817230
1217.299805	69.378235
1213.622070	68.662094
1209.943359	60.472534
1206.261719	63.836403
1202.578125	63.802940
1198.893555	62.412682
1195.206055	63.736019
1191.517578	62.347191
1187.826172	62.314445
1184.133789	63.635658
1180.438477	48.716583
1176.742188	58.834915
1173.042969	52.720791
1169.342773	55.395248
1165.639648	55.366077
1161.935547	58.711109
1158.228516	49.911861
1154.520508	53.930313
1150.809570	51.206768
1147.097656	49.832901
1143.382813	52.498833
1139.666992	49.107563
1135.948242	53.788063
1132.227539	46.367668
1128.505859	55.074455
1124.781250	46.318607
1121.055664	44.952221
1117.327148	39.563816
1113.596680	44.234367
1109.865234	39.521873
1106.130859	37.492382
1102.394531	43.494843
1098.657227	43.471745
1094.916992	43.448647
1091.174805	40.085121
1087.430664	30.047852
1083.684570	38.040359
1079.936523	36.019051
1076.186523	36.666527
1072.434570	35.314373
1068.680664	33.963638
1064.924805	32.614323
1061.166992	30.601189
1057.406250	31.249739
1053.644531	31.897579
1049.880859	26.567110
1046.114258	29.208195
1042.346680	27.865635
1038.576172	31.829395
1034.803711	28.498566
1031.030273	33.782516
1027.253906	29.792126
1023.475586	27.129379
1019.695313	22.485464
1015.913086	31.727144
1012.128906	28.406969
1008.342773	24.430073
1004.553711	19.797518
