4046.277344	328.076874
4043.892578	330.173187
4041.505859	367.762268
4039.119141	377.043335
4036.731445	365.378357
4034.342773	385.117981
4031.952148	377.643219
4029.561523	403.636322
4027.169922	378.390228
4024.777344	413.766022
4022.383789	395.846771
4019.989258	400.910400
4017.593750	414.318878
4015.197266	392.247437
4012.799805	398.348907
4010.401367	407.572601
4008.001953	421.998688
4005.601563	416.623596
4003.201172	425.828705
4000.798828	422.537567
3998.395508	453.579498
3995.991211	430.521454
3993.585938	417.876556
3991.180664	420.827789
3988.773438	470.516571
3986.365234	490.056366
3983.957031	474.293823
3981.546875	439.869934
3979.135742	480.138489
3976.724609	476.837524
3974.311523	475.611389
3971.898438	483.708099
3969.483398	484.550659
3967.068359	502.986603
3964.651367	516.234985
3962.234375	523.267883
3959.815430	519.957825
3957.396484	524.916748
3954.975586	508.180847
3952.554688	535.854614
3950.131836	545.960999
3947.708984	545.742676
3945.284180	541.399414
3942.859375	558.706787
3940.432617	580.121826
3938.005859	593.279480
3935.577148	562.154236
3933.148438	606.183411
3930.718750	573.020081
3928.287109	590.272217
3925.855469	618.817627
3923.421875	622.679443
3920.988281	602.914368
3918.552734	630.393127
3916.117188	642.455322
3913.680664	637.067810
3911.242188	645.015381
3908.803711	658.081665
3906.363281	666.014038
3903.922852	684.182068
3901.480469	690.049561
3899.038086	706.146118
3896.593750	700.746704
3894.149414	698.419189
3891.703125	726.758301
3889.256836	736.682739
3886.808594	723.108215
3884.360352	726.900146
3881.910156	719.463135
3879.459961	758.956665
3877.007813	780.063660
3874.555664	776.690674
3872.101563	776.376709
3869.646484	784.210510
3867.191406	818.506775
3864.734375	833.440125
3862.277344	793.431274
3859.818359	824.631104
3857.358398	858.854614
3854.897461	868.666565
3852.436523	870.345703
3849.973633	906.538635
3847.509766	886.890808
3845.044922	897.688782
3842.579102	889.213135
3840.113281	936.487366
3837.645508	915.845093
3835.176758	931.676147
3832.707031	947.494141
3830.236328	947.109009
3827.764648	992.239563
3825.291992	988.802856
3822.818359	1012.655884
3820.343750	1015.274414
3817.868164	992.645264
3815.390625	1035.645264
3812.913086	1071.547119
3810.434570	1023.707275
3807.955078	1070.673828
3805.473633	1100.469971
3802.992188	1100.021118
3800.509766	1113.669434
3798.025391	1102.143188
3795.541016	1134.895020
3793.054688	1138.454346
3790.568359	1154.073975
3788.080078	1182.743896
3785.591797	1247.550903
3783.101563	1197.841919
3780.610352	1232.479736
3778.119141	1208.901001
3775.625977	1309.691772
3773.131836	1277.078247
3770.636719	1306.615356
3768.140625	1294.061035
3765.643555	1335.580444
3763.145508	1359.051636
3760.646484	1400.509644
3758.146484	1382.936035
3755.645508	1418.352173
3753.143555	1430.758911
3750.639648	1449.147217
3748.135742	1432.579102
3745.630859	1466.917236
3743.124023	1494.244263
3740.617188	1520.551392
3738.108398	1528.896240
3735.599609	1497.383301
3733.088867	1528.634644
3730.577148	1608.636475
3728.064453	1606.979248
3725.551758	1614.274536
3723.037109	1655.366577
3720.521484	1631.827026
3718.004883	1693.738403
3715.487305	1689.068115
3712.967773	1694.327026
3710.448242	1704.541992
3707.927734	1761.360596
3705.406250	1782.443237
3702.882813	1770.807007
3700.359375	1765.122925
3697.833984	1849.544067
3695.308594	1839.872314
3692.781250	1870.769531
3690.252930	1921.418335
3687.723633	1887.015259
3685.193359	1937.614380
3682.662109	1950.639893
3680.129883	2010.055054
3677.596680	2014.156982
3675.062500	1992.607422
3672.527344	2020.376709
3669.990234	2049.108154
3667.453125	2075.844482
3664.915039	2075.968506
3662.375000	2147.952637
3659.833984	2201.180908
3657.292969	2233.708984
3654.750000	2232.781494
3652.206055	2217.112793
3649.661133	2210.297852
3647.115234	2262.404541
3644.568359	2295.817871
3642.019531	2349.806885
3639.470703	2352.752441
3636.920898	2382.163330
3634.369141	2379.212402
3631.817383	2481.069336
3629.263672	2495.701904
3626.708984	2448.664551
3624.153320	2514.166992
3621.596680	2533.654785
3619.039063	2598.088379
3616.480469	2537.405029
3613.920898	2579.319092
3611.360352	2659.270996
3608.797852	2757.695801
3606.235352	2711.675537
3603.670898	2830.470215
3601.105469	2851.704102
3598.540039	2815.441650
3595.972656	2900.932861
3593.404297	2970.777588
3590.834961	2992.886963
3588.264648	3036.373779
3585.692383	2959.274658
3583.120117	3081.449707
3580.545898	3108.329346
3577.971680	3162.371826
3575.395508	3134.843018
3572.818359	3226.662598
3570.240234	3291.251953
3567.661133	3309.259033
3565.081055	3338.876953
3562.500000	3383.965088
3559.917969	3415.461182
3557.333984	3418.866455
3554.750000	3455.156006
3552.164063	3528.155518
3549.577148	3543.104004
3546.989258	3566.733643
3544.400391	3676.286621
3541.810547	3672.811035
3539.219727	3799.592529
3536.626953	3875.150879
3534.034180	3819.534668
3531.439453	3898.873047
3528.844727	3899.158936
3526.248047	3987.060303
3523.650391	4028.690674
3521.051758	4134.739746
3518.451172	4156.076172
3515.850586	4137.023438
3513.249023	4154.495605
3510.645508	4261.268555
3508.041016	4245.071777
3505.436523	4411.208496
3502.830078	4408.388184
3500.222656	4512.951660
3497.613281	4518.713379
3495.003906	4637.508789
3492.393555	4658.531250
3489.781250	4650.820313
3487.167969	4822.026855
3484.553711	4825.726563
3481.938477	4855.232422
3479.322266	4904.777832
3476.705078	5012.543457
3474.086914	5137.401367
3471.466797	5120.912109
3468.845703	5164.532227
3466.224609	5292.977539
3463.601563	5319.328613
3460.977539	5293.257324
3458.351563	5382.435547
3455.725586	5506.756836
3453.098633	5624.310547
3450.469727	5601.000977
3447.839844	5679.433594
3445.208984	5788.207520
3442.577148	5816.146973
3439.944336	5928.564941
3437.310547	5889.982422
3434.674805	6068.677246
3432.039063	6082.219238
3429.401367	6174.421387
3426.762695	6258.963379
3424.123047	6437.191406
3421.481445	6508.292969
3418.839844	6492.276367
3416.197266	6589.774414
3413.552734	6733.514648
3410.907227	6717.417480
3408.260742	6897.818359
3405.613281	6874.106445
3402.963867	6954.235840
3400.314453	7064.484863
3397.663086	7198.214355
3395.011719	7301.662598
3392.358398	7402.194336
3389.704102	7506.405762
3387.047852	7508.851074
3384.391602	7631.744141
3381.733398	7745.123535
3379.075195	7846.181152
3376.415039	7921.774902
3373.753906	7979.452637
3371.090820	8028.627930
3368.427734	8258.912109
3365.762695	8307.920898
3363.097656	8401.901367
3360.430664	8488.298828
3357.762695	8610.226563
3355.092773	8663.674805
3352.422852	8835.038086
3349.750977	8831.254883
3347.079102	8921.013672
3344.405273	9035.002930
3341.729492	9152.630859
3339.053711	9349.562500
3336.376953	9341.819336
3333.698242	9524.494141
3331.018555	9535.336914
3328.337891	9811.960938
3325.656250	9801.224609
3322.973633	10064.446289
3320.289063	10042.427734
3317.604492	10166.594727
3314.917969	10312.985352
3312.230469	10407.156250
3309.541016	10469.629883
3306.851563	10729.081055
3304.160156	10718.893555
3301.467773	10873.075195
3298.774414	10882.321289
3296.080078	11189.381836
3293.384766	11117.792969
3290.687500	11270.598633
3287.990234	11397.324219
3285.291016	11544.314453
3282.589844	11752.277344
3279.888672	11652.821289
3277.186523	11857.777344
3274.482422	11969.166992
3271.777344	11981.565430
3269.071289	12270.171875
3266.364258	12513.278320
3263.655273	12559.567383
3260.945313	12734.980469
3258.234375	12883.494141
3255.522461	13059.530273
3252.809570	13154.325195
3250.095703	13299.690430
3247.379883	13252.514648
3244.663086	13521.936523
3241.945313	13498.613281
3239.226563	13618.738281
3236.505859	13783.789063
3233.784180	14088.327148
3231.061523	14039.072266
3228.337891	14302.842773
3225.613281	14460.874023
3222.886719	14621.514648
3220.160156	14820.511719
3217.431641	14913.046875
3214.702148	14914.826172
3211.970703	15099.692383
3209.239258	15335.638672
3206.505859	15503.690430
3203.771484	15585.649414
3201.035156	15747.040039
3198.298828	16013.336914
3195.560547	16172.566406
3192.821289	16308.835938
3190.081055	16369.262695
3187.339844	16554.562500
3184.596680	16850.898438
3181.853516	16835.373047
3179.108398	16959.197266
3176.361328	17013.724609
3173.614258	17272.929688
3170.865234	17575.560547
3168.115234	17617.916016
3165.364258	17761.095703
3162.612305	17725.205078
3159.858398	18071.583984
3157.104492	18306.933594
3154.347656	18379.693359
3151.590820	18465.080078
3148.833008	18708.093750
3146.073242	18936.392578
3143.312500	18929.947266
3140.550781	19162.466797
3137.787109	19201.154297
3135.023438	19428.818359
3132.257813	19677.974609
3129.491211	19760.648438
3126.722656	20047.365234
3123.954102	20130.693359
3121.183594	20406.158203
3118.412109	20346.728516
3115.638672	20508.242188
3112.865234	20556.955078
3110.089844	20783.082031
3107.313477	20876.642578
3104.536133	21011.515625
3101.756836	21138.167969
3098.976563	21337.544922
3096.195313	21726.398438
3093.413086	21777.980469
3090.628906	21793.589844
3087.844727	22037.187500
3085.058594	22156.740234
3082.270508	22735.392578
3079.482422	22682.392578
3076.692383	23191.294922
3073.901367	23260.841797
3071.109375	23375.085938
3068.315430	23512.492188
3065.520508	23701.654297
3062.724609	23954.128906
3059.927734	24220.673828
3057.128906	24118.019531
3054.329102	24281.552734
3051.528320	24352.107422
3048.726563	24480.583984
3045.922852	24809.593750
3043.118164	24948.439453
3040.312500	25233.281250
3037.505859	25427.021484
3034.697266	25610.791016
3031.887695	25872.697266
3029.077148	25868.423828
3026.264648	26071.292969
3023.452148	26143.343750
3020.637695	26294.378906
3017.821289	26552.707031
3015.004883	26848.072266
3012.186523	26936.478516
3009.367188	27014.156250
3006.545898	27407.285156
3003.724609	27528.968750
3000.901367	27670.902344
2998.077148	27982.648438
2995.250977	28114.509766
2992.423828	28176.380859
2989.595703	28352.220703
2986.766602	28639.228516
2983.935547	28768.765625
2981.104492	29051.787109
2978.270508	29301.017578
2975.436523	29370.087891
2972.600586	29567.806641
2969.763672	29837.601563
2966.925781	29698.439453
2964.085938	30049.802734
2961.245117	30414.925781
2958.403320	30314.371094
2955.560547	30866.324219
2952.715820	30946.693359
2949.870117	31064.757813
2947.023438	31344.279297
2944.174805	31239.101563
2941.325195	31693.748047
2938.474609	31794.572266
2935.622070	32067.101563
2932.768555	31878.517578
2929.914063	32183.152344
2927.058594	32549.662109
2924.201172	32699.710938
2921.342773	32749.910156
2918.483398	32865.621094
2915.622070	33242.496094
2912.759766	33239.953125
2909.896484	33572.656250
2907.032227	33796.839844
2904.166016	33748.664063
2901.298828	33962.085938
2898.429688	34053.300781
2895.559570	34243.730469
2892.688477	34518.441406
2889.816406	34605.773438
2886.942383	34925.292969
2884.067383	34955.824219
2881.191406	35187.097656
2878.314453	35446.824219
2875.435547	35347.656250
2872.554688	35756.359375
2869.673828	35860.144531
2866.791016	36187.578125
2863.907227	36341.335938
2861.021484	36423.898438
2858.134766	36971.460938
2855.247070	36615.597656
2852.358398	37116.703125
2849.467773	37180.562500
2846.576172	37224.468750
2843.682617	37454.117188
2840.789063	37558.300781
2837.893555	37673.605469
2834.996094	37801.742188
2832.097656	37822.785156
2829.198242	38042.976563
2826.297852	38429.289063
2823.395508	38226.875000
2820.492188	38197.707031
2817.587891	38669.464844
2814.681641	38645.261719
2811.774414	38361.375000
2808.866211	38750.738281
2805.956055	38880.281250
2803.044922	39371.230469
2800.131836	39266.019531
2797.218750	39326.480469
2794.303711	39386.019531
2791.386719	39142.039063
2788.468750	39458.632813
2785.549805	39563.386719
2782.629883	39876.058594
2779.708008	39433.730469
2776.785156	39690.562500
2773.860352	39824.898438
2770.935547	39964.226563
2768.007813	40053.023438
2765.080078	40016.230469
2762.150391	39628.718750
2759.219727	40112.445313
2756.287109	39911.933594
2753.353516	40012.425781
2750.418945	40171.593750
2747.482422	40013.011719
2744.544922	40046.902344
2741.606445	40095.210938
2738.666016	40236.996094
2735.724609	39711.457031
2732.782227	40001.929688
2729.837891	40061.164063
2726.892578	40053.277344
2723.945313	39922.367188
2720.997070	39947.597656
2718.047852	40098.238281
2715.097656	40063.187500
2712.145508	39886.734375
2709.191406	39729.046875
2706.237305	39685.710938
2703.281250	39779.406250
2700.323242	39629.554688
2697.364258	39380.121094
2694.404297	39313.324219
2691.443359	39542.882813
2688.480469	39573.925781
2685.515625	39162.984375
2682.550781	39092.988281
2679.583984	39087.921875
2676.615234	39092.117188
2673.646484	39033.996094
2670.674805	38773.113281
2667.703125	38467.875000
2664.729492	38784.207031
2661.754883	38396.019531
2658.778320	38258.488281
2655.800781	38085.800781
2652.821289	37810.039063
2649.840820	37364.230469
2646.859375	37595.449219
2643.876953	37233.089844
2640.892578	37145.808594
2637.906250	37293.042969
2634.918945	37078.578125
2631.930664	36662.687500
2628.941406	36573.269531
2625.950195	36428.761719
2622.957031	36218.371094
2619.963867	36104.195313
2616.967773	35963.398438
2613.971680	35624.996094
2610.973633	35552.902344
2607.974609	35331.667969
2604.973633	34914.000000
2601.971680	34726.542969
2598.967773	34629.972656
2595.962891	34441.964844
2592.957031	34090.285156
2589.949219	33857.781250
2586.940430	33470.941406
2583.929688	33290.402344
2580.917969	33264.414063
2577.905273	32914.851563
2574.890625	32915.574219
2571.875000	32401.505859
2568.857422	32166.296875
2565.838867	32080.371094
2562.819336	31754.443359
2559.797852	31199.601563
2556.775391	31188.638672
2553.750977	30631.236328
2550.725586	30622.177734
2547.698242	30362.033203
2544.669922	29859.404297
2541.640625	29602.302734
2538.609375	29220.058594
2535.577148	29207.494141
2532.542969	28848.835938
2529.507813	28679.939453
2526.471680	28368.757813
2523.433594	28194.457031
2520.393555	27859.089844
2517.353516	27703.251953
2514.310547	27460.439453
2511.267578	27149.664063
2508.222656	26973.812500
2505.175781	26532.226563
2502.127930	26173.882813
2499.079102	26130.699219
2496.028320	25676.148438
2492.976563	25329.316406
2489.922852	25206.316406
2486.868164	25017.949219
2483.812500	24603.978516
2480.754883	24178.931641
2477.695313	24064.826172
2474.634766	23801.330078
2471.573242	23669.523438
2468.509766	23331.351563
2465.445313	23296.126953
2462.378906	22946.193359
2459.311523	22847.593750
2456.242188	22504.689453
2453.171875	22259.804688
2450.100586	21841.785156
2447.027344	21432.279297
2443.953125	21225.609375
2440.876953	21050.007813
2437.799805	20777.076172
2434.720703	20744.740234
2431.640625	20346.388672
2428.558594	20294.798828
2425.475586	19876.738281
2422.390625	19658.437500
2419.304688	19423.320313
2416.217773	19175.458984
2413.128906	18889.779297
2410.038086	18709.525391
2406.946289	18489.003906
2403.853516	18284.035156
2400.758789	17965.341797
2397.663086	17756.757813
2394.565430	17574.187500
2391.466797	17435.343750
2388.366211	17072.453125
2385.264648	17040.353516
2382.161133	16697.304688
2379.056641	16466.500000
2375.950195	16250.391602
2372.842773	16068.266602
2369.734375	15924.100586
2366.624023	15747.108398
2363.511719	15526.892578
2360.398438	15329.360352
2357.284180	15193.809570
2354.167969	14962.911133
2351.049805	14729.014648
2347.930664	14665.250977
2344.810547	14312.331055
2341.688477	14044.616211
2338.564453	14040.474609
2335.439453	13909.928711
2332.313477	13633.165039
2329.185547	13627.608398
2326.056641	13408.745117
2322.925781	13214.835938
2319.792969	13009.130859
2316.660156	12865.042969
2313.524414	12628.584961
2310.387695	12485.596680
2307.250000	12372.214844
2304.110352	12061.454102
2300.969727	12014.428711
2297.827148	12011.198242
2294.682617	11693.077148
2291.537109	11520.698242
2288.390625	11419.181641
2285.242188	11298.698242
2282.092773	10982.282227
2278.941406	10995.385742
2275.788086	10838.783203
2272.633789	10693.418945
2269.478516	10563.239258
2266.321289	10501.275391
2263.162109	10269.201172
2260.001953	10068.194336
2256.840820	9933.792969
2253.676758	9876.967773
2250.512695	9776.744141
2247.346680	9611.863281
2244.178711	9493.698242
2241.009766	9315.688477
2237.838867	9181.997070
2234.666992	9059.461914
2231.493164	8925.222656
2228.318359	8691.897461
2225.141602	8637.438477
2221.963867	8558.642578
2218.784180	8450.040039
2215.602539	8291.238281
2212.419922	8138.082520
2209.236328	8080.071777
2206.050781	7980.519531
2202.863281	7835.561523
2199.674805	7743.269043
2196.485352	7766.261719
2193.292969	7576.952637
2190.100586	7521.702637
2186.905273	7379.636230
2183.709961	7315.139648
2180.511719	7242.101074
2177.312500	7128.492676
2174.112305	6946.253418
2170.910156	6860.212402
2167.706055	6733.672363
2164.500977	6684.467773
2161.294922	6526.161133
2158.085938	6441.250977
2154.876953	6504.405762
2151.665039	6289.570801
2148.452148	6295.150391
2145.238281	6141.279297
2142.022461	6115.823730
2138.804688	6025.118652
2135.585938	5908.867676
2132.365234	5881.222656
2129.143555	5814.029297
2125.919922	5671.668457
2122.695313	5546.495117
2119.468750	5478.774902
2116.240234	5405.696289
2113.010742	5310.236328
2109.780273	5262.835938
2106.546875	5131.183594
2103.312500	5067.676758
2100.077148	5080.717285
2096.839844	4987.945801
2093.600586	4955.467773
2090.360352	4852.810547
2087.119141	4737.911621
2083.875000	4739.507324
2080.629883	4665.599609
2077.383789	4572.509766
2074.135742	4487.973633
2070.885742	4414.286621
2067.634766	4366.812012
2064.381836	4346.281250
2061.127930	4229.742676
2057.871094	4089.510986
2054.614258	4114.417969
2051.355469	4107.848633
2048.094727	4043.011719
2044.832031	3982.833496
2041.568359	3901.263428
2038.303711	3835.082520
2035.037109	3801.870117
2031.768555	3720.499268
2028.498047	3670.550781
2025.226563	3678.726074
2021.954102	3537.949951
2018.678711	3492.737305
2015.403320	3482.668213
2012.125000	3449.726074
2008.845703	3292.552734
2005.564453	3335.928467
2002.282227	3252.072510
1998.998047	3220.821533
1995.712891	3140.142578
1992.424805	3146.238037
1989.136719	3024.622070
1985.845703	2964.664063
1982.553711	2900.206055
1979.260742	2917.027344
1975.964844	2867.066895
1972.667969	2849.761475
1969.370117	2743.032959
1966.070313	2706.104248
1962.768555	2692.684082
1959.465820	2650.515381
1956.161133	2606.873047
1952.854492	2622.250000
1949.546875	2533.315674
1946.237305	2533.603271
1942.925781	2497.647949
1939.613281	2454.179688
1936.298828	2351.916992
1932.982422	2329.669434
1929.665039	2345.121338
1926.346680	2266.406250
1923.025391	2257.781006
1919.703125	2249.915527
1916.378906	2163.836914
1913.053711	2123.697510
1909.726563	2129.430908
1906.397461	2078.831055
1903.067383	2051.550049
1899.735352	2031.797485
1896.401367	1982.816040
1893.066406	1990.098755
1889.729492	1926.948730
1886.390625	1915.529053
1883.050781	1840.499268
1879.708984	1840.352783
1876.365234	1852.917480
1873.020508	1732.434937
1869.673828	1767.448975
1866.326172	1750.909058
1862.975586	1700.054932
1859.624023	1722.350830
1856.271484	1678.268921
1852.916016	1629.758057
1849.559570	1614.066772
1846.202148	1595.412109
1842.841797	1547.010620
1839.480469	1542.536987
1836.118164	1552.934692
1832.752930	1465.985596
1829.386719	1477.152100
1826.018555	1429.665405
1822.649414	1432.676270
1819.278320	1415.661133
1815.905273	1387.543823
1812.531250	1334.264771
1809.154297	1335.833008
1805.777344	1289.291382
1802.397461	1294.577881
1799.016602	1224.440308
1795.633789	1243.793945
1792.249023	1217.330566
1788.863281	1204.182251
1785.475586	1193.998047
1782.085938	1165.383667
1778.694336	1151.541504
1775.301758	1107.501099
1771.907227	1079.706421
1768.510742	1075.494995
1765.113281	1085.266968
1761.713867	1070.760254
1758.312500	1065.823120
1754.910156	1052.808716
1751.505859	1028.791870
1748.099609	977.641479
1744.691406	966.889282
1741.282227	970.078857
1737.871094	931.490723
1734.458008	931.031189
1731.042969	910.071350
1727.626953	916.940063
1724.208984	904.052856
1720.790039	877.287659
1717.368164	843.972046
1713.945313	850.858337
1710.520508	835.837769
1707.093750	823.020569
1703.666016	802.923035
1700.236328	798.152100
1696.804688	784.643005
1693.371094	760.224182
1689.936523	784.593384
1686.500000	743.466492
1683.061523	707.469788
1679.622070	739.822083
1676.179688	709.673340
1672.736328	670.841919
1669.291016	697.358093
1665.844727	677.428528
1662.396484	640.844910
1658.945313	653.568604
1655.494141	630.792786
1652.040039	612.382446
1648.584961	639.570435
1645.126953	610.326538
1641.668945	592.675842
1638.208008	593.102905
1634.745117	576.921997
1631.281250	575.190857
1627.815430	543.886475
1624.347656	554.429626
1620.878906	527.490051
1617.408203	510.660706
1613.935547	519.044312
1610.460938	501.515991
1606.984375	530.751404
1603.506836	506.046143
1600.027344	489.986877
1596.545898	480.406311
1593.062500	484.472137
1589.577148	435.447754
1586.090820	451.720917
1582.602539	460.094299
1579.112305	418.318237
1575.620117	428.131470
1572.126953	434.356781
1568.630859	412.682037
1565.133789	420.338196
1561.634766	386.545349
1558.133789	390.635864
1554.631836	364.029419
1551.127930	379.541595
1547.621094	370.080719
1544.114258	349.225891
1540.604492	353.324036
1537.092773	375.929596
1533.580078	331.619080
1530.065430	337.853271
1526.548828	322.042755
1523.030273	340.354584
1519.509766	301.122070
1515.988281	324.394531
1512.463867	310.750549
1508.938477	298.538452
1505.411133	298.387482
1501.882813	301.778503
1498.351563	298.793579
1494.818359	297.226929
1491.284180	285.051849
1487.748047	272.888977
1484.209961	255.792053
1480.669922	266.256073
1477.128906	262.591522
1473.584961	241.997787
1470.040039	250.337006
1466.493164	243.161667
1462.944336	237.402435
1459.393555	234.465332
1455.840820	241.383514
1452.287109	223.676102
1448.730469	234.810654
1445.172852	234.691086
1441.613281	214.204529
1438.051758	200.056335
1434.488281	209.776642
1430.922852	208.968414
1427.356445	189.237183
1423.787109	194.044235
1420.216797	196.045624
1416.644531	195.945465
1413.070313	180.457458
1409.494141	183.161545
1405.916016	167.695740
1402.336914	175.990417
1398.754883	163.336014
1395.171875	154.880432
1391.585938	168.049820
1387.999023	167.266724
1384.410156	161.608246
1380.819336	148.296967
1377.226563	150.308472
1373.632813	154.404388
1370.036133	150.154114
1366.438477	142.434143
1362.837891	134.027588
1359.236328	144.369949
1355.632813	140.133286
1352.027344	126.887077
1348.419922	130.286804
1344.810547	129.527023
1341.199219	128.767960
1337.585938	119.014336
1333.970703	121.719284
1330.354492	114.052933
1326.735352	109.157936
1323.115234	118.078255
1319.493164	111.805801
1315.869141	124.854240
1312.242188	109.621857
1308.614258	106.808777
1304.984375	106.064751
1301.353516	107.386566
1297.719727	102.514793
1294.083984	99.023346
1290.446289	96.222771
1286.807617	96.859795
1283.166016	100.929070
1279.523438	85.093239
1275.877930	87.792549
1272.231445	89.803490
1268.582031	84.960625
1264.931641	89.710098
1261.279297	86.241142
1257.625000	71.146103
1253.968750	78.630196
1250.310547	70.388603
1246.650391	75.133102
1242.988281	75.093910
1239.324219	72.325462
1235.658203	71.605743
1231.990234	72.249947
1228.320313	76.299675
1224.648438	61.961079
1220.975586	49.679047
1217.299805	67.337700
1213.622070	61.184044
1209.943359	63.869869
1206.261719	67.911064
1202.578125	67.875465
1198.893555	62.412682
1195.206055	62.379932
1191.517578	52.181889
1187.826172	58.250462
1184.133789	59.573807
1180.438477	50.746441
1176.742188	55.453598
1173.042969	54.748516
1169.342773	45.261971
1165.639648	48.614117
1161.935547	45.889141
1158.228516	49.237377
1154.520508	53.930313
1150.809570	39.752621
1147.097656	55.893661
1143.382813	43.749027
1139.666992	45.071327
1135.948242	49.081608
1132.227539	38.303726
1128.505859	42.984940
1124.781250	44.976040
1121.055664	38.913860
1117.327148	38.222672
1113.596680	39.542843
1109.865234	35.502701
1106.130859	42.178932
1102.394531	34.795876
1098.657227	38.121376
1094.916992	36.095798
1091.174805	27.391499
1087.430664	36.057423
1083.684570	36.038235
1079.936523	34.017990
1076.186523	31.333216
1072.434570	27.318665
1068.680664	32.631729
1064.924805	34.611118
1061.166992	25.279243
1057.406250	25.930635
1053.644531	30.568514
1049.880859	26.567110
1046.114258	19.914679
1042.346680	26.538700
1038.576172	30.503172
1034.803711	25.184778
1031.030273	31.795309
1027.253906	20.523464
1023.475586	31.099533
1019.695313	30.421511
1015.913086	30.405180
1012.128906	27.746342
1008.342773	27.071161
1004.553711	23.097105
