4046.277344	226.404480
4043.892578	220.115463
4041.505859	231.554016
4039.119141	220.989273
4036.731445	215.667450
4034.342773	221.861450
4031.952148	227.004379
4029.561523	233.188858
4027.169922	248.775894
4024.777344	236.139206
4022.383789	243.356995
4019.989258	248.480927
4017.593750	249.426224
4015.197266	263.932465
4012.799805	259.656769
4010.401367	277.274445
4008.001953	247.989349
4005.601563	241.641693
4003.201172	255.080765
4000.798828	264.346161
3998.395508	291.289581
3995.991211	266.216156
3993.585938	280.663361
3991.180664	277.434601
3988.773438	279.401672
3986.365234	285.520111
3983.957031	273.990295
3981.546875	276.993561
3979.135742	300.734711
3976.724609	284.029297
3974.311523	293.241882
3971.898438	317.983704
3969.483398	306.467957
3967.068359	307.380707
3964.651367	318.638000
3962.234375	327.817993
3959.815430	326.653442
3957.396484	323.423096
3954.975586	315.030792
3952.554688	337.619354
3950.131836	342.644714
3947.708984	330.127899
3945.284180	346.495636
3942.859375	325.740509
3940.432617	344.157501
3938.005859	354.319702
3935.577148	361.384857
3933.148438	348.889954
3930.718750	361.095245
3928.287109	359.922089
3925.855469	347.442474
3923.421875	374.018677
3920.988281	382.085419
3918.552734	369.611603
3916.117188	384.857422
3913.680664	395.987396
3911.242188	386.599060
3908.803711	407.969635
3906.363281	398.583801
3903.922852	425.053253
3901.480469	401.334473
3899.038086	424.711060
3896.593750	430.677917
3894.149414	422.323761
3891.703125	430.330841
3889.256836	446.505341
3886.808594	449.389282
3884.360352	451.249817
3881.910156	433.718903
3879.459961	460.066467
3877.007813	472.116943
3874.555664	465.810516
3872.101563	491.093933
3869.646484	476.637024
3867.191406	487.642731
3864.734375	476.251495
3862.277344	515.730347
3859.818359	520.605591
3857.358398	508.197998
3854.897461	517.135986
3852.436523	548.409180
3849.973633	515.701721
3847.509766	553.038330
3845.044922	553.828308
3842.579102	548.533997
3840.113281	542.230225
3837.645508	570.376953
3835.176758	567.107239
3832.707031	587.122437
3830.236328	574.741394
3827.764648	564.393127
3825.291992	572.251953
3822.818359	586.168030
3820.343750	613.205566
3817.868164	604.877441
3815.390625	628.856750
3812.913086	630.618591
3810.434570	652.550354
3807.955078	685.553894
3805.473633	636.902039
3802.992188	669.884705
3800.509766	660.548950
3798.025391	668.331604
3795.541016	688.180969
3793.054688	699.968384
3790.568359	723.809448
3788.080078	735.572205
3785.591797	721.208984
3783.101563	728.946533
3780.610352	733.666626
3778.119141	753.431213
3775.625977	770.170959
3773.131836	753.816956
3770.636719	779.560425
3768.140625	783.247437
3765.643555	778.921753
3763.145508	768.594727
3760.646484	799.290894
3758.146484	791.963379
3755.645508	826.622498
3753.143555	837.273682
3750.639648	857.903137
3748.135742	867.533997
3745.630859	852.209106
3743.124023	851.858887
3740.617188	882.418335
3738.108398	888.035583
3735.599609	895.640442
3733.088867	906.226379
3730.577148	903.862549
3728.064453	943.291809
3725.551758	922.016296
3723.037109	926.607605
3720.521484	962.002808
3718.004883	984.454407
3715.487305	973.125671
3712.967773	1002.501648
3710.448242	998.119446
3707.927734	1025.476807
3705.406250	1034.967041
3702.882813	1032.557861
3700.359375	1051.942017
3697.833984	1061.408569
3695.308594	1083.733276
3692.781250	1077.349487
3690.252930	1110.526367
3687.723633	1117.974976
3685.193359	1143.202393
3682.662109	1113.099243
3680.129883	1165.950439
3677.596680	1139.809570
3675.062500	1187.672974
3672.527344	1200.985352
3669.990234	1241.883667
3667.453125	1252.206177
3664.915039	1214.264282
3662.375000	1212.776245
3659.833984	1247.696533
3657.292969	1301.275635
3654.750000	1285.004639
3652.206055	1366.040283
3649.661133	1317.337524
3647.115234	1318.754028
3644.568359	1357.467407
3642.019531	1374.563354
3639.470703	1386.741089
3636.920898	1444.983154
3634.369141	1385.587402
3631.817383	1419.293213
3629.263672	1451.991333
3626.708984	1459.216064
3624.153320	1483.065063
3621.596680	1499.070923
3619.039063	1538.521851
3616.480469	1550.582153
3613.920898	1568.491699
3611.360352	1538.550293
3608.797852	1578.893188
3606.235352	1647.489136
3603.670898	1657.526489
3601.105469	1678.275635
3598.540039	1717.516724
3595.972656	1685.637695
3593.404297	1762.804077
3590.834961	1703.688232
3588.264648	1816.766846
3585.692383	1839.338867
3583.120117	1833.710449
3580.545898	1829.057495
3577.971680	1866.158691
3575.395508	1890.611206
3572.818359	1902.430908
3570.240234	1945.271484
3567.661133	1928.947144
3565.081055	1965.926025
3562.500000	2024.180542
3559.917969	2015.586670
3557.333984	2099.898193
3554.750000	2112.558838
3552.164063	2089.433838
3549.577148	2142.679199
3546.989258	2174.625488
3544.400391	2219.098145
3541.810547	2203.686523
3539.219727	2244.249023
3536.626953	2288.634277
3534.034180	2261.642578
3531.439453	2301.163818
3528.844727	2358.952637
3526.248047	2395.509766
3523.650391	2436.847656
3521.051758	2434.859375
3518.451172	2481.914063
3515.850586	2473.178711
3513.249023	2495.195557
3510.645508	2587.301758
3508.041016	2567.970947
3505.436523	2591.836914
3502.830078	2648.293945
3500.222656	2684.568604
3497.613281	2679.601807
3495.003906	2727.326416
3492.393555	2762.561768
3489.781250	2805.423828
3487.167969	2812.849121
3484.553711	2878.604248
3481.938477	2912.757080
3479.322266	2919.169434
3476.705078	2939.902588
3474.086914	3006.444336
3471.466797	3059.568604
3468.845703	3120.278076
3466.224609	3156.144043
3463.601563	3217.712646
3460.977539	3165.855713
3458.351563	3246.412354
3455.725586	3262.170410
3453.098633	3325.489014
3450.469727	3399.215088
3447.839844	3455.765137
3445.208984	3440.044434
3442.577148	3555.420166
3439.944336	3482.699463
3437.310547	3621.684082
3434.674805	3699.834473
3432.039063	3702.055664
3429.401367	3748.823486
3426.762695	3807.867676
3424.123047	3864.019531
3421.481445	3906.869141
3418.839844	3939.272217
3416.197266	4070.015625
3413.552734	4086.247070
3410.907227	4170.506836
3408.260742	4158.339844
3405.613281	4197.170898
3402.963867	4339.790527
3400.314453	4368.131348
3397.663086	4441.711914
3395.011719	4472.810547
3392.358398	4592.451172
3389.704102	4633.816406
3387.047852	4687.383301
3384.391602	4732.434082
3381.733398	4835.764160
3379.075195	4878.829590
3376.415039	4959.450195
3373.753906	4964.846680
3371.090820	5101.700195
3368.427734	5148.327637
3365.762695	5203.357422
3363.097656	5283.660156
3360.430664	5317.958984
3357.762695	5326.927734
3355.092773	5486.682129
3352.422852	5592.934082
3349.750977	5710.322754
3347.079102	5724.714844
3344.405273	5860.643555
3341.729492	5886.170410
3339.053711	5925.687012
3336.376953	5986.645508
3333.698242	6184.760742
3331.018555	6163.447754
3328.337891	6282.042480
3325.656250	6339.007813
3322.973633	6339.082031
3320.289063	6430.432617
3317.604492	6484.462402
3314.917969	6715.259277
3312.230469	6742.140625
3309.541016	6724.366211
3306.851563	6890.627441
3304.160156	6925.753906
3301.467773	6994.278320
3298.774414	7150.921387
3296.080078	7246.191895
3293.384766	7357.144531
3290.687500	7367.882813
3287.990234	7489.802734
3285.291016	7581.050293
3282.589844	7584.265137
3279.888672	7729.988281
3277.186523	7875.583984
3274.482422	7942.459961
3271.777344	7913.156738
3269.071289	8068.640137
3266.364258	8284.009766
3263.655273	8357.045898
3260.945313	8367.278320
3258.234375	8622.810547
3255.522461	8577.605469
3252.809570	8624.578125
3250.095703	8802.294922
3247.379883	8900.681641
3244.663086	8985.176758
3241.945313	9035.562500
3239.226563	9043.607422
3236.505859	9289.674805
3233.784180	9383.950195
3231.061523	9466.204102
3228.337891	9628.237305
3225.613281	9754.346680
3222.886719	9855.583008
3220.160156	10129.060547
3217.431641	10230.958008
3214.702148	10289.718750
3211.970703	10394.198242
3209.239258	10424.463867
3206.505859	10682.454102
3203.771484	10729.933594
3201.035156	10969.283203
3198.298828	11035.774414
3195.560547	11117.726563
3192.821289	11210.556641
3190.081055	11392.708008
3187.339844	11595.670898
3184.596680	11844.940430
3181.853516	12032.946289
3179.108398	12012.233398
3176.361328	12106.234375
3173.614258	12365.753906
3170.865234	12351.279297
3168.115234	12497.728516
3165.364258	12709.475586
3162.612305	12898.325195
3159.858398	13052.505859
3157.104492	13107.625977
3154.347656	13298.766602
3151.590820	13395.434570
3148.833008	13672.379883
3146.073242	13830.397461
3143.312500	13989.179688
3140.550781	14203.035156
3137.787109	14188.696289
3135.023438	14471.001953
3132.257813	14543.333008
3129.491211	14635.475586
3126.722656	14887.398438
3123.954102	15020.831055
3121.183594	15340.940430
3118.412109	15267.488281
3115.638672	15483.514648
3112.865234	15646.176758
3110.089844	15732.120117
3107.313477	16001.673828
3104.536133	16015.374023
3101.756836	16165.804688
3098.976563	16382.644531
3096.195313	16575.917969
3093.413086	16813.042969
3090.628906	16850.583984
3087.844727	17094.552734
3085.058594	17196.531250
3082.270508	17552.236328
3079.482422	17825.146484
3076.692383	18017.162109
3073.901367	18091.666016
3071.109375	18409.626953
3068.315430	18437.345703
3065.520508	18606.371094
3062.724609	18711.759766
3059.927734	18927.875000
3057.128906	19351.054688
3054.329102	19255.042969
3051.528320	19425.988281
3048.726563	19644.957031
3045.922852	19847.675781
3043.118164	20125.085938
3040.312500	20378.191406
3037.505859	20343.398438
3034.697266	20367.384766
3031.887695	20786.429688
3029.077148	20822.640625
3026.264648	21280.220703
3023.452148	21270.847656
3020.637695	21320.992188
3017.821289	21733.335938
3015.004883	21890.603516
3012.186523	21974.984375
3009.367188	22215.343750
3006.545898	22495.369141
3003.724609	22439.376953
3000.901367	22705.759766
2998.077148	23054.218750
2995.250977	23205.064453
2992.423828	23285.023438
2989.595703	23402.914063
2986.766602	23776.046875
2983.935547	23874.171875
2981.104492	23800.058594
2978.270508	24263.388672
2975.436523	24484.628906
2972.600586	24621.031250
2969.763672	24552.859375
2966.925781	24829.148438
2964.085938	25079.654297
2961.245117	25225.203125
2958.403320	25340.707031
2955.560547	25698.783203
2952.715820	25859.662109
2949.870117	25920.242188
2947.023438	26314.443359
2944.174805	26297.511719
2941.325195	26535.892578
2938.474609	26822.285156
2935.622070	26979.562500
2932.768555	27182.253906
2929.914063	27512.619141
2927.058594	27384.855469
2924.201172	27679.822266
2921.342773	27792.599609
2918.483398	28175.402344
2915.622070	28300.951172
2912.759766	28442.974609
2909.896484	28882.576172
2907.032227	29224.039063
2904.166016	29203.191406
2901.298828	29683.693359
2898.429688	29629.525391
2895.559570	29895.097656
2892.688477	30124.724609
2889.816406	30442.042969
2886.942383	30546.800781
2884.067383	30794.064453
2881.191406	30854.224609
2878.314453	31046.378906
2875.435547	31465.005859
2872.554688	31543.855469
2869.673828	31875.974609
2866.791016	32084.636719
2863.907227	32291.371094
2861.021484	32399.132813
2858.134766	32775.273438
2855.247070	33096.531250
2852.358398	32947.628906
2849.467773	33409.484375
2846.576172	33346.144531
2843.682617	33839.363281
2840.789063	33989.218750
2837.893555	34094.031250
2834.996094	34160.769531
2832.097656	34468.101563
2829.198242	34949.320313
2826.297852	34697.539063
2823.395508	35044.675781
2820.492188	34921.351563
2817.587891	35385.113281
2814.681641	35120.636719
2811.774414	35440.265625
2808.866211	35707.164063
2805.956055	35810.582031
2803.044922	36293.460938
2800.131836	36085.765625
2797.218750	36538.039063
2794.303711	36418.734375
2791.386719	36395.531250
2788.468750	36798.183594
2785.549805	36525.585938
2782.629883	36986.859375
2779.708008	36926.605469
2776.785156	37032.320313
2773.860352	37185.804688
2770.935547	37582.675781
2768.007813	37324.058594
2765.080078	37536.933594
2762.150391	37497.007813
2759.219727	37579.933594
2756.287109	37627.820313
2753.353516	37915.972656
2750.418945	37840.976563
2747.482422	38054.675781
2744.544922	37970.300781
2741.606445	38119.925781
2738.666016	38138.457031
2735.724609	37986.976563
2732.782227	38058.203125
2729.837891	38460.515625
2726.892578	38435.527344
2723.945313	38588.710938
2720.997070	38206.652344
2718.047852	38459.796875
2715.097656	38269.593750
2712.145508	38588.507813
2709.191406	38301.050781
2706.237305	38512.187500
2703.281250	38499.855469
2700.323242	38315.921875
2697.364258	38502.226563
2694.404297	38544.777344
2691.443359	38298.566406
2688.480469	38443.242188
2685.515625	38578.500000
2682.550781	38521.414063
2679.583984	38696.093750
2676.615234	38450.308594
2673.646484	38224.101563
2670.674805	38243.808594
2667.703125	38285.351563
2664.729492	38053.601563
2661.754883	38085.925781
2658.778320	38068.652344
2655.800781	37652.570313
2652.821289	37948.511719
2649.840820	37867.531250
2646.859375	37644.917969
2643.876953	37511.328125
2640.892578	37630.832031
2637.906250	37787.058594
2634.918945	37742.265625
2631.930664	37205.609375
2628.941406	37268.964844
2625.950195	36982.890625
2622.957031	36960.218750
2619.963867	36985.148438
2616.967773	36991.687500
2613.971680	36796.312500
2610.973633	36551.070313
2607.974609	36447.738281
2604.973633	36134.535156
2601.971680	35796.628906
2598.967773	35836.914063
2595.962891	35581.792969
2592.957031	35515.667969
2589.949219	35294.984375
2586.940430	34854.312500
2583.929688	35095.855469
2580.917969	34658.144531
2577.905273	34628.214844
2574.890625	34703.625000
2571.875000	34144.804688
2568.857422	34253.488281
2565.838867	33597.636719
2562.819336	33713.898438
2559.797852	33578.503906
2556.775391	33204.199219
2553.750977	32965.800781
2550.725586	32742.484375
2547.698242	32440.900391
2544.669922	32019.048828
2541.640625	32005.210938
2538.609375	31580.626953
2535.577148	31474.646484
2532.542969	31351.447266
2529.507813	31204.464844
2526.471680	30854.255859
2523.433594	30393.265625
2520.393555	30376.033203
2517.353516	29992.947266
2514.310547	29938.091797
2511.267578	29596.609375
2508.222656	29670.044922
2505.175781	29257.583984
2502.127930	29016.927734
2499.079102	28633.001953
2496.028320	28237.126953
2492.976563	27939.902344
2489.922852	27728.912109
2486.868164	27450.181641
2483.812500	27368.019531
2480.754883	26797.798828
2477.695313	26839.400391
2474.634766	26370.406250
2471.573242	26267.626953
2468.509766	26062.919922
2465.445313	25799.658203
2462.378906	25628.765625
2459.311523	25413.199219
2456.242188	25081.333984
2453.171875	24770.119141
2450.100586	24531.621094
2447.027344	24263.232422
2443.953125	23922.718750
2440.876953	23608.517578
2437.799805	23371.773438
2434.720703	23205.072266
2431.640625	22990.632813
2428.558594	22748.800781
2425.475586	22439.072266
2422.390625	22389.789063
2419.304688	22031.080078
2416.217773	21817.640625
2413.128906	21343.775391
2410.038086	21197.982422
2406.946289	21131.560547
2403.853516	20749.980469
2400.758789	20526.279297
2397.663086	20192.960938
2394.565430	20175.527344
2391.466797	19953.998047
2388.366211	19457.695313
2385.264648	19348.722656
2382.161133	19237.429688
2379.056641	18964.376953
2375.950195	18659.376953
2372.842773	18481.765625
2369.734375	18314.765625
2366.624023	18077.185547
2363.511719	17928.189453
2360.398438	17735.964844
2357.284180	17540.703125
2354.167969	17330.373047
2351.049805	17187.591797
2347.930664	16815.705078
2344.810547	16648.449219
2341.688477	16498.160156
2338.564453	16302.381836
2335.439453	16179.583008
2332.313477	15908.158203
2329.185547	15793.638672
2326.056641	15567.374023
2322.925781	15342.913086
2319.792969	15250.350586
2316.660156	14869.073242
2313.524414	14830.234375
2310.387695	14566.663086
2307.250000	14555.078125
2304.110352	14197.112305
2300.969727	13966.823242
2297.827148	13896.649414
2294.682617	13761.332031
2291.537109	13522.812500
2288.390625	13399.703125
2285.242188	13176.653320
2282.092773	13071.273438
2278.941406	12829.537109
2275.788086	12736.303711
2272.633789	12511.584961
2269.478516	12413.826172
2266.321289	12250.431641
2263.162109	12002.500000
2260.001953	11939.912109
2256.840820	11685.233398
2253.676758	11575.423828
2250.512695	11479.932617
2247.346680	11187.125000
2244.178711	11216.596680
2241.009766	11061.442383
2237.838867	10822.850586
2234.666992	10620.731445
2231.493164	10520.419922
2228.318359	10350.121094
2225.141602	10212.246094
2221.963867	9966.728516
2218.784180	9954.173828
2215.602539	9700.356445
2212.419922	9676.934570
2209.236328	9540.467773
2206.050781	9400.203125
2202.863281	9230.258789
2199.674805	9144.365234
2196.485352	9020.148438
2193.292969	8901.529297
2190.100586	8754.833008
2186.905273	8732.700195
2183.709961	8577.611328
2180.511719	8451.593750
2177.312500	8389.771484
2174.112305	8263.174805
2170.910156	8189.783691
2167.706055	7958.047363
2164.500977	7803.745605
2161.294922	7818.763184
2158.085938	7659.212891
2154.876953	7643.903320
2151.665039	7392.717285
2148.452148	7315.291504
2145.238281	7205.270020
2142.022461	7155.210449
2138.804688	7095.094238
2135.585938	6910.765625
2132.365234	6909.815918
2129.143555	6811.097168
2125.919922	6765.208008
2122.695313	6595.329102
2119.468750	6474.422852
2116.240234	6407.066895
2113.010742	6372.283691
2109.780273	6249.327637
2106.546875	6126.486328
2103.312500	6120.479492
2100.077148	5973.087891
2096.839844	5933.949219
2093.600586	5807.623047
2090.360352	5737.734863
2087.119141	5728.061035
2083.875000	5638.233398
2080.629883	5534.621582
2077.383789	5409.545898
2074.135742	5353.087891
2070.885742	5287.450684
2067.634766	5271.854492
2064.381836	5098.714355
2061.127930	5082.451660
2057.871094	5010.149902
2054.614258	4882.657715
2051.355469	4774.462891
2048.094727	4764.512695
2044.832031	4757.635254
2041.568359	4604.456055
2038.303711	4638.237305
2035.037109	4529.643555
2031.768555	4394.380859
2028.498047	4337.993164
2025.226563	4309.932617
2021.954102	4276.550293
2018.678711	4185.177246
2015.403320	4048.105713
2012.125000	4008.028076
2008.845703	3956.552246
2005.564453	3921.887451
2002.282227	3883.446777
1998.998047	3778.813232
1995.712891	3703.192139
1992.424805	3639.049805
1989.136719	3636.539795
1985.845703	3543.616943
1982.553711	3460.654297
1979.260742	3472.651611
1975.964844	3398.904541
1972.667969	3314.610840
1969.370117	3268.294678
1966.070313	3227.324951
1962.768555	3213.653320
1959.465820	3190.154785
1956.161133	3114.479492
1952.854492	3075.926270
1949.546875	3008.690186
1946.237305	2964.179688
1942.925781	2894.040039
1939.613281	2865.473633
1936.298828	2852.774170
1932.982422	2723.979248
1929.665039	2702.315186
1926.346680	2685.943604
1923.025391	2634.203125
1919.703125	2602.828613
1916.378906	2612.097900
1913.053711	2537.912598
1909.726563	2537.434082
1906.397461	2466.358887
1903.067383	2445.645752
1899.735352	2388.187256
1896.401367	2327.034180
1893.066406	2352.888916
1889.729492	2327.771973
1886.390625	2295.938965
1883.050781	2208.000244
1879.708984	2177.750732
1876.365234	2136.313721
1873.020508	2079.968262
1869.673828	2126.018555
1866.326172	2042.104980
1862.975586	2059.021729
1859.624023	2033.403320
1856.271484	1970.530762
1852.916016	1930.074707
1849.559570	1890.402100
1846.202148	1940.848999
1842.841797	1849.120483
1839.480469	1835.574341
1836.118164	1762.569702
1832.752930	1761.708984
1829.386719	1748.223145
1826.018555	1711.738525
1822.649414	1681.966309
1819.278320	1644.806885
1815.905273	1615.095093
1812.531250	1618.009033
1809.154297	1568.344971
1805.777344	1512.067871
1802.397461	1512.067017
1799.016602	1546.077637
1795.633789	1471.416382
1792.249023	1447.057373
1788.863281	1463.328735
1785.475586	1365.201660
1782.085938	1394.034912
1778.694336	1397.773804
1775.301758	1327.822266
1771.907227	1341.163208
1768.510742	1269.834961
1765.113281	1302.320313
1761.713867	1261.967529
1758.312500	1255.466064
1754.910156	1223.991211
1751.505859	1194.015381
1748.099609	1201.500854
1744.691406	1186.970337
1741.282227	1140.924194
1737.871094	1095.655884
1734.458008	1064.349609
1731.042969	1073.342407
1727.626953	1025.977661
1724.208984	1026.202393
1720.790039	1050.552002
1717.368164	996.690796
1713.945313	1010.074768
1710.520508	995.705444
1707.093750	970.405457
1703.666016	960.444763
1700.236328	968.716125
1696.804688	910.681335
1693.371094	937.901123
1689.936523	900.317261
1686.500000	907.145508
1683.061523	862.342407
1679.622070	878.629578
1676.179688	835.337036
1672.736328	798.621338
1669.291016	822.897034
1665.844727	792.025635
1662.396484	764.809204
1658.945313	757.907715
1655.494141	756.806519
1652.040039	736.885742
1648.584961	749.541870
1645.126953	724.581970
1641.668945	706.151611
1638.208008	694.963440
1634.745117	683.786133
1631.281250	696.435608
1627.815430	622.511963
1624.347656	635.178833
1620.878906	637.744141
1617.408203	615.097656
1613.935547	600.392395
1610.460938	600.092285
1606.984375	586.127869
1603.506836	587.991089
1600.027344	592.007568
1596.545898	561.551147
1593.062500	543.326538
1589.577148	542.336914
1586.090820	527.007751
1582.602539	515.993652
1579.112305	519.316284
1575.620117	541.249817
1572.126953	513.070496
1568.630859	474.906189
1565.133789	489.679688
1561.634766	450.136017
1558.133789	452.052124
1554.631836	443.973145
1551.127930	435.188660
1547.621094	419.995239
1544.114258	425.485413
1540.604492	424.558716
1537.092773	421.496826
1533.580078	431.958771
1530.065430	376.261841
1526.548828	398.821167
1523.030273	403.593750
1519.509766	383.504517
1515.988281	371.243622
1512.463867	369.637054
1508.938477	361.649902
1505.411133	361.467010
1501.882813	338.615326
1498.351563	337.735901
1494.818359	335.441833
1491.284180	314.052155
1487.748047	320.255707
1484.209961	293.242279
1480.669922	287.443542
1477.128906	321.180481
1473.584961	295.618286
1470.040039	285.595734
1466.493164	296.727722
1462.944336	283.192230
1459.393555	265.445740
1455.840820	282.904297
1452.287109	266.582520
1448.730469	268.555908
1445.172852	250.149780
1441.613281	271.091644
1438.051758	244.981262
1434.488281	231.526062
1430.922852	253.847534
1427.356445	221.477600
1423.787109	216.460892
1420.216797	209.348709
1416.644531	228.136505
1413.070313	217.528183
1409.494141	218.116043
1405.916016	216.607010
1402.336914	212.305908
1398.754883	198.934891
1395.171875	212.088531
1391.585938	202.217621
1387.999023	190.962845
1384.410156	203.403488
1380.819336	180.323547
1377.226563	182.318604
1373.632813	171.792267
1370.036133	182.131378
1366.438477	173.700180
1362.837891	172.221985
1359.236328	154.781250
1355.632813	161.638885
1352.027344	153.928589
1348.419922	151.077255
1344.810547	159.311310
1341.199219	142.613968
1337.585938	138.388763
1333.970703	143.850067
1330.354492	140.319672
1326.735352	138.865463
1323.115234	136.031677
1319.493164	132.510574
1315.869141	124.164436
1312.242188	121.342430
1308.614258	126.792351
1304.984375	119.839394
1301.353516	120.465698
1297.719727	122.467339
1294.083984	120.340866
1290.446289	116.154625
1286.807617	109.224876
1283.166016	109.168182
1279.523438	111.170197
1275.877930	102.881897
1272.231445	95.973190
1268.582031	104.830452
1264.931641	106.145538
1261.279297	96.507950
1257.625000	94.405411
1253.968750	92.988747
1250.310547	96.357216
1246.650391	77.865211
1242.988281	90.112694
1239.324219	91.430305
1235.658203	83.199059
1231.990234	77.702774
1228.320313	70.849701
1224.648438	71.493553
1220.975586	84.386322
1217.299805	71.418770
1213.622070	67.982269
1209.943359	61.831467
1206.261719	70.627510
1202.578125	67.875465
1198.893555	64.447876
1195.206055	62.379932
1191.517578	59.636444
1187.826172	60.959785
1184.133789	64.312630
1180.438477	59.542492
1176.742188	62.892498
1173.042969	55.424423
1169.342773	62.826321
1165.639648	60.767647
1161.935547	59.385948
1158.228516	60.703613
1154.520508	61.345730
1150.809570	51.880539
1147.097656	49.832901
1143.382813	55.191082
1139.666992	55.834629
1135.948242	45.047501
1132.227539	49.727646
1128.505859	49.029697
1124.781250	49.675026
1121.055664	44.281292
1117.327148	49.622414
1113.596680	44.234367
1109.865234	48.230083
1106.130859	40.839916
1102.394531	42.825691
1098.657227	41.465355
1094.916992	41.443321
1091.174805	33.404266
1087.430664	34.721962
1083.684570	34.703484
1079.936523	29.348854
1076.186523	41.333179
1072.434570	27.984974
1068.680664	39.291267
1064.924805	39.270309
1061.166992	29.935946
1057.406250	31.914627
1053.644531	35.884777
1049.880859	27.231289
1046.114258	30.535841
1042.346680	27.202168
1038.576172	31.166285
1034.803711	29.824080
1031.030273	35.769722
1027.253906	23.833700
1023.475586	24.482611
1019.695313	29.098835
1015.913086	32.388126
1012.128906	31.049479
1008.342773	26.410889
1004.553711	21.777269
