4046.277344	232.693497
4043.892578	227.452652
4041.505859	240.983810
4039.119141	233.557388
4036.731445	232.418335
4034.342773	242.791763
4031.952148	243.742020
4029.561523	236.325928
4027.169922	258.183380
4024.777344	227.780289
4022.383789	272.601593
4019.989258	258.921295
4017.593750	232.728241
4015.197266	258.716400
4012.799805	266.956329
4010.401367	264.765839
4008.001953	256.325134
4005.601563	285.387177
4003.201172	275.903687
4000.798828	271.631287
3998.395508	275.684784
3995.991211	279.734955
3993.585938	280.663361
3991.180664	272.239197
3988.773438	292.904358
3986.365234	275.137573
3983.957031	275.028137
3981.546875	302.929291
3979.135742	283.105408
3976.724609	287.139099
3974.311523	328.472351
3971.898438	312.804810
3969.483398	330.281342
3967.068359	317.730225
3964.651367	302.085388
3962.234375	318.510864
3959.815430	341.125427
3957.396484	316.190002
3954.975586	360.477875
3952.554688	333.489471
3950.131836	314.779022
3947.708984	346.634308
3945.284180	321.745941
3942.859375	330.894623
3940.432617	329.731750
3938.005859	353.289703
3935.577148	349.029816
3933.148438	356.094177
3930.718750	340.520020
3928.287109	360.950439
3925.855469	376.224670
3923.421875	372.991150
3920.988281	363.597412
3918.552734	392.198975
3916.117188	385.883698
3913.680664	397.013245
3911.242188	425.566589
3908.803711	425.395477
3906.363281	418.051880
3903.922852	408.665649
3901.480469	424.882141
3899.038086	417.547272
3896.593750	429.654938
3894.149414	447.888153
3891.703125	435.441650
3889.256836	432.200836
3886.808594	438.154541
3884.360352	452.270721
3881.910156	461.272827
3879.459961	473.327820
3877.007813	487.412323
3874.555664	493.331055
3872.101563	480.905273
3869.646484	487.840027
3867.191406	504.949463
3864.734375	487.445465
3862.277344	490.299835
3859.818359	493.151764
3857.358398	504.132416
3854.897461	526.279846
3852.436523	515.910828
3849.973633	555.292969
3847.509766	544.920349
3845.044922	550.785339
3842.579102	553.603638
3840.113281	540.203247
3837.645508	567.337646
3835.176758	555.967651
3832.707031	564.852234
3830.236328	574.741394
3827.764648	571.473328
3825.291992	608.649658
3822.818359	606.380737
3820.343750	635.430481
3817.868164	605.887268
3815.390625	629.866150
3812.913086	672.996155
3810.434570	649.524597
3807.955078	671.439514
3805.473633	628.840027
3802.992188	650.745117
3800.509766	655.514282
3798.025391	646.188049
3795.541016	678.119873
3793.054688	678.848633
3790.568359	717.777710
3788.080078	661.211121
3785.591797	726.231323
3783.101563	714.889709
3780.610352	748.721375
3778.119141	731.359985
3775.625977	715.015442
3773.131836	747.802490
3770.636719	775.552368
3768.140625	805.282532
3765.643555	801.949036
3763.145508	791.612549
3760.646484	784.285400
3758.146484	784.963684
3755.645508	830.620667
3753.143555	817.291016
3750.639648	841.923584
3748.135742	828.599792
3745.630859	844.225830
3743.124023	826.921570
3740.617188	860.482544
3738.108398	872.088806
3735.599609	923.535828
3733.088867	900.251221
3730.577148	886.940002
3728.064453	910.455688
3725.551758	952.849609
3723.037109	938.538147
3720.521484	948.089539
3718.004883	936.771423
3715.487305	968.160767
3712.967773	953.865479
3710.448242	1013.001953
3707.927734	977.872498
3705.406250	1057.768066
3702.882813	1031.566895
3700.359375	1052.932495
3697.833984	1024.774170
3695.308594	1083.733276
3692.781250	1075.370972
3690.252930	1141.182129
3687.723633	1114.020996
3685.193359	1139.250122
3682.662109	1138.778564
3680.129883	1159.039551
3677.596680	1177.309814
3675.062500	1230.089844
3672.527344	1159.572021
3669.990234	1182.746338
3667.453125	1212.797607
3664.915039	1236.914795
3662.375000	1244.276978
3659.833984	1261.472412
3657.292969	1270.784668
3654.750000	1265.341187
3652.206055	1304.126221
3649.661133	1312.425659
3647.115234	1337.411011
3644.568359	1349.615112
3642.019531	1365.733154
3639.470703	1363.203735
3636.920898	1391.065796
3634.369141	1368.929077
3631.817383	1390.887695
3629.263672	1449.054077
3626.708984	1428.876953
3624.153320	1479.151978
3621.596680	1450.177490
3619.039063	1519.950195
3616.480469	1497.821289
3613.920898	1591.931152
3611.360352	1579.552246
3608.797852	1587.675659
3606.235352	1610.423096
3603.670898	1581.475220
3601.105469	1578.865601
3598.540039	1642.503296
3595.972656	1645.712158
3593.404297	1689.800049
3590.834961	1706.607178
3588.264648	1733.125610
3585.692383	1700.319092
3583.120117	1763.743774
3580.545898	1781.461182
3577.971680	1817.611328
3575.395508	1830.437744
3572.818359	1829.671021
3570.240234	1820.176758
3567.661133	1876.603760
3565.081055	1911.666870
3562.500000	1944.762939
3559.917969	2017.522949
3557.333984	1974.097900
3554.750000	2017.764648
3552.164063	2020.785034
3549.577148	2075.025635
3546.989258	2070.289795
3544.400391	2094.527344
3541.810547	2105.230225
3539.219727	2122.677490
3536.626953	2172.900635
3534.034180	2222.116943
3531.439453	2206.727539
3528.844727	2243.364990
3526.248047	2269.379639
3523.650391	2336.756104
3521.051758	2342.506104
3518.451172	2346.327148
3515.850586	2367.446289
3513.249023	2444.273193
3510.645508	2485.500000
3508.041016	2511.331543
3505.436523	2538.100098
3502.830078	2499.621094
3500.222656	2575.268311
3497.613281	2609.640625
3495.003906	2774.266846
3492.393555	2650.527100
3489.781250	2748.951660
3487.167969	2839.637939
3484.553711	2769.580811
3481.938477	2867.827637
3479.322266	2868.525879
3476.705078	2927.485840
3474.086914	2988.304688
3471.466797	3000.400391
3468.845703	3025.839844
3466.224609	3073.187988
3463.601563	3112.870117
3460.977539	3148.706787
3458.351563	3115.946289
3455.725586	3309.765381
3453.098633	3354.033936
3450.469727	3276.523682
3447.839844	3405.378662
3445.208984	3416.287354
3442.577148	3453.782471
3439.944336	3504.537598
3437.310547	3545.757813
3434.674805	3523.380859
3432.039063	3687.831543
3429.401367	3729.866211
3426.762695	3739.650146
3424.123047	3737.113037
3421.481445	3805.576416
3418.839844	4011.187988
3416.197266	3997.184814
3413.552734	3959.556396
3410.907227	4053.320557
3408.260742	4050.649658
3405.613281	4078.196045
3402.963867	4136.864258
3400.314453	4182.273438
3397.663086	4347.408203
3395.011719	4292.767090
3392.358398	4391.755371
3389.704102	4438.856934
3387.047852	4496.272949
3384.391602	4546.110352
3381.733398	4622.241699
3379.075195	4601.463379
3376.415039	4711.336914
3373.753906	4757.234375
3371.090820	4815.298828
3368.427734	4901.470703
3365.762695	4976.308594
3363.097656	4921.662598
3360.430664	5021.735840
3357.762695	5038.327148
3355.092773	5177.599609
3352.422852	5131.381348
3349.750977	5269.555664
3347.079102	5368.323242
3344.405273	5361.348145
3341.729492	5489.895996
3339.053711	5458.582520
3336.376953	5627.129395
3333.698242	5718.990234
3331.018555	5710.006348
3328.337891	5765.377930
3325.656250	5908.328125
3322.973633	6105.198730
3320.289063	6136.107910
3317.604492	6035.717285
3314.917969	6248.094727
3312.230469	6300.291992
3309.541016	6359.881348
3306.851563	6495.629395
3304.160156	6573.660156
3301.467773	6605.191406
3298.774414	6622.770508
3296.080078	6809.193848
3293.384766	6825.738770
3290.687500	6874.712891
3287.990234	7064.487793
3285.291016	7106.829590
3282.589844	7225.049316
3279.888672	7279.311523
3277.186523	7343.700195
3274.482422	7608.672852
3271.777344	7599.846680
3269.071289	7704.655273
3266.364258	7794.596680
3263.655273	7977.683594
3260.945313	8028.674805
3258.234375	8017.831055
3255.522461	8169.235352
3252.809570	8189.664063
3250.095703	8493.750000
3247.379883	8516.777344
3244.663086	8641.928711
3241.945313	8663.028320
3239.226563	8776.050781
3236.505859	8900.919922
3233.784180	9003.631836
3231.061523	9077.786133
3228.337891	9238.151367
3225.613281	9370.851563
3222.886719	9521.775391
3220.160156	9603.816406
3217.431641	9606.069336
3214.702148	9827.208008
3211.970703	9765.273438
3209.239258	10067.587891
3206.505859	10205.910156
3203.771484	10298.395508
3201.035156	10449.286133
3198.298828	10481.291016
3195.560547	10532.438477
3192.821289	10707.665039
3190.081055	10688.417969
3187.339844	10856.123047
3184.596680	11092.953125
3181.853516	11191.998047
3179.108398	11221.739258
3176.361328	11423.500000
3173.614258	11393.054688
3170.865234	11675.505859
3168.115234	11792.248047
3165.364258	11900.707031
3162.612305	11843.750977
3159.858398	12110.067383
3157.104492	12211.882813
3154.347656	12344.449219
3151.590820	12423.397461
3148.833008	12650.916016
3146.073242	12699.758789
3143.312500	13012.980469
3140.550781	13027.217773
3137.787109	13156.346680
3135.023438	13193.111328
3132.257813	13415.158203
3129.491211	13402.072266
3126.722656	13762.917969
3123.954102	13956.426758
3121.183594	13959.353516
3118.412109	14101.183594
3115.638672	14275.344727
3112.865234	14454.755859
3110.089844	14357.451172
3107.313477	14750.065430
3104.536133	14756.213867
3101.756836	14909.894531
3098.976563	15152.461914
3096.195313	15304.927734
3093.413086	15317.093750
3090.628906	15480.121094
3087.844727	15703.145508
3085.058594	15856.878906
3082.270508	16316.314453
3079.482422	16509.082031
3076.692383	16465.101563
3073.901367	16714.951172
3071.109375	16872.357422
3068.315430	17027.832031
3065.520508	17282.457031
3062.724609	17522.546875
3059.927734	17748.123047
3057.128906	17790.355469
3054.329102	17969.169922
3051.528320	17972.878906
3048.726563	18426.236328
3045.922852	18492.154297
3043.118164	18659.628906
3040.312500	18814.476563
3037.505859	19164.226563
3034.697266	19095.257813
3031.887695	19468.591797
3029.077148	19427.111328
3026.264648	19874.638672
3023.452148	19812.564453
3020.637695	20083.640625
3017.821289	20356.246094
3015.004883	20526.544922
3012.186523	20654.109375
3009.367188	20987.267578
3006.545898	21144.636719
3003.724609	21265.539063
3000.901367	21408.464844
2998.077148	21480.449219
2995.250977	21684.189453
2992.423828	22001.826172
2989.595703	22018.628906
2986.766602	22592.943359
2983.935547	22536.150391
2981.104492	22746.005859
2978.270508	22810.072266
2975.436523	23074.292969
2972.600586	23300.361328
2969.763672	23394.921875
2966.925781	23470.011719
2964.085938	23837.337891
2961.245117	23987.837891
2958.403320	24071.339844
2955.560547	24480.976563
2952.715820	24570.326172
2949.870117	24606.878906
2947.023438	24842.722656
2944.174805	24894.908203
2941.325195	25276.916016
2938.474609	25415.664063
2935.622070	25684.886719
2932.768555	25836.458984
2929.914063	25956.359375
2927.058594	26313.376953
2924.201172	26539.693359
2921.342773	26702.830078
2918.483398	26855.322266
2915.622070	26887.957031
2912.759766	27134.548828
2909.896484	27542.427734
2907.032227	27575.560547
2904.166016	27969.781250
2901.298828	27973.906250
2898.429688	28168.007813
2895.559570	28546.603516
2892.688477	28667.119141
2889.816406	28972.031250
2886.942383	29104.412109
2884.067383	29258.404297
2881.191406	29596.517578
2878.314453	29841.361328
2875.435547	29935.740234
2872.554688	30284.357422
2869.673828	30650.875000
2866.791016	30703.113281
2863.907227	30758.763672
2861.021484	31173.941406
2858.134766	31399.064453
2855.247070	31687.175781
2852.358398	31895.410156
2849.467773	32122.476563
2846.576172	32365.757813
2843.682617	32486.101563
2840.789063	32703.068359
2837.893555	32880.117188
2834.996094	33067.355469
2832.097656	33290.640625
2829.198242	33385.250000
2826.297852	33768.476563
2823.395508	33989.398438
2820.492188	33782.164063
2817.587891	34384.140625
2814.681641	34158.828125
2811.774414	34271.648438
2808.866211	34645.656250
2805.956055	34798.515625
2803.044922	35226.031250
2800.131836	35194.781250
2797.218750	35135.238281
2794.303711	35423.062500
2791.386719	35366.019531
2788.468750	35748.570313
2785.549805	35852.417969
2782.629883	35855.152344
2779.708008	36045.261719
2776.785156	36189.863281
2773.860352	36601.906250
2770.935547	36624.761719
2768.007813	36811.578125
2765.080078	36773.679688
2762.150391	36466.992188
2759.219727	36698.800781
2756.287109	37072.777344
2753.353516	36882.234375
2750.418945	37193.582031
2747.482422	37160.656250
2744.544922	37060.511719
2741.606445	37318.582031
2738.666016	37669.093750
2735.724609	37644.460938
2732.782227	37317.410156
2729.837891	37648.730469
2726.892578	37526.500000
2723.945313	37647.003906
2720.997070	37734.316406
2718.047852	37988.519531
2715.097656	37822.253906
2712.145508	37904.250000
2709.191406	37997.167969
2706.237305	37791.320313
2703.281250	38153.117188
2700.323242	37905.941406
2697.364258	38116.933594
2694.404297	38066.753906
2691.443359	38076.546875
2688.480469	38052.566406
2685.515625	38411.503906
2682.550781	38232.253906
2679.583984	38298.363281
2676.615234	38392.195313
2673.646484	37997.636719
2670.674805	38057.835938
2667.703125	38050.675781
2664.729492	38198.210938
2661.754883	38033.824219
2658.778320	38235.808594
2655.800781	37827.207031
2652.821289	37799.968750
2649.840820	37823.914063
2646.859375	37638.210938
2643.876953	37515.519531
2640.892578	37854.496094
2637.906250	37854.042969
2634.918945	37582.410156
2631.930664	37319.378906
2628.941406	37324.988281
2625.950195	37196.851563
2622.957031	37048.769531
2619.963867	36909.996094
2616.967773	36995.859375
2613.971680	36847.203125
2610.973633	36603.605469
2607.974609	36219.355469
2604.973633	36488.617188
2601.971680	36031.464844
2598.967773	35702.902344
2595.962891	35564.320313
2592.957031	35304.437500
2589.949219	35360.652344
2586.940430	34998.882813
2583.929688	34995.367188
2580.917969	34763.566406
2577.905273	34600.003906
2574.890625	34498.781250
2571.875000	34280.753906
2568.857422	34186.375000
2565.838867	33837.812500
2562.819336	33724.660156
2559.797852	33281.449219
2556.775391	33068.558594
2553.750977	32939.347656
2550.725586	32671.421875
2547.698242	32384.736328
2544.669922	31971.167969
2541.640625	31821.197266
2538.609375	31777.751953
2535.577148	31416.111328
2532.542969	31350.623047
2529.507813	31017.494141
2526.471680	30908.593750
2523.433594	30488.722656
2520.393555	30176.158203
2517.353516	30027.476563
2514.310547	29974.250000
2511.267578	29818.386719
2508.222656	29558.386719
2505.175781	29023.699219
2502.127930	28821.703125
2499.079102	28569.048828
2496.028320	28281.378906
2492.976563	27977.582031
2489.922852	27832.076172
2486.868164	27401.896484
2483.812500	27242.865234
2480.754883	27097.869141
2477.695313	26994.677734
2474.634766	26358.152344
2471.573242	26289.673828
2468.509766	26177.992188
2465.445313	25897.546875
2462.378906	25723.349609
2459.311523	25494.699219
2456.242188	25131.839844
2453.171875	24959.025391
2450.100586	24354.197266
2447.027344	24298.212891
2443.953125	23930.037109
2440.876953	23664.597656
2437.799805	23340.091797
2434.720703	23339.863281
2431.640625	23265.769531
2428.558594	22815.322266
2425.475586	22496.642578
2422.390625	22286.857422
2419.304688	22275.736328
2416.217773	21953.677734
2413.128906	21679.662109
2410.038086	21213.351563
2406.946289	21044.230469
2403.853516	20687.746094
2400.758789	20548.900391
2397.663086	20410.177734
2394.565430	20076.251953
2391.466797	19821.691406
2388.366211	19685.896484
2385.264648	19311.646484
2382.161133	19249.513672
2379.056641	18928.945313
2375.950195	18881.521484
2372.842773	18483.375000
2369.734375	18226.312500
2366.624023	17955.013672
2363.511719	17912.925781
2360.398438	17766.480469
2357.284180	17532.677734
2354.167969	17314.328125
2351.049805	17052.876953
2347.930664	16959.978516
2344.810547	16769.421875
2341.688477	16497.359375
2338.564453	16291.176758
2335.439453	16159.582031
2332.313477	15757.824219
2329.185547	15843.193359
2326.056641	15525.032227
2322.925781	15372.458008
2319.792969	15235.185547
2316.660156	14940.873047
2313.524414	14776.807617
2310.387695	14475.800781
2307.250000	14435.578125
2304.110352	14303.815430
2300.969727	13962.046875
2297.827148	13875.964844
2294.682617	13789.163086
2291.537109	13645.211914
2288.390625	13473.584961
2285.242188	13244.148438
2282.092773	12891.899414
2278.941406	12874.755859
2275.788086	12702.207031
2272.633789	12567.858398
2269.478516	12368.669922
2266.321289	12214.007813
2263.162109	12005.666016
2260.001953	11831.532227
2256.840820	11769.840820
2253.676758	11584.908203
2250.512695	11521.800781
2247.346680	11265.295898
2244.178711	11074.535156
2241.009766	10955.735352
2237.838867	10843.351563
2234.666992	10627.825195
2231.493164	10538.538086
2228.318359	10328.074219
2225.141602	10205.950195
2221.963867	10054.832031
2218.784180	10077.618164
2215.602539	9847.319336
2212.419922	9676.934570
2209.236328	9519.268555
2206.050781	9413.543945
2202.863281	9364.394531
2199.674805	9185.918945
2196.485352	9085.193359
2193.292969	8919.544922
2190.100586	8877.753906
2186.905273	8789.044922
2183.709961	8511.906250
2180.511719	8580.595703
2177.312500	8331.162109
2174.112305	8297.542969
2170.910156	8179.634277
2167.706055	7970.532715
2164.500977	7761.626465
2161.294922	7679.991699
2158.085938	7639.731934
2154.876953	7630.662598
2151.665039	7493.923340
2148.452148	7354.976563
2145.238281	7294.713867
2142.022461	7215.070313
2138.804688	7063.235840
2135.585938	7017.945313
2132.365234	6886.526855
2129.143555	6801.010254
2125.919922	6741.940918
2122.695313	6506.957031
2119.468750	6540.282715
2116.240234	6417.909180
2113.010742	6325.838379
2109.780273	6164.218750
2106.546875	6164.380371
2103.312500	6108.111816
2100.077148	6036.442383
2096.839844	5919.276367
2093.600586	5849.304199
2090.360352	5798.684570
2087.119141	5620.872070
2083.875000	5527.241211
2080.629883	5461.432617
2077.383789	5406.465332
2074.135742	5272.271973
2070.885742	5222.828613
2067.634766	5216.491211
2064.381836	5114.085938
2061.127930	5047.882324
2057.871094	5003.239258
2054.614258	4894.169922
2051.355469	4793.640625
2048.094727	4756.078613
2044.832031	4792.888672
2041.568359	4609.817871
2038.303711	4512.672363
2035.037109	4468.421875
2031.768555	4473.931152
2028.498047	4422.092773
2025.226563	4274.780762
2021.954102	4223.847656
2018.678711	4140.897949
2015.403320	4108.388672
2012.125000	4043.112549
2008.845703	3993.144531
2005.564453	3913.505859
2002.282227	3832.418945
1998.998047	3761.304688
1995.712891	3650.691406
1992.424805	3742.479492
1989.136719	3650.222412
1985.845703	3502.588623
1982.553711	3538.114746
1979.260742	3470.374268
1975.964844	3361.729004
1972.667969	3330.535400
1969.370117	3286.485352
1966.070313	3215.960938
1962.768555	3163.676758
1959.465820	3126.578613
1956.161133	3069.090088
1952.854492	3067.608887
1949.546875	3031.363037
1946.237305	2933.208496
1942.925781	2941.607178
1939.613281	2844.343018
1936.298828	2778.098145
1932.982422	2830.284424
1929.665039	2730.197510
1926.346680	2696.488525
1923.025391	2626.674805
1919.703125	2655.502197
1916.378906	2612.849854
1913.053711	2537.912598
1909.726563	2490.848145
1906.397461	2435.566895
1903.067383	2427.629883
1899.735352	2403.193359
1896.401367	2345.032471
1893.066406	2338.647217
1889.729492	2305.295898
1886.390625	2274.971436
1883.050781	2167.582764
1879.708984	2235.355469
1876.365234	2147.529785
1873.020508	2112.105713
1869.673828	2096.137695
1866.326172	2011.492065
1862.975586	2013.497925
1859.624023	2002.820190
1856.271484	1948.163818
1852.916016	1915.915771
1849.559570	1955.203125
1846.202148	1846.300537
1842.841797	1815.635376
1839.480469	1840.780518
1836.118164	1783.384521
1832.752930	1752.049683
1829.386719	1742.281860
1826.018555	1659.035400
1822.649414	1694.579224
1819.278320	1672.244995
1815.905273	1616.577515
1812.531250	1570.594849
1809.154297	1583.895142
1805.777344	1533.531494
1802.397461	1520.944092
1799.016602	1525.374634
1795.633789	1472.894531
1792.249023	1471.433594
1788.863281	1465.543701
1785.475586	1424.975342
1782.085938	1414.687256
1778.694336	1350.591553
1775.301758	1348.454346
1771.907227	1302.128906
1768.510742	1298.544189
1765.113281	1272.889404
1761.713867	1261.232056
1758.312500	1243.705322
1754.910156	1239.419678
1751.505859	1200.624268
1748.099609	1188.289429
1744.691406	1149.556519
1741.282227	1137.257935
1737.871094	1097.854492
1734.458008	1094.382935
1731.042969	1126.789917
1727.626953	1052.322266
1724.208984	1029.859619
1720.790039	1039.585815
1717.368164	1042.725708
1713.945313	996.198120
1710.520508	986.945557
1707.093750	968.216614
1703.666016	964.091064
1700.236328	959.969238
1696.804688	928.166382
1693.371094	926.250183
1689.936523	855.920105
1686.500000	888.958984
1683.061523	878.338623
1679.622070	837.932129
1676.179688	851.317444
1672.736328	807.333557
1669.291016	800.401611
1665.844727	800.729187
1662.396484	793.081787
1658.945313	740.517883
1655.494141	733.631531
1652.040039	739.057312
1648.584961	730.007446
1645.126953	732.536438
1641.668945	703.983276
1638.208008	688.461731
1634.745117	665.734741
1631.281250	669.011230
1627.815430	672.284119
1624.347656	641.667603
1620.878906	646.391479
1617.408203	630.943298
1613.935547	616.950012
1610.460938	591.457886
1606.984375	597.634705
1603.506836	577.927673
1600.027344	574.046204
1596.545898	545.753052
1593.062500	537.584656
1589.577148	529.424133
1586.090820	537.763000
1582.602539	534.626709
1579.112305	513.585938
1575.620117	506.168793
1572.126953	488.740814
1568.630859	482.058380
1565.133789	497.543152
1561.634766	471.571045
1558.133789	449.909698
1554.631836	455.393677
1551.127930	468.006165
1547.621094	442.100250
1544.114258	426.910828
1540.604492	425.983429
1537.092773	395.865265
1533.580078	422.707581
1530.065430	401.156311
1526.548828	386.024780
1523.030273	380.856049
1519.509766	383.504517
1515.988281	364.855103
1512.463867	351.900146
1508.938477	351.013153
1505.411133	355.796936
1501.882813	350.658112
1498.351563	338.443939
1494.818359	324.826569
1491.284180	323.247375
1487.748047	319.548767
1484.209961	317.266937
1480.669922	330.524780
1477.128906	297.180176
1473.584961	304.790222
1470.040039	292.647491
1466.493164	282.631378
1462.944336	277.556549
1459.393555	276.007233
1455.840820	262.495758
1452.287109	273.616364
1448.730469	274.883118
1445.172852	263.500458
1441.613281	257.747742
1438.051758	244.279312
1434.488281	242.049973
1430.922852	241.225281
1427.356445	236.896927
1423.787109	229.070267
1420.216797	224.052139
1416.644531	223.937668
1413.070313	206.337021
1409.494141	213.222412
1405.916016	206.824753
1402.336914	208.814026
1398.754883	213.593246
1395.171875	201.623627
1391.585938	195.941910
1387.999023	192.356735
1384.410156	174.843414
1380.819336	171.272552
1377.226563	185.797974
1373.632813	181.529480
1370.036133	162.666962
1366.438477	175.784576
1362.837891	167.360886
1359.236328	163.804367
1355.632813	153.314133
1352.027344	158.088821
1348.419922	149.691223
1344.810547	148.921432
1341.199219	144.690872
1337.585938	147.384033
1333.970703	147.999588
1330.354492	142.393356
1326.735352	149.228561
1323.115234	140.174774
1319.493164	126.299141
1315.869141	135.201279
1312.242188	115.826866
1308.614258	117.145111
1304.984375	115.707001
1301.353516	114.270325
1297.719727	117.651207
1294.083984	109.338272
1290.446289	101.721214
1286.807617	94.798950
1283.166016	112.601143
1279.523438	102.249130
1275.877930	101.510132
1272.231445	98.715286
1268.582031	90.441956
1264.931641	91.764534
1261.279297	106.774750
1257.625000	93.037216
1253.968750	95.039970
1250.310547	104.557831
1246.650391	92.891838
1242.988281	79.189941
1239.324219	92.112617
1235.658203	86.608856
1231.990234	81.792397
1228.320313	69.487206
1224.648438	71.493553
1220.975586	83.025253
1217.299805	64.616982
1213.622070	73.420853
1209.943359	69.305603
1206.261719	74.023064
1202.578125	64.481697
1198.893555	67.161469
1195.206055	68.482323
1191.517578	60.991817
1187.826172	60.959785
1184.133789	64.312630
1180.438477	60.895729
1176.742188	62.216232
1173.042969	56.100330
1169.342773	62.826321
1165.639648	62.118038
1161.935547	58.036266
1158.228516	52.609798
1154.520508	51.907928
1150.809570	52.554314
1147.097656	48.486069
1143.382813	51.152710
1139.666992	41.035088
1135.948242	51.771011
1132.227539	53.759617
1128.505859	51.044617
1124.781250	44.976040
1121.055664	42.268505
1117.327148	44.928402
1113.596680	45.574802
1109.865234	45.550632
1106.130859	44.187450
1102.394531	38.141632
1098.657227	40.127762
1094.916992	44.117085
1091.174805	41.421291
1087.430664	38.728340
1083.684570	40.042484
1079.936523	35.352028
1076.186523	41.333179
1072.434570	33.315445
1068.680664	28.636007
1064.924805	34.611118
1061.166992	33.927406
1057.406250	33.244404
1053.644531	33.891178
1049.880859	29.887999
1046.114258	29.872019
1042.346680	29.192570
1038.576172	37.797409
1034.803711	23.859264
1031.030273	29.808102
1027.253906	27.143936
1023.475586	35.731377
1019.695313	24.469475
1015.913086	25.778305
1012.128906	29.728224
1008.342773	26.410889
1004.553711	23.757021
