4046.277344	329.125031
4043.892578	319.691498
4041.505859	335.281830
4039.119141	344.575714
4036.731445	352.815216
4034.342773	345.350372
4031.952148	355.675049
4029.561523	367.037170
4027.169922	398.250488
4024.777344	387.644440
4022.383789	369.735504
4019.989258	369.589264
4017.593750	361.094025
4015.197266	366.167175
4012.799805	384.792542
4010.401367	372.131500
4008.001953	398.033325
4005.601563	421.831390
4003.201172	420.622986
4000.798828	418.374634
3998.395508	397.402222
3995.991211	401.404053
3993.585938	403.323639
3991.180664	431.218597
3988.773438	420.660522
3986.365234	411.148987
3983.957031	445.234253
3981.546875	448.169373
3979.135742	444.879944
3976.724609	409.458313
3974.311523	435.199982
3971.898438	475.421875
3969.483398	476.267761
3967.068359	467.798218
3964.651367	480.026093
3962.234375	466.390900
3959.815430	486.879028
3957.396484	482.551392
3954.975586	498.884857
3952.554688	503.847870
3950.131836	494.357910
3947.708984	516.856506
3945.284180	524.899658
3942.859375	502.011475
3940.432617	552.300659
3938.005859	539.719543
3935.577148	530.237061
3933.148438	550.608032
3930.718750	558.617432
3928.287109	586.158813
3925.855469	561.253235
3923.421875	582.606018
3920.988281	562.856995
3918.552734	616.019348
3916.117188	618.850708
3913.680664	622.705566
3911.242188	599.895081
3908.803711	634.505554
3906.363281	625.028564
3903.922852	631.946655
3901.480469	632.716064
3899.038086	655.999512
3896.593750	684.378906
3894.149414	692.283752
3891.703125	678.716614
3889.256836	690.703918
3886.808594	669.998535
3884.360352	718.732727
3881.910156	740.893982
3879.459961	702.851013
3877.007813	711.744324
3874.555664	722.668884
3872.101563	757.018250
3869.646484	748.564575
3867.191406	755.388123
3864.734375	764.241211
3862.277344	775.121338
3859.818359	769.723511
3857.358398	755.182251
3854.897461	816.851379
3852.436523	815.504761
3849.973633	824.310608
3847.509766	801.651917
3845.044922	791.183350
3842.579102	836.488953
3840.113281	837.162964
3837.645508	874.307861
3835.176758	873.952759
3832.707031	887.769592
3830.236328	896.515625
3827.764648	898.174011
3825.291992	950.383118
3822.818359	927.762573
3820.343750	946.579224
3817.868164	942.154663
3815.390625	963.977844
3812.913086	953.495239
3810.434570	974.286926
3807.955078	1013.208313
3805.473633	998.686584
3802.992188	1015.404175
3800.509766	1007.941345
3798.025391	1050.810547
3795.541016	1061.448730
3793.054688	1066.043823
3790.568359	1064.603027
3788.080078	1111.397339
3785.591797	1096.880493
3783.101563	1092.415771
3780.610352	1109.031006
3778.119141	1161.748779
3775.625977	1166.287476
3773.131836	1153.781006
3770.636719	1229.460938
3768.140625	1219.942993
3765.643555	1248.477417
3763.145508	1262.977295
3760.646484	1234.449219
3758.146484	1267.941406
3755.645508	1309.401978
3753.143555	1314.859375
3750.639648	1313.320923
3748.135742	1342.730957
3745.630859	1385.089233
3743.124023	1392.500000
3740.617188	1382.953979
3738.108398	1382.385376
3735.599609	1385.801880
3733.088867	1407.140503
3730.577148	1422.488525
3728.064453	1445.783813
3725.551758	1466.075562
3723.037109	1436.639404
3720.521484	1476.793579
3718.004883	1493.072632
3715.487305	1534.162476
3712.967773	1489.856445
3710.448242	1554.724854
3707.927734	1569.951416
3705.406250	1548.485107
3702.882813	1603.338379
3700.359375	1600.695068
3697.833984	1669.342285
3695.308594	1686.467163
3692.781250	1644.219360
3690.252930	1669.250732
3687.723633	1720.949951
3685.193359	1721.226074
3682.662109	1743.230103
3680.129883	1792.858521
3677.596680	1766.458130
3675.062500	1762.767090
3672.527344	1778.799194
3669.990234	1792.846313
3667.453125	1806.881348
3664.915039	1854.387451
3662.375000	1810.304810
3659.833984	1869.576904
3657.292969	1863.883057
3654.750000	1929.964844
3652.206055	1926.215088
3649.661133	1883.173706
3647.115234	1912.831543
3644.568359	1986.633423
3642.019531	1975.015015
3639.470703	2038.921387
3636.920898	2016.506226
3634.369141	2064.662598
3631.817383	2141.183594
3629.263672	2078.609375
3626.708984	2082.636963
3624.153320	2123.835205
3621.596680	2217.803467
3619.039063	2195.375000
3616.480469	2196.413818
3613.920898	2241.400146
3611.360352	2252.179932
3608.797852	2321.499756
3606.235352	2300.046875
3603.670898	2313.711914
3601.105469	2364.399902
3598.540039	2453.038818
3595.972656	2436.432861
3593.404297	2458.775879
3590.834961	2458.720947
3588.264648	2514.101807
3585.692383	2535.409912
3583.120117	2582.937012
3580.545898	2588.655518
3577.971680	2613.787354
3575.395508	2620.457031
3572.818359	2637.791748
3570.240234	2677.415039
3567.661133	2736.390869
3565.081055	2783.689209
3562.500000	2753.466797
3559.917969	2860.739014
3557.333984	2845.990967
3554.750000	2863.175049
3552.164063	2927.721191
3549.577148	2932.290527
3546.989258	3008.344727
3544.400391	3015.771729
3541.810547	3022.226318
3539.219727	3047.971924
3536.626953	3076.588135
3534.034180	3104.215332
3531.439453	3204.091309
3528.844727	3217.191406
3526.248047	3189.840820
3523.650391	3291.476807
3521.051758	3267.002197
3518.451172	3327.168945
3515.850586	3375.749512
3513.249023	3382.973877
3510.645508	3467.983154
3508.041016	3470.360596
3505.436523	3538.946289
3502.830078	3582.534668
3500.222656	3576.228760
3497.613281	3621.679199
3495.003906	3683.375488
3492.393555	3688.522705
3489.781250	3710.893311
3487.167969	3801.173096
3484.553711	3824.431396
3481.938477	3833.329834
3479.322266	3890.951904
3476.705078	3955.210205
3474.086914	3999.363525
3471.466797	4010.076904
3468.845703	4096.140137
3466.224609	4117.290039
3463.601563	4248.981934
3460.977539	4257.661133
3458.351563	4256.809082
3455.725586	4378.751953
3453.098633	4437.791504
3450.469727	4460.637695
3447.839844	4504.378418
3445.208984	4583.241699
3442.577148	4663.936035
3439.944336	4628.724121
3437.310547	4670.416016
3434.674805	4671.278320
3432.039063	4733.775879
3429.401367	4804.750000
3426.762695	4935.353027
3424.123047	4913.365723
3421.481445	4977.542480
3418.839844	5012.329102
3416.197266	5167.208008
3413.552734	5221.735840
3410.907227	5211.952148
3408.260742	5304.197266
3405.613281	5347.261719
3402.963867	5352.534180
3400.314453	5403.085938
3397.663086	5470.567383
3395.011719	5592.662598
3392.358398	5552.587891
3389.704102	5662.297363
3387.047852	5690.948242
3384.391602	5858.845703
3381.733398	5877.038086
3379.075195	5949.746582
3376.415039	5937.806641
3373.753906	6006.666016
3371.090820	6175.939941
3368.427734	6194.888184
3365.762695	6266.358887
3363.097656	6350.895508
3360.430664	6358.490723
3357.762695	6392.313477
3355.092773	6494.478516
3352.422852	6590.000488
3349.750977	6653.621094
3347.079102	6663.867188
3344.405273	6850.819336
3341.729492	6892.745117
3339.053711	6922.487793
3336.376953	7103.480469
3333.698242	7018.293945
3331.018555	7158.033691
3328.337891	7145.636719
3325.656250	7288.926758
3322.973633	7354.751465
3320.289063	7358.113770
3317.604492	7512.293945
3314.917969	7549.083008
3312.230469	7581.187012
3309.541016	7690.435547
3306.851563	7721.518066
3304.160156	7886.348145
3301.467773	7992.532227
3298.774414	8028.078613
3296.080078	8228.742188
3293.384766	8128.750000
3290.687500	8236.492188
3287.990234	8322.826172
3285.291016	8435.018555
3282.589844	8458.233398
3279.888672	8579.519531
3277.186523	8681.272461
3274.482422	8668.284180
3271.777344	8820.739258
3269.071289	8857.582031
3266.364258	8783.581055
3263.655273	9050.236328
3260.945313	9129.365234
3258.234375	9200.124023
3255.522461	9366.689453
3252.809570	9356.193359
3250.095703	9482.016602
3247.379883	9618.775391
3244.663086	9658.789063
3241.945313	9695.085938
3239.226563	9787.433594
3236.505859	9942.194336
3233.784180	10055.479492
3231.061523	10241.204102
3228.337891	10236.771484
3225.613281	10374.543945
3222.886719	10426.908203
3220.160156	10568.139648
3217.431641	10504.003906
3214.702148	10667.969727
3211.970703	10803.412109
3209.239258	10921.346680
3206.505859	10990.698242
3203.771484	11230.956055
3201.035156	11157.541992
3198.298828	11424.916992
3195.560547	11450.089844
3192.821289	11560.116211
3190.081055	11631.728516
3187.339844	11754.340820
3184.596680	11753.791016
3181.853516	11880.791992
3179.108398	12093.286133
3176.361328	12189.982422
3173.614258	12182.861328
3170.865234	12309.441406
3168.115234	12492.273438
3165.364258	12559.535156
3162.612305	12771.159180
3159.858398	12616.696289
3157.104492	12613.923828
3154.347656	12905.065430
3151.590820	13095.299805
3148.833008	13176.602539
3146.073242	13286.821289
3143.312500	13405.996094
3140.550781	13496.096680
3137.787109	13485.684570
3135.023438	13679.668945
3132.257813	13685.450195
3129.491211	13907.180664
3126.722656	14084.457031
3123.954102	14230.878906
3121.183594	14320.316406
3118.412109	14435.831055
3115.638672	14406.079102
3112.865234	14604.359375
3110.089844	14598.874023
3107.313477	14875.226563
3104.536133	14923.622070
3101.756836	15059.236328
3098.976563	15106.600586
3096.195313	15017.291016
3093.413086	15415.924805
3090.628906	15470.242188
3087.844727	15510.144531
3085.058594	15715.107422
3082.270508	15961.144531
3079.482422	16127.171875
3076.692383	16245.555664
3073.901367	16431.009766
3071.109375	16507.066406
3068.315430	16678.808594
3065.520508	16713.531250
3062.724609	16804.550781
3059.927734	16985.751953
3057.128906	17191.804688
3054.329102	17389.634766
3051.528320	17391.812500
3048.726563	17600.968750
3045.922852	17732.349609
3043.118164	17977.708984
3040.312500	18045.539063
3037.505859	18137.347656
3034.697266	18189.902344
3031.887695	18463.083984
3029.077148	18647.074219
3026.264648	18871.792969
3023.452148	18903.470703
3020.637695	19011.505859
3017.821289	19233.976563
3015.004883	19334.658203
3012.186523	19562.101563
3009.367188	19744.115234
3006.545898	19994.208984
3003.724609	19980.074219
3000.901367	20035.900391
2998.077148	20393.503906
2995.250977	20580.914063
2992.423828	20605.431641
2989.595703	20934.890625
2986.766602	21058.177734
2983.935547	21048.873047
2981.104492	21410.341797
2978.270508	21444.115234
2975.436523	21701.882813
2972.600586	21986.746094
2969.763672	22074.837891
2966.925781	22207.765625
2964.085938	22181.208984
2961.245117	22581.498047
2958.403320	22717.525391
2955.560547	22902.666016
2952.715820	23261.654297
2949.870117	23379.609375
2947.023438	23554.529297
2944.174805	23705.589844
2941.325195	24111.814453
2938.474609	24063.412109
2935.622070	24363.916016
2932.768555	24401.294922
2929.914063	24727.640625
2927.058594	24916.251953
2924.201172	25203.566406
2921.342773	25314.818359
2918.483398	25669.000000
2915.622070	25656.720703
2912.759766	25913.466797
2909.896484	26386.496094
2907.032227	26551.044922
2904.166016	26677.929688
2901.298828	26989.535156
2898.429688	27187.560547
2895.559570	27388.015625
2892.688477	27549.970703
2889.816406	27771.826172
2886.942383	27904.740234
2884.067383	28367.095703
2881.191406	28359.671875
2878.314453	28835.296875
2875.435547	28944.888672
2872.554688	29259.226563
2869.673828	29378.925781
2866.791016	29814.187500
2863.907227	29983.792969
2861.021484	30390.650391
2858.134766	30693.205078
2855.247070	30777.326172
2852.358398	31062.113281
2849.467773	31401.994141
2846.576172	31441.564453
2843.682617	31689.351563
2840.789063	31872.125000
2837.893555	32142.791016
2834.996094	32427.011719
2832.097656	32669.564453
2829.198242	33252.468750
2826.297852	33244.480469
2823.395508	33034.910156
2820.492188	33581.535156
2817.587891	33859.988281
2814.681641	33778.578125
2811.774414	34201.136719
2808.866211	34386.078125
2805.956055	34574.281250
2803.044922	35074.031250
2800.131836	35013.667969
2797.218750	35412.367188
2794.303711	35558.562500
2791.386719	35789.480469
2788.468750	35940.496094
2785.549805	36238.675781
2782.629883	36376.492188
2779.708008	36588.617188
2776.785156	36797.117188
2773.860352	37124.253906
2770.935547	37303.250000
2768.007813	37449.617188
2765.080078	37632.554688
2762.150391	37624.156250
2759.219727	38100.253906
2756.287109	38031.949219
2753.353516	38134.992188
2750.418945	38571.847656
2747.482422	38697.523438
2744.544922	38632.429688
2741.606445	38862.570313
2738.666016	39017.667969
2735.724609	38989.027344
2732.782227	39205.070313
2729.837891	39373.351563
2726.892578	39477.812500
2723.945313	39906.250000
2720.997070	39493.917969
2718.047852	39865.992188
2715.097656	39792.074219
2712.145508	39936.695313
2709.191406	40027.847656
2706.237305	40211.976563
2703.281250	40203.949219
2700.323242	40161.261719
2697.364258	40377.148438
2694.404297	40607.187500
2691.443359	40493.421875
2688.480469	40669.171875
2685.515625	40476.175781
2682.550781	40581.777344
2679.583984	40629.128906
2676.615234	40776.652344
2673.646484	40630.210938
2670.674805	40861.722656
2667.703125	40500.867188
2664.729492	40683.441406
2661.754883	40775.078125
2658.778320	40476.027344
2655.800781	40387.136719
2652.821289	40117.882813
2649.840820	40045.988281
2646.859375	40184.593750
2643.876953	39731.386719
2640.892578	39973.023438
2637.906250	40194.332031
2634.918945	39763.457031
2631.930664	39670.925781
2628.941406	39611.078125
2625.950195	39449.308594
2622.957031	39319.414063
2619.963867	39341.605469
2616.967773	39156.769531
2613.971680	39018.808594
2610.973633	39146.136719
2607.974609	38709.882813
2604.973633	38438.144531
2601.971680	38332.355469
2598.967773	38229.980469
2595.962891	37989.578125
2592.957031	37825.054688
2589.949219	37722.183594
2586.940430	37302.839844
2583.929688	37003.453125
2580.917969	37005.656250
2577.905273	36641.937500
2574.890625	36637.640625
2571.875000	36249.531250
2568.857422	36217.222656
2565.838867	35831.292969
2562.819336	35944.050781
2559.797852	35129.132813
2556.775391	35000.582031
2553.750977	34805.179688
2550.725586	34519.875000
2547.698242	34236.472656
2544.669922	33968.179688
2541.640625	33861.027344
2538.609375	33279.707031
2535.577148	33417.800781
2532.542969	33001.175781
2529.507813	32683.763672
2526.471680	32397.091797
2523.433594	32261.265625
2520.393555	31893.599609
2517.353516	31390.605469
2514.310547	31522.474609
2511.267578	31038.982422
2508.222656	30807.158203
2505.175781	30472.957031
2502.127930	30245.685547
2499.079102	29964.501953
2496.028320	29443.449219
2492.976563	29279.189453
2489.922852	28699.142578
2486.868164	28677.753906
2483.812500	28320.996094
2480.754883	28186.132813
2477.695313	27914.087891
2474.634766	27521.384766
2471.573242	27202.519531
2468.509766	27006.359375
2465.445313	26663.535156
2462.378906	26646.349609
2459.311523	26243.679688
2456.242188	26009.185547
2453.171875	25632.404297
2450.100586	25174.576172
2447.027344	24957.142578
2443.953125	24580.529297
2440.876953	24218.886719
2437.799805	24070.410156
2434.720703	23868.468750
2431.640625	23682.128906
2428.558594	23445.656250
2425.475586	23210.205078
2422.390625	22812.054688
2419.304688	22708.337891
2416.217773	22344.781250
2413.128906	22053.587891
2410.038086	21739.195313
2406.946289	21467.136719
2403.853516	21095.908203
2400.758789	20872.046875
2397.663086	20767.896484
2394.565430	20486.269531
2391.466797	20283.957031
2388.366211	19912.486328
2385.264648	19887.933594
2382.161133	19685.353516
2379.056641	19288.085938
2375.950195	19037.667969
2372.842773	18913.781250
2369.734375	18525.447266
2366.624023	18372.964844
2363.511719	18225.439453
2360.398438	18000.957031
2357.284180	17798.347656
2354.167969	17664.916016
2351.049805	17301.460938
2347.930664	17172.378906
2344.810547	16778.234375
2341.688477	16695.949219
2338.564453	16473.666016
2335.439453	16367.586914
2332.313477	16049.695313
2329.185547	15852.785156
2326.056641	15718.366211
2322.925781	15509.804688
2319.792969	15315.000977
2316.660156	14930.501953
2313.524414	14904.393555
2310.387695	14654.336914
2307.250000	14527.195313
2304.110352	14263.204102
2300.969727	14212.762695
2297.827148	13975.408203
2294.682617	13697.717773
2291.537109	13719.923828
2288.390625	13429.097656
2285.242188	13384.697266
2282.092773	13125.244141
2278.941406	12986.614258
2275.788086	12760.884766
2272.633789	12561.517578
2269.478516	12496.214844
2266.321289	12264.684570
2263.162109	12093.518555
2260.001953	11920.925781
2256.840820	11731.885742
2253.676758	11677.378906
2250.512695	11399.354492
2247.346680	11212.392578
2244.178711	11254.480469
2241.009766	11029.888672
2237.838867	10848.870117
2234.666992	10720.035156
2231.493164	10656.700195
2228.318359	10454.055664
2225.141602	10298.030273
2221.963867	10043.032227
2218.784180	10063.464844
2215.602539	9890.543945
2212.419922	9629.016602
2209.236328	9392.073242
2206.050781	9499.871094
2202.863281	9235.750000
2199.674805	9058.903320
2196.485352	8980.964844
2193.292969	8853.747070
2190.100586	8809.638672
2186.905273	8749.916992
2183.709961	8482.964844
2180.511719	8528.995117
2177.312500	8330.380859
2174.112305	8224.901367
2170.910156	8072.675293
2167.706055	8007.989746
2164.500977	7850.544434
2161.294922	7807.848633
2158.085938	7658.433594
2154.876953	7597.170410
2151.665039	7505.601074
2148.452148	7416.449707
2145.238281	7283.825195
2142.022461	7172.312988
2138.804688	7094.316895
2135.585938	7015.615723
2132.365234	6868.671875
2129.143555	6790.922852
2125.919922	6708.591797
2122.695313	6680.600098
2119.468750	6548.031250
2116.240234	6395.449707
2113.010742	6325.064453
2109.780273	6137.912109
2106.546875	6215.421387
2103.312500	6023.856934
2100.077148	5978.496094
2096.839844	5894.564453
2093.600586	5791.413574
2090.360352	5729.248535
2087.119141	5670.996582
2083.875000	5544.969238
2080.629883	5489.937988
2077.383789	5417.246094
2074.135742	5291.514160
2070.885742	5249.754395
2067.634766	5240.328125
2064.381836	5093.334473
2061.127930	5080.915039
2057.871094	4934.133789
2054.614258	4905.682129
2051.355469	4790.572266
2048.094727	4722.341797
2044.832031	4697.091797
2041.568359	4596.029785
2038.303711	4527.219727
2035.037109	4491.379883
2031.768555	4441.040039
2028.498047	4367.810547
2025.226563	4254.912109
2021.954102	4163.507324
2018.678711	4150.059082
2015.403320	4056.499512
2012.125000	4041.587158
2008.845703	3996.956299
2005.564453	3921.125488
2002.282227	3843.081543
1998.998047	3800.889160
1995.712891	3684.170166
1992.424805	3656.541748
1989.136719	3635.019531
1985.845703	3508.666992
1982.553711	3584.438965
1979.260742	3401.300781
1975.964844	3368.557129
1972.667969	3316.127441
1969.370117	3299.370605
1966.070313	3294.750244
1962.768555	3243.185059
1959.465820	3191.668457
1956.161133	3072.872559
1952.854492	3082.731445
1949.546875	2993.574951
1946.237305	2945.294922
1942.925781	2943.872070
1939.613281	2881.321777
1936.298828	2781.869629
1932.982422	2807.666504
1929.665039	2695.533203
1926.346680	2711.552734
1923.025391	2677.115234
1919.703125	2618.630859
1916.378906	2626.387939
1913.053711	2564.975586
1909.726563	2483.334229
1906.397461	2479.126221
1903.067383	2438.139160
1899.735352	2445.209717
1896.401367	2357.781250
1893.066406	2312.412354
1889.729492	2312.787842
1886.390625	2230.041260
1883.050781	2212.491211
1879.708984	2159.796143
1876.365234	2173.700928
1873.020508	2102.389648
1869.673828	2075.968262
1866.326172	2041.358276
1862.975586	2078.425293
1859.624023	1985.663818
1856.271484	1974.258545
1852.916016	1865.987305
1849.559570	1866.567261
1846.202148	1889.480225
1842.841797	1845.399902
1839.480469	1827.393066
1836.118164	1826.500977
1832.752930	1760.223022
1829.386719	1722.972778
1826.018555	1703.573364
1822.649414	1648.579346
1819.278320	1651.480957
1815.905273	1638.813721
1812.531250	1594.301880
1809.154297	1561.680664
1805.777344	1540.932617
1802.397461	1503.929688
1799.016602	1489.883545
1795.633789	1488.414185
1792.249023	1439.670776
1788.863281	1413.862061
1785.475586	1430.878906
1782.085938	1354.942993
1778.694336	1348.379883
1775.301758	1318.243042
1771.907227	1281.506958
1768.510742	1300.016479
1765.113281	1247.137329
1761.713867	1239.905151
1758.312500	1265.756836
1754.910156	1238.684937
1751.505859	1202.827271
1748.099609	1174.344116
1744.691406	1196.507080
1741.282227	1114.527466
1737.871094	1123.505371
1734.458008	1102.440552
1731.042969	1085.056885
1727.626953	1065.494629
1724.208984	1045.951172
1720.790039	1017.653687
1717.368164	998.882935
1713.945313	972.096497
1710.520508	975.995728
1707.093750	966.757324
1703.666016	955.339905
1700.236328	957.782532
1696.804688	931.809143
1693.371094	908.045593
1689.936523	899.589478
1686.500000	891.868835
1683.061523	868.159241
1679.622070	848.833191
1676.179688	833.884277
1672.736328	820.401917
1669.291016	812.012146
1665.844727	804.355713
1662.396484	766.984070
1658.945313	755.009399
1655.494141	714.801941
1652.040039	705.036072
1648.584961	751.712341
1645.126953	715.904358
1641.668945	703.983276
1638.208008	681.959961
1634.745117	698.949280
1631.281250	662.515930
1627.815430	650.644043
1624.347656	653.924194
1620.878906	621.890625
1617.408203	600.692566
1613.935547	610.470947
1610.460938	600.811829
1606.984375	569.586853
1603.506836	583.678223
1600.027344	573.327759
1596.545898	544.316895
1593.062500	551.221619
1589.577148	537.315308
1586.090820	537.763000
1582.602539	510.977020
1579.112305	491.380646
1575.620117	518.339783
1572.126953	503.767975
1568.630859	497.078003
1565.133789	491.824280
1561.634766	479.430573
1558.133789	462.764252
1554.631836	437.549103
1551.127930	421.633606
1547.621094	444.239471
1544.114258	427.623535
1540.604492	414.585876
1537.092773	405.121094
1533.580078	396.377319
1530.065430	386.219635
1526.548828	392.422974
1523.030273	370.197784
1519.509766	374.272003
1515.988281	380.471466
1512.463867	347.643311
1508.938477	347.467560
1505.411133	350.126862
1501.882813	334.364929
1498.351563	337.735901
1494.818359	324.118896
1491.284180	326.076691
1487.748047	318.134827
1484.209961	302.428162
1480.669922	276.143555
1477.128906	307.062653
1473.584961	313.256592
1470.040039	282.775024
1466.493164	284.041016
1462.944336	274.738708
1459.393555	271.078552
1455.840820	250.532150
1452.287109	270.802826
1448.730469	260.822601
1445.172852	241.015091
1441.613281	244.403870
1438.051758	259.020294
1434.488281	225.913315
1430.922852	230.005508
1427.356445	231.289886
1423.787109	236.775986
1420.216797	217.750671
1416.644531	212.040985
1413.070313	233.615479
1409.494141	219.514221
1405.916016	204.728561
1402.336914	207.417282
1398.754883	196.142822
1395.171875	193.251724
1391.585938	187.574280
1387.999023	187.478119
1384.410156	182.505875
1380.819336	183.804703
1377.226563	176.055756
1373.632813	181.529480
1370.036133	155.020218
1366.438477	166.752167
1362.837891	154.166458
1359.236328	163.804367
1355.632813	154.701599
1352.027344	152.541840
1348.419922	148.998199
1344.810547	147.536118
1341.199219	146.767776
1337.585938	145.308197
1333.970703	136.242615
1330.354492	136.863525
1326.735352	131.265869
1323.115234	128.435989
1319.493164	131.820419
1315.869141	130.372665
1312.242188	122.721321
1308.614258	126.792351
1304.984375	112.263336
1301.353516	123.907578
1297.719727	115.587151
1294.083984	107.275291
1290.446289	109.281570
1286.807617	101.668434
1283.166016	113.287735
1279.523438	105.680313
1275.877930	106.311287
1272.231445	90.489014
1268.582031	104.145287
1264.931641	104.091110
1261.279297	86.241142
1257.625000	93.037216
1253.968750	90.937531
1250.310547	86.789833
1246.650391	88.110641
1242.988281	83.968651
1239.324219	84.607147
1235.658203	89.336693
1231.990234	76.339569
1228.320313	71.530945
1224.648438	77.621574
1220.975586	80.303116
1217.299805	71.418770
1213.622070	63.223515
1209.943359	76.100266
1206.261719	80.814171
1202.578125	64.481697
1198.893555	75.302254
1195.206055	64.414063
1191.517578	64.380249
1187.826172	75.183739
1184.133789	57.542881
1180.438477	55.482777
1176.742188	66.950073
1173.042969	68.266670
1169.342773	57.421906
1165.639648	60.092449
1161.935547	56.686588
1158.228516	47.888409
1154.520508	46.514896
1150.809570	52.554314
1147.097656	53.873409
1143.382813	43.075966
1139.666992	43.053207
1135.948242	42.358101
1132.227539	38.975723
1128.505859	44.328220
1124.781250	44.976040
1121.055664	41.597576
1117.327148	48.951839
1113.596680	48.925892
1109.865234	51.579395
1106.130859	44.856960
1102.394531	50.855511
1098.657227	37.452579
1094.916992	48.127731
1091.174805	39.417034
1087.430664	37.392879
1083.684570	34.703484
1079.936523	33.350971
1076.186523	31.999880
1072.434570	38.645916
1068.680664	32.631729
1064.924805	31.948725
1061.166992	30.601189
1057.406250	34.574181
1053.644531	34.555710
1049.880859	29.223822
1046.114258	32.527309
1042.346680	28.529102
1038.576172	33.818733
1034.803711	28.498566
1031.030273	29.145700
1027.253906	27.143936
1023.475586	27.129379
1019.695313	37.696220
1015.913086	30.405180
1012.128906	31.710106
1008.342773	26.410889
1004.553711	27.716524
