4046.277344	164.562515
4043.892578	168.755188
4041.505859	157.163361
4039.119141	148.722641
4036.731445	154.945557
4034.342773	173.721695
4031.952148	156.915466
4029.561523	166.264709
4027.169922	175.606506
4024.777344	175.537109
4022.383789	180.689957
4019.989258	185.838669
4017.593750	189.939636
4015.197266	188.821243
4012.799805	181.446884
4010.401367	182.417404
4008.001953	187.554977
4005.601563	181.231262
4003.201172	174.912521
4000.798828	190.454132
3998.395508	216.386536
3995.991211	205.901566
3993.585938	216.214737
3991.180664	203.659866
3988.773438	204.617584
3986.365234	206.612747
3983.957031	213.795456
3981.546875	209.560684
3979.135742	221.921463
3976.724609	210.430466
3974.311523	222.780930
3971.898438	237.193054
3969.483398	231.921692
3967.068359	225.619492
3964.651367	246.220276
3962.234375	241.985535
3959.815430	232.585510
3957.396484	249.025452
3954.975586	242.728653
3952.554688	232.306900
3950.131836	274.528595
3947.708984	254.817474
3945.284180	267.090393
3942.859375	257.706085
3940.432617	235.964279
3938.005859	271.919769
3935.577148	275.929169
3933.148438	258.322662
3930.718750	277.765564
3928.287109	262.228943
3925.855469	279.598663
3923.421875	278.458954
3920.988281	282.455627
3918.552734	296.715973
3916.117188	291.465363
3913.680664	300.581085
3911.242188	292.256561
3908.803711	302.389557
3906.363281	313.538910
3903.922852	304.194733
3901.480469	325.572357
3899.038086	325.441254
3896.593750	329.402100
3894.149414	323.133911
3891.703125	347.535614
3889.256836	358.634735
3886.808594	342.148651
3884.360352	365.491913
3881.910156	340.852051
3879.459961	336.634003
3877.007813	359.950928
3874.555664	344.516327
3872.101563	368.829895
3869.646484	363.588501
3867.191406	374.639923
3864.734375	370.417847
3862.277344	370.267944
3859.818359	403.672699
3857.358398	393.345245
3854.897461	414.521576
3852.436523	392.011017
3849.973633	403.018860
3847.509766	410.973450
3845.044922	401.677704
3842.579102	421.793243
3840.113281	443.919342
3837.645508	464.001160
3835.176758	439.508118
3832.707031	453.501465
3830.236328	449.269653
3827.764648	471.339081
3825.291992	476.202606
3822.818359	463.881287
3820.343750	478.845856
3817.868164	491.778473
3815.390625	470.380798
3812.913086	488.351013
3810.434570	499.246399
3807.955078	535.336914
3805.473633	531.087646
3802.992188	501.658020
3800.509766	518.571228
3798.025391	522.385681
3795.541016	529.215210
3793.054688	535.033325
3790.568359	531.798889
3788.080078	555.698669
3785.591797	593.641357
3783.101563	571.309387
3780.610352	576.093933
3778.119141	595.922974
3775.625977	603.701721
3773.131836	596.437622
3770.636719	600.201416
3768.140625	619.987427
3765.643555	621.735779
3763.145508	648.501831
3760.646484	672.244629
3758.146484	649.969971
3755.645508	633.710571
3753.143555	638.446167
3750.639648	699.106201
3748.135742	674.859558
3745.630859	691.546692
3743.124023	699.242493
3740.617188	687.987183
3738.108398	711.624451
3735.599609	732.253296
3733.088867	737.927185
3730.577148	756.536926
3728.064453	756.225525
3725.551758	782.768982
3723.037109	762.562256
3720.521484	795.043640
3718.004883	780.808411
3715.487305	808.290100
3712.967773	820.860291
3710.448242	812.584351
3707.927734	807.290222
3705.406250	809.931091
3702.882813	854.188904
3700.359375	882.561462
3697.833984	845.562439
3695.308594	880.842590
3692.781250	872.564087
3690.252930	860.336609
3687.723633	922.255249
3685.193359	874.446106
3682.662109	909.640137
3680.129883	916.174377
3677.596680	927.637207
3675.062500	924.293640
3672.527344	966.309998
3669.990234	986.607605
3667.453125	970.435181
3664.915039	989.728821
3662.375000	1015.896973
3659.833984	987.923828
3657.292969	1023.906189
3654.750000	1055.925781
3652.206055	1025.021606
3649.661133	1083.537109
3647.115234	1064.429932
3644.568359	1089.507446
3642.019531	1098.865845
3639.470703	1056.237793
3636.920898	1087.168457
3634.369141	1135.711304
3631.817383	1151.890137
3629.263672	1185.678711
3626.708984	1152.888428
3624.153320	1173.930176
3621.596680	1237.980225
3619.039063	1211.072876
3616.480469	1206.659668
3613.920898	1265.731812
3611.360352	1266.180054
3608.797852	1232.473389
3606.235352	1303.164917
3603.670898	1323.096069
3601.105469	1315.721313
3598.540039	1319.068481
3595.972656	1318.517334
3593.404297	1349.114624
3590.834961	1374.821045
3588.264648	1379.108887
3585.692383	1452.416626
3583.120117	1377.955200
3580.545898	1417.203857
3577.971680	1450.593628
3575.395508	1453.868408
3572.818359	1488.184082
3570.240234	1490.469727
3567.661133	1553.820190
3565.081055	1552.199829
3562.500000	1542.832397
3559.917969	1575.100708
3557.333984	1594.761353
3554.750000	1608.601440
3552.164063	1620.495605
3549.577148	1632.379272
3546.989258	1680.963257
3544.400391	1679.291382
3541.810547	1707.543457
3539.219727	1740.595459
3536.626953	1707.072388
3534.034180	1807.578857
3531.439453	1806.818359
3528.844727	1863.851929
3526.248047	1825.517090
3523.650391	1856.508423
3521.051758	1899.979248
3518.451172	1932.835083
3515.850586	1959.895630
3513.249023	1964.834351
3510.645508	1972.649536
3508.041016	2023.656982
3505.436523	2047.752563
3502.830078	2029.623413
3500.222656	2093.004639
3497.613281	2131.414307
3495.003906	2142.009766
3492.393555	2185.152832
3489.781250	2198.586914
3487.167969	2208.182129
3484.553711	2198.641602
3481.938477	2291.394287
3479.322266	2322.913574
3476.705078	2306.648682
3474.086914	2323.812500
3471.466797	2316.148682
3468.845703	2423.915283
3466.224609	2397.143799
3463.601563	2454.268311
3460.977539	2457.039307
3458.351563	2565.513184
3455.725586	2522.541992
3453.098633	2581.416748
3450.469727	2573.664307
3447.839844	2620.106934
3445.208984	2632.299316
3442.577148	2656.828857
3439.944336	2783.880859
3437.310547	2808.323730
3434.674805	2758.748291
3432.039063	2808.782959
3429.401367	2925.125000
3426.762695	2884.087891
3424.123047	2930.214844
3421.481445	2955.475098
3418.839844	3030.864502
3416.197266	3060.788086
3413.552734	3127.557861
3410.907227	3086.534180
3408.260742	3142.843262
3405.613281	3193.437988
3402.963867	3301.563232
3400.314453	3307.703613
3397.663086	3318.552979
3395.011719	3388.778564
3392.358398	3439.156006
3389.704102	3416.026611
3387.047852	3501.180664
3384.391602	3517.565918
3381.733398	3577.204834
3379.075195	3649.014893
3376.415039	3638.997803
3373.753906	3637.443115
3371.090820	3734.485840
3368.427734	3786.390625
3365.762695	3880.469971
3363.097656	3910.696289
3360.430664	3958.706299
3357.762695	3964.508545
3355.092773	4096.747559
3352.422852	4143.676758
3349.750977	4110.084961
3347.079102	4164.449219
3344.405273	4228.115723
3341.729492	4308.549805
3339.053711	4291.755859
3336.376953	4355.282227
3333.698242	4428.087402
3331.018555	4408.460449
3328.337891	4570.708008
3325.656250	4512.814453
3322.973633	4714.011230
3320.289063	4657.034180
3317.604492	4765.823730
3314.917969	4775.874512
3312.230469	4875.214844
3309.541016	4912.171875
3306.851563	4961.177246
3304.160156	5050.086914
3301.467773	5137.061523
3298.774414	5128.354004
3296.080078	5169.754395
3293.384766	5244.504395
3290.687500	5198.677246
3287.990234	5361.375488
3285.291016	5363.697266
3282.589844	5426.193359
3279.888672	5500.664551
3277.186523	5534.369141
3274.482422	5614.274414
3271.777344	5682.093750
3269.071289	5760.938965
3266.364258	5835.097656
3263.655273	5836.271484
3260.945313	5965.687500
3258.234375	6011.989746
3255.522461	6112.638184
3252.809570	6023.383301
3250.095703	6238.144531
3247.379883	6240.972168
3244.663086	6340.420898
3241.945313	6377.232422
3239.226563	6389.185547
3236.505859	6535.306152
3233.784180	6543.502441
3231.061523	6625.149414
3228.337891	6726.916016
3225.613281	6776.298340
3222.886719	6811.879883
3220.160156	6995.926758
3217.431641	6983.732910
3214.702148	7094.273438
3211.970703	7095.775391
3209.239258	7271.137207
3206.505859	7278.959473
3203.771484	7424.828613
3201.035156	7544.980469
3198.298828	7591.947754
3195.560547	7586.825684
3192.821289	7707.657227
3190.081055	7773.643555
3187.339844	7866.015625
3184.596680	7851.659668
3181.853516	7984.912598
3179.108398	8091.637207
3176.361328	8112.697266
3173.614258	8187.421387
3170.865234	8293.911133
3168.115234	8376.668945
3165.364258	8502.971680
3162.612305	8565.578125
3159.858398	8666.260742
3157.104492	8684.267578
3154.347656	8710.419922
3151.590820	8826.315430
3148.833008	8913.104492
3146.073242	9024.275391
3143.312500	9110.897461
3140.550781	9126.836914
3137.787109	9149.999023
3135.023438	9354.917969
3132.257813	9255.012695
3129.491211	9536.506836
3126.722656	9505.247070
3123.954102	9680.752930
3121.183594	9552.893555
3118.412109	9785.046875
3115.638672	9838.474609
3112.865234	9826.962891
3110.089844	9948.782227
3107.313477	9899.409180
3104.536133	10019.284180
3101.756836	10141.750977
3098.976563	10239.827148
3096.195313	10318.938477
3093.413086	10378.210938
3090.628906	10466.166992
3087.844727	10600.722656
3085.058594	10704.649414
3082.270508	10846.152344
3079.482422	10907.738281
3076.692383	10937.903320
3073.901367	11037.904297
3071.109375	11102.897461
3068.315430	11227.790039
3065.520508	11321.261719
3062.724609	11324.338867
3059.927734	11339.028320
3057.128906	11392.117188
3054.329102	11515.699219
3051.528320	11557.945313
3048.726563	11711.674805
3045.922852	11851.887695
3043.118164	11966.123047
3040.312500	11967.097656
3037.505859	12055.347656
3034.697266	12036.689453
3031.887695	12238.721680
3029.077148	12274.248047
3026.264648	12305.294922
3023.452148	12381.631836
3020.637695	12354.858398
3017.821289	12457.735352
3015.004883	12667.902344
3012.186523	12636.591797
3009.367188	12781.758789
3006.545898	12782.326172
3003.724609	12910.460938
3000.901367	13007.484375
2998.077148	13145.135742
2995.250977	13050.858398
2992.423828	13160.061523
2989.595703	13172.812500
2986.766602	13210.289063
2983.935547	13281.289063
2981.104492	13444.032227
2978.270508	13393.968750
2975.436523	13565.331055
2972.600586	13572.555664
2969.763672	13516.321289
2966.925781	13714.696289
2964.085938	13659.321289
2961.245117	13734.240234
2958.403320	13731.677734
2955.560547	13913.762695
2952.715820	13943.633789
2949.870117	13940.969727
2947.023438	13970.793945
2944.174805	14074.316406
2941.325195	14090.009766
2938.474609	14211.794922
2935.622070	14322.072266
2932.768555	14084.409180
2929.914063	14227.041016
2927.058594	14313.517578
2924.201172	14336.037109
2921.342773	14250.955078
2918.483398	14408.105469
2915.622070	14443.647461
2912.759766	14505.357422
2909.896484	14617.645508
2907.032227	14579.730469
2904.166016	14661.346680
2901.298828	14609.486328
2898.429688	14675.321289
2895.559570	14663.563477
2892.688477	14753.687500
2889.816406	14762.785156
2886.942383	14820.587891
2884.067383	14835.724609
2881.191406	14763.926758
2878.314453	14893.747070
2875.435547	14953.107422
2872.554688	15030.638672
2869.673828	15003.112305
2866.791016	15075.338867
2863.907227	15156.166016
2861.021484	15120.808594
2858.134766	15098.469727
2855.247070	15073.548828
2852.358398	15187.095703
2849.467773	15217.502930
2846.576172	15041.253906
2843.682617	15261.804688
2840.789063	15227.341797
2837.893555	15127.289063
2834.996094	15155.906250
2832.097656	15117.210938
2829.198242	15169.078125
2826.297852	15224.341797
2823.395508	15120.182617
2820.492188	15175.410156
2817.587891	15190.130859
2814.681641	15009.546875
2811.774414	15048.397461
2808.866211	15110.415039
2805.956055	14966.179688
2803.044922	15122.632813
2800.131836	15074.649414
2797.218750	14940.905273
2794.303711	15073.990234
2791.386719	15082.655273
2788.468750	15059.605469
2785.549805	14907.248047
2782.629883	14933.939453
2779.708008	14947.767578
2776.785156	14740.058594
2773.860352	14791.567383
2770.935547	14895.151367
2768.007813	14635.629883
2765.080078	14651.245117
2762.150391	14590.039063
2759.219727	14704.597656
2756.287109	14640.003906
2753.353516	14666.649414
2750.418945	14568.047852
2747.482422	14472.936523
2744.544922	14481.735352
2741.606445	14413.110352
2738.666016	14284.171875
2735.724609	14330.426758
2732.782227	14156.607422
2729.837891	14359.962891
2726.892578	14026.709961
2723.945313	14176.483398
2720.997070	14068.325195
2718.047852	14070.450195
2715.097656	13952.261719
2712.145508	13856.193359
2709.191406	13728.041992
2706.237305	13800.525391
2703.281250	13652.208984
2700.323242	13711.126953
2697.364258	13597.620117
2694.404297	13458.874023
2691.443359	13573.501953
2688.480469	13252.625000
2685.515625	13293.013672
2682.550781	13163.913086
2679.583984	13290.248047
2676.615234	13169.679688
2673.646484	13093.836914
2670.674805	12993.654297
2667.703125	12854.026367
2664.729492	12748.150391
2661.754883	12590.264648
2658.778320	12586.233398
2655.800781	12536.023438
2652.821289	12353.259766
2649.840820	12320.809570
2646.859375	12285.031250
2643.876953	12148.712891
2640.892578	12046.859375
2637.906250	12017.103516
2634.918945	11948.035156
2631.930664	11897.429688
2628.941406	11636.151367
2625.950195	11606.621094
2622.957031	11505.268555
2619.963867	11558.485352
2616.967773	11400.484375
2613.971680	11250.964844
2610.973633	11214.987305
2607.974609	11101.523438
2604.973633	10900.679688
2601.971680	10779.126953
2598.967773	10804.178711
2595.962891	10684.438477
2592.957031	10558.150391
2589.949219	10532.553711
2586.940430	10364.900391
2583.929688	10279.614258
2580.917969	10174.479492
2577.905273	10042.057617
2574.890625	10036.642578
2571.875000	9948.332031
2568.857422	9812.041992
2565.838867	9726.393555
2562.819336	9650.754883
2559.797852	9424.586914
2556.775391	9491.403320
2553.750977	9394.471680
2550.725586	9234.827148
2547.698242	9077.802734
2544.669922	8942.383789
2541.640625	8863.197266
2538.609375	8658.711914
2535.577148	8677.828125
2532.542969	8608.751953
2529.507813	8636.927734
2526.471680	8432.085938
2523.433594	8347.574219
2520.393555	8224.477539
2517.353516	8081.759277
2514.310547	8112.564453
2511.267578	8022.593262
2508.222656	7934.343750
2505.175781	7842.069824
2502.127930	7731.832031
2499.079102	7601.195801
2496.028320	7458.384277
2492.976563	7364.030762
2489.922852	7372.925293
2486.868164	7270.508789
2483.812500	7152.642578
2480.754883	7128.909668
2477.695313	6921.313965
2474.634766	6896.071289
2471.573242	6779.400879
2468.509766	6743.632324
2465.445313	6713.604980
2462.378906	6606.957520
2459.311523	6569.681152
2456.242188	6526.734863
2453.171875	6326.676758
2450.100586	6265.158691
2447.027344	6136.175293
2443.953125	6121.145508
2440.876953	6022.415039
2437.799805	5960.330566
2434.720703	5813.041992
2431.640625	5864.733887
2428.558594	5724.111328
2425.475586	5656.595215
2422.390625	5602.107422
2419.304688	5509.592773
2416.217773	5423.640137
2413.128906	5322.386719
2410.038086	5243.877441
2406.946289	5184.845703
2403.853516	5159.004395
2400.758789	5116.220703
2397.663086	5058.132324
2394.565430	5033.994629
2391.466797	4950.985840
2388.366211	4923.691895
2385.264648	4846.449707
2382.161133	4718.523438
2379.056641	4693.786133
2375.950195	4553.973145
2372.842773	4500.369629
2369.734375	4515.165527
2366.624023	4401.345703
2363.511719	4302.894043
2360.398438	4280.015137
2357.284180	4283.643066
2354.167969	4170.136230
2351.049805	4194.657715
2347.930664	4073.280029
2344.810547	3982.457275
2341.688477	3909.334473
2338.564453	4037.176758
2335.439453	3884.091797
2332.313477	3792.721191
2329.185547	3760.580322
2326.056641	3797.972656
2322.925781	3695.586426
2319.792969	3609.257568
2316.660156	3611.562012
2313.524414	3538.108887
2310.387695	3514.139648
2307.250000	3544.364746
2304.110352	3462.282959
2300.969727	3322.970459
2297.827148	3291.186035
2294.682617	3269.767578
2291.537109	3246.778320
2288.390625	3217.454102
2285.242188	3112.720215
2282.092773	3098.563965
2278.941406	3089.179932
2275.788086	3037.777344
2272.633789	2966.607422
2269.478516	2974.723389
2266.321289	2914.733398
2263.162109	2785.149902
2260.001953	2832.099854
2256.840820	2777.792969
2253.676758	2729.068604
2250.512695	2766.496338
2247.346680	2676.761230
2244.178711	2667.611816
2241.009766	2622.181885
2237.838867	2546.831299
2234.666992	2545.634033
2231.493164	2531.045166
2228.318359	2415.684326
2225.141602	2399.594727
2221.963867	2386.665771
2218.784180	2368.244141
2215.602539	2337.264648
2212.419922	2280.391357
2209.236328	2214.148682
2206.050781	2190.346191
2202.863281	2172.840820
2199.674805	2109.092041
2196.485352	2101.827881
2193.292969	2105.535889
2190.100586	2030.162842
2186.905273	2019.031006
2183.709961	2036.068115
2180.511719	1977.250732
2177.312500	1949.746704
2174.112305	1966.009155
2170.910156	1912.771240
2167.706055	1893.918457
2164.500977	1836.083618
2161.294922	1818.063232
2158.085938	1784.474243
2154.876953	1824.909912
2151.665039	1774.999512
2148.452148	1762.486450
2145.238281	1708.762817
2142.022461	1674.524414
2138.804688	1630.216553
2135.585938	1665.946533
2132.365234	1615.473145
2129.143555	1576.685913
2125.919922	1539.486084
2122.695313	1534.103882
2119.468750	1548.096802
2116.240234	1479.209106
2113.010742	1446.768555
2109.780273	1460.007568
2106.546875	1384.298218
2103.312500	1426.153687
2100.077148	1434.746460
2096.839844	1380.778320
2093.600586	1353.105103
2090.360352	1338.573364
2087.119141	1280.099854
2083.875000	1304.925415
2080.629883	1297.369629
2077.383789	1297.520874
2074.135742	1274.581421
2070.885742	1235.507813
2067.634766	1225.690796
2064.381836	1202.048462
2061.127930	1177.659912
2057.871094	1202.436035
2054.614258	1136.626221
2051.355469	1096.960571
2048.094727	1107.170288
2044.832031	1097.444214
2041.568359	1084.663086
2038.303711	1054.284058
2035.037109	1056.840332
2031.768555	1033.386963
2028.498047	1000.016785
2025.226563	1007.943420
2021.954102	966.978577
2018.678711	964.987976
2015.403320	934.002136
2012.125000	952.621704
2008.845703	927.769531
2005.564453	927.324097
2002.282227	860.618713
1998.998047	875.430115
1995.712891	876.531189
1992.424805	870.025696
1989.136719	825.518860
1985.845703	842.596741
1982.553711	815.611755
1979.260742	790.170532
1975.964844	780.685852
1972.667969	766.660156
1969.370117	752.647583
1966.070313	746.981750
1962.768555	735.263306
1959.465820	700.850159
1956.161133	735.310669
1952.854492	708.491394
1949.546875	675.651611
1946.237305	701.764282
1942.925781	673.489075
1939.613281	677.691711
1936.298828	629.088745
1932.982422	637.831848
1929.665039	633.001892
1926.346680	622.150696
1923.025391	633.895142
1919.703125	622.301025
1916.378906	616.734863
1913.053711	609.670349
1909.726563	589.838806
1906.397461	573.781433
1903.067383	590.768311
1899.735352	549.215576
1896.401367	567.697327
1893.066406	561.425232
1889.729492	560.403442
1886.390625	533.921875
1883.050781	523.932312
1879.708984	513.952209
1876.365234	523.423035
1873.020508	482.809723
1869.673828	499.009277
1866.326172	479.353333
1862.975586	495.538422
1859.624023	468.443634
1856.271484	439.883911
1852.916016	459.044800
1849.559570	446.903564
1846.202148	450.408020
1842.841797	419.679657
1839.480469	412.037354
1836.118164	422.243622
1832.752930	404.947876
1829.386719	406.978027
1826.018555	397.129303
1822.649414	397.677094
1819.278320	381.168030
1815.905273	385.428833
1812.531250	365.237366
1809.154297	373.203918
1805.777344	364.879822
1802.397461	349.166168
1799.016602	345.298065
1795.633789	345.128815
1792.249023	352.346283
1788.863281	341.098816
1785.475586	326.172516
1782.085938	320.849304
1778.694336	324.377869
1775.301758	309.481323
1771.907227	311.538757
1768.510742	299.607422
1765.113281	306.817841
1761.713867	305.931519
1758.312500	280.789246
1754.910156	287.263245
1751.505859	277.575531
1748.099609	273.035004
1744.691406	274.367676
1741.282227	275.698914
1737.871094	279.227356
1734.458008	254.183975
1731.042969	247.469131
1727.626953	248.078751
1724.208984	242.836212
1720.790039	253.682343
1717.368164	231.635620
1713.945313	227.869354
1710.520508	234.326569
1707.093750	218.888458
1703.666016	239.928879
1700.236328	218.671814
1696.804688	216.377884
1693.371094	219.183411
1689.936523	216.891312
1686.500000	199.324677
1683.061523	201.407120
1679.622070	196.946747
1676.179688	194.669861
1672.736328	190.217072
1669.291016	185.768646
1665.844727	182.775146
1662.396484	185.584045
1658.945313	181.144287
1655.494141	177.433105
1652.040039	174.449387
1648.584961	176.533020
1645.126953	162.705536
1641.668945	168.406677
1638.208008	155.319275
1634.745117	152.353622
1631.281250	154.442719
1627.815430	150.037643
1624.347656	149.241791
1620.878906	156.373413
1617.408203	159.896591
1613.935547	146.858582
1610.460938	133.833527
1606.984375	140.958359
1603.506836	137.293762
1600.027344	118.545212
1596.545898	129.257309
1593.062500	133.498993
1589.577148	117.649811
1586.090820	130.497147
1582.602539	123.265144
1579.112305	123.919609
1575.620117	115.266167
1572.126953	115.208305
1568.630859	111.574348
1565.133789	107.943993
1561.634766	110.033249
1558.133789	106.407211
1554.631836	112.063957
1551.127930	100.592789
1547.621094	93.411507
1544.114258	99.778824
1540.604492	95.454483
1537.092773	98.254326
1533.580078	95.358276
1530.065430	100.289078
1526.548828	94.551186
1523.030273	93.792908
1519.509766	90.194580
1515.988281	80.921173
1512.463867	78.042374
1508.938477	87.930565
1505.411133	90.012375
1501.882813	82.174431
1498.351563	86.381088
1494.818359	74.306732
1491.284180	77.098396
1487.748047	77.059326
1484.209961	75.607040
1480.669922	76.274948
1477.128906	72.000900
1473.584961	74.080956
1470.040039	66.286415
1466.493164	66.957558
1462.944336	69.741371
1459.393555	73.930511
1455.840820	68.262978
1452.287109	64.007942
1448.730469	57.648125
1445.172852	56.916100
1441.613281	64.612518
1438.051758	61.069828
1434.488281	57.530720
1430.922852	59.605083
1427.356445	53.266762
1423.787109	46.934887
1420.216797	47.611080
1416.644531	51.785587
1413.070313	62.950279
1409.494141	51.732651
1405.916016	52.404919
1402.336914	48.187855
1398.754883	44.673096
1395.171875	47.440853
1391.585938	40.443523
1387.999023	45.998352
1384.410156	40.402061
1380.819336	48.039864
1377.226563	41.056480
1373.632813	47.990551
1370.036133	36.843372
1366.438477	41.688042
1362.837891	43.749939
1359.236328	37.480659
1355.632813	41.623749
1352.027344	40.908947
1348.419922	33.264717
1344.810547	36.018208
1341.199219	38.076546
1337.585938	38.056911
1333.970703	30.429821
1330.354492	35.943954
1326.735352	34.543648
1323.115234	36.597355
1319.493164	28.986689
1315.869141	33.110516
1312.242188	26.198935
1308.614258	30.319910
1304.984375	33.059143
1301.353516	33.730396
1297.719727	28.896788
1294.083984	24.755836
1290.446289	28.866831
1286.807617	25.417109
1283.166016	28.836878
1279.523438	26.076960
1275.877930	21.948137
1272.231445	22.622253
1268.582031	28.091820
1264.931641	26.022778
1261.279297	20.533606
1257.625000	28.047983
1253.968750	24.614670
1250.310547	22.551689
1246.650391	27.321129
1242.988281	20.480158
1239.324219	24.563364
1235.658203	21.822702
1231.990234	21.811306
1228.320313	22.481155
1224.648438	15.660493
1220.975586	19.735512
1217.299805	21.085543
1213.622070	24.473618
1209.943359	19.025066
1206.261719	17.656878
1202.578125	16.290112
1198.893555	19.673563
1195.206055	18.985197
1191.517578	19.652918
1187.826172	20.997259
1184.133789	14.893452
1180.438477	16.238861
1176.742188	13.525268
1173.042969	8.110891
1169.342773	14.862140
1165.639648	16.204706
1161.935547	16.196167
1158.228516	18.211084
1154.520508	15.504965
1150.809570	17.518105
1147.097656	12.794934
1143.382813	15.480425
1139.666992	8.745183
1135.948242	14.119367
1132.227539	13.439904
1128.505859	14.104433
1124.781250	10.069263
1121.055664	13.418573
1117.327148	11.399744
1113.596680	12.063919
1109.865234	12.727383
1106.130859	10.712110
1102.394531	10.037271
1098.657227	8.694348
1094.916992	15.374136
1091.174805	12.025537
1087.430664	12.019140
1083.684570	8.675871
1079.936523	13.340388
1076.186523	13.333283
1072.434570	12.659869
1068.680664	9.989305
1064.924805	11.315174
1061.166992	10.643892
1057.406250	6.648880
1053.644531	16.613323
1049.880859	11.955199
1046.114258	8.629694
1042.346680	10.615480
1038.576172	9.283574
1034.803711	9.278603
1031.030273	9.273632
1027.253906	8.606614
1023.475586	9.925383
1019.695313	7.274709
1015.913086	8.592769
1012.128906	9.909408
1008.342773	8.583539
1004.553711	7.259090
