4046.277344	222.211807
4043.892578	210.681946
4041.505859	208.503387
4039.119141	220.989273
4036.731445	220.902100
4034.342773	210.349762
4031.952148	202.944000
4029.561523	245.737137
4027.169922	233.096741
4024.777344	217.331650
4022.383789	236.045837
4019.989258	241.172653
4017.593750	245.251724
4015.197266	237.852173
4012.799805	224.201614
4010.401367	244.960510
4008.001953	243.821457
4005.601563	265.597534
4003.201172	260.286499
4000.798828	257.061035
3998.395508	262.160614
3995.991211	258.936829
3993.585938	268.189423
3991.180664	271.200134
3988.773438	274.208344
3986.365234	273.061066
3983.957031	276.065979
3981.546875	286.330444
3979.135742	274.809296
3976.724609	281.956085
3974.311523	284.952362
3971.898438	288.981934
3969.483398	293.008209
3967.068359	300.136017
3964.651367	294.843628
3962.234375	292.657715
3959.815430	320.451141
3957.396484	306.890289
3954.975586	326.392578
3952.554688	306.645111
3950.131836	296.201904
3947.708984	302.273376
3945.284180	313.496063
3942.859375	314.401428
3940.432617	332.822998
3938.005859	306.939728
3935.577148	326.378906
3933.148438	339.627380
3930.718750	345.663818
3928.287109	330.099976
3925.855469	346.414520
3923.421875	354.495697
3920.988281	347.163635
3918.552734	351.131012
3916.117188	347.911102
3913.680664	359.055908
3911.242188	340.453278
3908.803711	358.767273
3906.363281	371.943237
3903.922852	389.205383
3901.480469	384.953461
3899.038086	398.102661
3896.593750	378.505524
3894.149414	390.623932
3891.703125	402.732422
3889.256836	390.309021
3886.808594	421.813110
3884.360352	416.538269
3881.910156	394.939331
3879.459961	391.719574
3877.007813	397.679504
3874.555664	423.000824
3872.101563	449.320404
3869.646484	411.455902
3867.191406	426.560150
3864.734375	434.528625
3862.277344	431.301117
3859.818359	464.681152
3857.358398	460.427399
3854.897461	463.288818
3852.436523	468.178955
3849.973633	485.246887
3847.509766	474.902649
3845.044922	508.183136
3842.579102	504.935150
3840.113281	523.987000
3837.645508	523.774231
3835.176758	540.777222
3832.707031	531.447021
3830.236328	529.207275
3827.764648	527.980652
3825.291992	534.843262
3822.818359	558.880920
3820.343750	552.592163
3817.868164	555.396667
3815.390625	552.142273
3812.913086	573.106140
3810.434570	589.009888
3807.955078	586.753479
3805.473633	565.351379
3802.992188	595.341125
3800.509766	616.243835
3798.025391	602.907532
3795.541016	590.588074
3793.054688	656.723206
3790.568359	648.412598
3788.080078	627.045166
3785.591797	666.967651
3783.101563	659.666504
3780.610352	685.491577
3778.119141	672.169006
3775.625977	708.998474
3773.131836	701.691345
3770.636719	702.406006
3768.140625	681.084717
3765.643555	702.831726
3763.145508	708.548279
3760.646484	730.265747
3758.146484	722.966553
3755.645508	747.658569
3753.143555	741.356873
3750.639648	756.033386
3748.135742	796.653748
3745.630859	745.433472
3743.124023	781.036926
3740.617188	836.552551
3738.108398	814.281799
3735.599609	796.014160
3733.088867	810.624451
3730.577148	833.186096
3728.064453	846.773560
3725.551758	832.500183
3723.037109	829.174622
3720.521484	844.733826
3718.004883	817.564026
3715.487305	847.016541
3712.967773	886.370300
3710.448242	888.981140
3707.927734	896.548401
3705.406250	901.135071
3702.882813	883.917053
3700.359375	915.248962
3697.833984	902.989380
3695.308594	956.060608
3692.781250	963.579834
3690.252930	970.103699
3687.723633	964.760010
3685.193359	979.182007
3682.662109	996.554749
3680.129883	1008.976563
3677.596680	1018.427246
3675.062500	991.371521
3672.527344	1040.262329
3669.990234	1070.385498
3667.453125	1049.252197
3664.915039	1085.254883
3662.375000	1047.397705
3659.833984	1110.922241
3657.292969	1146.853638
3654.750000	1088.370361
3652.206055	1107.573730
3649.661133	1171.948975
3647.115234	1126.292480
3644.568359	1169.993652
3642.019531	1199.922241
3639.470703	1160.194336
3636.920898	1206.766724
3634.369141	1207.244507
3631.817383	1230.250000
3629.263672	1230.716919
3626.708984	1274.244995
3624.153320	1295.236328
3621.596680	1321.098999
3619.039063	1334.232788
3616.480469	1360.056885
3613.920898	1319.447266
3611.360352	1355.993896
3608.797852	1363.234619
3606.235352	1406.559692
3603.670898	1410.847534
3601.105469	1430.725098
3598.540039	1474.940674
3595.972656	1484.062256
3593.404297	1479.548462
3590.834961	1572.335938
3588.264648	1487.064575
3585.692383	1527.273438
3583.120117	1589.798706
3580.545898	1596.904175
3577.971680	1633.131592
3575.395508	1582.950073
3572.818359	1607.510498
3570.240234	1678.596680
3567.661133	1717.635254
3565.081055	1738.231323
3562.500000	1722.974731
3559.917969	1747.422729
3557.333984	1722.497192
3554.750000	1846.554443
3552.164063	1771.329346
3549.577148	1758.021362
3546.989258	1815.247192
3544.400391	1851.179810
3541.810547	1878.394287
3539.219727	1845.764526
3536.626953	1925.037598
3534.034180	1968.573853
3531.439453	1927.272949
3528.844727	1972.697021
3526.248047	2041.190063
3523.650391	2048.992432
3521.051758	2053.901611
3518.451172	2102.078369
3515.850586	2092.541748
3513.249023	2083.973389
3510.645508	2171.451172
3508.041016	2199.334961
3505.436523	2226.235352
3502.830078	2182.132813
3500.222656	2243.532227
3497.613281	2294.337158
3495.003906	2288.578369
3492.393555	2348.895752
3489.781250	2348.860352
3487.167969	2437.802490
3484.553711	2400.430908
3481.938477	2456.772461
3479.322266	2428.978271
3476.705078	2517.733398
3474.086914	2509.984863
3471.466797	2606.263672
3468.845703	2635.685791
3466.224609	2682.245605
3463.601563	2713.515381
3460.977539	2720.939941
3458.351563	2771.211426
3455.725586	2790.026611
3453.098633	2812.631104
3450.469727	2876.112549
3447.839844	2915.772217
3445.208984	2904.081787
3442.577148	2989.288574
3439.944336	3049.735840
3437.310547	3088.302002
3434.674805	3038.607666
3432.039063	3169.126465
3429.401367	3091.949951
3426.762695	3187.277100
3424.123047	3166.980713
3421.481445	3251.779785
3418.839844	3329.882080
3416.197266	3399.404297
3413.552734	3457.520752
3410.907227	3463.609131
3408.260742	3553.765137
3405.613281	3530.533691
3402.963867	3647.009766
3400.314453	3625.643066
3397.663086	3742.920410
3395.011719	3756.406738
3392.358398	3825.472168
3389.704102	3845.502441
3387.047852	3943.653076
3384.391602	4014.428955
3381.733398	4037.171631
3379.075195	4129.470215
3376.415039	4099.511230
3373.753906	4282.826172
3371.090820	4250.008301
3368.427734	4252.884766
3365.762695	4357.084961
3363.097656	4386.169434
3360.430664	4493.970703
3357.762695	4488.299805
3355.092773	4584.723145
3352.422852	4739.107910
3349.750977	4698.710449
3347.079102	4736.920898
3344.405273	4840.547363
3341.729492	4892.680664
3339.053711	4942.899414
3336.376953	5000.543945
3333.698242	5080.539551
3331.018555	5138.072754
3328.337891	5138.666016
3325.656250	5264.172852
3322.973633	5312.230957
3320.289063	5337.892578
3317.604492	5382.150391
3314.917969	5420.785156
3312.230469	5474.268555
3309.541016	5574.194336
3306.851563	5672.174316
3304.160156	5782.145020
3301.467773	5866.019043
3298.774414	5875.562012
3296.080078	5995.504883
3293.384766	6017.037109
3290.687500	6075.629395
3287.990234	6162.894531
3285.291016	6185.248047
3282.589844	6245.538574
3279.888672	6328.910645
3277.186523	6349.308105
3274.482422	6552.760254
3271.777344	6603.539551
3269.071289	6634.872559
3266.364258	6704.036621
3263.655273	6852.519043
3260.945313	6920.603516
3258.234375	6927.760254
3255.522461	7056.589355
3252.809570	7130.941406
3250.095703	7190.490723
3247.379883	7423.065430
3244.663086	7455.745605
3241.945313	7454.361816
3239.226563	7486.996094
3236.505859	7760.389160
3233.784180	7870.943359
3231.061523	7907.939941
3228.337891	7914.612793
3225.613281	8076.327148
3222.886719	8208.553711
3220.160156	8321.413086
3217.431641	8379.197266
3214.702148	8566.980469
3211.970703	8590.731445
3209.239258	8682.172852
3206.505859	8922.625000
3203.771484	9058.638672
3201.035156	9076.640625
3198.298828	9279.148438
3195.560547	9335.383789
3192.821289	9472.796875
3190.081055	9462.296875
3187.339844	9829.328125
3184.596680	9931.702148
3181.853516	9970.208008
3179.108398	9981.355469
3176.361328	10257.391602
3173.614258	10472.219727
3170.865234	10492.220703
3168.115234	10683.117188
3165.364258	10756.618164
3162.612305	10860.935547
3159.858398	10818.072266
3157.104492	11026.632813
3154.347656	11074.443359
3151.590820	11250.968750
3148.833008	11473.559570
3146.073242	11551.000000
3143.312500	11744.282227
3140.550781	11859.547852
3137.787109	11927.661133
3135.023438	12045.452148
3132.257813	12284.270508
3129.491211	12375.592773
3126.722656	12535.473633
3123.954102	12605.833984
3121.183594	12658.983398
3118.412109	12938.488281
3115.638672	13035.617188
3112.865234	13151.583984
3110.089844	13130.519531
3107.313477	13267.945313
3104.536133	13479.051758
3101.756836	13595.505859
3098.976563	13722.645508
3096.195313	13804.726563
3093.413086	13952.319336
3090.628906	14033.322266
3087.844727	14312.636719
3085.058594	14363.791992
3082.270508	14794.284180
3079.482422	14861.311523
3076.692383	15009.821289
3073.901367	15047.127930
3071.109375	15191.836914
3068.315430	15442.015625
3065.520508	15489.804688
3062.724609	15804.001953
3059.927734	15876.606445
3057.128906	16056.345703
3054.329102	16248.423828
3051.528320	16296.623047
3048.726563	16496.447266
3045.922852	16661.310547
3043.118164	16831.373047
3040.312500	16939.800781
3037.505859	17173.705078
3034.697266	17254.279297
3031.887695	17624.863281
3029.077148	17717.611328
3026.264648	17786.267578
3023.452148	18033.478516
3020.637695	18015.761719
3017.821289	18415.357422
3015.004883	18646.861328
3012.186523	18769.042969
3009.367188	18906.185547
3006.545898	19261.232422
3003.724609	19290.830078
3000.901367	19609.078125
2998.077148	19580.064453
2995.250977	19914.703125
2992.423828	19963.392578
2989.595703	20216.228516
2986.766602	20638.480469
2983.935547	20606.398438
2981.104492	21025.445313
2978.270508	21003.796875
2975.436523	21379.949219
2972.600586	21652.613281
2969.763672	21504.681641
2966.925781	21862.476563
2964.085938	21973.421875
2961.245117	22372.044922
2958.403320	22495.847656
2955.560547	22697.792969
2952.715820	22767.716797
2949.870117	23243.441406
2947.023438	23275.289063
2944.174805	23421.207031
2941.325195	23684.550781
2938.474609	23984.486328
2935.622070	24182.468750
2932.768555	24375.009766
2929.914063	24330.037109
2927.058594	24559.093750
2924.201172	24703.064453
2921.342773	25012.203125
2918.483398	25353.404297
2915.622070	25570.210938
2912.759766	25566.708984
2909.896484	25824.246094
2907.032227	25946.283203
2904.166016	26258.361328
2901.298828	26516.968750
2898.429688	26559.203125
2895.559570	26852.275391
2892.688477	27218.220703
2889.816406	27362.763672
2886.942383	27555.017578
2884.067383	27627.091797
2881.191406	27849.462891
2878.314453	28050.775391
2875.435547	28238.873047
2872.554688	28334.785156
2869.673828	28768.980469
2866.791016	28989.435547
2863.907227	29270.367188
2861.021484	29334.419922
2858.134766	29446.042969
2855.247070	29643.259766
2852.358398	30075.658203
2849.467773	30121.902344
2846.576172	30433.511719
2843.682617	30500.277344
2840.789063	30608.435547
2837.893555	31041.117188
2834.996094	31077.289063
2832.097656	31506.767578
2829.198242	31605.623047
2826.297852	31799.181641
2823.395508	31890.044922
2820.492188	32094.476563
2817.587891	32258.263672
2814.681641	32360.814453
2811.774414	32696.296875
2808.866211	32628.353516
2805.956055	32755.486328
2803.044922	33445.835938
2800.131836	33379.335938
2797.218750	33799.359375
2794.303711	33712.156250
2791.386719	33931.046875
2788.468750	34191.710938
2785.549805	34265.429688
2782.629883	34536.820313
2779.708008	34599.175781
2776.785156	34974.496094
2773.860352	35306.722656
2770.935547	35420.738281
2768.007813	35292.066406
2765.080078	35379.500000
2762.150391	35532.550781
2759.219727	35884.199219
2756.287109	35912.386719
2753.353516	36115.238281
2750.418945	36464.414063
2747.482422	36453.953125
2744.544922	36726.894531
2741.606445	36866.871094
2738.666016	37022.867188
2735.724609	36831.941406
2732.782227	37002.234375
2729.837891	37374.453125
2726.892578	37206.515625
2723.945313	37328.859375
2720.997070	37525.707031
2718.047852	37738.472656
2715.097656	37418.968750
2712.145508	37490.988281
2709.191406	37418.183594
2706.237305	37782.015625
2703.281250	37706.585938
2700.323242	37711.515625
2697.364258	37931.046875
2694.404297	37997.503906
2691.443359	38012.390625
2688.480469	37952.156250
2685.515625	38010.882813
2682.550781	38113.386719
2679.583984	38262.972656
2676.615234	38200.156250
2673.646484	37996.792969
2670.674805	38366.667969
2667.703125	38044.789063
2664.729492	38110.773438
2661.754883	37886.761719
2658.778320	37890.574219
2655.800781	37641.656250
2652.821289	37683.316406
2649.840820	37573.101563
2646.859375	37390.027344
2643.876953	37352.093750
2640.892578	37431.460938
2637.906250	37370.078125
2634.918945	37303.714844
2631.930664	37138.687500
2628.941406	37042.363281
2625.950195	36914.355469
2622.957031	36794.804688
2619.963867	37033.582031
2616.967773	36721.261719
2613.971680	36807.156250
2610.973633	36553.570313
2607.974609	36493.578125
2604.973633	36167.863281
2601.971680	36100.582031
2598.967773	35985.074219
2595.962891	35694.941406
2592.957031	35438.328125
2589.949219	35569.292969
2586.940430	35196.625000
2583.929688	35302.644531
2580.917969	35015.917969
2577.905273	34780.882813
2574.890625	34795.683594
2571.875000	34730.878906
2568.857422	34571.664063
2565.838867	34243.632813
2562.819336	34027.644531
2559.797852	33903.687500
2556.775391	33324.949219
2553.750977	33270.847656
2550.725586	33149.027344
2547.698242	32842.300781
2544.669922	32672.886719
2541.640625	32487.113281
2538.609375	32301.498047
2535.577148	32134.179688
2532.542969	31969.478516
2529.507813	31779.382813
2526.471680	31518.648438
2523.433594	31189.017578
2520.393555	30976.478516
2517.353516	30855.384766
2514.310547	30696.589844
2511.267578	30376.115234
2508.222656	30203.708984
2505.175781	29932.152344
2502.127930	29688.724609
2499.079102	29445.511719
2496.028320	29204.970703
2492.976563	28798.357422
2489.922852	28413.394531
2486.868164	28277.566406
2483.812500	28177.845703
2480.754883	27881.974609
2477.695313	27384.507813
2474.634766	27108.044922
2471.573242	26955.121094
2468.509766	26707.658203
2465.445313	26621.931641
2462.378906	26419.677734
2459.311523	26124.691406
2456.242188	25773.759766
2453.171875	25691.843750
2450.100586	25070.400391
2447.027344	24944.126953
2443.953125	24549.630859
2440.876953	24322.105469
2437.799805	24048.474609
2434.720703	24008.130859
2431.640625	23700.796875
2428.558594	23476.482422
2425.475586	23221.556641
2422.390625	23028.455078
2419.304688	22690.513672
2416.217773	22585.273438
2413.128906	22363.574219
2410.038086	21977.847656
2406.946289	21835.056641
2403.853516	21531.548828
2400.758789	21256.591797
2397.663086	21132.882813
2394.565430	20763.917969
2391.466797	20464.666016
2388.366211	20325.347656
2385.264648	19939.517578
2382.161133	19872.257813
2379.056641	19486.177734
2375.950195	19263.837891
2372.842773	19373.955078
2369.734375	18976.560547
2366.624023	18521.660156
2363.511719	18464.042969
2360.398438	18350.263672
2357.284180	18169.164063
2354.167969	18005.875000
2351.049805	17631.835938
2347.930664	17564.318359
2344.810547	17207.644531
2341.688477	17118.751953
2338.564453	16834.642578
2335.439453	16886.798828
2332.313477	16460.712891
2329.185547	16398.687500
2326.056641	16135.392578
2322.925781	15915.457031
2319.792969	15724.455078
2316.660156	15485.758789
2313.524414	15308.680664
2310.387695	15072.781250
2307.250000	15049.807617
2304.110352	14733.813477
2300.969727	14567.743164
2297.827148	14454.329102
2294.682617	14238.438477
2291.537109	14073.612305
2288.390625	13924.029297
2285.242188	13794.432617
2282.092773	13395.892578
2278.941406	13302.354492
2275.788086	13181.939453
2272.633789	12916.590820
2269.478516	12851.914063
2266.321289	12709.694336
2263.162109	12448.092773
2260.001953	12447.000000
2256.840820	12220.549805
2253.676758	12093.891602
2250.512695	11941.278320
2247.346680	11680.628906
2244.178711	11674.352539
2241.009766	11355.688477
2237.838867	11163.479492
2234.666992	11062.080078
2231.493164	10929.262695
2228.318359	10854.832031
2225.141602	10627.788086
2221.963867	10417.472656
2218.784180	10422.790039
2215.602539	10297.639648
2212.419922	10078.339844
2209.236328	9958.172852
2206.050781	9854.595703
2202.863281	9586.384766
2199.674805	9508.164063
2196.485352	9373.587891
2193.292969	9317.466797
2190.100586	9173.705078
2186.905273	8997.208984
2183.709961	8921.779297
2180.511719	8799.508789
2177.312500	8678.913086
2174.112305	8576.392578
2170.910156	8422.439453
2167.706055	8364.611328
2164.500977	8266.276367
2161.294922	8085.391602
2158.085938	7900.000000
2154.876953	7918.068359
2151.665039	7787.420898
2148.452148	7650.669922
2145.238281	7609.710938
2142.022461	7430.410645
2138.804688	7320.433594
2135.585938	7311.524902
2132.365234	7138.823242
2129.143555	7136.210938
2125.919922	7065.349609
2122.695313	6859.669434
2119.468750	6816.894531
2116.240234	6723.044434
2113.010742	6552.645996
2109.780273	6461.326660
2106.546875	6419.585938
2103.312500	6312.952637
2100.077148	6309.948242
2096.839844	6099.209961
2093.600586	6074.693359
2090.360352	5971.503418
2087.119141	5894.628418
2083.875000	5779.285645
2080.629883	5732.617188
2077.383789	5663.659668
2074.135742	5546.276367
2070.885742	5503.625977
2067.634766	5461.014160
2064.381836	5394.615234
2061.127930	5276.807617
2057.871094	5198.270508
2054.614258	5161.250000
2051.355469	5052.155273
2048.094727	4978.432617
2044.832031	4938.499023
2041.568359	4749.997070
2038.303711	4700.253906
2035.037109	4609.997070
2031.768555	4572.603516
2028.498047	4483.255859
2025.226563	4481.107422
2021.954102	4360.569336
2018.678711	4256.940430
2015.403320	4296.104492
2012.125000	4270.399414
2008.845703	4150.187012
2005.564453	4108.571777
2002.282227	4051.000732
1998.998047	3950.093018
1995.712891	3891.128906
1992.424805	3836.782959
1989.136719	3804.532227
1985.845703	3756.355469
1982.553711	3667.215332
1979.260742	3578.159424
1975.964844	3502.844238
1972.667969	3463.241211
1969.370117	3466.120361
1966.070313	3400.054932
1962.768555	3327.994141
1959.465820	3198.480225
1956.161133	3128.852783
1952.854492	3168.929932
1949.546875	3154.552490
1946.237305	3007.992920
1942.925781	3018.620361
1939.613281	3015.652588
1936.298828	2914.626953
1932.982422	2878.536621
1929.665039	2785.208496
1926.346680	2773.315918
1923.025391	2750.894043
1919.703125	2772.889160
1916.378906	2731.684326
1913.053711	2727.353760
1909.726563	2623.843506
1906.397461	2527.942871
1903.067383	2599.530762
1899.735352	2527.742188
1896.401367	2462.021484
1893.066406	2420.349854
1889.729492	2389.955811
1886.390625	2310.915771
1883.050781	2341.228760
1879.708984	2265.279785
1876.365234	2239.502686
1873.020508	2194.317871
1869.673828	2196.985352
1866.326172	2177.996338
1862.975586	2132.904785
1859.624023	2060.256836
1856.271484	2047.323975
1852.916016	1953.921143
1849.559570	2011.066040
1846.202148	1959.460938
1842.841797	1890.790771
1839.480469	1907.718018
1836.118164	1858.466675
1832.752930	1812.234619
1829.386719	1800.209473
1826.018555	1799.329712
1822.649414	1742.805054
1819.278320	1709.323608
1815.905273	1675.133057
1812.531250	1688.389404
1809.154297	1634.248047
1805.777344	1622.345947
1802.397461	1566.809204
1799.016602	1523.156372
1795.633789	1524.626831
1792.249023	1511.321899
1788.863281	1481.048096
1785.475586	1459.658936
1782.085938	1447.140991
1778.694336	1405.883179
1775.301758	1390.455444
1771.907227	1402.292603
1768.510742	1355.226685
1765.113281	1314.092773
1761.713867	1314.181763
1758.312500	1275.312500
1754.910156	1279.092773
1751.505859	1241.012329
1748.099609	1263.887817
1744.691406	1230.986450
1741.282227	1165.854370
1737.871094	1172.608276
1734.458008	1157.379517
1731.042969	1115.075439
1727.626953	1094.766479
1724.208984	1068.625610
1720.790039	1067.366577
1717.368164	1076.338379
1713.945313	1050.974365
1710.520508	1027.094971
1707.093750	1026.586792
1703.666016	960.444763
1700.236328	957.782532
1696.804688	983.535828
1693.371094	947.367493
1689.936523	925.791077
1686.500000	938.426392
1683.061523	921.237610
1679.622070	883.716797
1676.179688	896.352966
1672.736328	849.442688
1669.291016	845.392456
1665.844727	818.136353
1662.396484	797.431396
1658.945313	797.034912
1655.494141	799.535278
1652.040039	781.764832
1648.584961	769.076233
1645.126953	762.908142
1641.668945	743.735901
1638.208008	725.304871
1634.745117	702.559570
1631.281250	695.713928
1627.815430	703.301514
1624.347656	673.390503
1620.878906	657.921326
1617.408203	629.502747
1613.935547	664.463074
1610.460938	602.250916
1606.984375	606.983948
1603.506836	617.462524
1600.027344	602.065979
1596.545898	588.838806
1593.062500	569.165039
1589.577148	555.967102
1586.090820	553.537354
1582.602539	548.959900
1579.112305	508.571808
1575.620117	502.589111
1572.126953	519.510742
1568.630859	491.356262
1565.133789	463.229828
1561.634766	474.429047
1558.133789	487.759247
1554.631836	461.103943
1551.127930	448.030304
1547.621094	469.196747
1544.114258	446.153870
1540.604492	425.271088
1537.092773	430.040680
1533.580078	425.554108
1530.065430	407.557739
1526.548828	416.593964
1523.030273	409.278168
1519.509766	382.084137
1515.988281	406.735352
1512.463867	372.474976
1508.938477	389.305481
1505.411133	376.350952
1501.882813	368.368134
1498.351563	349.064545
1494.818359	324.118896
1491.284180	335.979248
1487.748047	320.255707
1484.209961	310.907471
1480.669922	308.631042
1477.128906	301.415527
1473.584961	306.201263
1470.040039	295.468170
1466.493164	292.498810
1462.944336	283.192230
1459.393555	295.017944
1455.840820	291.349182
1452.287109	269.396057
1448.730469	276.992218
1445.172852	264.203125
1441.613281	249.320038
1438.051758	261.828094
1434.488281	246.259537
1430.922852	244.731461
1427.356445	233.392532
1423.787109	240.979111
1420.216797	238.055389
1416.644531	237.933777
1413.070313	231.517136
1409.494141	213.222412
1405.916016	217.305740
1402.336914	210.210785
1398.754883	217.781342
1395.171875	216.274490
1391.585938	198.033813
1387.999023	192.356735
1384.410156	189.471741
1380.819336	201.210449
1377.226563	177.447495
1373.632813	190.571182
1370.036133	177.960434
1366.438477	174.394974
1362.837891	159.027557
1359.236328	170.745224
1355.632813	163.720078
1352.027344	147.688232
1348.419922	154.542328
1344.810547	152.384720
1341.199219	145.383179
1337.585938	152.919586
1333.970703	136.934189
1330.354492	139.628433
1326.735352	149.919434
1323.115234	131.198059
1319.493164	131.820419
1315.869141	124.854240
1312.242188	132.373566
1308.614258	135.061417
1304.984375	140.501358
1301.353516	119.777328
1297.719727	112.835075
1294.083984	121.716194
1290.446289	109.281570
1286.807617	115.407417
1283.166016	106.421814
1279.523438	113.228905
1275.877930	101.510132
1272.231445	106.941559
1268.582031	91.127129
1264.931641	90.394913
1261.279297	104.721390
1257.625000	99.194084
1253.968750	90.253784
1250.310547	97.040596
1246.650391	90.842751
1242.988281	86.016663
1239.324219	76.419357
1235.658203	81.835136
1231.990234	74.976364
1228.320313	81.749657
1224.648438	76.940681
1220.975586	68.053490
1217.299805	68.698059
1213.622070	80.219078
1209.943359	81.536003
1206.261719	82.851501
1202.578125	67.196716
1198.893555	64.447876
1195.206055	67.804276
1191.517578	76.578613
1187.826172	64.346443
1184.133789	56.188931
1180.438477	63.602207
1176.742188	58.158653
1173.042969	58.803963
1169.342773	48.639732
1165.639648	56.716469
1161.935547	60.735630
1158.228516	67.448463
1154.520508	49.211411
1150.809570	44.469036
1147.097656	57.240498
1143.382813	52.498833
1139.666992	54.489216
1135.948242	48.409256
1132.227539	49.727646
1128.505859	47.014778
1124.781250	39.605766
1121.055664	46.965004
1117.327148	50.292988
1113.596680	47.585457
1109.865234	42.871185
1106.130859	49.543507
1102.394531	41.487389
1098.657227	40.796558
1094.916992	39.438000
1091.174805	42.757462
1087.430664	35.389690
1083.684570	36.705608
1079.936523	35.352028
1076.186523	34.666534
1072.434570	43.310078
1068.680664	37.293404
1064.924805	31.948725
1061.166992	37.918865
1057.406250	33.909290
1053.644531	33.226646
1049.880859	32.544712
1046.114258	35.182598
1042.346680	32.509907
1038.576172	33.155621
1034.803711	31.812351
1031.030273	29.808102
1027.253906	26.481890
1023.475586	25.805996
1019.695313	20.501451
1015.913086	29.744198
1012.128906	33.031361
1008.342773	29.712250
1004.553711	22.437187
