4046.277344	214.874619
4043.892578	212.778290
4041.505859	190.691544
4039.119141	205.279144
4036.731445	199.963516
4034.342773	207.210220
4031.952148	215.497238
4029.561523	213.320755
4027.169922	222.643967
4024.777344	220.466248
4022.383789	210.979019
4019.989258	223.424026
4017.593750	226.466492
4015.197266	211.771896
4012.799805	220.030426
4010.401367	227.239960
4008.001953	205.268494
4005.601563	224.976746
4003.201172	246.751602
4000.798828	249.775909
3998.395508	243.434860
3995.991211	246.457932
3993.585938	255.715500
3991.180664	254.574829
3988.773438	252.396317
3986.365234	250.219452
3983.957031	260.498352
3981.546875	283.218140
3979.135742	263.402100
3976.724609	263.297241
3974.311523	288.060944
3971.898438	263.087494
3969.483398	277.477722
3967.068359	280.471954
3964.651367	258.634766
3962.234375	276.111694
3959.815430	315.282593
3957.396484	292.424072
3954.975586	285.077057
3952.554688	321.099762
3950.131836	302.394287
3947.708984	295.051819
3945.284180	339.276978
3942.859375	324.709686
3940.432617	327.670929
3938.005859	319.299713
3935.577148	300.639252
3933.148438	356.094177
3930.718750	329.203644
3928.287109	327.014923
3925.855469	343.330719
3923.421875	345.247986
3920.988281	344.082306
3918.552734	361.398010
3916.117188	371.515686
3913.680664	350.848938
3911.242188	360.962494
3908.803711	383.368439
3906.363281	368.869324
3903.922852	356.430176
3901.480469	360.381958
3899.038086	371.494263
3896.593750	377.482544
3894.149414	386.533630
3891.703125	401.710266
3889.256836	403.591797
3886.808594	415.685089
3884.360352	410.412720
3881.910156	435.759949
3879.459961	415.181946
3877.007813	424.191467
3874.555664	440.328552
3872.101563	441.169464
3869.646484	452.194092
3867.191406	442.848816
3864.734375	443.687286
3862.277344	423.163361
3859.818359	477.899658
3857.358398	471.607758
3854.897461	465.320801
3852.436523	470.210083
3849.973633	501.489471
3847.509766	483.020630
3845.044922	493.982422
3842.579102	481.614868
3840.113281	495.608582
3837.645508	503.512177
3835.176758	502.294983
3832.707031	523.348755
3830.236328	534.266602
3827.764648	525.957764
3825.291992	547.986877
3822.818359	542.710754
3820.343750	574.817078
3817.868164	563.475159
3815.390625	544.067078
3812.913086	593.285950
3810.434570	559.761108
3807.955078	562.557434
3805.473633	597.599548
3802.992188	606.421936
3800.509766	585.028870
3798.025391	610.959778
3795.541016	594.612549
3793.054688	623.535034
3790.568359	636.349121
3788.080078	634.079346
3785.591797	637.838013
3783.101563	659.666504
3780.610352	652.371155
3778.119141	686.214355
3775.625977	697.967407
3773.131836	700.688904
3770.636719	695.391968
3768.140625	736.172485
3765.643555	718.850647
3763.145508	713.552124
3760.646484	754.274475
3758.146484	713.966980
3755.645508	694.682739
3753.143555	768.333496
3750.639648	750.041077
3748.135742	742.744873
3745.630859	778.364258
3743.124023	776.049438
3740.617188	766.756714
3738.108398	774.414856
3735.599609	805.976807
3733.088867	796.682495
3730.577148	834.181519
3728.064453	827.867920
3725.551758	829.516296
3723.037109	843.093628
3720.521484	894.424072
3718.004883	878.161133
3715.487305	882.764038
3712.967773	869.496521
3710.448242	877.075134
3707.927734	891.589600
3705.406250	921.953369
3702.882813	945.355225
3700.359375	919.211060
3697.833984	958.436096
3695.308594	956.060608
3692.781250	887.403625
3690.252930	966.148071
3687.723633	985.518188
3685.193359	942.623230
3682.662109	1003.468384
3680.129883	982.320618
3677.596680	1053.953735
3675.062500	1043.652832
3672.527344	1034.346069
3669.990234	1040.816772
3667.453125	1066.986084
3664.915039	1074.421997
3662.375000	1069.054321
3659.833984	1093.210449
3657.292969	1091.773193
3654.750000	1110.000122
3652.206055	1113.470215
3649.661133	1144.443115
3647.115234	1138.075806
3644.568359	1120.916626
3642.019531	1169.507202
3639.470703	1179.808716
3636.920898	1203.825806
3634.369141	1186.666504
3631.817383	1233.188477
3629.263672	1220.926025
3626.708984	1259.564819
3624.153320	1261.974976
3621.596680	1273.183472
3619.039063	1266.788086
3616.480469	1329.768311
3613.920898	1286.241333
3611.360352	1349.160156
3608.797852	1364.210449
3606.235352	1375.346191
3603.670898	1396.222290
3601.105469	1381.994629
3598.540039	1423.307983
3595.972656	1441.215332
3593.404297	1427.958984
3590.834961	1456.551270
3588.264648	1479.283936
3585.692383	1522.412598
3583.120117	1486.792236
3580.545898	1576.505737
3577.971680	1557.397705
3575.395508	1618.860107
3572.818359	1645.345703
3570.240234	1633.989258
3567.661133	1730.236450
3565.081055	1646.184448
3562.500000	1682.297485
3559.917969	1726.124512
3557.333984	1797.009644
3554.750000	1811.732056
3552.164063	1762.627319
3549.577148	1769.619019
3546.989258	1743.757935
3544.400391	1882.081055
3541.810547	1848.471313
3539.219727	1841.905151
3536.626953	1943.362061
3534.034180	1913.623413
3531.439453	1957.145630
3528.844727	1990.998413
3526.248047	1977.643555
3523.650391	1987.397583
3521.051758	2147.217041
3518.451172	2104.963135
3515.850586	2155.981201
3513.249023	2121.444580
3510.645508	2186.817383
3508.041016	2206.054932
3505.436523	2275.174072
3502.830078	2262.703857
3500.222656	2243.532227
3497.613281	2308.712646
3495.003906	2313.485596
3492.393555	2379.537598
3489.781250	2361.303467
3487.167969	2423.451172
3484.553711	2442.510010
3481.938477	2460.596191
3479.322266	2565.620361
3476.705078	2571.220947
3474.086914	2588.272705
3471.466797	2583.359863
3468.845703	2639.501465
3466.224609	2714.665283
3463.601563	2704.937256
3460.977539	2799.062256
3458.351563	2750.260742
3455.725586	2805.257080
3453.098633	2873.527100
3450.469727	2902.743408
3447.839844	2911.018799
3445.208984	2905.031982
3442.577148	2984.539307
3439.944336	3046.887451
3437.310547	3054.135254
3434.674805	3111.655762
3432.039063	3170.074707
3429.401367	3117.542480
3426.762695	3222.333496
3424.123047	3238.957520
3421.481445	3290.593018
3418.839844	3336.505859
3416.197266	3430.617432
3413.552734	3433.884521
3410.907227	3417.301758
3408.260742	3455.521729
3405.613281	3474.823242
3402.963867	3579.052979
3400.314453	3575.640869
3397.663086	3651.445801
3395.011719	3749.808350
3392.358398	3702.039551
3389.704102	3823.840332
3387.047852	3858.924316
3384.391602	3917.503174
3381.733398	3938.405762
3379.075195	3976.213379
3376.415039	4023.385742
3373.753906	4032.939941
3371.090820	4101.643066
3368.427734	4102.705566
3365.762695	4160.059082
3363.097656	4252.061523
3360.430664	4283.052246
3357.762695	4321.511230
3355.092773	4409.576660
3352.422852	4463.861816
3349.750977	4500.318359
3347.079102	4659.281738
3344.405273	4647.935547
3341.729492	4670.243652
3339.053711	4734.570801
3336.376953	4722.269043
3333.698242	4909.725586
3331.018555	4902.021484
3328.337891	4906.446777
3325.656250	4945.358398
3322.973633	5092.324707
3320.289063	5035.185059
3317.604492	5178.259766
3314.917969	5247.692383
3312.230469	5268.692383
3309.541016	5348.251465
3306.851563	5411.010742
3304.160156	5445.844238
3301.467773	5556.792480
3298.774414	5642.581543
3296.080078	5730.151367
3293.384766	5811.151855
3290.687500	5838.314453
3287.990234	5930.314941
3285.291016	5969.440430
3282.589844	5933.539063
3279.888672	6056.838867
3277.186523	6202.230469
3274.482422	6286.470703
3271.777344	6280.987305
3269.071289	6359.574219
3266.364258	6429.780762
3263.655273	6514.692871
3260.945313	6540.482422
3258.234375	6747.003906
3255.522461	6765.291992
3252.809570	6726.434082
3250.095703	6993.390137
3247.379883	6971.034668
3244.663086	6992.867676
3241.945313	7114.021973
3239.226563	7192.775391
3236.505859	7401.043945
3233.784180	7452.959961
3231.061523	7533.294922
3228.337891	7556.651855
3225.613281	7685.492676
3222.886719	7808.717773
3220.160156	7957.500488
3217.431641	8021.855469
3214.702148	8130.114258
3211.970703	8127.505371
3209.239258	8262.156250
3206.505859	8380.224609
3203.771484	8539.330078
3201.035156	8662.654297
3198.298828	8728.319336
3195.560547	8704.442383
3192.821289	8874.986328
3190.081055	9015.273438
3187.339844	9087.044922
3184.596680	9185.183594
3181.853516	9306.923828
3179.108398	9395.770508
3176.361328	9538.245117
3173.614258	9646.016602
3170.865234	9762.786133
3168.115234	9936.726563
3165.364258	10026.000000
3162.612305	10104.293945
3159.858398	10197.951172
3157.104492	10183.526367
3154.347656	10486.613281
3151.590820	10449.400391
3148.833008	10588.049805
3146.073242	10750.130859
3143.312500	10937.423828
3140.550781	11045.798828
3137.787109	10999.360352
3135.023438	11189.907227
3132.257813	11473.395508
3129.491211	11315.679688
3126.722656	11645.824219
3123.954102	11808.659180
3121.183594	11857.644531
3118.412109	12046.396484
3115.638672	12166.456055
3112.865234	12308.037109
3110.089844	12234.192383
3107.313477	12421.534180
3104.536133	12482.704102
3101.756836	12560.909180
3098.976563	12710.083008
3096.195313	12945.414063
3093.413086	13109.555664
3090.628906	13026.580078
3087.844727	13320.698242
3085.058594	13284.353516
3082.270508	13578.991211
3079.482422	13744.269531
3076.692383	13829.646484
3073.901367	13938.232422
3071.109375	14084.322266
3068.315430	14333.197266
3065.520508	14524.598633
3062.724609	14571.871094
3059.927734	14692.385742
3057.128906	14979.847656
3054.329102	15036.666992
3051.528320	15017.564453
3048.726563	15320.550781
3045.922852	15510.009766
3043.118164	15503.189453
3040.312500	15790.402344
3037.505859	15938.422852
3034.697266	16030.224609
3031.887695	16235.838867
3029.077148	16370.111328
3026.264648	16581.609375
3023.452148	16614.294922
3020.637695	16606.976563
3017.821289	17004.529297
3015.004883	17243.753906
3012.186523	17070.265625
3009.367188	17361.556641
3006.545898	17599.406250
3003.724609	17614.677734
3000.901367	17831.828125
2998.077148	17815.992188
2995.250977	18153.177734
2992.423828	18238.902344
2989.595703	18345.763672
2986.766602	18509.955078
2983.935547	18614.824219
2981.104492	18809.638672
2978.270508	18993.687500
2975.436523	19013.513672
2972.600586	19394.781250
2969.763672	19440.837891
2966.925781	19539.699219
2964.085938	19688.652344
2961.245117	19964.195313
2958.403320	19998.460938
2955.560547	20237.560547
2952.715820	20423.710938
2949.870117	20522.716797
2947.023438	20682.218750
2944.174805	20679.195313
2941.325195	20912.171875
2938.474609	21172.996094
2935.622070	21228.468750
2932.768555	21425.826172
2929.914063	21409.310547
2927.058594	21754.339844
2924.201172	22027.306641
2921.342773	22113.732422
2918.483398	22138.003906
2915.622070	22540.619141
2912.759766	22424.041016
2909.896484	22901.240234
2907.032227	23021.085938
2904.166016	23196.644531
2901.298828	23193.300781
2898.429688	23322.423828
2895.559570	23717.986328
2892.688477	23758.800781
2889.816406	24058.066406
2886.942383	24087.369141
2884.067383	24322.728516
2881.191406	24448.353516
2878.314453	24650.312500
2875.435547	24799.978516
2872.554688	25090.125000
2869.673828	25174.375000
2866.791016	25575.087891
2863.907227	25774.324219
2861.021484	25744.625000
2858.134766	25978.236328
2855.247070	25984.816406
2852.358398	26273.476563
2849.467773	26484.890625
2846.576172	26660.662109
2843.682617	26796.517578
2840.789063	27074.765625
2837.893555	27224.976563
2834.996094	27488.958984
2832.097656	27607.779297
2829.198242	27773.044922
2826.297852	27627.031250
2823.395508	27966.136719
2820.492188	28019.916016
2817.587891	28442.011719
2814.681641	28557.455078
2811.774414	28554.119141
2808.866211	28704.630859
2805.956055	29009.646484
2803.044922	29159.802734
2800.131836	29332.990234
2797.218750	29403.914063
2794.303711	29251.791016
2791.386719	29668.126953
2788.468750	29771.337891
2785.549805	29820.492188
2782.629883	29909.826172
2779.708008	30050.412109
2776.785156	30306.326172
2773.860352	30564.566406
2770.935547	30628.587891
2768.007813	30724.146484
2765.080078	30566.898438
2762.150391	30714.433594
2759.219727	31012.806641
2756.287109	31116.507813
2753.353516	31136.589844
2750.418945	31235.011719
2747.482422	31189.441406
2744.544922	31247.732422
2741.606445	31532.242188
2738.666016	31506.976563
2735.724609	31728.199219
2732.782227	31848.968750
2729.837891	32000.189453
2726.892578	31657.281250
2723.945313	32247.044922
2720.997070	31994.203125
2718.047852	32118.769531
2715.097656	32172.044922
2712.145508	32257.441406
2709.191406	31936.447266
2706.237305	32063.312500
2703.281250	32092.798828
2700.323242	32465.447266
2697.364258	32431.332031
2694.404297	32264.642578
2691.443359	32247.513672
2688.480469	32273.423828
2685.515625	32392.074219
2682.550781	32475.201172
2679.583984	32559.085938
2676.615234	32498.013672
2673.646484	32365.425781
2670.674805	32646.966797
2667.703125	32419.365234
2664.729492	32300.416016
2661.754883	32285.767578
2658.778320	32201.404297
2655.800781	32116.267578
2652.821289	31959.865234
2649.840820	31997.365234
2646.859375	32018.050781
2643.876953	31778.068359
2640.892578	31761.957031
2637.906250	31973.599609
2634.918945	31728.076172
2631.930664	31577.294922
2628.941406	31614.777344
2625.950195	31291.156250
2622.957031	31414.763672
2619.963867	31522.384766
2616.967773	31349.453125
2613.971680	30948.914063
2610.973633	31230.851563
2607.974609	30804.039063
2604.973633	30694.195313
2601.971680	30602.761719
2598.967773	30547.193359
2595.962891	30311.125000
2592.957031	30073.597656
2589.949219	30250.232422
2586.940430	29741.240234
2583.929688	30004.214844
2580.917969	29611.164063
2577.905273	29456.591797
2574.890625	29447.285156
2571.875000	29310.318359
2568.857422	29180.095703
2565.838867	28893.453125
2562.819336	28757.726563
2559.797852	28656.039063
2556.775391	28529.623047
2553.750977	27972.611328
2550.725586	27891.226563
2547.698242	27752.091797
2544.669922	27575.101563
2541.640625	27431.269531
2538.609375	27088.785156
2535.577148	27069.777344
2532.542969	26837.353516
2529.507813	26650.433594
2526.471680	26480.142578
2523.433594	26137.189453
2520.393555	25996.882813
2517.353516	25697.199219
2514.310547	25846.472656
2511.267578	25644.863281
2508.222656	25398.275391
2505.175781	25154.365234
2502.127930	24735.136719
2499.079102	24800.017578
2496.028320	24392.792969
2492.976563	24082.591797
2489.922852	23974.083984
2486.868164	23683.167969
2483.812500	23361.427734
2480.754883	23432.437500
2477.695313	23190.365234
2474.634766	22989.353516
2471.573242	22860.373047
2468.509766	22656.417969
2465.445313	22310.703125
2462.378906	22302.865234
2459.311523	22056.232422
2456.242188	21463.605469
2453.171875	21597.011719
2450.100586	21158.949219
2447.027344	20999.500000
2443.953125	20759.693359
2440.876953	20377.056641
2437.799805	20282.345703
2434.720703	20168.226563
2431.640625	20003.886719
2428.558594	19683.123047
2425.475586	19556.445313
2422.390625	19489.855469
2419.304688	19053.908203
2416.217773	18922.818359
2413.128906	18782.943359
2410.038086	18440.132813
2406.946289	18446.146484
2403.853516	18184.623047
2400.758789	17894.250000
2397.663086	17742.222656
2394.565430	17566.923828
2391.466797	17299.003906
2388.366211	17106.322266
2385.264648	16912.199219
2382.161133	16657.830078
2379.056641	16449.589844
2375.950195	16309.952148
2372.842773	16147.912109
2369.734375	15848.512695
2366.624023	15800.958984
2363.511719	15690.781250
2360.398438	15503.612305
2357.284180	15347.112305
2354.167969	14976.549805
2351.049805	14947.928711
2347.930664	14646.816406
2344.810547	14591.928711
2341.688477	14523.473633
2338.564453	14303.803711
2335.439453	14057.132813
2332.313477	13866.662109
2329.185547	13816.236328
2326.056641	13507.009766
2322.925781	13329.824219
2319.792969	13237.403320
2316.660156	12991.890625
2313.524414	12847.873047
2310.387695	12579.647461
2307.250000	12637.504883
2304.110352	12375.989258
2300.969727	12172.816406
2297.827148	11985.740234
2294.682617	12042.159180
2291.537109	11897.435547
2288.390625	11693.260742
2285.242188	11482.919922
2282.092773	11279.916016
2278.941406	11142.943359
2275.788086	11088.560547
2272.633789	11008.071289
2269.478516	10781.094727
2266.321289	10793.460938
2263.162109	10637.230469
2260.001953	10396.496094
2256.840820	10277.754883
2253.676758	10028.714844
2250.512695	9956.068359
2247.346680	9887.435547
2244.178711	9773.876953
2241.009766	9603.623047
2237.838867	9454.815430
2234.666992	9296.686523
2231.493164	9197.785156
2228.318359	9176.136719
2225.141602	8935.715820
2221.963867	8896.111328
2218.784180	8659.973633
2215.602539	8495.572266
2212.419922	8405.162109
2209.236328	8293.634766
2206.050781	8197.121094
2202.863281	8150.113770
2199.674805	7893.022461
2196.485352	7999.797852
2193.292969	7753.197266
2190.100586	7644.624023
2186.905273	7740.401367
2183.709961	7444.202637
2180.511719	7387.521484
2177.312500	7267.593262
2174.112305	7245.411621
2170.910156	7011.672852
2167.706055	6896.766113
2164.500977	6809.265137
2161.294922	6742.114258
2158.085938	6657.881348
2154.876953	6659.402344
2151.665039	6563.605469
2148.452148	6422.765137
2145.238281	6325.611328
2142.022461	6307.064453
2138.804688	6139.342773
2135.585938	6078.957520
2132.365234	6013.193359
2129.143555	5953.696289
2125.919922	5843.067383
2122.695313	5711.610840
2119.468750	5677.904785
2116.240234	5609.377930
2113.010742	5465.053711
2109.780273	5354.134766
2106.546875	5351.588379
2103.312500	5337.447754
2100.077148	5275.416504
2096.839844	5133.128418
2093.600586	5112.931152
2090.360352	4993.997559
2087.119141	4880.573242
2083.875000	4886.725586
2080.629883	4758.048828
2077.383789	4706.497070
2074.135742	4618.048828
2070.885742	4528.144043
2067.634766	4489.842285
2064.381836	4498.458496
2061.127930	4378.774902
2057.871094	4299.898926
2054.614258	4247.190918
2051.355469	4202.969727
2048.094727	4163.389648
2044.832031	4102.387695
2041.568359	3970.203857
2038.303711	3978.256836
2035.037109	3883.754395
2031.768555	3919.374512
2028.498047	3831.868652
2025.226563	3692.481201
2021.954102	3681.545410
2018.678711	3588.167236
2015.403320	3522.348145
2012.125000	3538.962891
2008.845703	3473.989990
2005.564453	3362.597656
2002.282227	3371.645264
1998.998047	3341.098145
1995.712891	3286.230957
1992.424805	3214.684082
1989.136719	3228.341309
1985.845703	3096.105957
1982.553711	3036.900635
1979.260742	3011.908447
1975.964844	2992.249756
1972.667969	2886.160645
1969.370117	2889.317871
1966.070313	2822.015381
1962.768555	2797.938232
1959.465820	2754.961670
1956.161133	2674.200928
1952.854492	2622.250000
1949.546875	2654.993408
1946.237305	2573.639160
1942.925781	2516.523682
1939.613281	2497.195801
1936.298828	2448.467773
1932.982422	2374.905762
1929.665039	2390.335693
1926.346680	2444.163574
1923.025391	2412.866943
1919.703125	2273.994873
1916.378906	2301.474121
1913.053711	2222.928711
1909.726563	2179.022461
1906.397461	2138.161865
1903.067383	2146.883545
1899.735352	2106.076660
1896.401367	2077.307373
1893.066406	2000.592773
1889.729492	2022.846558
1886.390625	1987.417480
1883.050781	1943.040283
1879.708984	1888.979980
1876.365234	1855.908447
1873.020508	1830.342163
1869.673828	1849.621216
1866.326172	1779.281982
1862.975586	1795.580444
1859.624023	1740.253174
1856.271484	1693.925781
1852.916016	1699.807129
1849.559570	1661.736450
1846.202148	1649.014404
1842.841797	1616.213135
1839.480469	1607.243164
1836.118164	1545.500854
1832.752930	1529.142578
1829.386719	1507.601074
1826.018555	1519.483521
1822.649414	1463.095581
1819.278320	1492.784546
1815.905273	1453.511475
1812.531250	1378.715576
1809.154297	1382.483521
1805.777344	1387.727539
1802.397461	1309.373047
1799.016602	1278.416260
1795.633789	1290.353149
1792.249023	1267.560303
1788.863281	1252.172363
1785.475586	1239.012817
1782.085938	1211.851563
1778.694336	1172.920898
1775.301758	1182.660767
1771.907227	1185.762085
1768.510742	1132.177490
1765.113281	1131.620728
1761.713867	1081.791504
1758.312500	1052.592163
1754.910156	1090.277832
1751.505859	1040.541138
1748.099609	1040.028564
1744.691406	1009.438293
1741.282227	988.409912
1737.871094	995.251282
1734.458008	976.447388
1731.042969	919.589417
1727.626953	900.108765
1724.208984	940.624573
1720.790039	927.731689
1717.368164	894.391174
1713.945313	879.342041
1710.520508	881.097107
1707.093750	863.879761
1703.666016	838.657166
1700.236328	815.645874
1696.804688	815.970459
1693.371094	803.915222
1689.936523	785.321228
1686.500000	801.663513
1683.061523	754.004272
1679.622070	753.630188
1676.179688	740.907654
1672.736328	745.621887
1669.291016	739.446289
1665.844727	691.934448
1662.396484	693.040405
1658.945313	699.216980
1655.494141	676.418457
1652.040039	625.411865
1648.584961	664.892822
1645.126953	629.128052
1641.668945	628.814636
1638.208008	627.056396
1634.745117	600.749817
1631.281250	609.110535
1627.815430	581.395874
1624.347656	576.058899
1620.878906	552.711609
1617.408203	550.274719
1613.935547	537.761536
1610.460938	518.065308
1606.984375	516.367859
1603.506836	503.170868
1600.027344	509.385162
1596.545898	481.842499
1593.062500	466.528717
1589.577148	468.447113
1586.090820	476.816528
1582.602539	458.661011
1579.112305	432.644196
1575.620117	451.757446
1572.126953	432.925598
1568.630859	431.992981
1565.133789	443.928589
1561.634766	409.409424
1558.133789	394.920746
1554.631836	386.870483
1551.127930	396.663757
1547.621094	419.995239
1544.114258	384.148468
1540.604492	368.995667
1537.092773	368.097748
1533.580078	357.949371
1530.065430	364.170258
1526.548828	351.190125
1523.030273	364.513367
1519.509766	329.529816
1515.988281	327.943695
1512.463867	319.973724
1508.938477	312.720795
1505.411133	316.106445
1501.882813	316.654907
1498.351563	311.538330
1494.818359	306.426819
1491.284180	285.759186
1487.748047	287.735260
1484.209961	270.630829
1480.669922	272.612305
1477.128906	271.768097
1473.584961	266.691437
1470.040039	265.850830
1466.493164	248.095383
1462.944336	238.106888
1459.393555	247.843246
1455.840820	229.419891
1452.287109	227.896393
1448.730469	227.780396
1445.172852	226.961731
1441.613281	221.929947
1438.051758	222.518799
1434.488281	202.059113
1430.922852	206.163467
1427.356445	214.468811
1423.787109	198.247345
1420.216797	199.546432
1416.644531	181.949356
1413.070313	200.741440
1409.494141	185.258820
1405.916016	185.164047
1402.336914	175.292053
1398.754883	164.732040
1395.171875	168.135971
1391.585938	173.628235
1387.999023	165.175888
1384.410156	169.270706
1380.819336	162.917801
1377.226563	152.396088
1373.632813	155.795410
1370.036133	147.373489
1366.438477	143.823746
1362.837891	148.610901
1359.236328	143.675858
1355.632813	145.683121
1352.027344	149.074982
1348.419922	135.137909
1344.810547	138.531570
1341.199219	128.075653
1337.585938	124.549889
1333.970703	128.635147
1330.354492	118.200310
1326.735352	114.684914
1323.115234	125.673935
1319.493164	114.566437
1315.869141	109.678589
1312.242188	120.652985
1308.614258	110.254219
1304.984375	112.952072
1301.353516	114.958694
1297.719727	101.826775
1294.083984	104.524643
1290.446289	109.968880
1286.807617	97.546745
1283.166016	94.749741
1279.523438	89.210655
1275.877930	89.850189
1272.231445	89.803490
1268.582031	87.016129
1264.931641	93.134148
1261.279297	85.556694
1257.625000	77.302979
1253.968750	86.835083
1250.310547	76.539063
1246.650391	70.351906
1242.988281	82.603302
1239.324219	70.278519
1235.658203	74.333580
1231.990234	74.976364
1228.320313	70.168457
1224.648438	73.536224
1220.975586	65.331345
1217.299805	62.576447
1213.622070	67.302452
1209.943359	65.228798
1206.261719	64.515511
1202.578125	52.264111
1198.893555	61.055885
1195.206055	66.448189
1191.517578	50.148827
1187.826172	51.477154
1184.133789	48.742207
1180.438477	50.069824
1176.742188	49.367229
1173.042969	45.285809
1169.342773	47.964180
1165.639648	54.690880
1161.935547	49.263344
1158.228516	48.562893
1154.520508	47.189026
1150.809570	51.206768
1147.097656	47.139233
1143.382813	38.364532
1139.666992	39.689674
1135.948242	47.736904
1132.227539	43.007694
1128.505859	39.626740
1124.781250	38.934483
1121.055664	43.610363
1117.327148	34.199230
1113.596680	32.840668
1109.865234	28.804077
1106.130859	44.187450
1102.394531	30.780966
1098.657227	34.108601
1094.916992	39.438000
1091.174805	36.076611
1087.430664	33.386501
1083.684570	30.699238
1079.936523	32.016933
1076.186523	35.999863
1072.434570	35.314373
1068.680664	27.304100
1064.924805	29.951931
1061.166992	34.592648
1057.406250	31.249739
1053.644531	31.233047
1049.880859	27.231289
1046.114258	23.897615
1042.346680	27.865635
1038.576172	27.850721
1034.803711	24.522022
1031.030273	24.508884
1027.253906	21.185511
1023.475586	17.203997
1019.695313	33.066860
1015.913086	23.795359
1012.128906	19.158188
1008.342773	23.769800
1004.553711	19.797518
