4046.277344	216.970963
4043.892578	210.681946
4041.505859	218.980942
4039.119141	232.510056
4036.731445	225.089828
4034.342773	239.652222
4031.952148	268.848511
4029.561523	239.462997
4027.169922	229.960907
4024.777344	239.273788
4022.383789	250.668137
4019.989258	270.405701
4017.593750	254.644348
4015.197266	262.889252
4012.799805	254.442764
4010.401367	269.977753
4008.001953	274.038666
4005.601563	251.015717
4003.201172	255.080765
4000.798828	266.427643
3998.395508	271.523499
3995.991211	250.617569
3993.585938	276.505371
3991.180664	287.825409
3988.773438	272.131012
3986.365234	280.328857
3983.957031	268.801086
3981.546875	274.918701
3979.135742	284.142426
3976.724609	298.541748
3974.311523	312.929504
3971.898438	314.876373
3969.483398	295.078918
3967.068359	317.730225
3964.651367	305.188995
3962.234375	320.579132
3959.815430	308.046600
3957.396484	335.822693
3954.975586	315.030792
3952.554688	321.099762
3950.131836	313.746979
3947.708984	322.906372
3945.284180	320.714722
3942.859375	340.172028
3940.432617	355.492035
3938.005859	358.439697
3935.577148	355.207336
3933.148438	355.065002
3930.718750	359.037720
3928.287109	366.092163
3925.855469	373.140869
3923.421875	360.660858
3920.988281	374.895630
3918.552734	379.878571
3916.117188	394.093994
3913.680664	385.728638
3911.242188	421.464752
3908.803711	390.543793
3906.363281	435.470734
3903.922852	383.060028
3901.480469	413.620209
3899.038086	433.921661
3896.593750	429.654938
3894.149414	414.143158
3891.703125	431.352997
3889.256836	419.939819
3886.808594	443.261230
3884.360352	458.396301
3881.910156	444.944580
3879.459961	461.086578
3877.007813	477.215424
3874.555664	455.617737
3872.101563	466.641144
3869.646484	493.950775
3867.191406	491.714905
3864.734375	500.674652
3862.277344	495.385925
3859.818359	499.252625
3857.358398	490.919281
3854.897461	483.608521
3852.436523	544.346863
3849.973633	524.838196
3847.509766	541.876099
3845.044922	539.627625
3842.579102	554.617554
3840.113281	540.203247
3837.645508	550.114929
3835.176758	548.878784
3832.707031	564.852234
3830.236328	545.397156
3827.764648	555.290039
3825.291992	581.351379
3822.818359	585.157410
3820.343750	586.939758
3817.868164	581.651733
3815.390625	601.602905
3812.913086	596.312927
3810.434570	616.241516
3807.955078	631.112854
3805.473633	626.824463
3802.992188	607.429260
3800.509766	658.535095
3798.025391	662.292419
3795.541016	665.040405
3793.054688	680.860046
3790.568359	698.677185
3788.080078	685.328247
3785.591797	690.070435
3783.101563	674.727417
3780.610352	699.542603
3778.119141	711.295288
3775.625977	711.004150
3773.131836	725.749329
3770.636719	735.472168
3768.140625	727.158142
3765.643555	754.893311
3763.145508	739.572266
3760.646484	768.279602
3758.146484	771.964294
3755.645508	804.632507
3753.143555	784.319641
3750.639648	797.979797
3748.135742	819.614990
3745.630859	845.223755
3743.124023	838.891479
3740.617188	814.616699
3738.108398	869.098816
3735.599609	849.812378
3733.088867	870.375671
3730.577148	896.894470
3728.064453	880.604675
3725.551758	886.209839
3723.037109	955.439819
3720.521484	899.393127
3718.004883	951.672363
3715.487305	967.167786
3712.967773	949.895142
3710.448242	950.495483
3707.927734	993.740601
3705.406250	1002.252563
3702.882813	1013.729980
3700.359375	1019.254517
3697.833984	1014.872925
3695.308594	1069.877319
3692.781250	1058.552856
3690.252930	1107.559692
3687.723633	1073.493164
3685.193359	1106.643677
3682.662109	1083.469360
3680.129883	1108.689453
3677.596680	1128.954224
3675.062500	1104.812012
3672.527344	1141.823486
3669.990234	1176.832642
3667.453125	1196.049072
3664.915039	1203.431519
3662.375000	1171.431641
3659.833984	1196.529175
3657.292969	1232.425049
3654.750000	1195.536011
3652.206055	1245.160522
3649.661133	1296.708008
3647.115234	1262.783081
3644.568359	1275.999756
3642.019531	1270.563599
3639.470703	1286.707520
3636.920898	1282.250977
3634.369141	1325.813110
3631.817383	1352.687256
3629.263672	1402.057739
3626.708984	1345.688843
3624.153320	1371.541748
3621.596680	1420.841431
3619.039063	1461.302612
3616.480469	1457.762085
3613.920898	1435.667969
3611.360352	1483.880981
3608.797852	1500.826660
3606.235352	1499.224854
3603.670898	1538.574585
3601.105469	1560.348022
3598.540039	1557.747803
3595.972656	1571.703735
3593.404297	1646.971069
3590.834961	1625.849854
3588.264648	1634.895630
3585.692383	1632.267456
3583.120117	1676.285400
3580.545898	1718.323242
3577.971680	1700.126831
3575.395508	1712.031860
3572.818359	1705.493896
3570.240234	1723.204102
3567.661133	1766.101318
3565.081055	1799.272827
3562.500000	1857.597290
3559.917969	1943.947266
3557.333984	1882.166870
3554.750000	1912.330078
3552.164063	1872.852051
3549.577148	1916.523560
3546.989258	1947.598877
3544.400391	2018.239746
3541.810547	1997.121216
3539.219727	2018.473267
3536.626953	2094.780273
3534.034180	2061.121826
3531.439453	2113.254883
3528.844727	2121.997803
3526.248047	2155.766357
3523.650391	2206.829346
3521.051758	2211.671875
3518.451172	2228.049316
3515.850586	2248.256836
3513.249023	2340.506836
3510.645508	2321.272461
3508.041016	2400.932861
3505.436523	2381.687988
3502.830078	2379.723877
3500.222656	2498.566162
3497.613281	2507.095215
3495.003906	2481.129395
3492.393555	2565.304443
3489.781250	2587.192383
3487.167969	2666.466064
3484.553711	2676.815186
3481.938477	2690.978271
3479.322266	2782.527588
3476.705078	2729.773193
3474.086914	2805.951172
3471.466797	2854.388428
3468.845703	2871.304443
3466.224609	2929.206787
3463.601563	3003.261963
3460.977539	2983.887939
3458.351563	3021.667969
3455.725586	3069.885986
3453.098633	3165.637207
3450.469727	3164.294434
3447.839844	3214.289551
3445.208984	3145.455078
3442.577148	3254.306641
3439.944336	3344.075195
3437.310547	3342.655029
3434.674805	3434.205322
3432.039063	3404.298096
3429.401367	3394.320313
3426.762695	3483.834229
3424.123047	3584.635742
3421.481445	3669.257324
3418.839844	3658.233643
3416.197266	3638.705566
3413.552734	3735.483887
3410.907227	3797.211914
3408.260742	3782.369873
3405.613281	3892.179688
3402.963867	3896.184326
3400.314453	3953.960693
3397.663086	3964.534668
3395.011719	4062.763672
3392.358398	4067.626465
3389.704102	4153.481445
3387.047852	4185.600586
3384.391602	4280.740234
3381.733398	4293.021973
3379.075195	4380.510254
3376.415039	4389.916992
3373.753906	4434.073242
3371.090820	4494.153809
3368.427734	4551.365723
3365.762695	4623.538574
3363.097656	4666.576660
3360.430664	4649.581543
3357.762695	4746.916016
3355.092773	4792.651367
3352.422852	4872.050293
3349.750977	4922.369629
3347.079102	5065.250000
3344.405273	5107.025391
3341.729492	5134.744629
3339.053711	5155.898926
3336.376953	5250.804688
3333.698242	5320.425293
3331.018555	5384.386719
3328.337891	5511.708984
3325.656250	5412.394043
3322.973633	5601.091309
3320.289063	5647.119629
3317.604492	5629.798340
3314.917969	5755.803711
3312.230469	5998.905273
3309.541016	5975.871094
3306.851563	6040.219727
3304.160156	6094.291992
3301.467773	6180.817383
3298.774414	6289.543457
3296.080078	6341.577637
3293.384766	6364.815918
3290.687500	6509.470703
3287.990234	6600.255371
3285.291016	6614.084473
3282.589844	6733.442383
3279.888672	6724.988281
3277.186523	6807.190918
3274.482422	6985.480957
3271.777344	7041.618652
3269.071289	7217.802734
3266.364258	7277.480957
3263.655273	7388.795410
3260.945313	7401.290527
3258.234375	7446.973145
3255.522461	7557.142090
3252.809570	7689.327637
3250.095703	7850.870117
3247.379883	7848.397949
3244.663086	7853.287598
3241.945313	8088.129883
3239.226563	8137.040039
3236.505859	8271.375977
3233.784180	8419.374023
3231.061523	8486.435547
3228.337891	8659.906250
3225.613281	8658.909180
3222.886719	8815.643555
3220.160156	8914.490234
3217.431641	8916.125000
3214.702148	9001.099609
3211.970703	9112.546875
3209.239258	9266.902344
3206.505859	9284.834961
3203.771484	9459.090820
3201.035156	9584.757813
3198.298828	9761.466797
3195.560547	9865.886719
3192.821289	9918.189453
3190.081055	10140.129883
3187.339844	10210.500977
3184.596680	10185.099609
3181.853516	10321.893555
3179.108398	10435.798828
3176.361328	10725.291016
3173.614258	10529.543945
3170.865234	10767.805664
3168.115234	10843.123047
3165.364258	11081.942383
3162.612305	11166.134766
3159.858398	11235.723633
3157.104492	11327.029297
3154.347656	11392.852539
3151.590820	11639.057617
3148.833008	11666.613281
3146.073242	11745.782227
3143.312500	11887.362305
3140.550781	12071.357422
3137.787109	12239.808594
3135.023438	12374.646484
3132.257813	12485.860352
3129.491211	12560.829102
3126.722656	12642.050781
3123.954102	12797.227539
3121.183594	12903.536133
3118.412109	13170.305664
3115.638672	13261.923828
3112.865234	13365.174805
3110.089844	13287.263672
3107.313477	13649.731445
3104.536133	13847.169922
3101.756836	13878.895508
3098.976563	14105.728516
3096.195313	14172.361328
3093.413086	14365.615234
3090.628906	14417.698242
3087.844727	14697.742188
3085.058594	14714.630859
3082.270508	15304.617188
3079.482422	15222.601563
3076.692383	15523.291992
3073.901367	15478.863281
3071.109375	15684.263672
3068.315430	16067.571289
3065.520508	16089.144531
3062.724609	16404.867188
3059.927734	16354.763672
3057.128906	16520.892578
3054.329102	16681.511719
3051.528320	16861.623047
3048.726563	17100.455078
3045.922852	17263.267578
3043.118164	17393.843750
3040.312500	17643.695313
3037.505859	17773.087891
3034.697266	17755.474609
3031.887695	18075.117188
3029.077148	18066.271484
3026.264648	18253.017578
3023.452148	18459.142578
3020.637695	18492.759766
3017.821289	18836.208984
3015.004883	18900.679688
3012.186523	18965.976563
3009.367188	19209.437500
3006.545898	19509.398438
3003.724609	19547.746094
3000.901367	19872.078125
2998.077148	19855.341797
2995.250977	20139.427734
2992.423828	20081.011719
2989.595703	20376.224609
2986.766602	20665.871094
2983.935547	20718.562500
2981.104492	20835.644531
2978.270508	21081.449219
2975.436523	21170.912109
2972.600586	21396.060547
2969.763672	21577.822266
2966.925781	21636.099609
2964.085938	21808.777344
2961.245117	22095.705078
2958.403320	22099.117188
2955.560547	22288.046875
2952.715820	22610.394531
2949.870117	22654.843750
2947.023438	22888.041016
2944.174805	23095.572266
2941.325195	23223.951172
2938.474609	23538.121094
2935.622070	23684.583984
2932.768555	23830.908203
2929.914063	24062.923828
2927.058594	24231.697266
2924.201172	24275.187500
2921.342773	24570.521484
2918.483398	24868.208984
2915.622070	25095.716797
2912.759766	25089.804688
2909.896484	25250.644531
2907.032227	25703.679688
2904.166016	25796.050781
2901.298828	25977.265625
2898.429688	26269.863281
2895.559570	26213.744141
2892.688477	26811.587891
2889.816406	26892.777344
2886.942383	27014.775391
2884.067383	27136.654297
2881.191406	27360.113281
2878.314453	27555.560547
2875.435547	27863.720703
2872.554688	28115.175781
2869.673828	28503.484375
2866.791016	28712.785156
2863.907227	28762.386719
2861.021484	28950.572266
2858.134766	29588.947266
2855.247070	29444.150391
2852.358398	29669.826172
2849.467773	30005.138672
2846.576172	30149.943359
2843.682617	30229.796875
2840.789063	30629.166016
2837.893555	30952.189453
2834.996094	30794.226563
2832.097656	31189.328125
2829.198242	31497.845703
2826.297852	31482.025391
2823.395508	31785.808594
2820.492188	31698.386719
2817.587891	31898.500000
2814.681641	31852.380859
2811.774414	32056.525391
2808.866211	32416.912109
2805.956055	32656.685547
2803.044922	32975.238281
2800.131836	32969.894531
2797.218750	33068.359375
2794.303711	33222.468750
2791.386719	33374.714844
2788.468750	33525.957031
2785.549805	33554.582031
2782.629883	33799.753906
2779.708008	33886.398438
2776.785156	34044.796875
2773.860352	34474.902344
2770.935547	34553.402344
2768.007813	34529.324219
2765.080078	34607.707031
2762.150391	34475.230469
2759.219727	34797.500000
2756.287109	34902.054688
2753.353516	34980.085938
2750.418945	35513.769531
2747.482422	35356.433594
2744.544922	35445.187500
2741.606445	35472.601563
2738.666016	35786.531250
2735.724609	36066.167969
2732.782227	35905.484375
2729.837891	36008.171875
2726.892578	36125.187500
2723.945313	36524.593750
2720.997070	36104.460938
2718.047852	36445.855469
2715.097656	36722.542969
2712.145508	36573.847656
2709.191406	36658.054688
2706.237305	36715.097656
2703.281250	36789.839844
2700.323242	36916.914063
2697.364258	37100.472656
2694.404297	37131.832031
2691.443359	37172.433594
2688.480469	37160.675781
2685.515625	37407.843750
2682.550781	37311.664063
2679.583984	37535.765625
2676.615234	37419.375000
2673.646484	37528.707031
2670.674805	37405.667969
2667.703125	37239.835938
2664.729492	37642.480469
2661.754883	37542.214844
2658.778320	37439.507813
2655.800781	37274.750000
2652.821289	37104.257813
2649.840820	37089.093750
2646.859375	37330.496094
2643.876953	37026.921875
2640.892578	37093.871094
2637.906250	37375.101563
2634.918945	37022.503906
2631.930664	36805.738281
2628.941406	36942.023438
2625.950195	36821.582031
2622.957031	36622.710938
2619.963867	36759.691406
2616.967773	36556.835938
2613.971680	36502.648438
2610.973633	36585.257813
2607.974609	36231.023438
2604.973633	36009.566406
2601.971680	35934.031250
2598.967773	35784.472656
2595.962891	35483.617188
2592.957031	35523.152344
2589.949219	35294.984375
2586.940430	34901.671875
2583.929688	35145.683594
2580.917969	34746.136719
2577.905273	34504.585938
2574.890625	34595.812500
2571.875000	34397.636719
2568.857422	34313.148438
2565.838867	34011.734375
2562.819336	33639.394531
2559.797852	33687.726563
2556.775391	33207.507813
2553.750977	32897.187500
2550.725586	32881.304688
2547.698242	32417.773438
2544.669922	32161.044922
2541.640625	32204.902344
2538.609375	32021.892578
2535.577148	31829.970703
2532.542969	31870.591797
2529.507813	31393.908203
2526.471680	31282.365234
2523.433594	31031.019531
2520.393555	30913.966797
2517.353516	30504.326172
2514.310547	30491.146484
2511.267578	30275.904297
2508.222656	30062.492188
2505.175781	29569.427734
2502.127930	29272.029297
2499.079102	29190.525391
2496.028320	28807.507813
2492.976563	28591.115234
2489.922852	28167.767578
2486.868164	28190.816406
2483.812500	27938.986328
2480.754883	27765.871094
2477.695313	27404.121094
2474.634766	27099.876953
2471.573242	26985.332031
2468.509766	26689.703125
2465.445313	26446.544922
2462.378906	26256.603516
2459.311523	25996.736328
2456.242188	25813.675781
2453.171875	25511.896484
2450.100586	25085.865234
2447.027344	24853.828125
2443.953125	24627.691406
2440.876953	24224.576172
2437.799805	24219.072266
2434.720703	23853.853516
2431.640625	23704.042969
2428.558594	23482.162109
2425.475586	23280.750000
2422.390625	22771.529297
2419.304688	22750.462891
2416.217773	22422.515625
2413.128906	22416.183594
2410.038086	21929.308594
2406.946289	21705.677734
2403.853516	21533.166016
2400.758789	21248.513672
2397.663086	20959.271484
2394.565430	20770.375000
2391.466797	20411.421875
2388.366211	20231.003906
2385.264648	19928.234375
2382.161133	19757.861328
2379.056641	19478.125000
2375.950195	19256.593750
2372.842773	19172.830078
2369.734375	18908.210938
2366.624023	18725.009766
2363.511719	18509.033203
2360.398438	18175.208984
2357.284180	18013.453125
2354.167969	17861.468750
2351.049805	17725.656250
2347.930664	17340.695313
2344.810547	17274.939453
2341.688477	16932.173828
2338.564453	16736.195313
2335.439453	16650.792969
2332.313477	16555.871094
2329.185547	16310.768555
2326.056641	15970.020508
2322.925781	15950.592773
2319.792969	15556.043945
2316.660156	15448.262695
2313.524414	15177.108398
2310.387695	14959.602539
2307.250000	14920.748047
2304.110352	14593.666016
2300.969727	14510.436523
2297.827148	14385.912109
2294.682617	14186.751953
2291.537109	14076.791016
2288.390625	13688.876953
2285.242188	13601.475586
2282.092773	13426.845703
2278.941406	13243.648438
2275.788086	13183.525391
2272.633789	12892.813477
2269.478516	12845.577148
2266.321289	12638.429688
2263.162109	12431.471680
2260.001953	12164.581055
2256.840820	12170.734375
2253.676758	11935.822266
2250.512695	11810.932617
2247.346680	11603.247070
2244.178711	11547.286133
2241.009766	11288.635742
2237.838867	11195.018555
2234.666992	11078.630859
2231.493164	10976.527344
2228.318359	10630.428711
2225.141602	10521.541992
2221.963867	10380.500977
2218.784180	10280.475586
2215.602539	10026.503906
2212.419922	10016.282227
2209.236328	9848.250000
2206.050781	9810.647461
2202.863281	9576.187500
2199.674805	9471.313477
2196.485352	9494.274414
2193.292969	9299.450195
2190.100586	9069.574219
2186.905273	9092.682617
2183.709961	8904.571289
2180.511719	8809.671875
2177.312500	8642.965820
2174.112305	8570.144531
2170.910156	8426.342773
2167.706055	8368.513672
2164.500977	8137.578613
2161.294922	8070.579102
2158.085938	7949.872070
2154.876953	7886.913086
2151.665039	7795.984863
2148.452148	7578.302734
2145.238281	7540.489258
2142.022461	7512.815430
2138.804688	7381.042480
2135.585938	7289.001465
2132.365234	7119.415527
2129.143555	7023.701172
2125.919922	6931.953125
2122.695313	6792.227539
2119.468750	6766.531250
2116.240234	6576.672363
2113.010742	6557.290527
2109.780273	6445.078613
2106.546875	6353.078125
2103.312500	6280.487305
2100.077148	6260.500977
2096.839844	6114.654785
2093.600586	6090.902832
2090.360352	5934.470703
2087.119141	5847.588379
2083.875000	5729.955566
2080.629883	5684.081055
2077.383789	5593.585938
2074.135742	5478.544922
2070.885742	5398.230957
2067.634766	5327.987305
2064.381836	5354.649414
2061.127930	5305.999512
2057.871094	5171.395996
2054.614258	5078.363281
2051.355469	4998.458008
2048.094727	5017.536133
2044.832031	4877.189453
2041.568359	4785.999023
2038.303711	4803.615234
2035.037109	4698.003418
2031.768555	4584.077148
2028.498047	4591.055664
2025.226563	4414.624023
2021.954102	4385.774902
2018.678711	4285.187988
2015.403320	4278.554199
2012.125000	4143.790039
2008.845703	4125.029785
2005.564453	4123.049316
2002.282227	4051.000732
1998.998047	3867.878662
1995.712891	3881.237549
1992.424805	3837.543457
1989.136719	3740.679932
1985.845703	3665.941650
1982.553711	3679.365967
1979.260742	3569.050781
1975.964844	3492.222656
1972.667969	3442.766602
1969.370117	3404.726074
1966.070313	3418.237061
1962.768555	3314.364014
1959.465820	3334.714600
1956.161133	3209.041016
1952.854492	3234.713135
1949.546875	3140.948730
1946.237305	3075.223145
1942.925781	3032.966064
1939.613281	2986.975098
1936.298828	2931.221680
1932.982422	2903.416504
1929.665039	2762.601074
1926.346680	2865.207520
1923.025391	2762.186768
1919.703125	2756.334717
1916.378906	2695.582764
1913.053711	2683.000488
1909.726563	2668.175293
1906.397461	2594.032715
1903.067383	2539.478027
1899.735352	2542.748047
1896.401367	2483.019531
1893.066406	2465.323975
1889.729492	2386.958984
1886.390625	2366.329834
1883.050781	2332.995605
1879.708984	2297.448486
1876.365234	2256.700928
1873.020508	2233.181885
1869.673828	2195.491455
1866.326172	2112.290771
1862.975586	2131.412109
1859.624023	2087.856201
1856.271484	2050.306396
1852.916016	2010.556519
1849.559570	1997.658936
1846.202148	1977.328369
1842.841797	1957.760986
1839.480469	1897.305542
1836.118164	1845.829102
1832.752930	1811.491577
1829.386719	1816.547974
1826.018555	1775.576172
1822.649414	1758.385620
1819.278320	1703.390991
1815.905273	1721.088013
1812.531250	1646.161133
1809.154297	1637.209961
1805.777344	1620.865723
1802.397461	1561.630859
1799.016602	1580.829346
1795.633789	1537.190430
1792.249023	1509.844482
1788.863281	1478.833252
1785.475586	1500.245972
1782.085938	1439.765137
1778.694336	1443.481567
1775.301758	1400.034546
1771.907227	1380.197632
1768.510742	1330.934204
1765.113281	1284.661743
1761.713867	1279.617432
1758.312500	1308.389771
1754.910156	1241.623657
1751.505859	1277.728638
1748.099609	1222.785767
1744.691406	1204.576782
1741.282227	1222.314087
1737.871094	1146.224609
1734.458008	1139.799072
1731.042969	1147.290283
1727.626953	1111.597778
1724.208984	1086.180054
1720.790039	1088.567749
1717.368164	1043.456421
1713.945313	1029.063843
1710.520508	1019.065063
1707.093750	1003.968384
1703.666016	969.195984
1700.236328	971.631775
1696.804688	966.779297
1693.371094	950.280273
1689.936523	922.151978
1686.500000	920.239868
1683.061523	937.960999
1679.622070	906.972473
1676.179688	862.939514
1672.736328	854.524841
1669.291016	853.374695
1665.844727	831.191711
1662.396484	801.056091
1658.945313	817.323059
1655.494141	795.914185
1652.040039	788.279541
1648.584961	784.993164
1645.126953	767.246948
1641.668945	756.745911
1638.208008	699.297913
1634.745117	713.390381
1631.281250	674.063049
1627.815430	686.710815
1624.347656	701.508484
1620.878906	663.686279
1617.408203	655.431946
1613.935547	621.269348
1610.460938	620.958801
1606.984375	611.299011
1603.506836	625.369507
1600.027344	592.726074
1596.545898	565.141663
1593.062500	582.802002
1589.577148	566.010376
1586.090820	559.273499
1582.602539	563.293030
1579.112305	541.521545
1575.620117	526.215088
1572.126953	511.639343
1568.630859	508.521545
1565.133789	490.394562
1561.634766	480.145081
1558.133789	489.187531
1554.631836	478.234741
1551.127930	470.146454
1547.621094	456.361572
1544.114258	438.314117
1540.604492	443.792084
1537.092773	412.952972
1533.580078	406.340118
1530.065430	423.916931
1526.548828	407.352112
1523.030273	404.304291
1519.509766	419.724396
1515.988281	396.087830
1512.463867	383.826569
1508.938477	365.904602
1505.411133	372.807159
1501.882813	371.201721
1498.351563	353.312805
1494.818359	346.764771
1491.284180	345.174469
1487.748047	341.464722
1484.209961	329.985870
1480.669922	334.056030
1477.128906	322.592285
1473.584961	312.551086
1470.040039	301.109589
1466.493164	286.860291
1462.944336	288.123413
1459.393555	310.508148
1455.840820	281.496796
1452.287109	282.760345
1448.730469	269.258911
1445.172852	270.527161
1441.613281	250.022339
1438.051758	258.318359
1434.488281	260.993011
1430.922852	225.798080
1427.356445	236.196045
1423.787109	246.583282
1420.216797	230.353607
1416.644531	219.039032
1413.070313	226.621002
1409.494141	227.204208
1405.916016	215.908264
1402.336914	231.860397
1398.754883	208.707123
1395.171875	203.018951
1391.585938	205.006836
1387.999023	193.750626
1384.410156	185.988800
1380.819336	183.108459
1377.226563	192.060822
1373.632813	177.356384
1370.036133	181.436234
1366.438477	167.446976
1362.837891	167.360886
1359.236328	177.686096
1355.632813	158.863968
1352.027344	161.555679
1348.419922	155.235336
1344.810547	157.233337
1341.199219	158.536880
1337.585938	139.772644
1333.970703	152.840698
1330.354492	143.084595
1326.735352	153.373810
1323.115234	145.698898
1319.493164	133.200729
1315.869141	128.993057
1312.242188	130.305222
1308.614258	132.994156
1304.984375	125.349251
1301.353516	125.972702
1297.719727	121.779320
1294.083984	125.842163
1290.446289	122.340378
1286.807617	122.963852
1283.166016	113.974327
1279.523438	107.052788
1275.877930	106.997169
1272.231445	108.998123
1268.582031	105.515617
1264.931641	102.036682
1261.279297	102.668030
1257.625000	97.825897
1253.968750	91.621269
1250.310547	90.206757
1246.650391	90.842751
1242.988281	90.795364
1239.324219	79.148621
1235.658203	96.838249
1231.990234	80.429192
1228.320313	91.968361
1224.648438	78.983353
1220.975586	76.219902
1217.299805	85.702530
1213.622070	72.741028
1209.943359	80.177071
1206.261719	74.023064
1202.578125	74.663017
1198.893555	71.231865
1195.206055	73.906662
1191.517578	73.867867
1187.826172	64.346443
1184.133789	71.082382
1180.438477	63.602207
1176.742188	52.748547
1173.042969	62.859406
1169.342773	63.501869
1165.639648	52.665291
1161.935547	63.434990
1158.228516	60.029129
1154.520508	59.997475
1150.809570	55.923180
1147.097656	63.974670
1143.382813	56.537205
1139.666992	57.852749
1135.948242	45.047501
1132.227539	51.743633
1128.505859	47.686417
1124.781250	51.017597
1121.055664	48.306862
1117.327148	48.951839
1113.596680	47.585457
1109.865234	47.560223
1106.130859	40.839916
1102.394531	40.818237
1098.657227	40.796558
1094.916992	44.785526
1091.174805	39.417034
1087.430664	43.402451
1083.684570	40.709858
1079.936523	37.353088
1076.186523	35.999863
1072.434570	34.648064
1068.680664	35.961498
1064.924805	38.604710
1061.166992	41.910324
1057.406250	39.228397
1053.644531	35.220245
1049.880859	27.231289
1046.114258	31.863485
1042.346680	31.182974
1038.576172	25.861383
1034.803711	31.149595
1031.030273	25.833689
1027.253906	31.778267
1023.475586	23.820919
1019.695313	30.421511
1015.913086	31.727144
1012.128906	27.746342
1008.342773	34.334156
1004.553711	21.777269
