4046.277344	220.115463
4043.892578	234.789825
4041.505859	229.458496
4039.119141	244.030823
4036.731445	242.887619
4034.342773	252.210419
4031.952148	265.710175
4029.561523	252.011276
4027.169922	257.138092
4024.777344	258.081329
4022.383789	262.157104
4019.989258	263.097443
4017.593750	261.949707
4015.197266	273.321350
4012.799805	269.041931
4010.401367	267.892975
4008.001953	274.038666
4005.601563	281.220947
4003.201172	264.451080
4000.798828	261.223969
3998.395508	281.926697
3995.991211	292.213837
3993.585938	296.255768
3991.180664	289.903564
3988.773438	296.020355
3986.365234	269.946289
3983.957031	308.239075
3981.546875	315.378448
3979.135742	288.290497
3976.724609	302.688171
3974.311523	320.182831
3971.898438	304.518585
3969.483398	318.892334
3967.068359	298.066132
3964.651367	324.845245
3962.234375	327.817993
3959.815430	313.215149
3957.396484	328.589600
3954.975586	323.293915
3952.554688	322.132233
3950.131836	343.676788
3947.708984	351.792542
3945.284180	354.745544
3942.859375	353.572754
3940.432617	348.279175
3938.005859	350.199707
3935.577148	372.710327
3933.148438	375.648468
3930.718750	369.325317
3928.287109	364.035492
3925.855469	361.833588
3923.421875	376.073700
3920.988281	404.681854
3918.552734	386.038788
3916.117188	398.199158
3913.680664	388.806274
3911.242188	396.853668
3908.803711	426.420502
3906.363281	412.928711
3903.922852	404.568756
3901.480469	399.286835
3899.038086	410.383453
3896.593750	437.838837
3894.149414	431.526947
3891.703125	431.352997
3889.256836	432.200836
3886.808594	444.282593
3884.360352	423.684784
3881.910156	472.498474
3879.459961	480.468536
3877.007813	467.018494
3874.555664	481.099731
3872.101563	469.697723
3869.646484	501.079956
3867.191406	502.913391
3864.734375	495.586487
3862.277344	475.041534
3859.818359	525.689636
3857.358398	512.263611
3854.897461	524.247864
3852.436523	527.082153
3849.973633	518.747192
3847.509766	541.876099
3845.044922	546.727966
3842.579102	554.617554
3840.113281	565.541077
3837.645508	573.416260
3835.176758	566.094543
3832.707031	589.146973
3830.236328	600.038086
3827.764648	574.507690
3825.291992	595.506042
3822.818359	597.285034
3820.343750	624.317993
3817.868164	630.122742
3815.390625	656.110535
3812.913086	631.627563
3810.434570	654.567505
3807.955078	664.382385
3805.473633	668.142517
3802.992188	673.914063
3800.509766	682.701538
3798.025391	704.566406
3795.541016	676.107666
3793.054688	700.974060
3790.568359	722.804138
3788.080078	704.420959
3785.591797	745.316223
3783.101563	729.950623
3780.610352	723.630188
3778.119141	771.489502
3775.625977	750.114380
3773.131836	737.778320
3770.636719	764.530334
3768.140625	790.258606
3765.643555	789.934814
3763.145508	816.631897
3760.646484	795.289429
3758.146484	793.963257
3755.645508	825.622925
3753.143555	814.293640
3750.639648	824.945313
3748.135742	860.545776
3745.630859	841.232178
3743.124023	856.846375
3740.617188	895.380432
3738.108398	883.052185
3735.599609	908.591858
3733.088867	908.218079
3730.577148	895.898987
3728.064453	900.505371
3725.551758	936.935669
3723.037109	976.318298
3720.521484	952.064758
3718.004883	958.626099
3715.487305	954.258972
3712.967773	1011.434875
3710.448242	1028.876587
3707.927734	1016.550964
3705.406250	1066.690186
3702.882813	1049.403809
3700.359375	1062.837769
3697.833984	1065.369019
3695.308594	1100.558350
3692.781250	1071.413696
3690.252930	1116.459839
3687.723633	1062.619873
3685.193359	1106.643677
3682.662109	1149.642944
3680.129883	1146.205200
3677.596680	1203.954712
3675.062500	1178.795044
3672.527344	1208.873535
3669.990234	1185.703247
3667.453125	1222.649780
3664.915039	1210.325073
3662.375000	1231.479736
3659.833984	1230.968750
3657.292969	1290.456299
3654.750000	1321.381958
3652.206055	1319.850464
3649.661133	1302.602173
3647.115234	1280.458130
3644.568359	1294.648926
3642.019531	1366.714355
3639.470703	1366.145996
3636.920898	1402.829590
3634.369141	1367.949097
3631.817383	1416.354736
3629.263672	1424.576782
3626.708984	1441.599854
3624.153320	1459.586548
3621.596680	1497.115112
3619.039063	1479.874268
3616.480469	1525.178711
3613.920898	1529.425903
3611.360352	1561.979980
3608.797852	1602.313110
3606.235352	1591.890015
3603.670898	1608.775635
3601.105469	1609.078369
3598.540039	1622.045044
3595.972656	1661.292847
3593.404297	1698.560547
3590.834961	1671.579956
3588.264648	1732.152954
3585.692383	1749.899536
3583.120117	1780.263672
3580.545898	1746.492554
3577.971680	1812.756592
3575.395508	1826.555542
3572.818359	1830.641113
3570.240234	1861.875000
3567.661133	1919.253906
3565.081055	1940.734253
3562.500000	1939.920410
3559.917969	1986.543701
3557.333984	1982.807129
3554.750000	1990.680542
3552.164063	1994.679199
3549.577148	1971.612671
3546.989258	2034.545288
3544.400391	2062.660400
3541.810547	2085.925049
3539.219727	2115.923584
3536.626953	2088.029297
3534.034180	2144.029541
3531.439453	2177.818359
3528.844727	2235.658936
3526.248047	2290.561768
3523.650391	2385.839355
3521.051758	2308.835449
3518.451172	2322.287109
3515.850586	2355.911865
3513.249023	2363.565918
3510.645508	2426.916016
3508.041016	2460.452148
3505.436523	2495.878418
3502.830078	2498.662109
3500.222656	2603.072754
3497.613281	2560.763916
3495.003906	2643.025635
3492.393555	2678.296387
3489.781250	2667.593262
3487.167969	2720.044189
3484.553711	2778.187744
3481.938477	2785.616699
3479.322266	2855.148438
3476.705078	2900.742188
3474.086914	2931.020752
3471.466797	2955.547119
3468.845703	2984.821289
3466.224609	3033.140137
3463.601563	3050.917725
3460.977539	3147.754150
3458.351563	3157.847656
3455.725586	3206.959961
3453.098633	3236.048096
3450.469727	3236.577881
3447.839844	3352.139893
3445.208984	3407.734619
3442.577148	3393.939697
3439.944336	3417.185303
3437.310547	3506.845703
3434.674805	3587.890869
3432.039063	3603.435303
3429.401367	3563.989014
3426.762695	3666.695313
3424.123047	3697.336182
3421.481445	3771.496582
3418.839844	3825.721191
3416.197266	3869.494385
3413.552734	3968.065430
3410.907227	3874.706055
3408.260742	3977.911865
3405.613281	4059.311035
3402.963867	4140.639648
3400.314453	4087.929199
3397.663086	4170.117188
3395.011719	4199.445801
3392.358398	4254.188965
3389.704102	4319.244141
3387.047852	4404.012695
3384.391602	4507.528320
3381.733398	4568.625977
3379.075195	4536.587891
3376.415039	4614.535156
3373.753906	4729.051758
3371.090820	4674.445801
3368.427734	4722.194336
3365.762695	4809.306152
3363.097656	4852.264160
3360.430664	4995.488281
3357.762695	4940.877930
3355.092773	5053.030273
3352.422852	5092.060059
3349.750977	5175.974609
3347.079102	5268.233887
3344.405273	5320.207520
3341.729492	5332.881836
3339.053711	5410.937988
3336.376953	5592.578125
3333.698242	5565.911621
3331.018555	5507.543457
3328.337891	5684.241211
3325.656250	5717.225586
3322.973633	5818.202148
3320.289063	5799.870117
3317.604492	6018.958984
3314.917969	6092.683105
3312.230469	6146.808105
3309.541016	6187.867188
3306.851563	6357.147461
3304.160156	6324.686035
3301.467773	6429.684082
3298.774414	6516.026367
3296.080078	6500.233398
3293.384766	6681.990234
3290.687500	6774.595703
3287.990234	6743.879883
3285.291016	6891.948242
3282.589844	6958.415039
3279.888672	7058.137207
3277.186523	7094.871094
3274.482422	7279.509277
3271.777344	7331.823242
3269.071289	7450.604980
3266.364258	7575.746094
3263.655273	7726.621582
3260.945313	7739.893555
3258.234375	7730.096680
3255.522461	8084.427246
3252.809570	8094.756836
3250.095703	8221.125000
3247.379883	8249.793945
3244.663086	8306.962891
3241.945313	8427.549805
3239.226563	8467.119141
3236.505859	8647.264648
3233.784180	8753.760742
3231.061523	8903.319336
3228.337891	8995.838867
3225.613281	9032.311523
3222.886719	9097.179688
3220.160156	9342.569336
3217.431641	9390.748047
3214.702148	9510.319336
3211.970703	9536.407227
3209.239258	9826.923828
3206.505859	9890.347656
3203.771484	9969.256836
3201.035156	10079.166016
3198.298828	10246.525391
3195.560547	10224.729492
3192.821289	10377.271484
3190.081055	10555.223633
3187.339844	10702.924805
3184.596680	10689.159180
3181.853516	10906.822266
3179.108398	10897.527344
3176.361328	11040.258789
3173.614258	11120.989258
3170.865234	11423.569336
3168.115234	11383.142578
3165.364258	11532.671875
3162.612305	11573.068359
3159.858398	11676.073242
3157.104492	11733.608398
3154.347656	12009.711914
3151.590820	11919.244141
3148.833008	12217.677734
3146.073242	12263.085938
3143.312500	12341.050781
3140.550781	12492.262695
3137.787109	12655.100586
3135.023438	12935.363281
3132.257813	12944.180664
3129.491211	13106.597656
3126.722656	13351.963867
3123.954102	13319.951172
3121.183594	13515.369141
3118.412109	13692.571289
3115.638672	13755.110352
3112.865234	13810.379883
3110.089844	14051.168945
3107.313477	14054.927734
3104.536133	14305.291992
3101.756836	14452.872070
3098.976563	14586.830078
3096.195313	14686.509766
3093.413086	15033.177734
3090.628906	14960.135742
3087.844727	15218.397461
3085.058594	15356.192383
3082.270508	15618.530273
3079.482422	15862.704102
3076.692383	15929.229492
3073.901367	16184.687500
3071.109375	16304.722656
3068.315430	16469.394531
3065.520508	16559.671875
3062.724609	16773.253906
3059.927734	16956.257813
3057.128906	17090.855469
3054.329102	17287.835938
3051.528320	17382.886719
3048.726563	17680.373047
3045.922852	17998.994141
3043.118164	18002.667969
3040.312500	18216.611328
3037.505859	18413.439453
3034.697266	18451.626953
3031.887695	18786.980469
3029.077148	18820.513672
3026.264648	19103.833984
3023.452148	19326.470703
3020.637695	19348.158203
3017.821289	19634.406250
3015.004883	19896.433594
3012.186523	19848.630859
3009.367188	20133.376953
3006.545898	20266.306641
3003.724609	20458.468750
3000.901367	20676.136719
2998.077148	20798.009766
2995.250977	21046.289063
2992.423828	21021.962891
2989.595703	21230.132813
2986.766602	21482.292969
2983.935547	21601.744141
2981.104492	21836.730469
2978.270508	21956.791016
2975.436523	22147.298828
2972.600586	22476.046875
2969.763672	22324.226563
2966.925781	22738.914063
2964.085938	22743.818359
2961.245117	23096.333984
2958.403320	23189.029297
2955.560547	23373.960938
2952.715820	23596.513672
2949.870117	23731.011719
2947.023438	24091.058594
2944.174805	24026.837891
2941.325195	24313.601563
2938.474609	24587.826172
2935.622070	24626.005859
2932.768555	24660.640625
2929.914063	24903.671875
2927.058594	25202.505859
2924.201172	25462.566406
2921.342773	25692.652344
2918.483398	25856.083984
2915.622070	26014.119141
2912.759766	26233.148438
2909.896484	26449.357422
2907.032227	26625.220703
2904.166016	26890.767578
2901.298828	27190.943359
2898.429688	27213.705078
2895.559570	27297.417969
2892.688477	27540.392578
2889.816406	27927.617188
2886.942383	28137.888672
2884.067383	28294.052734
2881.191406	28636.941406
2878.314453	28842.246094
2875.435547	28977.019531
2872.554688	29251.414063
2869.673828	29679.126953
2866.791016	29781.232422
2863.907227	29931.781250
2861.021484	30051.859375
2858.134766	30315.591797
2855.247070	30662.187500
2852.358398	30772.234375
2849.467773	31123.486328
2846.576172	31278.166016
2843.682617	31488.003906
2840.789063	31635.453125
2837.893555	31854.421875
2834.996094	32151.716797
2832.097656	32153.724609
2829.198242	32513.542969
2826.297852	32540.361328
2823.395508	32650.705078
2820.492188	33105.367188
2817.587891	33150.789063
2814.681641	33318.320313
2811.774414	33439.257813
2808.866211	33788.710938
2805.956055	33521.835938
2803.044922	34024.636719
2800.131836	34046.285156
2797.218750	34315.007813
2794.303711	34062.914063
2791.386719	34444.515625
2788.468750	34357.082031
2785.549805	34789.574219
2782.629883	34890.375000
2779.708008	34844.753906
2776.785156	34936.007813
2773.860352	35466.589844
2770.935547	35584.808594
2768.007813	35540.621094
2765.080078	35366.695313
2762.150391	35441.242188
2759.219727	35731.515625
2756.287109	35790.464844
2753.353516	35949.910156
2750.418945	36113.460938
2747.482422	36213.843750
2744.544922	36117.531250
2741.606445	36598.054688
2738.666016	36511.835938
2735.724609	36403.585938
2732.782227	36090.683594
2729.837891	36866.664063
2726.892578	36682.824219
2723.945313	36673.058594
2720.997070	36643.789063
2718.047852	36897.636719
2715.097656	36863.183594
2712.145508	37017.597656
2709.191406	37017.804688
2706.237305	37163.527344
2703.281250	37103.597656
2700.323242	36968.476563
2697.364258	37142.718750
2694.404297	37356.484375
2691.443359	37121.785156
2688.480469	37034.953125
2685.515625	37327.722656
2682.550781	37199.542969
2679.583984	37577.054688
2676.615234	37500.234375
2673.646484	37197.003906
2670.674805	37279.445313
2667.703125	37338.246094
2664.729492	37199.410156
2661.754883	37052.285156
2658.778320	37242.953125
2655.800781	37001.882813
2652.821289	37133.632813
2649.840820	36881.902344
2646.859375	36653.027344
2643.876953	36638.054688
2640.892578	36843.402344
2637.906250	36783.121094
2634.918945	36801.554688
2631.930664	36283.730469
2628.941406	36436.136719
2625.950195	36262.437500
2622.957031	36306.089844
2619.963867	36236.128906
2616.967773	36184.582031
2613.971680	36034.625000
2610.973633	35703.835938
2607.974609	35439.187500
2604.973633	35268.914063
2601.971680	35416.062500
2598.967773	35181.835938
2595.962891	34959.460938
2592.957031	34687.382813
2589.949219	34691.507813
2586.940430	34147.257813
2583.929688	33866.753906
2580.917969	34050.515625
2577.905273	33960.292969
2574.890625	33505.234375
2571.875000	33547.957031
2568.857422	33305.593750
2565.838867	33035.285156
2562.819336	33046.675781
2559.797852	32491.242188
2556.775391	32286.154297
2553.750977	32150.687500
2550.725586	31831.066406
2547.698242	31576.976563
2544.669922	31354.480469
2541.640625	31501.029297
2538.609375	30760.779297
2535.577148	30714.531250
2532.542969	30438.410156
2529.507813	30328.912109
2526.471680	30137.175781
2523.433594	29682.273438
2520.393555	29529.648438
2517.353516	29294.117188
2514.310547	29285.601563
2511.267578	29099.662109
2508.222656	28794.837891
2505.175781	28793.099609
2502.127930	28029.326172
2499.079102	27978.728516
2496.028320	27580.697266
2492.976563	27452.515625
2489.922852	27254.031250
2486.868164	26929.689453
2483.812500	26779.054688
2480.754883	26339.925781
2477.695313	26428.322266
2474.634766	25826.367188
2471.573242	25805.488281
2468.509766	25557.738281
2465.445313	25338.759766
2462.378906	24920.208984
2459.311523	24781.578125
2456.242188	24625.960938
2453.171875	24231.904297
2450.100586	24077.482422
2447.027344	23720.632813
2443.953125	23469.812500
2440.876953	23099.742188
2437.799805	22938.783203
2434.720703	22821.812500
2431.640625	22607.550781
2428.558594	22357.783203
2425.475586	21882.818359
2422.390625	21715.460938
2419.304688	21614.681641
2416.217773	21237.056641
2413.128906	21001.412109
2410.038086	20841.216797
2406.946289	20663.371094
2403.853516	20279.583984
2400.758789	20057.716797
2397.663086	19901.457031
2394.565430	19686.414063
2391.466797	19429.615234
2388.366211	19051.285156
2385.264648	18920.740234
2382.161133	18610.656250
2379.056641	18544.843750
2375.950195	18250.501953
2372.842773	18015.156250
2369.734375	18046.187500
2366.624023	17549.923828
2363.511719	17349.757813
2360.398438	17322.417969
2357.284180	17044.677734
2354.167969	16844.205078
2351.049805	16631.886719
2347.930664	16508.726563
2344.810547	16255.090820
2341.688477	16137.014648
2338.564453	15894.182617
2335.439453	15765.972656
2332.313477	15447.561523
2329.185547	15464.337891
2326.056641	15100.816406
2322.925781	15024.299805
2319.792969	14787.420898
2316.660156	14548.364258
2313.524414	14321.486328
2310.387695	14255.818359
2307.250000	14101.775391
2304.110352	13705.002930
2300.969727	13554.536133
2297.827148	13521.150391
2294.682617	13380.442383
2291.537109	13179.456055
2288.390625	13023.936523
2285.242188	12820.914063
2282.092773	12661.729492
2278.941406	12431.291016
2275.788086	12385.028320
2272.633789	12196.140625
2269.478516	12091.399414
2266.321289	11757.912109
2263.162109	11767.436523
2260.001953	11574.428711
2256.840820	11436.948242
2253.676758	11308.286133
2250.512695	11223.190430
2247.346680	11037.100586
2244.178711	10779.361328
2241.009766	10713.553711
2237.838867	10610.746094
2234.666992	10458.378906
2231.493164	10251.796875
2228.318359	10065.088867
2225.141602	9936.005859
2221.963867	9917.957031
2218.784180	9776.476563
2215.602539	9603.690430
2212.419922	9491.548828
2209.236328	9216.197266
2206.050781	9284.053711
2202.863281	9004.345703
2199.674805	8891.901367
2196.485352	8919.053711
2193.292969	8645.386719
2190.100586	8643.655273
2186.905273	8596.533203
2183.709961	8299.930664
2180.511719	8151.370605
2177.312500	8095.942383
2174.112305	8131.170410
2170.910156	7909.504395
2167.706055	7862.063477
2164.500977	7717.947266
2161.294922	7583.319336
2158.085938	7383.359863
2154.876953	7330.015625
2151.665039	7259.592285
2148.452148	7267.046875
2145.238281	7125.937500
2142.022461	7047.928711
2138.804688	6903.166504
2135.585938	6778.732422
2132.365234	6735.148926
2129.143555	6628.753906
2125.919922	6448.003906
2122.695313	6440.290527
2119.468750	6327.981445
2116.240234	6220.422852
2113.010742	6100.579102
2109.780273	5979.299805
2106.546875	6006.616699
2103.312500	5959.699219
2100.077148	5819.337402
2096.839844	5745.520508
2093.600586	5666.368652
2090.360352	5577.260742
2087.119141	5491.319824
2083.875000	5474.057617
2080.629883	5414.437988
2077.383789	5301.739746
2074.135742	5234.558105
2070.885742	5228.213867
2067.634766	5112.684082
2064.381836	4948.074219
2061.127930	4909.604980
2057.871094	4904.956055
2054.614258	4822.027344
2051.355469	4654.027344
2048.094727	4560.560059
2044.832031	4621.221191
2041.568359	4534.749512
2038.303711	4434.577148
2035.037109	4432.454102
2031.768555	4361.489746
2028.498047	4211.080078
2025.226563	4128.823730
2021.954102	4090.945557
2018.678711	4096.618164
2015.403320	3993.164551
2012.125000	3942.435303
2008.845703	3898.614258
2005.564453	3814.448975
2002.282227	3769.205322
1998.998047	3720.958740
1995.712891	3671.235107
1992.424805	3561.477539
1989.136719	3570.406982
1985.845703	3442.565918
1982.553711	3450.781982
1979.260742	3312.492188
1975.964844	3296.482178
1972.667969	3291.102783
1969.370117	3232.670654
1966.070313	3201.566895
1962.768555	3074.324463
1959.465820	3061.489014
1956.161133	3048.664795
1952.854492	2990.483887
1949.546875	2893.814453
1946.237305	2860.690430
1942.925781	2847.983154
1939.613281	2825.476318
1936.298828	2764.520752
1932.982422	2726.240967
1929.665039	2675.186523
1926.346680	2636.985107
1923.025391	2630.438965
1919.703125	2617.125732
1916.378906	2548.167969
1913.053711	2520.622314
1909.726563	2457.035645
1906.397461	2416.040283
1903.067383	2416.370117
1899.735352	2292.899902
1896.401367	2291.037354
1893.066406	2281.680176
1889.729492	2244.610596
1886.390625	2194.096924
1883.050781	2198.270264
1879.708984	2101.443604
1876.365234	2084.719238
1873.020508	2065.020508
1869.673828	2034.882080
1866.326172	1998.798950
1862.975586	2012.751709
1859.624023	1978.204590
1856.271484	1913.867676
1852.916016	1894.304932
1849.559570	1870.291382
1846.202148	1823.221802
1842.841797	1785.870850
1839.480469	1783.511841
1836.118164	1784.127930
1832.752930	1672.546143
1829.386719	1740.053955
1826.018555	1691.696533
1822.649414	1662.676025
1819.278320	1600.312500
1815.905273	1589.152710
1812.531250	1574.299072
1809.154297	1516.511108
1805.777344	1482.463013
1802.397461	1495.792358
1799.016602	1445.519775
1795.633789	1438.159912
1792.249023	1427.851929
1788.863281	1376.946533
1785.475586	1366.677612
1782.085938	1349.779907
1778.694336	1302.671997
1775.301758	1313.821899
1771.907227	1270.459473
1768.510742	1242.597900
1765.113281	1262.588501
1761.713867	1187.690796
1758.312500	1233.414551
1754.910156	1213.705566
1751.505859	1133.800537
1748.099609	1158.930908
1744.691406	1143.687744
1741.282227	1098.396118
1737.871094	1066.340698
1734.458008	1084.860107
1731.042969	1060.895752
1727.626953	1052.322266
1724.208984	1013.768005
1720.790039	994.990417
1717.368164	988.653015
1713.945313	952.377075
1710.520508	989.865540
1707.093750	960.920288
1703.666016	930.544800
1700.236328	888.536438
1696.804688	898.296021
1693.371094	893.481873
1689.936523	874.115662
1686.500000	877.319580
1683.061523	850.708801
1679.622070	825.577515
1676.179688	792.480652
1672.736328	790.635132
1669.291016	783.711487
1665.844727	763.013672
1662.396484	745.960876
1658.945313	744.140747
1655.494141	757.530701
1652.040039	726.751770
1648.584961	689.491699
1645.126953	689.148315
1641.668945	706.151611
1638.208008	686.294495
1634.745117	684.508179
1631.281250	678.393250
1627.815430	622.511963
1624.347656	627.969055
1620.878906	606.037048
1617.408203	603.573608
1613.935547	593.193481
1610.460938	584.262512
1606.984375	565.990967
1603.506836	584.397034
1600.027344	562.550903
1596.545898	535.699707
1593.062500	544.044250
1589.577148	525.837280
1586.090820	516.969482
1582.602539	511.693665
1579.112305	510.720703
1575.620117	483.974701
1572.126953	489.456390
1568.630859	479.197510
1565.133789	470.378448
1561.634766	446.563507
1558.133789	437.769287
1554.631836	448.255829
1551.127930	447.316864
1547.621094	429.978149
1544.114258	435.463287
1540.604492	411.736481
1537.092773	409.393036
1533.580078	396.377319
1530.065430	374.839325
1526.548828	386.735687
1523.030273	360.250031
1519.509766	362.908905
1515.988281	363.435425
1512.463867	351.900146
1508.938477	371.577545
1505.411133	336.660431
1501.882813	324.447296
1498.351563	339.860016
1494.818359	324.118896
1491.284180	306.271606
1487.748047	308.237305
1484.209961	301.721558
1480.669922	300.862305
1477.128906	298.591980
1473.584961	301.968079
1470.040039	274.312927
1466.493164	278.402496
1462.944336	266.285217
1459.393555	270.374451
1455.840820	265.310730
1452.287109	271.506195
1448.730469	253.792358
1445.172852	258.581787
1441.613281	242.296936
1438.051758	244.279312
1434.488281	250.469101
1430.922852	241.926514
1427.356445	228.486374
1423.787109	238.877548
1420.216797	221.951645
1416.644531	212.040985
1413.070313	211.233154
1409.494141	209.726959
1405.916016	192.151367
1402.336914	197.640030
1398.754883	197.538849
1395.171875	198.135330
1391.585938	195.941910
1387.999023	189.568954
1384.410156	177.629761
1380.819336	178.931091
1377.226563	164.225922
1373.632813	171.096756
1370.036133	165.447586
1366.438477	159.109360
1362.837891	174.305313
1359.236328	154.087158
1355.632813	162.332611
1352.027344	162.249054
1348.419922	139.296005
1344.810547	150.306747
1341.199219	141.921661
1337.585938	143.232376
1333.970703	141.775299
1330.354492	136.863525
1326.735352	137.483719
1323.115234	140.865280
1319.493164	131.130264
1315.869141	126.233849
1312.242188	122.721321
1308.614258	121.968735
1304.984375	130.859100
1301.353516	119.088951
1297.719727	119.027245
1294.083984	105.212303
1290.446289	101.721214
1286.807617	97.546745
1283.166016	118.093880
1279.523438	97.445480
1275.877930	99.452499
1272.231445	102.828423
1268.582031	97.293625
1264.931641	100.667061
1261.279297	91.716774
1257.625000	88.932632
1253.968750	84.783859
1250.310547	83.372910
1246.650391	87.427612
1242.988281	83.968651
1239.324219	83.924828
1235.658203	84.562973
1231.990234	80.429192
1228.320313	80.387161
1224.648438	83.749588
1220.975586	72.136696
1217.299805	64.616982
1213.622070	65.262978
1209.943359	74.741333
1206.261719	74.023064
1202.578125	69.911728
1198.893555	71.910263
1195.206055	62.379932
1191.517578	56.925694
1187.826172	73.151741
1184.133789	60.250782
1180.438477	57.512634
1176.742188	61.539970
1173.042969	54.072609
1169.342773	53.368595
1165.639648	58.742058
1161.935547	46.563984
1158.228516	55.307739
1154.520508	49.885540
1150.809570	47.164127
1147.097656	47.812649
1143.382813	51.825771
1139.666992	51.798389
1135.948242	47.736904
1132.227539	39.647717
1128.505859	47.014778
1124.781250	42.962185
1121.055664	39.584789
1117.327148	44.928402
1113.596680	40.883282
1109.865234	44.880772
1106.130859	46.195972
1102.394531	42.156540
1098.657227	45.478130
1094.916992	40.106441
1091.174805	41.421291
1087.430664	35.389690
1083.684570	44.714108
1079.936523	44.023281
1076.186523	42.666508
1072.434570	33.981754
1068.680664	31.965776
1064.924805	31.283127
1061.166992	31.266434
1057.406250	29.919964
1053.644531	34.555710
1049.880859	32.544712
1046.114258	29.208195
1042.346680	28.529102
1038.576172	31.166285
1034.803711	30.486837
1031.030273	30.470505
1027.253906	29.130077
1023.475586	29.114456
1019.695313	33.066860
1015.913086	29.083216
1012.128906	30.388851
1008.342773	28.391705
1004.553711	28.376442
