4046.277344	251.560532
4043.892578	232.693497
4041.505859	246.222595
4039.119141	262.882996
4036.731445	265.920074
4034.342773	250.117386
4031.952148	246.880341
4029.561523	241.554382
4027.169922	248.775894
4024.777344	268.529968
4022.383789	277.823853
4019.989258	266.229553
4017.593750	272.385956
4015.197266	280.623840
4012.799805	276.341522
4010.401367	255.384354
4008.001953	261.535004
4005.601563	271.846893
4003.201172	308.179199
4000.798828	304.934753
3998.395508	287.128296
3995.991211	297.413361
3993.585938	297.295258
3991.180664	290.942657
3988.773438	311.600372
3986.365234	332.241608
3983.957031	315.503967
3981.546875	320.565582
3979.135742	324.586060
3976.724609	340.005890
3974.311523	347.123779
3971.898438	319.019470
3969.483398	321.998413
3967.068359	344.638947
3964.651367	337.259705
3962.234375	349.534668
3959.815430	355.597412
3957.396484	366.821716
3954.975586	359.444977
3952.554688	354.138977
3950.131836	383.927216
3947.708984	387.900299
3945.284180	376.401520
3942.859375	376.250885
3940.432617	375.069855
3938.005859	381.099670
3935.577148	371.680725
3933.148438	389.027740
3930.718750	397.101868
3928.287109	415.452911
3925.855469	398.839294
3923.421875	396.624176
3920.988281	423.169861
3918.552734	426.080048
3916.117188	431.040314
3913.680664	434.970612
3911.242188	448.126740
3908.803711	443.846344
3906.363281	437.519989
3903.922852	447.586182
3901.480469	452.525085
3899.038086	469.740662
3896.593750	476.712372
3894.149414	476.520294
3891.703125	468.150909
3889.256836	437.309601
3886.808594	462.666687
3884.360352	495.149689
3881.910156	482.703644
3879.459961	510.051514
3877.007813	481.294159
3874.555664	510.658813
3872.101563	563.433533
3869.646484	511.264496
3867.191406	516.147949
3864.734375	530.185974
3862.277344	552.350220
3859.818359	561.277893
3857.358398	565.116150
3854.897461	562.855286
3852.436523	562.627197
3849.973633	551.232361
3847.509766	560.141602
3845.044922	591.358826
3842.579102	581.993530
3840.113281	592.905945
3837.645508	629.136963
3835.176758	626.856018
3832.707031	636.724121
3830.236328	631.406006
3827.764648	634.183716
3825.291992	657.179810
3822.818359	662.976257
3820.343750	654.624695
3817.868164	654.358215
3815.390625	654.091736
3812.913086	692.166931
3810.434570	675.747620
3807.955078	645.227173
3805.473633	697.367432
3802.992188	727.303406
3800.509766	740.096802
3798.025391	704.566406
3795.541016	734.462158
3793.054688	753.270569
3790.568359	756.984009
3788.080078	782.801575
3785.591797	793.530762
3783.101563	779.149475
3780.610352	788.867310
3778.119141	818.641663
3775.625977	799.252930
3773.131836	805.942627
3770.636719	827.656677
3768.140625	825.314453
3765.643555	817.967957
3763.145508	877.679138
3760.646484	834.303650
3758.146484	836.961304
3755.645508	900.588684
3753.143555	914.206970
3750.639648	895.854614
3748.135742	910.461426
3745.630859	922.062256
3743.124023	950.610718
3740.617188	945.234558
3738.108398	961.789368
3735.599609	1004.233093
3733.088867	990.873901
3730.577148	1027.297485
3728.064453	1032.844849
3725.551758	1046.344238
3723.037109	1013.104248
3720.521484	1032.562866
3718.004883	1056.972168
3715.487305	1075.403198
3712.967773	1069.996826
3710.448242	1095.351807
3707.927734	1124.652466
3705.406250	1124.188354
3702.882813	1131.651611
3700.359375	1133.165405
3697.833984	1164.381104
3695.308594	1182.704346
3692.781250	1150.557861
3690.252930	1162.937744
3687.723633	1230.662109
3685.193359	1230.152954
3682.662109	1193.100220
3680.129883	1260.727051
3677.596680	1260.204956
3675.062500	1284.343994
3672.527344	1272.965576
3669.990234	1291.164795
3667.453125	1354.668335
3664.915039	1303.881592
3662.375000	1319.091064
3659.833984	1346.095337
3657.292969	1412.420044
3654.750000	1419.699097
3652.206055	1408.299072
3649.661133	1432.272949
3647.115234	1480.775146
3644.568359	1420.285889
3642.019531	1474.638672
3639.470703	1494.620605
3636.920898	1511.644409
3634.369141	1516.894897
3631.817383	1507.447998
3629.263672	1543.046753
3626.708984	1605.039795
3624.153320	1600.458130
3621.596680	1572.410889
3619.039063	1620.628540
3616.480469	1617.021729
3613.920898	1649.553223
3611.360352	1672.294800
3608.797852	1654.032104
3606.235352	1713.817871
3603.670898	1734.552734
3601.105469	1754.295044
3598.540039	1779.865601
3595.972656	1808.335693
3593.404297	1833.861328
3590.834961	1854.500244
3588.264648	1863.450439
3585.692383	1874.336914
3583.120117	1920.197021
3580.545898	1884.424683
3577.971680	1949.660034
3575.395508	1936.226563
3572.818359	1981.011719
3570.240234	2029.637695
3567.661133	2022.001831
3565.081055	2070.568848
3562.500000	2134.590332
3559.917969	2064.959961
3557.333984	2159.895264
3554.750000	2191.876709
3552.164063	2162.916748
3549.577148	2220.963623
3546.989258	2215.200439
3544.400391	2298.282715
3541.810547	2307.934570
3539.219727	2346.523438
3536.626953	2392.794678
3534.034180	2426.493896
3531.439453	2371.509277
3528.844727	2398.445068
3526.248047	2474.461426
3523.650391	2489.780762
3521.051758	2492.580322
3518.451172	2542.495605
3515.850586	2647.156738
3513.249023	2605.687500
3510.645508	2683.341064
3508.041016	2691.809570
3505.436523	2731.936035
3502.830078	2736.538574
3500.222656	2696.073730
3497.613281	2863.608643
3495.003906	2874.853027
3492.393555	2920.559326
3489.781250	2937.511230
3487.167969	2992.718262
3484.553711	3012.492920
3481.938477	3092.474121
3479.322266	3134.165527
3476.705078	3157.673096
3474.086914	3205.982910
3471.466797	3226.575439
3468.845703	3245.241943
3466.224609	3353.522217
3463.601563	3371.163818
3460.977539	3388.789795
3458.351563	3486.393555
3455.725586	3542.981689
3453.098633	3641.386719
3450.469727	3610.358398
3447.839844	3671.572266
3445.208984	3651.958740
3442.577148	3689.354004
3439.944336	3751.402832
3437.310547	3852.310303
3434.674805	3890.518311
3432.039063	3988.433838
3429.401367	3961.146240
3426.762695	4041.892090
3424.123047	4069.532227
3421.481445	4167.200684
3418.839844	4240.182129
3416.197266	4299.858398
3413.552734	4302.755859
3410.907227	4398.263672
3408.260742	4406.782227
3405.613281	4509.716309
3402.963867	4499.299805
3400.314453	4557.762695
3397.663086	4657.667969
3395.011719	4730.150391
3392.358398	4835.547852
3389.704102	4829.717285
3387.047852	4886.966797
3384.391602	4939.460449
3381.733398	5091.614258
3379.075195	5049.950684
3376.415039	5117.340820
3373.753906	5171.519531
3371.090820	5326.125977
3368.427734	5416.772461
3365.762695	5392.877441
3363.097656	5489.041992
3360.430664	5577.623047
3357.762695	5649.260742
3355.092773	5667.448730
3352.422852	5797.028320
3349.750977	5798.289063
3347.079102	5906.184082
3344.405273	5904.588867
3341.729492	5966.546875
3339.053711	6122.805176
3336.376953	6178.076172
3333.698242	6282.768555
3331.018555	6301.533203
3328.337891	6337.066406
3325.656250	6373.499512
3322.973633	6612.101563
3320.289063	6637.205078
3317.604492	6652.043457
3314.917969	6812.042480
3312.230469	6870.509277
3309.541016	6991.220703
3306.851563	6977.991699
3304.160156	7076.253418
3301.467773	7152.141602
3298.774414	7278.085938
3296.080078	7479.072266
3293.384766	7520.368652
3290.687500	7524.547363
3287.990234	7575.977539
3285.291016	7682.007324
3282.589844	7712.953125
3279.888672	7903.966309
3277.186523	8076.312500
3274.482422	8110.740234
3271.777344	8223.694336
3269.071289	8316.223633
3266.364258	8373.582031
3263.655273	8431.810547
3260.945313	8655.136719
3258.234375	8845.067383
3255.522461	8869.824219
3252.809570	8920.357422
3250.095703	9093.340820
3247.379883	9265.251953
3244.663086	9255.725586
3241.945313	9439.371094
3239.226563	9630.209961
3236.505859	9728.057617
3233.784180	9845.109375
3231.061523	9850.031250
3228.337891	9988.952148
3225.613281	10116.740234
3222.886719	10308.608398
3220.160156	10590.139648
3217.431641	10550.733398
3214.702148	10632.250977
3211.970703	10725.597656
3209.239258	10962.524414
3206.505859	11086.739258
3203.771484	11249.242188
3201.035156	11433.533203
3198.298828	11581.123047
3195.560547	11625.401367
3192.821289	11827.534180
3190.081055	11892.643555
3187.339844	11980.491211
3184.596680	12354.468750
3181.853516	12376.432617
3179.108398	12676.139648
3176.361328	12663.344727
3173.614258	12888.956055
3170.865234	13102.542969
3168.115234	13256.847656
3165.364258	13474.625000
3162.612305	13417.891602
3159.858398	13514.646484
3157.104492	13783.745117
3154.347656	13816.747070
3151.590820	14001.144531
3148.833008	14197.159180
3146.073242	14183.722656
3143.312500	14500.824219
3140.550781	14669.198242
3137.787109	14686.322266
3135.023438	15070.606445
3132.257813	15055.893555
3129.491211	15235.459961
3126.722656	15371.512695
3123.954102	15730.433594
3121.183594	15655.880859
3118.412109	15841.168945
3115.638672	16075.878906
3112.865234	16200.430664
3110.089844	16169.924805
3107.313477	16394.263672
3104.536133	16395.193359
3101.756836	16768.570313
3098.976563	16794.503906
3096.195313	16922.878906
3093.413086	16983.751953
3090.628906	17213.406250
3087.844727	17395.275391
3085.058594	17522.246094
3082.270508	18059.878906
3079.482422	18310.154297
3076.692383	18260.904297
3073.901367	18410.541016
3071.109375	18611.074219
3068.315430	18832.009766
3065.520508	19063.480469
3062.724609	19172.244141
3059.927734	19378.326172
3057.128906	19661.943359
3054.329102	19776.535156
3051.528320	19831.218750
3048.726563	20009.859375
3045.922852	20247.197266
3043.118164	20520.867188
3040.312500	20615.199219
3037.505859	20784.251953
3034.697266	20735.937500
3031.887695	21428.886719
3029.077148	21411.447266
3026.264648	21741.636719
3023.452148	21753.388672
3020.637695	22008.507813
3017.821289	22257.179688
3015.004883	22549.115234
3012.186523	22584.416016
3009.367188	22942.437500
3006.545898	23057.289063
3003.724609	23389.080078
3000.901367	23686.037109
2998.077148	23902.177734
2995.250977	23946.480469
2992.423828	24072.097656
2989.595703	24321.351563
2986.766602	24679.939453
2983.935547	24622.226563
2981.104492	24978.585938
2978.270508	25350.505859
2975.436523	25543.041016
2972.600586	25692.199219
2969.763672	25827.119141
2966.925781	25892.324219
2964.085938	26152.044922
2961.245117	26574.337891
2958.403320	26913.560547
2955.560547	27166.304688
2952.715820	27215.792969
2949.870117	27472.556641
2947.023438	27662.347656
2944.174805	27782.621094
2941.325195	28215.113281
2938.474609	28320.109375
2935.622070	28315.435547
2932.768555	28535.933594
2929.914063	28923.500000
2927.058594	29118.128906
2924.201172	29378.201172
2921.342773	29666.021484
2918.483398	29854.789063
2915.622070	30079.208984
2912.759766	30251.011719
2909.896484	30429.638672
2907.032227	30622.931641
2904.166016	31003.585938
2901.298828	31216.486328
2898.429688	31177.324219
2895.559570	31272.339844
2892.688477	31419.503906
2889.816406	32059.144531
2886.942383	32099.673828
2884.067383	32202.767578
2881.191406	32463.949219
2878.314453	32643.222656
2875.435547	32923.062500
2872.554688	33077.648438
2869.673828	33573.933594
2866.791016	33719.394531
2863.907227	33670.542969
2861.021484	33936.253906
2858.134766	34478.867188
2855.247070	34382.960938
2852.358398	34658.351563
2849.467773	34968.082031
2846.576172	35025.078125
2843.682617	35030.167969
2840.789063	35314.234375
2837.893555	35605.808594
2834.996094	35818.578125
2832.097656	35876.742188
2829.198242	36110.734375
2826.297852	36279.007813
2823.395508	36565.136719
2820.492188	36593.542969
2817.587891	36879.250000
2814.681641	36590.878906
2811.774414	36711.210938
2808.866211	37090.996094
2805.956055	37357.886719
2803.044922	37696.660156
2800.131836	37795.636719
2797.218750	38015.484375
2794.303711	37834.625000
2791.386719	37989.089844
2788.468750	38151.113281
2785.549805	38364.367188
2782.629883	38508.078125
2779.708008	38649.933594
2776.785156	38979.816406
2773.860352	39264.078125
2770.935547	39296.847656
2768.007813	39304.800781
2765.080078	39548.375000
2762.150391	39347.960938
2759.219727	39761.015625
2756.287109	39811.328125
2753.353516	39813.859375
2750.418945	40355.585938
2747.482422	40394.460938
2744.544922	40140.519531
2741.606445	40573.292969
2738.666016	40476.781250
2735.724609	40390.539063
2732.782227	40279.726563
2729.837891	40782.089844
2726.892578	40868.941406
2723.945313	41003.207031
2720.997070	41098.332031
2718.047852	40995.019531
2715.097656	40851.964844
2712.145508	41124.832031
2709.191406	41018.218750
2706.237305	41033.527344
2703.281250	41350.726563
2700.323242	41035.324219
2697.364258	41339.535156
2694.404297	41302.257813
2691.443359	41134.996094
2688.480469	41113.851563
2685.515625	41144.160156
2682.550781	41198.031250
2679.583984	41263.640625
2676.615234	41027.644531
2673.646484	41134.500000
2670.674805	41166.347656
2667.703125	40812.082031
2664.729492	41046.640625
2661.754883	40486.835938
2658.778320	40502.066406
2655.800781	40499.644531
2652.821289	40340.277344
2649.840820	40100.511719
2646.859375	39982.527344
2643.876953	39941.742188
2640.892578	39790.406250
2637.906250	40026.031250
2634.918945	39944.234375
2631.930664	39443.382813
2628.941406	39810.085938
2625.950195	39578.019531
2622.957031	39090.511719
2619.963867	39167.917969
2616.967773	39247.746094
2613.971680	39044.667969
2610.973633	38686.664063
2607.974609	38393.148438
2604.973633	38373.160156
2601.971680	38174.132813
2598.967773	37921.171875
2595.962891	37824.843750
2592.957031	37331.910156
2589.949219	37450.371094
2586.940430	37257.972656
2583.929688	36818.257813
2580.917969	36582.304688
2577.905273	36573.070313
2574.890625	36247.851563
2571.875000	36127.675781
2568.857422	36155.910156
2565.838867	35598.570313
2562.819336	35640.242188
2559.797852	35397.222656
2556.775391	34982.386719
2553.750977	34448.878906
2550.725586	34733.890625
2547.698242	34396.703125
2544.669922	34060.640625
2541.640625	33891.558594
2538.609375	33515.597656
2535.577148	33334.535156
2532.542969	33160.214844
2529.507813	33032.996094
2526.471680	32550.224609
2523.433594	32461.232422
2520.393555	32134.601563
2517.353516	31845.255859
2514.310547	31800.234375
2511.267578	31636.138672
2508.222656	31297.308594
2505.175781	30939.082031
2502.127930	30536.060547
2499.079102	30190.791016
2496.028320	29901.556641
2492.976563	29565.886719
2489.922852	29299.291016
2486.868164	29207.248047
2483.812500	28878.058594
2480.754883	28659.541016
2477.695313	28602.214844
2474.634766	28091.564453
2471.573242	27939.820313
2468.509766	27516.435547
2465.445313	27467.861328
2462.378906	27054.851563
2459.311523	26889.158203
2456.242188	26519.136719
2453.171875	26428.734375
2450.100586	26062.505859
2447.027344	25623.392578
2443.953125	25462.761719
2440.876953	25276.263672
2437.799805	24935.580078
2434.720703	24747.855469
2431.640625	24547.310547
2428.558594	24189.562500
2425.475586	23949.712891
2422.390625	23633.890625
2419.304688	23518.453125
2416.217773	23326.185547
2413.128906	23062.056641
2410.038086	22703.513672
2406.946289	22282.220703
2403.853516	22182.992188
2400.758789	21751.005859
2397.663086	21393.703125
2394.565430	21342.621094
2391.466797	20942.259766
2388.366211	20812.396484
2385.264648	20431.173828
2382.161133	20190.478516
2379.056641	20011.199219
2375.950195	19849.785156
2372.842773	19556.576172
2369.734375	19347.263672
2366.624023	19042.490234
2363.511719	18988.650391
2360.398438	18752.570313
2357.284180	18563.255859
2354.167969	18475.195313
2351.049805	18189.947266
2347.930664	17854.464844
2344.810547	17561.748047
2341.688477	17445.464844
2338.564453	17202.023438
2335.439453	16921.201172
2332.313477	16718.199219
2329.185547	16651.257813
2326.056641	16442.968750
2322.925781	16131.858398
2319.792969	16105.174805
2316.660156	15709.935547
2313.524414	15561.459961
2310.387695	15381.235352
2307.250000	15237.023438
2304.110352	15026.849609
2300.969727	14793.785156
2297.827148	14646.056641
2294.682617	14445.979492
2291.537109	14271.518555
2288.390625	14136.937500
2285.242188	13931.805664
2282.092773	13528.438477
2278.941406	13544.316406
2275.788086	13392.070313
2272.633789	13286.723633
2269.478516	13078.484375
2266.321289	12905.276367
2263.162109	12660.204102
2260.001953	12492.883789
2256.840820	12426.927734
2253.676758	12202.958984
2250.512695	12015.536133
2247.346680	11917.509766
2244.178711	11780.110352
2241.009766	11593.925781
2237.838867	11497.799805
2234.666992	11206.306641
2231.493164	11042.699219
2228.318359	11004.434570
2225.141602	10859.168945
2221.963867	10647.171875
2218.784180	10600.487305
2215.602539	10417.881836
2212.419922	10237.016602
2209.236328	10091.649414
2206.050781	9943.276367
2202.863281	9786.412109
2199.674805	9741.026367
2196.485352	9587.532227
2193.292969	9537.576172
2190.100586	9313.851563
2186.905273	9192.068359
2183.709961	9109.507813
2180.511719	9000.439453
2177.312500	8768.781250
2174.112305	8739.641602
2170.910156	8629.331055
2167.706055	8421.577148
2164.500977	8390.293945
2161.294922	8228.061523
2158.085938	8092.474121
2154.876953	8082.411133
2151.665039	7912.760742
2148.452148	7808.632324
2145.238281	7705.376953
2142.022461	7575.007813
2138.804688	7503.813477
2135.585938	7476.177734
2132.365234	7271.569824
2129.143555	7168.023926
2125.919922	7108.005371
2122.695313	7038.738281
2119.468750	6863.384277
2116.240234	6780.354004
2113.010742	6748.490234
2109.780273	6569.647461
2106.546875	6485.320801
2103.312500	6509.290039
2100.077148	6380.256348
2096.839844	6201.918945
2093.600586	6138.759277
2090.360352	6055.598145
2087.119141	5959.404297
2083.875000	5897.985352
2080.629883	5826.606934
2077.383789	5705.241699
2074.135742	5670.963867
2070.885742	5558.246582
2067.634766	5441.021484
2064.381836	5414.598145
2061.127930	5373.601563
2057.871094	5262.001465
2054.614258	5159.715332
2051.355469	5058.291992
2048.094727	5016.002930
2044.832031	4974.518555
2041.568359	4840.385254
2038.303711	4788.302246
2035.037109	4760.755859
2031.768555	4669.746582
2028.498047	4645.337891
2025.226563	4462.767090
2021.954102	4465.974609
2018.678711	4385.198730
2015.403320	4382.332031
2012.125000	4270.399414
2008.845703	4139.514160
2005.564453	4086.474365
2002.282227	4098.220703
1998.998047	3945.525635
1995.712891	3909.389893
1992.424805	3839.824951
1989.136719	3794.650146
1985.845703	3781.428223
1982.553711	3702.148438
1979.260742	3660.136719
1975.964844	3595.403564
1972.667969	3494.332275
1969.370117	3469.910156
1966.070313	3443.995117
1962.768555	3362.826416
1959.465820	3245.405273
1956.161133	3249.135254
1952.854492	3217.322266
1949.546875	3198.386719
1946.237305	3075.223145
1942.925781	3129.610107
1939.613281	3017.161865
1936.298828	2959.885254
1932.982422	2915.479492
1929.665039	2958.530273
1926.346680	2838.092041
1923.025391	2740.354248
1919.703125	2754.077148
1916.378906	2729.427979
1913.053711	2722.091553
1909.726563	2627.600586
1906.397461	2606.800049
1903.067383	2561.997803
1899.735352	2551.001221
1896.401367	2514.516602
1893.066406	2438.339600
1889.729492	2401.943115
1886.390625	2376.064697
1883.050781	2328.504883
1879.708984	2341.587158
1876.365234	2270.160400
1873.020508	2216.739502
1869.673828	2227.613281
1866.326172	2189.196289
1862.975586	2154.547363
1859.624023	2137.833496
1856.271484	2083.111084
1852.916016	2032.912598
1849.559570	2012.555786
1846.202148	1996.684692
1842.841797	1946.599243
1839.480469	1927.055542
1836.118164	1903.069824
1832.752930	1877.620728
1829.386719	1839.570435
1826.018555	1795.618286
1822.649414	1743.546997
1819.278320	1754.559448
1815.905273	1698.110474
1812.531250	1670.609131
1809.154297	1677.936646
1805.777344	1653.431152
1802.397461	1627.469360
1799.016602	1551.253418
1795.633789	1572.664063
1792.249023	1488.423096
1788.863281	1539.374512
1785.475586	1495.818237
1782.085938	1444.928223
1778.694336	1407.357666
1775.301758	1428.035278
1771.907227	1386.826172
1768.510742	1397.922607
1765.113281	1366.332764
1761.713867	1310.504639
1758.312500	1282.662964
1754.910156	1292.317261
1751.505859	1259.370483
1748.099609	1213.244263
1744.691406	1230.986450
1741.282227	1220.114258
1737.871094	1171.142578
1734.458008	1155.181885
1731.042969	1145.825928
1727.626953	1121.111084
1724.208984	1119.826050
1720.790039	1098.802734
1717.368164	1081.453369
1713.945313	1087.491943
1710.520508	1048.264648
1707.093750	1044.827515
1703.666016	1017.327576
1700.236328	1008.077026
1696.804688	978.435974
1693.371094	969.213013
1689.936523	974.555237
1686.500000	953.703125
1683.061523	913.239502
1679.622070	906.245728
1676.179688	879.646240
1672.736328	908.976257
1669.291016	841.764160
1665.844727	846.422974
1662.396484	784.382568
1658.945313	825.293396
1655.494141	793.017334
1652.040039	784.660278
1648.584961	748.818359
1645.126953	746.999146
1641.668945	753.854797
1638.208008	759.258423
1634.745117	711.224243
1631.281250	679.836609
1627.815430	708.350830
1624.347656	661.133911
1620.878906	693.231445
1617.408203	662.634521
1613.935547	647.185608
1610.460938	635.349548
1606.984375	646.538635
1603.506836	620.337830
1600.027344	597.755249
1596.545898	589.556946
1593.062500	573.471436
1589.577148	571.749390
1586.090820	570.028748
1582.602539	571.176270
1579.112305	540.088928
1575.620117	532.658569
1572.126953	513.070496
1568.630859	520.680298
1565.133789	511.840363
1561.634766	499.436615
1558.133789	481.331970
1554.631836	467.527985
1551.127930	470.859863
1547.621094	461.353027
1544.114258	454.706360
1540.604492	450.915558
1537.092773	455.672241
1533.580078	434.093658
1530.065430	409.691528
1526.548828	424.413971
1523.030273	404.304291
1519.509766	404.810333
1515.988281	396.087830
1512.463867	392.340302
1508.938477	384.341675
1505.411133	374.933411
1501.882813	362.700928
1498.351563	361.101257
1494.818359	353.841583
1491.284180	354.369690
1487.748047	338.636841
1484.209961	338.465179
1480.669922	341.118500
1477.128906	312.003906
1473.584961	335.128113
1470.040039	304.635437
1466.493164	294.613281
1462.944336	300.803680
1459.393555	287.976959
1455.840820	264.606995
1452.287109	284.870483
1448.730469	275.586151
1445.172852	258.581787
1441.613281	262.663910
1438.051758	280.780823
1434.488281	273.621704
1430.922852	273.482147
1427.356445	246.008347
1423.787109	241.679642
1420.216797	231.053772
1416.644531	230.235916
1413.070313	242.008850
1409.494141	219.514221
1405.916016	229.184189
1402.336914	204.623779
1398.754883	210.801178
1395.171875	205.111938
1391.585938	220.347473
1387.999023	202.810913
1384.410156	203.403488
1380.819336	190.070770
1377.226563	193.452576
1373.632813	193.353241
1370.036133	171.008850
1366.438477	179.953384
1362.837891	179.860855
1359.236328	174.909744
1355.632813	162.332611
1352.027344	162.249054
1348.419922	154.542328
1344.810547	149.614090
1341.199219	171.690598
1337.585938	154.303467
1333.970703	145.233231
1330.354492	149.305664
1326.735352	154.064682
1323.115234	151.913544
1319.493164	145.623596
1315.869141	146.238113
1312.242188	136.510239
1308.614258	130.926880
1304.984375	121.905586
1301.353516	121.154076
1297.719727	125.219414
1294.083984	122.403854
1290.446289	120.278458
1286.807617	131.207245
1283.166016	115.347511
1279.523438	108.425255
1275.877930	111.798325
1272.231445	98.715286
1268.582031	108.256287
1264.931641	108.199966
1261.279297	108.828110
1257.625000	105.350960
1253.968750	96.407455
1250.310547	97.040596
1246.650391	98.356064
1242.988281	87.382004
1239.324219	77.101677
1235.658203	87.290810
1231.990234	77.702774
1228.320313	96.055847
1224.648438	74.898010
1220.975586	76.219902
1217.299805	77.540382
1213.622070	78.179611
1209.943359	78.818138
1206.261719	82.851501
1202.578125	69.232979
1198.893555	67.161469
1195.206055	67.126236
1191.517578	67.768684
1187.826172	60.282455
1184.133789	72.436333
1180.438477	64.278824
1176.742188	68.978867
1173.042969	59.479870
1169.342773	60.799664
1165.639648	67.519608
1161.935547	53.987225
1158.228516	53.958767
1154.520508	53.930313
1150.809570	58.618271
1147.097656	62.627838
1143.382813	47.787399
1139.666992	55.834629
1135.948242	50.426308
1132.227539	57.791588
1128.505859	54.402813
1124.781250	44.976040
1121.055664	44.952221
1117.327148	46.269550
1113.596680	50.936546
1109.865234	42.871185
1106.130859	52.891041
1102.394531	38.810783
1098.657227	48.153316
1094.916992	42.780205
1091.174805	50.106400
1087.430664	40.063801
1083.684570	43.379356
1079.936523	41.355206
1076.186523	41.999844
1072.434570	34.648064
1068.680664	29.967915
1064.924805	40.601505
1061.166992	37.253624
1057.406250	41.223061
1053.644531	33.891178
1049.880859	34.537243
1046.114258	33.191132
1042.346680	31.846441
1038.576172	31.829395
1034.803711	33.137867
1031.030273	33.120113
1027.253906	28.468031
1023.475586	20.512459
1019.695313	28.437498
1015.913086	24.456341
1012.128906	28.406969
1008.342773	26.410889
1004.553711	26.396690
