4046.277344	231.645325
4043.892578	226.404480
4041.505859	212.694412
4039.119141	222.036621
4036.731445	220.902100
4034.342773	220.814926
4031.952148	242.695923
4029.561523	239.462997
4027.169922	223.689240
4024.777344	220.466248
4022.383789	247.534790
4019.989258	239.084579
4017.593750	232.728241
4015.197266	232.636124
4012.799805	241.929184
4010.401367	250.172440
4008.001953	252.157242
4005.601563	262.472870
4003.201172	261.327637
4000.798828	263.305420
3998.395508	241.354218
3995.991211	265.176270
3993.585938	269.228912
3991.180664	302.372559
3988.773438	275.247009
3986.365234	283.443604
3983.957031	272.952454
3981.546875	290.480164
3979.135742	296.586639
3976.724609	285.065918
3974.311523	277.699036
3971.898438	279.659943
3969.483398	297.149658
3967.068359	304.275848
3964.651367	293.809082
3962.234375	317.476746
3959.815430	291.507172
3957.396484	320.323181
3954.975586	317.096588
3952.554688	304.580170
3950.131836	330.259979
3947.708984	336.317810
3945.284180	328.964600
3942.859375	329.863800
3940.432617	319.427643
3938.005859	326.509705
3935.577148	353.148163
3933.148438	338.598206
3930.718750	346.692566
3928.287109	344.496857
3925.855469	354.638031
3923.421875	348.330566
3920.988281	376.949860
3918.552734	372.691681
3916.117188	379.725983
3913.680664	380.599274
3911.242188	360.962494
3908.803711	382.343384
3906.363281	387.312775
3903.922852	388.181152
3901.480469	405.429718
3899.038086	403.219666
3896.593750	414.310120
3894.149414	401.872253
3891.703125	434.419495
3889.256836	417.896301
3886.808594	413.642395
3884.360352	454.312592
3881.910156	415.349640
3879.459961	417.222137
3877.007813	442.545898
3874.555664	470.906921
3872.101563	476.829803
3869.646484	478.673950
3867.191406	466.263824
3864.734375	451.828339
3862.277344	495.385925
3859.818359	477.899658
3857.358398	478.722534
3854.897461	486.656464
3852.436523	518.957581
3849.973633	490.322693
3847.509766	532.743347
3845.044922	519.340881
3842.579102	497.837677
3840.113281	539.189697
3837.645508	551.127991
3835.176758	547.866089
3832.707031	539.545288
3830.236328	535.278503
3827.764648	550.232727
3825.291992	583.373474
3822.818359	590.210571
3820.343750	580.878418
3817.868164	587.710632
3815.390625	593.527710
3812.913086	588.240967
3810.434570	600.104248
3807.955078	611.957642
3805.473633	651.010620
3802.992188	635.634949
3800.509766	658.535095
3798.025391	661.285950
3795.541016	627.814270
3793.054688	684.882874
3790.568359	675.555481
3788.080078	675.279419
3785.591797	671.989990
3783.101563	654.646240
3780.610352	679.469666
3778.119141	674.175476
3775.625977	721.032410
3773.131836	752.814575
3770.636719	748.498230
3768.140625	757.205994
3765.643555	752.890930
3763.145508	768.594727
3760.646484	761.277039
3758.146484	762.964722
3755.645508	788.639832
3753.143555	799.306641
3750.639648	769.016785
3748.135742	821.611572
3745.630859	817.282471
3743.124023	803.979248
3740.617188	837.549622
3738.108398	845.178650
3735.599609	876.711426
3733.088867	867.388123
3730.577148	863.049377
3728.064453	852.743774
3725.551758	906.102295
3723.037109	888.827454
3720.521484	908.337341
3718.004883	933.791260
3715.487305	920.497498
3712.967773	914.162415
3710.448242	938.589478
3707.927734	941.177429
3705.406250	952.685181
3702.882813	949.319031
3700.359375	991.519714
3697.833984	948.534912
3695.308594	1016.432983
3692.781250	980.397949
3690.252930	1015.592712
3687.723633	1054.712036
3685.193359	1016.728821
3682.662109	1096.308960
3680.129883	1054.390381
3677.596680	1031.256226
3675.062500	1090.015503
3672.527344	1097.452026
3669.990234	1102.911011
3667.453125	1114.276245
3664.915039	1125.631836
3662.375000	1135.008911
3659.833984	1186.689331
3657.292969	1180.295288
3654.750000	1185.704346
3652.206055	1206.832764
3649.661133	1235.802002
3647.115234	1242.162231
3644.568359	1232.812012
3642.019531	1263.695679
3639.470703	1262.189453
3636.920898	1257.743042
3634.369141	1278.777710
3631.817383	1285.101929
3629.263672	1280.650513
3626.708984	1346.667603
3624.153320	1346.106567
3621.596680	1338.700562
3619.039063	1370.398804
3616.480469	1406.955444
3613.920898	1418.088379
3611.360352	1377.471069
3608.797852	1472.527588
3606.235352	1460.208008
3603.670898	1430.347778
3601.105469	1501.871460
3598.540039	1545.083130
3595.972656	1535.673340
3593.404297	1537.951660
3590.834961	1559.687256
3588.264648	1663.100342
3585.692383	1635.183960
3583.120117	1616.036255
3580.545898	1674.612427
3577.971680	1717.603882
3575.395508	1697.473755
3572.818359	1744.299316
3570.240234	1756.174805
3567.661133	1786.457031
3565.081055	1809.930908
3562.500000	1870.187866
3559.917969	1831.647461
3557.333984	1835.717407
3554.750000	1860.096558
3552.164063	1890.255859
3549.577148	1946.484253
3546.989258	1942.768555
3544.400391	2001.823486
3541.810547	2012.565308
3539.219727	2013.649048
3536.626953	2028.233521
3534.034180	2078.474609
3531.439453	2126.745605
3528.844727	2112.365479
3526.248047	2155.766357
3523.650391	2213.566162
3521.051758	2185.697510
3518.451172	2207.855469
3515.850586	2242.489746
3513.249023	2265.564453
3510.645508	2329.916016
3508.041016	2336.613525
3505.436523	2409.515869
3502.830078	2358.621826
3500.222656	2411.317871
3497.613281	2484.094238
3495.003906	2451.432617
3492.393555	2505.935547
3489.781250	2469.462158
3487.167969	2534.434326
3484.553711	2601.263672
3481.938477	2600.163818
3479.322266	2697.484619
3476.705078	2716.401367
3474.086914	2724.799072
3471.466797	2724.600098
3468.845703	2751.110352
3466.224609	2761.387451
3463.601563	2845.044922
3460.977539	2879.089844
3458.351563	2903.582031
3455.725586	2936.619629
3453.098633	2965.822266
3450.469727	3026.385742
3447.839844	3049.819824
3445.208984	3074.183350
3442.577148	3163.117676
3439.944336	3138.037598
3437.310547	3191.751465
3434.674805	3266.289795
3432.039063	3276.281250
3429.401367	3362.092773
3426.762695	3379.612793
3424.123047	3396.170166
3421.481445	3407.032227
3418.839844	3485.068359
3416.197266	3556.416260
3413.552734	3595.556885
3410.907227	3602.531494
3408.260742	3620.834961
3405.613281	3696.720703
3402.963867	3789.530029
3400.314453	3841.691162
3397.663086	3857.028076
3395.011719	3957.188232
3392.358398	3933.829102
3389.704102	4016.916016
3387.047852	4036.854736
3384.391602	4031.367676
3381.733398	4089.846680
3379.075195	4077.757568
3376.415039	4266.800293
3373.753906	4313.827148
3371.090820	4343.910156
3368.427734	4362.703125
3365.762695	4417.130859
3363.097656	4561.541016
3360.430664	4570.838867
3357.762695	4668.206543
3355.092773	4655.905762
3352.422852	4753.151367
3349.750977	4815.687012
3347.079102	4935.228027
3344.405273	4981.733887
3341.729492	5002.964355
3339.053711	5061.543945
3336.376953	5049.102051
3333.698242	5101.074219
3331.018555	5293.884766
3328.337891	5339.176758
3325.656250	5434.767090
3322.973633	5460.388184
3320.289063	5559.567383
3317.604492	5581.385742
3314.917969	5645.991699
3312.230469	5775.655273
3309.541016	5791.769531
3306.851563	5817.161621
3304.160156	5941.005371
3301.467773	6034.097168
3298.774414	6122.465820
3296.080078	6130.037109
3293.384766	6176.551758
3290.687500	6333.338379
3287.990234	6355.629883
3285.291016	6550.175781
3282.589844	6464.030273
3279.888672	6553.786621
3277.186523	6662.888672
3274.482422	6716.417480
3271.777344	6842.911621
3269.071289	6807.626465
3266.364258	6985.680176
3263.655273	7146.040527
3260.945313	7244.444336
3258.234375	7308.639160
3255.522461	7473.255859
3252.809570	7501.355957
3250.095703	7665.742676
3247.379883	7682.684082
3244.663086	7802.674316
3241.945313	7862.769531
3239.226563	7864.885742
3236.505859	7995.663574
3233.784180	8146.536621
3231.061523	8244.017578
3228.337891	8327.644531
3225.613281	8369.912109
3222.886719	8506.596680
3220.160156	8551.494141
3217.431641	8639.415039
3214.702148	8861.888672
3211.970703	8945.931641
3209.239258	9058.266602
3206.505859	9143.061523
3203.771484	9189.379883
3201.035156	9344.407227
3198.298828	9366.842773
3195.560547	9508.870117
3192.821289	9603.311523
3190.081055	9692.194336
3187.339844	9839.358398
3184.596680	9972.719727
3181.853516	10091.384766
3179.108398	10214.496094
3176.361328	10365.718750
3173.614258	10473.129883
3170.865234	10503.134766
3168.115234	10627.660156
3165.364258	10754.800781
3162.612305	10820.060547
3159.858398	10854.389648
3157.104492	10979.440430
3154.347656	11137.944336
3151.590820	11155.759766
3148.833008	11377.486328
3146.073242	11537.411133
3143.312500	11574.036133
3140.550781	11779.892578
3137.787109	11895.088867
3135.023438	12106.950195
3132.257813	12142.344727
3129.491211	12157.827148
3126.722656	12433.412109
3123.954102	12574.235352
3121.183594	12627.399414
3118.412109	12828.442383
3115.638672	12829.146484
3112.865234	13022.708984
3110.089844	13046.742188
3107.313477	13287.755859
3104.536133	13321.543945
3101.756836	13431.769531
3098.976563	13664.193359
3096.195313	13690.570313
3093.413086	13889.426758
3090.628906	13810.599609
3087.844727	14101.681641
3085.058594	14449.931641
3082.270508	14665.130859
3079.482422	14754.627930
3076.692383	14896.015625
3073.901367	15081.165039
3071.109375	15161.395508
3068.315430	15322.989258
3065.520508	15447.761719
3062.724609	15667.198242
3059.927734	15883.756836
3057.128906	16069.746094
3054.329102	16052.863281
3051.528320	16224.324219
3048.726563	16502.691406
3045.922852	16585.507813
3043.118164	16723.513672
3040.312500	16953.166016
3037.505859	17114.033203
3034.697266	17170.597656
3031.887695	17508.294922
3029.077148	17468.568359
3026.264648	17756.929688
3023.452148	18005.041016
3020.637695	18188.085938
3017.821289	18277.738281
3015.004883	18653.074219
3012.186523	18689.205078
3009.367188	18786.480469
3006.545898	19146.013672
3003.724609	19305.890625
3000.901367	19433.744141
2998.077148	19509.253906
2995.250977	19817.380859
2992.423828	19882.031250
2989.595703	19800.765625
2986.766602	20440.560547
2983.935547	20365.291016
2981.104492	20639.666016
2978.270508	20745.253906
2975.436523	21004.212891
2972.600586	21071.625000
2969.763672	21250.886719
2966.925781	21486.357422
2964.085938	21611.556641
2961.245117	21748.080078
2958.403320	22011.148438
2955.560547	22055.037109
2952.715820	22357.273438
2949.870117	22624.974609
2947.023438	22703.638672
2944.174805	23054.318359
2941.325195	23046.728516
2938.474609	23252.236328
2935.622070	23361.132813
2932.768555	23419.109375
2929.914063	23541.833984
2927.058594	23885.042969
2924.201172	24015.312500
2921.342773	24412.216797
2918.483398	24550.865234
2915.622070	24774.146484
2912.759766	24978.876953
2909.896484	25043.730469
2907.032227	25161.750000
2904.166016	25401.777344
2901.298828	25566.601563
2898.429688	25640.634766
2895.559570	25747.695313
2892.688477	26113.261719
2889.816406	26298.332031
2886.942383	26388.406250
2884.067383	26318.390625
2881.191406	26556.988281
2878.314453	26942.193359
2875.435547	27108.207031
2872.554688	27076.156250
2869.673828	27456.250000
2866.791016	27841.201172
2863.907227	27710.886719
2861.021484	28091.033203
2858.134766	28335.720703
2855.247070	28330.861328
2852.358398	28582.128906
2849.467773	28743.210938
2846.576172	28849.675781
2843.682617	29175.531250
2840.789063	29191.857422
2837.893555	29531.927734
2834.996094	29478.160156
2832.097656	29693.566406
2829.198242	30035.515625
2826.297852	30205.644531
2823.395508	30403.179688
2820.492188	30385.261719
2817.587891	30716.787109
2814.681641	30354.609375
2811.774414	30819.117188
2808.866211	30769.205078
2805.956055	31028.619141
2803.044922	31398.570313
2800.131836	31166.462891
2797.218750	31668.130859
2794.303711	31475.541016
2791.386719	31778.583984
2788.468750	31999.947266
2785.549805	31798.875000
2782.629883	32219.470703
2779.708008	32448.009766
2776.785156	32575.408203
2773.860352	32736.878906
2770.935547	32935.792969
2768.007813	33030.316406
2765.080078	33016.312500
2762.150391	32989.515625
2759.219727	33157.210938
2756.287109	33442.402344
2753.353516	33350.648438
2750.418945	33484.703125
2747.482422	33814.460938
2744.544922	33752.417969
2741.606445	33890.332031
2738.666016	33926.925781
2735.724609	33772.246094
2732.782227	34278.632813
2729.837891	34050.882813
2726.892578	34262.144531
2723.945313	34548.707031
2720.997070	34293.980469
2718.047852	34617.546875
2715.097656	34542.605469
2712.145508	34648.105469
2709.191406	34798.359375
2706.237305	34757.253906
2703.281250	34708.562500
2700.323242	34524.652344
2697.364258	34672.113281
2694.404297	34679.234375
2691.443359	34746.273438
2688.480469	34862.183594
2685.515625	34967.011719
2682.550781	34835.683594
2679.583984	34878.894531
2676.615234	35095.562500
2673.646484	34944.960938
2670.674805	34842.449219
2667.703125	34700.488281
2664.729492	34679.710938
2661.754883	34517.761719
2658.778320	34829.695313
2655.800781	34438.593750
2652.821289	34431.355469
2649.840820	34220.277344
2646.859375	34208.933594
2643.876953	34014.886719
2640.892578	34095.769531
2637.906250	34224.292969
2634.918945	34050.558594
2631.930664	33990.742188
2628.941406	33793.003906
2625.950195	33495.136719
2622.957031	33616.906250
2619.963867	33538.980469
2616.967773	33532.062500
2613.971680	33348.273438
2610.973633	33202.167969
2607.974609	32846.140625
2604.973633	32915.320313
2601.971680	32656.324219
2598.967773	32618.964844
2595.962891	32401.087891
2592.957031	32069.466797
2589.949219	32219.421875
2586.940430	31793.449219
2583.929688	31609.523438
2580.917969	31531.175781
2577.905273	31431.318359
2574.890625	31339.003906
2571.875000	30848.865234
2568.857422	30718.769531
2565.838867	30547.371094
2562.819336	30628.603516
2559.797852	30378.777344
2556.775391	30143.228516
2553.750977	29740.894531
2550.725586	29659.527344
2547.698242	29427.904297
2544.669922	29399.572266
2541.640625	28914.933594
2538.609375	28719.408203
2535.577148	28554.556641
2532.542969	28420.333984
2529.507813	28243.396484
2526.471680	27912.658203
2523.433594	27890.804688
2520.393555	27565.447266
2517.353516	27200.916016
2514.310547	27393.052734
2511.267578	27035.490234
2508.222656	26804.683594
2505.175781	26679.941406
2502.127930	26520.855469
2499.079102	26176.611328
2496.028320	25564.695313
2492.976563	25560.312500
2489.922852	25272.634766
2486.868164	25190.626953
2483.812500	24807.660156
2480.754883	24677.685547
2477.695313	24458.742188
2474.634766	24230.189453
2471.573242	23886.712891
2468.509766	23540.279297
2465.445313	23458.460938
2462.378906	23379.156250
2459.311523	23312.955078
2456.242188	22863.937500
2453.171875	22589.574219
2450.100586	22385.449219
2447.027344	22345.830078
2443.953125	22131.421875
2440.876953	21631.117188
2437.799805	21565.884766
2434.720703	21209.199219
2431.640625	21201.832031
2428.558594	20725.566406
2425.475586	20601.650391
2422.390625	20362.753906
2419.304688	20285.283203
2416.217773	20007.871094
2413.128906	19775.224609
2410.038086	19363.191406
2406.946289	19211.097656
2403.853516	19105.208984
2400.758789	18853.996094
2397.663086	18493.998047
2394.565430	18356.285156
2391.466797	18096.875000
2388.366211	17942.527344
2385.264648	17748.822266
2382.161133	17569.792969
2379.056641	17378.041016
2375.950195	17259.703125
2372.842773	17048.146484
2369.734375	16913.978516
2366.624023	16493.792969
2363.511719	16488.537109
2360.398438	16161.273438
2357.284180	15992.427734
2354.167969	15798.864258
2351.049805	15702.502930
2347.930664	15368.176758
2344.810547	15205.600586
2341.688477	15130.453125
2338.564453	14928.109375
2335.439453	14825.150391
2332.313477	14607.933594
2329.185547	14435.673828
2326.056641	14222.025391
2322.925781	14005.378906
2319.792969	13911.046875
2316.660156	13748.188477
2313.524414	13544.809570
2310.387695	13311.328125
2307.250000	13132.233398
2304.110352	12974.005859
2300.969727	12753.838867
2297.827148	12754.241211
2294.682617	12479.506836
2291.537109	12497.513672
2288.390625	12321.657227
2285.242188	11900.596680
2282.092773	11868.040039
2278.941406	11756.177734
2275.788086	11580.187500
2272.633789	11495.503906
2269.478516	11289.689453
2266.321289	10929.656250
2263.162109	11051.165039
2260.001953	10756.442383
2256.840820	10697.626953
2253.676758	10575.634766
2250.512695	10463.233398
2247.346680	10233.282227
2244.178711	10281.354492
2241.009766	9994.899414
2237.838867	9935.795898
2234.666992	9719.908203
2231.493164	9557.787109
2228.318359	9490.300781
2225.141602	9260.750977
2221.963867	9195.821289
2218.784180	9026.375000
2215.602539	9047.273438
2212.419922	8880.407227
2209.236328	8807.914063
2206.050781	8573.035156
2202.863281	8495.257813
2199.674805	8419.903320
2196.485352	8303.082031
2193.292969	8173.834473
2190.100586	8092.465332
2186.905273	8013.518066
2183.709961	7788.371094
2180.511719	7708.854004
2177.312500	7623.158203
2174.112305	7501.609863
2170.910156	7382.516113
2167.706055	7308.792969
2164.500977	7192.237305
2161.294922	7216.900391
2158.085938	6946.981934
2154.876953	6834.649414
2151.665039	6775.359863
2148.452148	6790.047363
2145.238281	6635.164063
2142.022461	6555.055664
2138.804688	6462.588867
2135.585938	6431.563477
2132.365234	6279.462891
2129.143555	6269.499512
2125.919922	6173.455566
2122.695313	6082.927246
2119.468750	5925.848145
2116.240234	5906.768555
2113.010742	5726.695313
2109.780273	5710.045410
2106.546875	5636.181641
2103.312500	5497.455078
2100.077148	5377.401855
2096.839844	5431.988281
2093.600586	5308.216797
2090.360352	5238.566895
2087.119141	5192.886719
2083.875000	5040.881348
2080.629883	4956.814453
2077.383789	5002.193359
2074.135742	4899.749512
2070.885742	4789.708496
2067.634766	4695.149414
2064.381836	4682.916504
2061.127930	4594.640625
2057.871094	4495.697754
2054.614258	4511.968750
2051.355469	4448.443359
2048.094727	4414.879883
2044.832031	4354.523926
2041.568359	4114.978516
2038.303711	4148.994141
2035.037109	4075.837402
2031.768555	3991.275635
2028.498047	3953.430176
2025.226563	3865.948486
2021.954102	3829.723877
2018.678711	3797.349854
2015.403320	3712.353271
2012.125000	3672.436768
2008.845703	3591.390625
2005.564453	3546.995605
2002.282227	3530.060059
1998.998047	3470.509521
1995.712891	3401.884521
1992.424805	3357.660400
1989.136719	3234.422363
1985.845703	3266.296875
1982.553711	3210.047363
1979.260742	3135.633545
1975.964844	3078.739746
1972.667969	2967.300781
1969.370117	2958.291748
1966.070313	2978.835938
1962.768555	2937.267090
1959.465820	2826.106201
1956.161133	2834.577393
1952.854492	2814.306396
1949.546875	2701.850586
1946.237305	2697.524414
1942.925781	2669.040283
1939.613281	2632.281250
1936.298828	2559.350342
1932.982422	2559.620605
1929.665039	2492.821777
1926.346680	2394.451660
1923.025391	2464.060303
1919.703125	2365.044922
1916.378906	2368.412354
1913.053711	2347.719482
1909.726563	2344.327637
1906.397461	2274.097168
1903.067383	2222.700195
1899.735352	2235.127197
1896.401367	2160.549561
1893.066406	2155.003418
1889.729492	2075.290771
1886.390625	2078.026855
1883.050781	2070.281006
1879.708984	1991.471191
1876.365234	1958.349854
1873.020508	1950.670898
1869.673828	1902.659668
1866.326172	1854.694214
1862.975586	1864.985718
1859.624023	1799.927490
1856.271484	1843.038940
1852.916016	1778.053345
1849.559570	1739.944580
1846.202148	1716.017334
1842.841797	1693.600830
1839.480469	1687.568115
1836.118164	1701.612061
1832.752930	1636.138062
1829.386719	1570.727295
1826.018555	1553.629150
1822.649414	1549.160034
1819.278320	1494.267700
1815.905273	1509.843384
1812.531250	1438.724121
1809.154297	1457.272461
1805.777344	1413.631836
1802.397461	1404.062256
1799.016602	1378.974121
1795.633789	1346.519653
1792.249023	1338.472778
1788.863281	1288.349487
1785.475586	1261.151123
1782.085938	1267.907959
1778.694336	1228.949829
1775.301758	1212.135254
1771.907227	1190.917603
1768.510742	1235.236572
1765.113281	1169.880981
1761.713867	1148.713989
1758.312500	1110.661133
1754.910156	1104.971680
1751.505859	1100.755859
1748.099609	1083.332397
1744.691406	1061.524170
1741.282227	1072.732666
1737.871094	1031.162476
1734.458008	1043.839111
1731.042969	1020.627136
1727.626953	993.046814
1724.208984	961.104736
1720.790039	946.739563
1717.368164	934.580322
1713.945313	929.736206
1710.520508	888.396973
1707.093750	908.387085
1703.666016	908.666809
1700.236328	857.922424
1696.804688	851.669128
1693.371094	841.780823
1689.936523	806.428101
1686.500000	816.212769
1683.061523	793.994873
1679.622070	803.048523
1676.179688	779.405823
1672.736328	752.156067
1669.291016	740.171936
1665.844727	734.001770
1662.396484	693.765320
1658.945313	684.725403
1655.494141	699.593384
1652.040039	670.290955
1648.584961	660.551819
1645.126953	646.483337
1641.668945	620.141296
1638.208008	640.059875
1634.745117	623.133545
1631.281250	607.667114
1627.815430	592.937256
1624.347656	586.152527
1620.878906	568.565125
1617.408203	579.084961
1613.935547	566.557373
1610.460938	543.968567
1606.984375	532.908936
1603.506836	538.392822
1600.027344	541.715698
1596.545898	513.438721
1593.062500	507.439697
1589.577148	480.642517
1586.090820	499.044067
1582.602539	477.294098
1579.112305	489.231750
1575.620117	447.461823
1572.126953	448.668365
1568.630859	454.164795
1565.133789	443.928589
1561.634766	437.274963
1558.133789	429.199554
1554.631836	400.432373
1551.127930	407.365143
1547.621094	399.316376
1544.114258	416.932953
1540.604492	403.900665
1537.092773	354.569977
1533.580078	364.354004
1530.065430	371.994232
1526.548828	349.768311
1523.030273	368.776672
1519.509766	343.023499
1515.988281	360.596100
1512.463867	346.224335
1508.938477	312.720795
1505.411133	337.369202
1501.882813	323.030518
1498.351563	300.917725
1494.818359	294.396210
1491.284180	293.539764
1487.748047	303.995483
1484.209961	299.601746
1480.669922	290.974792
1477.128906	283.062378
1473.584961	271.630157
1470.040039	266.556030
1466.493164	276.288055
1462.944336	250.082687
1459.393555	259.108856
1455.840820	254.050873
1452.287109	251.811447
1448.730469	229.186447
1445.172852	250.852448
1441.613281	245.808487
1438.051758	235.153931
1434.488281	216.090988
1430.922852	219.486954
1427.356445	213.767929
1423.787109	222.765579
1420.216797	201.646927
1416.644531	211.341171
1413.070313	200.741440
1409.494141	199.240616
1405.916016	194.946304
1402.336914	178.783920
1398.754883	195.444794
1395.171875	182.089157
1391.585938	182.693161
1387.999023	174.933121
1384.410156	162.304840
1380.819336	155.259262
1377.226563	151.700211
1373.632813	153.708862
1370.036133	164.752441
1366.438477	161.193756
1362.837891	159.027557
1359.236328	146.452209
1355.632813	142.908203
1352.027344	133.820801
1348.419922	138.602982
1344.810547	143.380173
1341.199219	128.075653
1337.585938	125.933777
1333.970703	129.326736
1330.354492	131.333679
1326.735352	140.938095
1323.115234	115.316193
1319.493164	120.777870
1315.869141	110.368393
1312.242188	120.652985
1308.614258	116.456017
1304.984375	117.084465
1301.353516	112.893570
1297.719727	97.698662
1294.083984	103.836975
1290.446289	113.405403
1286.807617	94.112000
1283.166016	89.257004
1279.523438	94.014305
1275.877930	99.452499
1272.231445	91.174530
1268.582031	89.071625
1264.931641	97.243011
1261.279297	95.139038
1257.625000	89.616730
1253.968750	86.835083
1250.310547	84.739677
1246.650391	77.182190
1242.988281	79.189941
1239.324219	82.560196
1235.658203	70.923782
1231.990234	74.294762
1228.320313	76.980927
1224.648438	72.855339
1220.975586	72.817230
1217.299805	68.017876
1213.622070	59.144577
1209.943359	56.395733
1206.261719	61.799072
1202.578125	63.124184
1198.893555	54.271896
1195.206055	65.092102
1191.517578	56.925694
1187.826172	58.927792
1184.133789	68.374481
1180.438477	61.572350
1176.742188	52.072281
1173.042969	54.072609
1169.342773	53.368595
1165.639648	52.665291
1161.935547	60.060787
1158.228516	55.307739
1154.520508	53.256184
1150.809570	51.206768
1147.097656	47.139233
1143.382813	47.787399
1139.666992	53.816509
1135.948242	46.392204
1132.227539	41.663704
1128.505859	50.372974
1124.781250	42.290901
1121.055664	44.281292
1117.327148	39.563816
1113.596680	38.202408
1109.865234	40.191734
1106.130859	37.492382
1102.394531	40.149086
1098.657227	35.446190
1094.916992	36.095798
1091.174805	38.748951
1087.430664	36.725151
1083.684570	32.701363
1079.936523	39.354145
1076.186523	27.999895
1072.434570	29.317593
1068.680664	26.638147
1064.924805	30.617529
1061.166992	27.274973
1057.406250	29.255075
1053.644531	26.581316
1049.880859	31.216354
1046.114258	29.208195
1042.346680	29.856039
1038.576172	31.166285
1034.803711	30.486837
1031.030273	24.508884
1027.253906	26.481890
1023.475586	21.174150
1019.695313	25.130812
1015.913086	24.456341
1012.128906	23.121952
1008.342773	23.769800
1004.553711	24.416939
