4046.277344	215.922791
4043.892578	218.019135
4041.505859	226.315231
4039.119141	230.415359
4036.731445	230.324463
4034.342773	228.140549
4031.952148	238.511505
4029.561523	220.640579
4027.169922	229.960907
4024.777344	238.228928
4022.383789	231.868027
4019.989258	252.657074
4017.593750	227.510117
4015.197266	266.018890
4012.799805	261.742340
4010.401367	232.451889
4008.001953	245.905411
4005.601563	243.724808
4003.201172	251.957321
4000.798828	268.509094
3998.395508	266.321899
3995.991211	268.295990
3993.585938	257.794495
3991.180664	267.043793
3988.773438	277.324341
3986.365234	293.826172
3983.957031	303.049866
3981.546875	290.480164
3979.135742	292.438568
3976.724609	285.065918
3974.311523	301.531403
3971.898438	300.375488
3969.483398	271.265533
3967.068359	286.681671
3964.651367	282.429138
3962.234375	290.589447
3959.815430	318.383728
3957.396484	302.757080
3954.975586	317.096588
3952.554688	329.359558
3950.131836	336.452332
3947.708984	343.539368
3945.284180	343.401917
3942.859375	328.832977
3940.432617	334.883820
3938.005859	321.359711
3935.577148	361.384857
3933.148438	353.006653
3930.718750	372.411621
3928.287109	350.666931
3925.855469	350.526276
3923.421875	343.192963
3920.988281	360.516083
3918.552734	382.958679
3916.117188	402.304291
3913.680664	387.780396
3911.242188	404.031891
3908.803711	389.518738
3906.363281	393.460602
3903.922852	415.835205
3901.480469	392.120148
3899.038086	388.892059
3896.593750	382.597473
3894.149414	412.098022
3891.703125	410.909729
3889.256836	442.418335
3886.808594	410.578369
3884.360352	435.935913
3881.910156	423.513763
3879.459961	432.523682
3877.007813	434.388397
3874.555664	463.771973
3872.101563	405.509094
3869.646484	476.637024
3867.191406	482.552521
3864.734375	475.233887
3862.277344	487.248169
3859.818359	459.597107
3857.358398	497.017639
3854.897461	489.704407
3852.436523	513.879700
3849.973633	489.307556
3847.509766	500.271362
3845.044922	519.340881
3842.579102	516.088379
3840.113281	526.014038
3837.645508	504.525269
3835.176758	570.145325
3832.707031	529.422485
3830.236328	569.682007
3827.764648	539.106689
3825.291992	567.196777
3822.818359	548.774597
3820.343750	565.725037
3817.868164	571.553650
3815.390625	573.339722
3812.913086	605.393799
3810.434570	600.104248
3807.955078	621.031189
3805.473633	607.677124
3802.992188	619.517395
3800.509766	644.438049
3798.025391	610.959778
3795.541016	668.058716
3793.054688	659.740295
3790.568359	659.470825
3788.080078	649.152527
3785.591797	689.065979
3783.101563	646.613770
3780.610352	683.484253
3778.119141	716.311462
3775.625977	676.908020
3773.131836	707.705811
3770.636719	703.407959
3768.140625	713.135803
3765.643555	735.870789
3763.145508	732.566833
3760.646484	735.267578
3758.146484	765.964600
3755.645508	778.644409
3753.143555	792.312683
3750.639648	818.952942
3748.135742	785.672302
3745.630859	806.305542
3743.124023	803.979248
3740.617188	832.564209
3738.108398	845.178650
3735.599609	864.756287
3733.088867	858.425415
3730.577148	898.885315
3728.064453	884.584839
3725.551758	873.279724
3723.037109	897.775391
3720.521484	915.293945
3718.004883	919.883728
3715.487305	927.448364
3712.967773	911.184692
3710.448242	933.628662
3707.927734	988.781799
3705.406250	973.503479
3702.882813	977.065247
3700.359375	978.642822
3697.833984	997.050781
3695.308594	1039.196289
3692.781250	1043.713257
3690.252930	1036.359497
3687.723633	1009.241760
3685.193359	1049.335327
3682.662109	1048.901001
3680.129883	1092.893433
3677.596680	1116.125122
3675.062500	1098.893433
3672.527344	1103.368286
3669.990234	1116.709717
3667.453125	1128.069336
3664.915039	1154.191284
3662.375000	1136.977783
3659.833984	1164.057617
3657.292969	1203.901245
3654.750000	1192.586548
3652.206055	1159.660156
3649.661133	1206.331421
3647.115234	1258.855225
3644.568359	1183.735107
3642.019531	1242.110840
3639.470703	1265.131592
3636.920898	1307.739136
3634.369141	1241.541260
3631.817383	1283.142944
3629.263672	1298.274170
3626.708984	1345.688843
3624.153320	1357.845947
3621.596680	1356.302246
3619.039063	1336.187744
3616.480469	1393.276733
3613.920898	1418.088379
3611.360352	1415.544312
3608.797852	1401.291992
3606.235352	1466.060425
3603.670898	1435.222900
3601.105469	1500.896851
3598.540039	1468.121216
3595.972656	1516.197510
3593.404297	1547.685547
3590.834961	1537.308716
3588.264648	1585.294434
3585.692383	1573.937500
3583.120117	1596.601074
3580.545898	1610.503174
3577.971680	1623.422119
3575.395508	1678.062988
3572.818359	1644.375610
3570.240234	1661.141602
3567.661133	1729.267090
3565.081055	1753.733887
3562.500000	1789.801758
3559.917969	1794.859619
3557.333984	1845.394409
3554.750000	1864.932983
3552.164063	1852.547485
3549.577148	1918.456421
3546.989258	1928.277466
3544.400391	1908.153931
3541.810547	1958.510864
3539.219727	1995.316772
3536.626953	2064.882568
3534.034180	2006.171509
3531.439453	2063.145752
3528.844727	2092.137695
3526.248047	2128.807129
3523.650391	2185.656006
3521.051758	2166.457275
3518.451172	2192.469727
3515.850586	2274.209473
3513.249023	2213.681396
3510.645508	2299.183594
3508.041016	2338.533447
3505.436523	2359.617432
3502.830078	2350.948486
3500.222656	2395.018555
3497.613281	2450.551270
3495.003906	2432.273193
3492.393555	2502.105469
3489.781250	2549.863281
3487.167969	2557.396484
3484.553711	2552.489990
3481.938477	2609.723145
3479.322266	2621.041504
3476.705078	2694.433105
3474.086914	2662.741699
3471.466797	2801.900635
3468.845703	2796.898682
3466.224609	2826.226807
3463.601563	2864.107422
3460.977539	2857.177490
3458.351563	2937.864990
3455.725586	2931.860107
3453.098633	2994.367432
3450.469727	3133.859375
3447.839844	3049.819824
3445.208984	3089.387939
3442.577148	3066.229248
3439.944336	3182.663330
3437.310547	3191.751465
3434.674805	3263.443848
3432.039063	3300.936279
3429.401367	3354.509766
3426.762695	3355.926270
3424.123047	3391.434814
3421.481445	3446.791992
3418.839844	3474.659668
3416.197266	3528.040527
3413.552734	3552.066162
3410.907227	3603.476563
3408.260742	3619.890381
3405.613281	3720.326904
3402.963867	3795.193115
3400.314453	3781.311035
3397.663086	3867.401611
3395.011719	3874.236328
3392.358398	3932.886963
3389.704102	4057.414795
3387.047852	4046.269043
3384.391602	4132.057617
3381.733398	4162.274902
3379.075195	4234.775391
3376.415039	4298.753906
3373.753906	4322.281738
3371.090820	4450.019531
3368.427734	4503.496094
3365.762695	4527.840332
3363.097656	4602.805176
3360.430664	4641.145020
3357.762695	4729.112305
3355.092773	4721.468750
3352.422852	4738.171875
3349.750977	4879.322266
3347.079102	4982.933594
3344.405273	5105.155273
3341.729492	5029.133789
3339.053711	5122.267090
3336.376953	5199.444824
3333.698242	5299.890137
3331.018555	5390.917480
3328.337891	5442.695801
3325.656250	5431.038086
3322.973633	5637.431641
3320.289063	5609.863281
3317.604492	5700.554688
3314.917969	5879.574219
3312.230469	5856.583496
3309.541016	6003.765137
3306.851563	6029.066895
3304.160156	6071.995605
3301.467773	6175.245605
3298.774414	6235.707031
3296.080078	6329.516113
3293.384766	6362.033691
3290.687500	6507.616699
3287.990234	6662.338379
3285.291016	6611.305664
3282.589844	6756.587402
3279.888672	6777.736816
3277.186523	6855.291992
3274.482422	6882.848633
3271.777344	6981.544434
3269.071289	7032.114746
3266.364258	7174.058105
3263.655273	7270.648438
3260.945313	7312.718750
3258.234375	7394.406250
3255.522461	7580.187500
3252.809570	7591.656250
3250.095703	7744.030273
3247.379883	7861.286621
3244.663086	7848.686035
3241.945313	7941.875488
3239.226563	8121.409668
3236.505859	8196.933594
3233.784180	8406.512695
3231.061523	8288.093750
3228.337891	8475.418945
3225.613281	8502.024414
3222.886719	8647.822266
3220.160156	8806.325195
3217.431641	8886.804688
3214.702148	9045.976563
3211.970703	8983.465820
3209.239258	9224.808594
3206.505859	9379.046875
3203.771484	9422.520508
3201.035156	9555.513672
3198.298828	9638.146484
3195.560547	9787.361328
3192.821289	9961.085938
3190.081055	9981.391602
3187.339844	10024.473633
3184.596680	10166.869141
3181.853516	10364.715820
3179.108398	10486.797852
3176.361328	10746.228516
3173.614258	10665.122070
3170.865234	11011.556641
3168.115234	11037.675781
3165.364258	11207.347656
3162.612305	11266.051758
3159.858398	11470.878906
3157.104492	11546.654297
3154.347656	11601.496094
3151.590820	11845.796875
3148.833008	12025.530273
3146.073242	12152.558594
3143.312500	12325.655273
3140.550781	12494.072266
3137.787109	12532.050781
3135.023438	12738.208008
3132.257813	12970.396484
3129.491211	13150.874023
3126.722656	13189.388672
3123.954102	13501.414063
3121.183594	13598.390625
3118.412109	13704.297852
3115.638672	13836.255859
3112.865234	13950.070313
3110.089844	13996.217773
3107.313477	14097.249023
3104.536133	14244.088867
3101.756836	14461.868164
3098.976563	14466.330078
3096.195313	14701.791016
3093.413086	14855.280273
3090.628906	15103.827148
3087.844727	15169.025391
3085.058594	15355.294922
3082.270508	15727.951172
3079.482422	15830.429688
3076.692383	15983.891602
3073.901367	16136.318359
3071.109375	16317.257813
3068.315430	16479.238281
3065.520508	16595.453125
3062.724609	16789.349609
3059.927734	17062.615234
3057.128906	17267.740234
3054.329102	17374.455078
3051.528320	17393.597656
3048.726563	17552.791016
3045.922852	17916.058594
3043.118164	17818.150391
3040.312500	18090.978516
3037.505859	18232.644531
3034.697266	18236.193359
3031.887695	18645.498047
3029.077148	18783.158203
3026.264648	18906.466797
3023.452148	19042.101563
3020.637695	19294.861328
3017.821289	19547.394531
3015.004883	19659.476563
3012.186523	19805.164063
3009.367188	20092.587891
3006.545898	20126.269531
3003.724609	20539.087891
3000.901367	20695.617188
2998.077148	20949.369141
2995.250977	20974.625000
2992.423828	21244.820313
2989.595703	21381.291016
2986.766602	21579.484375
2983.935547	21724.507813
2981.104492	21872.925781
2978.270508	22179.156250
2975.436523	22327.228516
2972.600586	22741.414063
2969.763672	22742.810547
2966.925781	23127.365234
2964.085938	23157.628906
2961.245117	23456.279297
2958.403320	23699.240234
2955.560547	24122.230469
2952.715820	24063.205078
2949.870117	24316.972656
2947.023438	24767.205078
2944.174805	24762.371094
2941.325195	25085.656250
2938.474609	25342.876953
2935.622070	25594.601563
2932.768555	25693.642578
2929.914063	26026.421875
2927.058594	26194.324219
2924.201172	26213.318359
2921.342773	26682.714844
2918.483398	26845.707031
2915.622070	27157.097656
2912.759766	27445.496094
2909.896484	27514.490234
2907.032227	27566.833984
2904.166016	28084.923828
2901.298828	28348.822266
2898.429688	28514.867188
2895.559570	28595.386719
2892.688477	28748.968750
2889.816406	29212.246094
2886.942383	29240.994141
2884.067383	29370.578125
2881.191406	29659.099609
2878.314453	30051.609375
2875.435547	30087.712891
2872.554688	30437.128906
2869.673828	30830.476563
2866.791016	31074.294922
2863.907227	31223.400391
2861.021484	31515.332031
2858.134766	31606.925781
2855.247070	31817.896484
2852.358398	31781.187500
2849.467773	32098.257813
2846.576172	32431.462891
2843.682617	32518.074219
2840.789063	32769.578125
2837.893555	33108.050781
2834.996094	33354.730469
2832.097656	33463.164063
2829.198242	33828.433594
2826.297852	33822.773438
2823.395508	33791.265625
2820.492188	34107.644531
2817.587891	34362.625000
2814.681641	34254.320313
2811.774414	34594.976563
2808.866211	34690.351563
2805.956055	35054.539063
2803.044922	35460.468750
2800.131836	35487.484375
2797.218750	35738.398438
2794.303711	35866.441406
2791.386719	35756.906250
2788.468750	36152.992188
2785.549805	36042.550781
2782.629883	36504.898438
2779.708008	36604.019531
2776.785156	36808.234375
2773.860352	36970.371094
2770.935547	37105.000000
2768.007813	37412.890625
2765.080078	37484.000000
2762.150391	37359.613281
2759.219727	37747.972656
2756.287109	37766.792969
2753.353516	37912.566406
2750.418945	38269.449219
2747.482422	38487.214844
2744.544922	38140.511719
2741.606445	38598.859375
2738.666016	38534.695313
2735.724609	38564.921875
2732.782227	38852.515625
2729.837891	38941.136719
2726.892578	38825.960938
2723.945313	39229.238281
2720.997070	39063.132813
2718.047852	39285.375000
2715.097656	39139.703125
2712.145508	39481.089844
2709.191406	39427.703125
2706.237305	39491.109375
2703.281250	39421.675781
2700.323242	39480.777344
2697.364258	39735.839844
2694.404297	39593.714844
2691.443359	39888.992188
2688.480469	39501.359375
2685.515625	39667.343750
2682.550781	39765.726563
2679.583984	39766.253906
2676.615234	39831.628906
2673.646484	39655.308594
2670.674805	39681.093750
2667.703125	39414.976563
2664.729492	39364.316406
2661.754883	39601.937500
2658.778320	39316.859375
2655.800781	39151.250000
2652.821289	38938.785156
2649.840820	39179.472656
2646.859375	38830.492188
2643.876953	38632.671875
2640.892578	38972.816406
2637.906250	39048.050781
2634.918945	38544.882813
2631.930664	38416.937500
2628.941406	38501.480469
2625.950195	38152.996094
2622.957031	38377.906250
2619.963867	38123.296875
2616.967773	37967.390625
2613.971680	37770.738281
2610.973633	37865.281250
2607.974609	37553.804688
2604.973633	37267.593750
2601.971680	37012.445313
2598.967773	36953.121094
2595.962891	36814.804688
2592.957031	36593.437500
2589.949219	36507.753906
2586.940430	36306.648438
2583.929688	36051.730469
2580.917969	35864.273438
2577.905273	35716.804688
2574.890625	35763.519531
2571.875000	35719.828125
2568.857422	35411.015625
2565.838867	35141.402344
2562.819336	35072.355469
2559.797852	34364.574219
2556.775391	34381.113281
2553.750977	33996.679688
2550.725586	34119.941406
2547.698242	33675.664063
2544.669922	33439.000000
2541.640625	33455.867188
2538.609375	32670.181641
2535.577148	32808.554688
2532.542969	32508.400391
2529.507813	32417.720703
2526.471680	32092.476563
2523.433594	31598.826172
2520.393555	31694.548828
2517.353516	31455.556641
2514.310547	31437.832031
2511.267578	31091.552734
2508.222656	30877.765625
2505.175781	30615.748047
2502.127930	30175.962891
2499.079102	29983.359375
2496.028320	29411.488281
2492.976563	29277.550781
2489.922852	29097.058594
2486.868164	28947.001953
2483.812500	28528.769531
2480.754883	28213.115234
2477.695313	27948.412109
2474.634766	27573.666016
2471.573242	27476.046875
2468.509766	27361.373047
2465.445313	27232.111328
2462.378906	26879.546875
2459.311523	26488.179688
2456.242188	26021.404297
2453.171875	25903.548828
2450.100586	25578.255859
2447.027344	25151.566406
2443.953125	24875.691406
2440.876953	24773.175781
2437.799805	24408.353516
2434.720703	24204.632813
2431.640625	23936.164063
2428.558594	23823.693359
2425.475586	23318.048828
2422.390625	23241.615234
2419.304688	23132.837891
2416.217773	22762.607422
2413.128906	22331.201172
2410.038086	22205.984375
2406.946289	21887.617188
2403.853516	21720.677734
2400.758789	21579.738281
2397.663086	21315.375000
2394.565430	20918.884766
2391.466797	20736.539063
2388.366211	20318.896484
2385.264648	20207.914063
2382.161133	20059.162109
2379.056641	19785.728516
2375.950195	19466.666016
2372.842773	19254.083984
2369.734375	19260.417969
2366.624023	18849.589844
2363.511719	18728.355469
2360.398438	18492.396484
2357.284180	18223.742188
2354.167969	17916.824219
2351.049805	17748.912109
2347.930664	17646.072266
2344.810547	17419.945313
2341.688477	17184.416016
2338.564453	16978.712891
2335.439453	16798.796875
2332.313477	16684.615234
2329.185547	16514.582031
2326.056641	16120.212891
2322.925781	16070.371094
2319.792969	15829.013672
2316.660156	15551.974609
2313.524414	15401.180664
2310.387695	15182.772461
2307.250000	15098.404297
2304.110352	14786.369141
2300.969727	14584.458008
2297.827148	14680.264648
2294.682617	14357.714844
2291.537109	14188.063477
2288.390625	14004.266602
2285.242188	13705.498047
2282.092773	13619.712891
2278.941406	13487.990234
2275.788086	13331.012695
2272.633789	12877.754883
2269.478516	13047.588867
2266.321289	12849.848633
2263.162109	12545.442383
2260.001953	12409.819336
2256.840820	12237.945313
2253.676758	12198.216797
2250.512695	11969.717773
2247.346680	11713.791992
2244.178711	11619.895508
2241.009766	11502.416992
2237.838867	11232.866211
2234.666992	11232.314453
2231.493164	11015.127930
2228.318359	10796.566406
2225.141602	10750.561523
2221.963867	10572.441406
2218.784180	10363.034180
2215.602539	10161.678711
2212.419922	10134.897461
2209.236328	9979.372070
2206.050781	9863.228516
2202.863281	9656.198242
2199.674805	9591.272461
2196.485352	9456.658203
2193.292969	9390.314453
2190.100586	9166.659180
2186.905273	9098.943359
2183.709961	8931.166016
2180.511719	8774.490234
2177.312500	8748.462891
2174.112305	8614.666016
2170.910156	8447.421875
2167.706055	8378.658203
2164.500977	8228.836914
2161.294922	8151.659180
2158.085938	7927.273926
2154.876953	7972.589355
2151.665039	7766.401367
2148.452148	7735.486816
2145.238281	7477.489746
2142.022461	7417.972168
2138.804688	7457.968750
2135.585938	7291.331543
2132.365234	7192.387695
2129.143555	7090.431152
2125.919922	6964.526855
2122.695313	6878.273926
2119.468750	6734.763672
2116.240234	6628.561035
2113.010742	6698.948242
2109.780273	6521.676758
2106.546875	6448.200195
2103.312500	6248.794922
2100.077148	6219.552246
2096.839844	6078.359375
2093.600586	6027.608398
2090.360352	6015.479492
2087.119141	5856.842285
2083.875000	5896.443359
2080.629883	5741.091309
2077.383789	5575.875000
2074.135742	5583.220703
2070.885742	5475.161621
2067.634766	5417.953125
2064.381836	5321.600586
2061.127930	5238.397461
2057.871094	5151.432617
2054.614258	5089.107910
2051.355469	5092.044434
2048.094727	4940.862305
2044.832031	4971.453125
2041.568359	4790.595215
2038.303711	4784.474121
2035.037109	4743.154297
2031.768555	4580.252930
2028.498047	4522.247070
2025.226563	4456.653809
2021.954102	4435.422363
2018.678711	4346.263184
2015.403320	4313.655273
2012.125000	4240.653809
2008.845703	4170.770020
2005.564453	4062.853027
2002.282227	4015.205078
1998.998047	3910.508301
1995.712891	3870.585205
1992.424805	3871.006104
1989.136719	3773.366211
1985.845703	3678.857910
1982.553711	3623.169189
1979.260742	3594.099365
1975.964844	3578.712646
1972.667969	3457.932861
1969.370117	3440.349854
1966.070313	3423.540039
1962.768555	3328.751221
1959.465820	3313.522461
1956.161133	3221.901367
1952.854492	3194.638428
1949.546875	3108.450928
1946.237305	3072.201660
1942.925781	3053.351807
1939.613281	3012.633789
1936.298828	2918.398438
1932.982422	2880.798340
1929.665039	2879.405029
1926.346680	2813.989258
1923.025391	2807.357422
1919.703125	2784.176514
1916.378906	2724.915283
1913.053711	2690.518066
1909.726563	2620.086670
1906.397461	2579.012207
1903.067383	2552.239258
1899.735352	2511.985840
1896.401367	2445.523193
1893.066406	2395.614258
1889.729492	2412.431885
1886.390625	2371.571777
1883.050781	2309.044434
1879.708984	2305.677734
1876.365234	2224.547852
1873.020508	2271.298340
1869.673828	2182.044922
1866.326172	2148.876953
1862.975586	2150.069580
1859.624023	2054.289307
1856.271484	2025.702637
1852.916016	2019.499023
1849.559570	1964.141235
1846.202148	1966.905762
1842.841797	1953.296265
1839.480469	1895.074341
1836.118164	1909.016968
1832.752930	1844.927612
1829.386719	1838.827759
1826.018555	1757.760986
1822.649414	1730.192139
1819.278320	1687.817993
1815.905273	1730.723755
1812.531250	1654.310425
1809.154297	1636.469482
1805.777344	1583.859741
1802.397461	1600.838013
1799.016602	1577.132324
1795.633789	1508.368164
1792.249023	1506.889771
1788.863281	1465.543701
1785.475586	1422.023560
1782.085938	1436.077271
1778.694336	1397.036499
1775.301758	1443.509399
1771.907227	1337.480835
1768.510742	1376.574707
1765.113281	1333.958618
1761.713867	1319.329590
1758.312500	1328.971191
1754.910156	1263.664307
1751.505859	1277.728638
1748.099609	1222.785767
1744.691406	1196.507080
1741.282227	1154.122559
1737.871094	1170.409668
1734.458008	1137.601440
1731.042969	1138.504395
1727.626953	1102.084351
1724.208984	1086.911499
1720.790039	1069.559814
1717.368164	1035.418579
1713.945313	1027.603149
1710.520508	1026.364990
1707.093750	1003.238770
1703.666016	1045.039795
1700.236328	968.716125
1696.804688	959.493835
1693.371094	947.367493
1689.936523	922.151978
1686.500000	923.877197
1683.061523	891.426453
1679.622070	876.449341
1676.179688	857.854858
1672.736328	855.976868
1669.291016	862.082642
1665.844727	831.916992
1662.396484	799.606262
1658.945313	810.077271
1655.494141	782.154053
1652.040039	755.705994
1648.584961	756.053345
1645.126953	740.490967
1641.668945	740.844849
1638.208008	721.692810
1634.745117	712.668335
1631.281250	723.860046
1627.815430	681.661438
1624.347656	653.924194
1620.878906	670.171814
1617.408203	651.830688
1613.935547	633.507568
1610.460938	649.020691
1606.984375	602.668884
1603.506836	583.678223
1600.027344	594.162964
1596.545898	555.806396
1593.062500	586.390686
1589.577148	562.423462
1586.090820	532.743896
1582.602539	530.326782
1579.112305	538.656372
1575.620117	519.055725
1572.126953	498.758911
1568.630859	493.501923
1565.133789	499.687744
1561.634766	517.299133
1558.133789	472.048096
1554.631836	454.679901
1551.127930	448.030304
1547.621094	432.830414
1544.114258	439.026825
1540.604492	463.737793
1537.092773	438.584534
1533.580078	417.726196
1530.065430	400.445038
1526.548828	405.930267
1523.030273	389.382690
1519.509766	385.635101
1515.988281	379.761627
1512.463867	378.860260
1508.938477	355.267853
1505.411133	372.098389
1501.882813	355.616913
1498.351563	342.692169
1494.818359	330.488037
1491.284180	331.735291
1487.748047	328.032349
1484.209961	325.746216
1480.669922	333.349762
1477.128906	302.827332
1473.584961	316.078735
1470.040039	286.300903
1466.493164	288.269928
1462.944336	288.827881
1459.393555	284.456451
1455.840820	262.495758
1452.287109	272.912964
1448.730469	279.804321
1445.172852	262.095123
1441.613281	263.366241
1438.051758	252.702728
1434.488281	253.977081
1430.922852	245.432693
1427.356445	231.990768
1423.787109	231.171829
1420.216797	226.852783
1416.644531	237.933777
1413.070313	216.129288
1409.494141	213.921509
1405.916016	214.510803
1402.336914	204.623779
1398.754883	207.311096
1395.171875	215.576828
1391.585938	209.887939
1387.999023	194.447571
1384.410156	202.706894
1380.819336	196.336838
1377.226563	194.844315
1373.632813	188.484634
1370.036133	166.142746
1366.438477	169.531372
1362.837891	159.722000
1359.236328	169.357056
1355.632813	165.107529
1352.027344	162.942429
1348.419922	161.472473
1344.810547	159.311310
1341.199219	157.844589
1337.585938	144.616257
1333.970703	156.990219
1330.354492	157.600418
1326.735352	138.174591
1323.115234	149.841995
1319.493164	145.623596
1315.869141	133.821671
1312.242188	127.547440
1308.614258	118.523285
1304.984375	122.594322
1301.353516	113.581947
1297.719727	119.715263
1294.083984	121.716194
1290.446289	112.718102
1286.807617	109.224876
1283.166016	105.735222
1279.523438	104.994080
1275.877930	102.196014
1272.231445	107.627083
1268.582031	107.571121
1264.931641	117.787308
1261.279297	91.716774
1257.625000	101.930473
1253.968750	102.561119
1250.310547	93.623672
1246.650391	101.771202
1242.988281	86.016663
1239.324219	90.065674
1235.658203	89.336693
1231.990234	76.339569
1228.320313	80.387161
1224.648438	74.217117
1220.975586	83.025253
1217.299805	80.261093
1213.622070	71.381386
1209.943359	78.138664
1206.261719	74.702171
1202.578125	71.269241
1198.893555	62.412682
1195.206055	67.804276
1191.517578	79.967049
1187.826172	66.378433
1184.133789	68.374481
1180.438477	61.572350
1176.742188	60.187443
1173.042969	72.322113
1169.342773	62.826321
1165.639648	64.143623
1161.935547	44.539463
1158.228516	50.586346
1154.520508	51.907928
1150.809570	59.292046
1147.097656	50.506321
1143.382813	60.575577
1139.666992	59.198162
1135.948242	51.098660
1132.227539	55.103607
1128.505859	48.358055
1124.781250	49.003742
1121.055664	46.965004
1117.327148	44.257828
1113.596680	52.947201
1109.865234	45.550632
1106.130859	43.517944
1102.394531	40.818237
1098.657227	44.140541
1094.916992	37.432678
1091.174805	42.757462
1087.430664	32.051041
1083.684570	49.385731
1079.936523	36.686069
1076.186523	29.999887
1072.434570	36.646988
1068.680664	39.291267
1064.924805	41.267105
1061.166992	33.927406
1057.406250	33.909290
1053.644531	29.903980
1049.880859	37.193954
1046.114258	30.535841
1042.346680	35.163776
1038.576172	31.829395
1034.803711	26.510294
1031.030273	37.094528
1027.253906	31.778267
1023.475586	27.129379
1019.695313	33.066860
1015.913086	25.778305
1012.128906	26.425087
1008.342773	25.090343
1004.553711	27.716524
