4046.277344	215.922791
4043.892578	225.356308
4041.505859	203.264618
4039.119141	210.515854
4036.731445	219.855179
4034.342773	193.605499
4031.952148	223.866058
4029.561523	252.011276
4027.169922	233.096741
4024.777344	233.004608
4022.383789	247.534790
4019.989258	242.216690
4017.593750	243.164474
4015.197266	245.154648
4012.799805	232.544006
4010.401367	244.960510
4008.001953	246.947388
4005.601563	238.517014
4003.201172	256.121918
4000.798828	268.509094
3998.395508	250.717102
3995.991211	273.495514
3993.585938	256.755005
3991.180664	255.613907
3988.773438	247.202972
3986.365234	285.520111
3983.957031	288.520081
3981.546875	287.367859
3979.135742	275.846313
3976.724609	296.468536
3974.311523	293.241882
3971.898438	314.876373
3969.483398	285.760651
3967.068359	283.576813
3964.651367	312.430786
3962.234375	308.169617
3959.815430	296.675751
3957.396484	318.256592
3954.975586	327.425446
3952.554688	310.775024
3950.131836	304.458405
3947.708984	320.843048
3945.284180	334.120789
3942.859375	328.832977
3940.432617	314.275574
3938.005859	329.599701
3935.577148	355.207336
3933.148438	324.189789
3930.718750	364.181519
3928.287109	352.723633
3925.855469	325.855804
3923.421875	328.807617
3920.988281	347.163635
3918.552734	353.184418
3916.117188	383.831146
3913.680664	382.651031
3911.242188	381.471741
3908.803711	359.792297
3906.363281	368.869324
3903.922852	393.302277
3901.480469	389.048706
3899.038086	395.032440
3896.593750	407.149200
3894.149414	402.894836
3891.703125	412.954071
3889.256836	407.678802
3886.808594	434.069183
3884.360352	419.601074
3881.910156	430.657379
3879.459961	440.684509
3877.007813	463.959412
3874.555664	442.367126
3872.101563	435.056244
3869.646484	428.769623
3867.191406	442.848816
3864.734375	464.039917
3862.277344	451.645508
3859.818359	461.630737
3857.358398	453.312622
3854.897461	490.720398
3852.436523	493.568268
3849.973633	480.171082
3847.509766	478.961639
3845.044922	503.111450
3842.579102	475.531311
3840.113281	511.824799
3837.645508	497.433563
3835.176758	518.498047
3832.707031	511.201416
3830.236328	552.480286
3827.764648	540.118164
3825.291992	525.743835
3822.818359	548.774597
3820.343750	540.469482
3817.868164	555.396667
3815.390625	575.358521
3812.913086	577.142090
3810.434570	572.872620
3807.955078	628.088318
3805.473633	608.684875
3802.992188	604.407227
3800.509766	629.333984
3798.025391	622.031494
3795.541016	619.765320
3793.054688	624.540771
3790.568359	624.285645
3788.080078	659.201355
3785.591797	661.945313
3783.101563	650.630005
3780.610352	656.385742
3778.119141	652.104248
3775.625977	671.893921
3773.131836	685.652649
3770.636719	678.357849
3768.140625	704.121460
3765.643555	719.851868
3763.145508	738.571533
3760.646484	714.259949
3758.146484	741.965698
3755.645508	769.648499
3753.143555	749.349976
3750.639648	734.061462
3748.135742	779.682434
3745.630859	792.334900
3743.124023	783.031921
3740.617188	771.742126
3738.108398	837.205261
3735.599609	809.961853
3733.088867	813.612000
3730.577148	854.090393
3728.064453	826.872864
3725.551758	839.462524
3723.037109	888.827454
3720.521484	869.578979
3718.004883	871.207336
3715.487305	906.595703
3712.967773	895.303467
3710.448242	888.981140
3707.927734	898.531921
3705.406250	923.936096
3702.882813	917.608948
3700.359375	937.040588
3697.833984	922.791809
3695.308594	966.947449
3692.781250	1004.141235
3690.252930	957.248047
3687.723633	998.368469
3685.193359	970.289307
3682.662109	1041.987427
3680.129883	1041.556030
3677.596680	1012.506104
3675.062500	1026.883301
3672.527344	1024.485840
3669.990234	1070.385498
3667.453125	1107.379761
3664.915039	1061.619629
3662.375000	1073.976318
3659.833984	1072.546753
3657.292969	1110.461182
3654.750000	1125.730957
3652.206055	1108.556396
3649.661133	1172.931396
3647.115234	1182.263428
3644.568359	1148.399780
3642.019531	1194.035400
3639.470703	1226.883423
3636.920898	1215.589600
3634.369141	1232.722046
3631.817383	1217.516479
3629.263672	1239.528687
3626.708984	1244.884521
3624.153320	1297.192871
3621.596680	1235.046631
3619.039063	1264.833130
3616.480469	1307.296021
3613.920898	1332.143677
3611.360352	1314.991943
3608.797852	1350.548828
3606.235352	1363.641113
3603.670898	1429.372803
3601.105469	1399.537598
3598.540039	1454.482422
3595.972656	1458.743652
3593.404297	1421.145264
3590.834961	1501.308350
3588.264648	1496.790283
3585.692383	1521.440430
3583.120117	1548.984863
3580.545898	1577.477173
3577.971680	1600.119385
3575.395508	1607.213623
3572.818359	1643.405396
3570.240234	1592.291016
3567.661133	1704.064819
3565.081055	1685.910034
3562.500000	1703.604614
3559.917969	1743.550293
3557.333984	1744.754150
3554.750000	1788.517212
3552.164063	1784.865723
3549.577148	1778.317383
3546.989258	1836.500732
3544.400391	1803.862183
3541.810547	1845.575439
3539.219727	1922.952759
3536.626953	1931.788696
3534.034180	1957.005371
3531.439453	1992.800171
3528.844727	2001.593872
3526.248047	2057.558105
3523.650391	2068.240723
3521.051758	2123.166748
3518.451172	2138.619629
3515.850586	2147.330566
3513.249023	2170.445313
3510.645508	2249.242920
3508.041016	2180.135254
3505.436523	2248.305664
3502.830078	2266.540527
3500.222656	2290.512207
3497.613281	2331.713623
3495.003906	2296.242188
3492.393555	2341.235107
3489.781250	2380.446533
3487.167969	2456.937500
3484.553711	2444.422852
3481.938477	2503.613525
3479.322266	2480.577393
3476.705078	2481.438232
3474.086914	2598.774658
3471.466797	2591.948975
3468.845703	2661.441650
3466.224609	2642.197754
3463.601563	2732.577637
3460.977539	2796.204102
3458.351563	2786.448242
3455.725586	2770.988525
3453.098633	2794.552490
3450.469727	2855.188477
3447.839844	2882.498047
3445.208984	2948.745361
3442.577148	2932.295410
3439.944336	3017.453369
3437.310547	3126.265137
3434.674805	3113.552979
3432.039063	3126.454102
3429.401367	3113.750977
3426.762695	3180.645020
3424.123047	3209.598633
3421.481445	3318.046143
3418.839844	3330.828369
3416.197266	3458.047363
3413.552734	3469.811768
3410.907227	3411.631348
3408.260742	3514.089844
3405.613281	3582.467041
3402.963867	3589.435303
3400.314453	3700.175049
3397.663086	3741.977539
3395.011719	3747.923096
3392.358398	3799.089600
3389.704102	3852.095215
3387.047852	3945.535889
3384.391602	3991.844482
3381.733398	4030.587158
3379.075195	4052.371582
3376.415039	4209.470703
3373.753906	4205.793457
3371.090820	4281.935059
3368.427734	4346.746582
3365.762695	4375.849121
3363.097656	4504.334473
3360.430664	4556.777832
3357.762695	4508.914063
3355.092773	4623.124512
3352.422852	4701.659668
3349.750977	4712.747559
3347.079102	4811.753418
3344.405273	4891.038086
3341.729492	4829.126953
3339.053711	4977.464844
3336.376953	5098.593750
3333.698242	5140.277344
3331.018555	5166.995605
3328.337891	5251.511230
3325.656250	5324.766602
3322.973633	5422.184082
3320.289063	5512.065430
3317.604492	5535.766602
3314.917969	5547.347656
3312.230469	5700.308594
3309.541016	5714.595215
3306.851563	5779.056152
3304.160156	5819.305664
3301.467773	5957.951172
3298.774414	6024.075684
3296.080078	6059.523438
3293.384766	6107.923340
3290.687500	6127.541992
3287.990234	6294.473145
3285.291016	6409.391113
3282.589844	6543.650391
3279.888672	6429.780762
3277.186523	6560.211914
3274.482422	6709.945313
3271.777344	6651.598633
3269.071289	6759.587891
3266.364258	6877.639648
3263.655273	6962.358887
3260.945313	7084.830566
3258.234375	7163.849609
3255.522461	7297.186523
3252.809570	7333.655762
3250.095703	7404.169922
3247.379883	7484.747559
3244.663086	7585.499023
3241.945313	7793.781738
3239.226563	7828.108398
3236.505859	7855.050293
3233.784180	7972.912598
3231.061523	8103.526367
3228.337891	8224.845703
3225.613281	8349.727539
3222.886719	8384.627930
3220.160156	8517.578125
3217.431641	8600.015625
3214.702148	8806.020508
3211.970703	8852.553711
3209.239258	9000.617188
3206.505859	9057.996094
3203.771484	9243.322266
3201.035156	9385.532227
3198.298828	9433.527344
3195.560547	9571.873047
3192.821289	9740.214844
3190.081055	9917.531250
3187.339844	9945.138672
3184.596680	10102.153320
3181.853516	10281.804688
3179.108398	10354.745117
3176.361328	10465.852539
3173.614258	10558.661133
3170.865234	10820.557617
3168.115234	10985.855469
3165.364258	10871.118164
3162.612305	11001.726563
3159.858398	11226.644531
3157.104492	11353.347656
3154.347656	11450.909180
3151.590820	11591.907227
3148.833008	11762.687500
3146.073242	11836.377930
3143.312500	12053.986328
3140.550781	12160.969727
3137.787109	12319.428711
3135.023438	12456.041016
3132.257813	12556.371094
3129.491211	12620.465820
3126.722656	12829.012695
3123.954102	13103.278320
3121.183594	13073.188477
3118.412109	13237.054688
3115.638672	13430.527344
3112.865234	13651.764648
3110.089844	13589.943359
3107.313477	13775.792969
3104.536133	13863.370117
3101.756836	14081.316406
3098.976563	14089.541992
3096.195313	14248.764648
3093.413086	14486.908203
3090.628906	14509.301758
3087.844727	14567.578125
3085.058594	14875.246094
3082.270508	15287.576172
3079.482422	15397.418945
3076.692383	15558.240234
3073.901367	15606.950195
3071.109375	15928.687500
3068.315430	15893.059570
3065.520508	16064.992188
3062.724609	16382.513672
3059.927734	16349.401367
3057.128906	16623.628906
3054.329102	16625.255859
3051.528320	16997.294922
3048.726563	17138.818359
3045.922852	17270.402344
3043.118164	17445.544922
3040.312500	17863.773438
3037.505859	17826.523438
3034.697266	17950.433594
3031.887695	18318.929688
3029.077148	18425.603516
3026.264648	18659.310547
3023.452148	18620.878906
3020.637695	18986.634766
3017.821289	19164.722656
3015.004883	19524.580078
3012.186523	19566.537109
3009.367188	19859.386719
3006.545898	20060.683594
3003.724609	20291.031250
3000.901367	20446.785156
2998.077148	20651.078125
2995.250977	21008.246094
2992.423828	20989.242188
2989.595703	21242.509766
2986.766602	21699.650391
2983.935547	21607.042969
2981.104492	21967.384766
2978.270508	22150.037109
2975.436523	22376.621094
2972.600586	22765.218750
2969.763672	22616.794922
2966.925781	22783.835938
2964.085938	23147.064453
2961.245117	23348.033203
2958.403320	23458.208984
2955.560547	23803.929688
2952.715820	24179.218750
2949.870117	24136.001953
2947.023438	24450.207031
2944.174805	24656.166016
2941.325195	24887.378906
2938.474609	25103.470703
2935.622070	25359.683594
2932.768555	25333.537109
2929.914063	25652.462891
2927.058594	25699.728516
2924.201172	26077.693359
2921.342773	26419.455078
2918.483398	26494.267578
2915.622070	26794.457031
2912.759766	26882.121094
2909.896484	27325.908203
2907.032227	27308.523438
2904.166016	27499.621094
2901.298828	27878.869141
2898.429688	28047.738281
2895.559570	28320.113281
2892.688477	28252.650391
2889.816406	28798.832031
2886.942383	29084.402344
2884.067383	29057.533203
2881.191406	29377.484375
2878.314453	29443.453125
2875.435547	29625.718750
2872.554688	29886.804688
2869.673828	30200.574219
2866.791016	30463.753906
2863.907227	30807.308594
2861.021484	31034.439453
2858.134766	31352.296875
2855.247070	31449.107422
2852.358398	31693.791016
2849.467773	31830.130859
2846.576172	32225.701172
2843.682617	32498.199219
2840.789063	32538.953125
2837.893555	32831.769531
2834.996094	33235.636719
2832.097656	33398.468750
2829.198242	33691.339844
2826.297852	33626.273438
2823.395508	33972.171875
2820.492188	34013.789063
2817.587891	34130.242188
2814.681641	34455.628906
2811.774414	34573.476563
2808.866211	34803.808594
2805.956055	35278.773438
2803.044922	35607.316406
2800.131836	35551.863281
2797.218750	35807.039063
2794.303711	35832.136719
2791.386719	36006.355469
2788.468750	36418.609375
2785.549805	36359.433594
2782.629883	36878.140625
2779.708008	37005.328125
2776.785156	37045.152344
2773.860352	37351.656250
2770.935547	37610.875000
2768.007813	37776.750000
2765.080078	37560.835938
2762.150391	37588.316406
2759.219727	37901.507813
2756.287109	38052.414063
2753.353516	38230.441406
2750.418945	38462.816406
2747.482422	38476.144531
2744.544922	38583.066406
2741.606445	38371.726563
2738.666016	38652.886719
2735.724609	39006.878906
2732.782227	38776.906250
2729.837891	39011.613281
2726.892578	38856.515625
2723.945313	39255.539063
2720.997070	39157.261719
2718.047852	39398.109375
2715.097656	39219.343750
2712.145508	39221.953125
2709.191406	39615.617188
2706.237305	39498.726563
2703.281250	39536.691406
2700.323242	39413.996094
2697.364258	39576.144531
2694.404297	39664.660156
2691.443359	39444.957031
2688.480469	39589.960938
2685.515625	39705.300781
2682.550781	39495.113281
2679.583984	39922.144531
2676.615234	39703.601563
2673.646484	39589.640625
2670.674805	39692.875000
2667.703125	39616.847656
2664.729492	39489.589844
2661.754883	39473.359375
2658.778320	39508.375000
2655.800781	39360.312500
2652.821289	39342.449219
2649.840820	39111.523438
2646.859375	39388.062500
2643.876953	39153.113281
2640.892578	39212.398438
2637.906250	39307.617188
2634.918945	38930.707031
2631.930664	38646.152344
2628.941406	38706.343750
2625.950195	38662.828125
2622.957031	38808.144531
2619.963867	38614.292969
2616.967773	38491.550781
2613.971680	38269.632813
2610.973633	38260.542969
2607.974609	37846.367188
2604.973633	37890.777344
2601.971680	37662.824219
2598.967773	37596.546875
2595.962891	37309.839844
2592.957031	37397.605469
2589.949219	37201.832031
2586.940430	36523.500000
2583.929688	36705.312500
2580.917969	36598.910156
2577.905273	36475.992188
2574.890625	36392.988281
2571.875000	35993.382813
2568.857422	35870.878906
2565.838867	35784.085938
2562.819336	35573.187500
2559.797852	35279.726563
2556.775391	35010.507813
2553.750977	34901.074219
2550.725586	34485.996094
2547.698242	34210.867188
2544.669922	34220.796875
2541.640625	33795.015625
2538.609375	33408.375000
2535.577148	33365.863281
2532.542969	33095.941406
2529.507813	32958.867188
2526.471680	32639.960938
2523.433594	32005.341797
2520.393555	32005.464844
2517.353516	31710.423828
2514.310547	31616.978516
2511.267578	31468.574219
2508.222656	31194.679688
2505.175781	31118.802734
2502.127930	30609.884766
2499.079102	30144.056641
2496.028320	30006.453125
2492.976563	29717.427734
2489.922852	29639.896484
2486.868164	28951.912109
2483.812500	28796.257813
2480.754883	28783.001953
2477.695313	28382.373047
2474.634766	28145.478516
2471.573242	27915.324219
2468.509766	27770.250000
2465.445313	27467.046875
2462.378906	27252.986328
2459.311523	27035.857422
2456.242188	26719.533203
2453.171875	26210.517578
2450.100586	26201.677734
2447.027344	25766.568359
2443.953125	25446.500000
2440.876953	25116.154297
2437.799805	24971.324219
2434.720703	24898.074219
2431.640625	24516.468750
2428.558594	24354.244141
2425.475586	24134.589844
2422.390625	23864.880859
2419.304688	23534.654297
2416.217773	23323.757813
2413.128906	23106.572266
2410.038086	22851.558594
2406.946289	22587.070313
2403.853516	22279.171875
2400.758789	21839.871094
2397.663086	21696.511719
2394.565430	21559.736328
2391.466797	21164.113281
2388.366211	20975.281250
2385.264648	20793.066406
2382.161133	20594.900391
2379.056641	20377.585938
2375.950195	20216.001953
2372.842773	19908.947266
2369.734375	19799.986328
2366.624023	19361.580078
2363.511719	19222.433594
2360.398438	18963.759766
2357.284180	18825.716797
2354.167969	18573.072266
2351.049805	18319.050781
2347.930664	18092.513672
2344.810547	17883.003906
2341.688477	17698.505859
2338.564453	17386.914063
2335.439453	17265.208984
2332.313477	17100.429688
2329.185547	16963.775391
2326.056641	16743.355469
2322.925781	16333.885742
2319.792969	16311.098633
2316.660156	16068.139648
2313.524414	15868.462891
2310.387695	15475.286133
2307.250000	15374.846680
2304.110352	15235.478516
2300.969727	14937.846680
2297.827148	14839.375000
2294.682617	14667.833984
2291.537109	14580.697266
2288.390625	14338.722656
2285.242188	14132.703125
2282.092773	13976.873047
2278.941406	13715.672852
2275.788086	13549.073242
2272.633789	13369.943359
2269.478516	13370.015625
2266.321289	13082.647461
2263.162109	12959.375977
2260.001953	12642.399414
2256.840820	12696.562500
2253.676758	12379.997070
2250.512695	12262.798828
2247.346680	12014.631836
2244.178711	12141.579102
2241.009766	11742.231445
2237.838867	11495.434570
2234.666992	11458.505859
2231.493164	11238.061523
2228.318359	11116.243164
2225.141602	10953.610352
2221.963867	10806.860352
2218.784180	10790.764648
2215.602539	10509.832031
2212.419922	10379.197266
2209.236328	10144.254883
2206.050781	10053.931641
2202.863281	9926.038086
2199.674805	9797.477539
2196.485352	9831.256836
2193.292969	9517.209961
2190.100586	9439.905273
2186.905273	9417.449219
2183.709961	9137.666992
2180.511719	9141.168945
2177.312500	8936.794922
2174.112305	8772.447266
2170.910156	8687.884766
2167.706055	8627.590820
2164.500977	8473.751953
2161.294922	8431.541016
2158.085938	8210.140625
2154.876953	8126.028320
2151.665039	8069.241211
2148.452148	8053.746094
2145.238281	7834.486816
2142.022461	7690.062988
2138.804688	7650.672852
2135.585938	7534.427734
2132.365234	7388.014160
2129.143555	7316.226074
2125.919922	7215.808105
2122.695313	7113.156738
2119.468750	7032.295410
2116.240234	6922.079102
2113.010742	6781.001465
2109.780273	6675.646973
2106.546875	6560.335938
2103.312500	6514.701172
2100.077148	6468.334473
2096.839844	6243.620117
2093.600586	6175.037598
2090.360352	6206.814453
2087.119141	6068.135742
2083.875000	5999.727539
2080.629883	5886.698730
2077.383789	5880.811523
2074.135742	5804.887207
2070.885742	5590.557617
2067.634766	5571.741211
2064.381836	5512.206543
2061.127930	5441.972168
2057.871094	5364.891602
2054.614258	5337.768555
2051.355469	5149.577637
2048.094727	5108.778320
2044.832031	5048.090332
2041.568359	5037.248535
2038.303711	4925.351563
2035.037109	4934.472656
2031.768555	4754.651367
2028.498047	4696.562012
2025.226563	4615.601563
2021.954102	4580.545410
2018.678711	4485.972656
2015.403320	4439.562500
2012.125000	4358.110840
2008.845703	4290.457520
2005.564453	4254.108887
2002.282227	4130.969727
1998.998047	4071.130615
1995.712891	4005.260498
1992.424805	3966.070068
1989.136719	3894.229492
1985.845703	3810.299805
1982.553711	3761.382813
1979.260742	3719.342529
1975.964844	3659.891846
1972.667969	3626.279785
1969.370117	3521.450928
1966.070313	3486.419922
1962.768555	3396.144043
1959.465820	3386.180908
1956.161133	3327.053955
1952.854492	3282.349121
1949.546875	3232.395996
1946.237305	3229.324219
1942.925781	3159.811523
1939.613281	3125.079346
1936.298828	3022.492188
1932.982422	2934.328125
1929.665039	2878.651611
1926.346680	2892.322998
1923.025391	2892.428955
1919.703125	2821.047852
1916.378906	2752.743408
1913.053711	2796.514893
1909.726563	2778.629395
1906.397461	2669.135010
1903.067383	2626.554443
1899.735352	2615.526611
1896.401367	2567.011719
1893.066406	2523.790039
1889.729492	2464.875977
1886.390625	2403.771729
1883.050781	2369.670898
1879.708984	2340.839111
1876.365234	2289.601807
1873.020508	2303.436035
1869.673828	2207.443604
1866.326172	2252.662109
1862.975586	2182.160156
1859.624023	2157.227539
1856.271484	2096.531494
1852.916016	2087.312500
1849.559570	2022.983521
1846.202148	2055.498291
1842.841797	2001.663574
1839.480469	1973.167969
1836.118164	1917.937500
1832.752930	1902.883545
1829.386719	1814.319946
1826.018555	1819.371704
1822.649414	1822.192017
1819.278320	1783.480835
1815.905273	1765.560547
1812.531250	1723.209229
1809.154297	1649.798218
1805.777344	1661.572388
1802.397461	1614.893433
1799.016602	1574.174805
1795.633789	1603.703491
1792.249023	1574.108887
1788.863281	1493.599365
1785.475586	1493.604492
1782.085938	1451.566528
1778.694336	1444.218750
1775.301758	1430.982666
1771.907227	1439.117554
1768.510742	1363.324219
1765.113281	1355.296143
1761.713867	1331.831665
1758.312500	1326.030884
1754.910156	1319.500732
1751.505859	1276.260010
1748.099609	1249.942505
1744.691406	1238.322510
1741.282227	1228.913208
1737.871094	1203.389282
1734.458008	1199.865601
1731.042969	1139.968750
1727.626953	1129.160889
1724.208984	1154.934814
1720.790039	1101.727051
1717.368164	1123.104004
1713.945313	1048.783325
1710.520508	1062.864502
1707.093750	1054.312744
1703.666016	1018.786133
1700.236328	1013.179382
1696.804688	976.250366
1693.371094	953.921143
1689.936523	944.714478
1686.500000	934.061646
1683.061523	937.960999
1679.622070	904.065491
1676.179688	880.372620
1672.736328	901.716064
1669.291016	861.356934
1665.844727	863.830139
1662.396484	811.205261
1658.945313	826.742554
1655.494141	816.192261
1652.040039	794.794250
1648.584961	761.117798
1645.126953	737.598389
1641.668945	756.745911
1638.208008	746.977356
1634.745117	717.722717
1631.281250	714.477966
1627.815430	688.153442
1624.347656	692.856812
1620.878906	662.965637
1617.408203	663.354736
1613.935547	646.465698
1610.460938	631.032288
1606.984375	589.723755
1603.506836	615.306091
1600.027344	623.619629
1596.545898	603.200745
1593.062500	596.439026
1589.577148	563.858215
1586.090820	570.745789
1582.602539	561.859741
1579.112305	549.400818
1575.620117	533.374512
1572.126953	525.950928
1568.630859	508.521545
1565.133789	529.711914
1561.634766	493.006104
1558.133789	490.615814
1554.631836	512.496338
1551.127930	483.701508
1547.621094	470.622864
1544.114258	458.982574
1540.604492	441.655060
1537.092773	439.296509
1533.580078	438.363434
1530.065430	421.071869
1526.548828	421.570313
1523.030273	412.830933
1519.509766	404.810333
1515.988281	385.440308
1512.463867	406.529816
1508.938477	364.486359
1505.411133	384.147278
1501.882813	381.119324
1498.351563	361.101257
1494.818359	346.764771
1491.284180	338.808533
1487.748047	333.688080
1484.209961	320.093353
1480.669922	316.399780
1477.128906	326.121735
1473.584961	316.078735
1470.040039	298.994049
1466.493164	286.860291
1462.944336	305.734894
1459.393555	306.283539
1455.840820	280.089325
1452.287109	281.353577
1448.730469	279.804321
1445.172852	275.445831
1441.613281	278.114746
1438.051758	263.232025
1434.488281	249.767517
1430.922852	258.756195
1427.356445	244.606583
1423.787109	245.882751
1420.216797	231.053772
1416.644531	234.434753
1413.070313	228.019897
1409.494141	233.496017
1405.916016	229.184189
1402.336914	212.305908
1398.754883	215.687302
1395.171875	198.135330
1391.585938	218.952881
1387.999023	203.507858
1384.410156	199.920547
1380.819336	187.285843
1377.226563	167.009415
1373.632813	198.917358
1370.036133	186.997498
1366.438477	179.258575
1362.837891	165.277542
1359.236328	165.192535
1355.632813	161.638885
1352.027344	165.715912
1348.419922	153.156296
1344.810547	147.536118
1341.199219	149.536972
1337.585938	157.763184
1333.970703	159.064972
1330.354492	145.158279
1326.735352	147.155945
1323.115234	131.198059
1319.493164	144.243286
1315.869141	147.617722
1312.242188	142.025803
1308.614258	127.481445
1304.984375	121.216858
1301.353516	134.921585
1297.719727	116.275169
1294.083984	124.466843
1290.446289	115.467323
1286.807617	115.407417
1283.166016	114.660919
1279.523438	107.739021
1275.877930	107.683052
1272.231445	115.167831
1268.582031	102.089790
1264.931641	95.873390
1261.279297	108.828110
1257.625000	93.037216
1253.968750	90.253784
1250.310547	99.774139
1246.650391	92.891838
1242.988281	87.382004
1239.324219	91.430305
1235.658203	84.562973
1231.990234	87.245224
1228.320313	88.562126
1224.648438	90.558502
1220.975586	83.705788
1217.299805	80.941277
1213.622070	76.140144
1209.943359	79.497604
1206.261719	76.060394
1202.578125	72.626747
1198.893555	71.231865
1195.206055	64.414063
1191.517578	70.479431
1187.826172	67.055763
1184.133789	67.020531
1180.438477	62.925587
1176.742188	64.245026
1173.042969	61.507591
1169.342773	75.661804
1165.639648	54.690880
1161.935547	58.036266
1158.228516	55.307739
1154.520508	60.671604
1150.809570	57.944500
1147.097656	57.913914
1143.382813	48.460461
1139.666992	47.089447
1135.948242	55.132763
1132.227539	49.727646
1128.505859	47.686417
1124.781250	42.962185
1121.055664	44.952221
1117.327148	47.610695
1113.596680	47.585457
1109.865234	42.871185
1106.130859	41.509426
1102.394531	43.494843
1098.657227	40.127762
1094.916992	38.769562
1091.174805	39.417034
1087.430664	45.405640
1083.684570	44.046730
1079.936523	40.688187
1076.186523	41.333179
1072.434570	39.312225
1068.680664	34.629589
1064.924805	36.607914
1061.166992	37.918865
1057.406250	34.574181
1053.644531	37.213844
1049.880859	31.880533
1046.114258	30.535841
1042.346680	38.481117
1038.576172	24.535160
1034.803711	33.137867
1031.030273	26.496092
1027.253906	29.130077
1023.475586	31.761225
1019.695313	34.389534
1015.913086	30.405180
1012.128906	27.746342
1008.342773	23.109528
1004.553711	23.757021
