4046.277344	249.464203
4043.892578	213.826447
4041.505859	232.601776
4039.119141	249.267532
4036.731445	234.512192
4034.342773	234.419647
4031.952148	242.695923
4029.561523	234.234558
4027.169922	252.957001
4024.777344	263.305664
4022.383789	248.579239
4019.989258	269.361664
4017.593750	253.600723
4015.197266	254.543549
4012.799805	270.084747
4010.401367	273.104919
4008.001953	258.409088
4005.601563	280.179382
4003.201172	279.027130
4000.798828	274.753510
3998.395508	276.725098
3995.991211	284.934479
3993.585938	285.860840
3991.180664	288.864502
3988.773438	302.252380
3986.365234	296.940918
3983.957031	296.822815
3981.546875	293.592438
3979.135742	310.067841
3976.724609	333.786255
3974.311523	306.712372
3971.898438	310.733246
3969.483398	307.503296
3967.068359	320.835052
3964.651367	315.534393
3962.234375	325.749756
3959.815430	311.147736
3957.396484	326.523010
3954.975586	313.997925
3952.554688	355.171448
3950.131836	355.029480
3947.708984	321.874695
3945.284180	388.776367
3942.859375	369.035126
3940.432617	358.583282
3938.005859	355.349701
3935.577148	367.562378
3933.148438	375.648468
3930.718750	381.670471
3928.287109	387.687500
3925.855469	399.867218
3923.421875	389.431519
3920.988281	424.196991
3918.552734	409.652863
3916.117188	384.857422
3913.680664	381.625153
3911.242188	382.497192
3908.803711	404.894470
3906.363281	424.199707
3903.922852	430.174377
3901.480469	434.096466
3899.038086	415.500458
3896.593750	429.654938
3894.149414	433.572113
3891.703125	421.131378
3889.256836	439.353088
3886.808594	449.389282
3884.360352	463.500946
3881.910156	485.765198
3879.459961	446.805145
3877.007813	460.900360
3874.555664	489.253937
3872.101563	510.452423
3869.646484	506.172211
3867.191406	513.093811
3864.734375	487.445465
3862.277344	505.558136
3859.818359	492.134979
3857.358398	473.640533
3854.897461	522.215942
3852.436523	532.160034
3849.973633	532.959473
3847.509766	551.008850
3845.044922	559.914368
3842.579102	520.144043
3840.113281	557.432983
3837.645508	543.023193
3835.176758	579.259521
3832.707031	564.852234
3830.236328	583.848206
3827.764648	581.587891
3825.291992	583.373474
3822.818359	579.093628
3820.343750	626.338440
3817.868164	608.916687
3815.390625	623.809753
3812.913086	631.627563
3810.434570	644.481689
3807.955078	660.349670
3805.473633	673.181274
3802.992188	674.921448
3800.509766	660.548950
3798.025391	664.305481
3795.541016	725.407166
3793.054688	675.831543
3790.568359	722.804138
3788.080078	710.450195
3785.591797	706.141968
3783.101563	725.934387
3780.610352	753.739624
3778.119141	753.431213
3775.625977	767.162476
3773.131836	762.838745
3770.636719	781.564453
3768.140625	775.234680
3765.643555	776.919373
3763.145508	814.630371
3760.646484	815.296692
3758.146484	849.960693
3755.645508	840.616089
3753.143555	853.259827
3750.639648	845.918457
3748.135742	840.579529
3745.630859	825.265686
3743.124023	854.851379
3740.617188	905.351257
3738.108398	864.115417
3735.599609	928.517151
3733.088867	923.155884
3730.577148	932.730408
3728.064453	954.237183
3725.551758	954.838867
3723.037109	980.295166
3720.521484	949.083313
3718.004883	969.553467
3715.487305	988.020447
3712.967773	961.806030
3710.448242	1003.080322
3707.927734	1003.658142
3705.406250	1006.217957
3702.882813	1025.621216
3700.359375	1019.254517
3697.833984	1053.487671
3695.308594	1017.422729
3692.781250	1073.392334
3690.252930	1068.004028
3687.723633	1088.320435
3685.193359	1060.204102
3682.662109	1118.037598
3680.129883	1108.689453
3677.596680	1129.941040
3675.062500	1142.296753
3672.527344	1149.711670
3669.990234	1169.933228
3667.453125	1192.108154
3664.915039	1181.765747
3662.375000	1182.260010
3659.833984	1204.401123
3657.292969	1227.507202
3654.750000	1238.795654
3652.206055	1285.453735
3649.661133	1288.849243
3647.115234	1299.115112
3644.568359	1287.778198
3642.019531	1287.242798
3639.470703	1276.900269
3636.920898	1333.227295
3634.369141	1337.572021
3631.817383	1307.630371
3629.263672	1400.099487
3626.708984	1397.559082
3624.153320	1425.346924
3621.596680	1408.129150
3619.039063	1430.023804
3616.480469	1413.794800
3613.920898	1487.430176
3611.360352	1500.477051
3608.797852	1498.875000
3606.235352	1529.463013
3603.670898	1540.524536
3601.105469	1596.408569
3598.540039	1619.122437
3595.972656	1621.367310
3593.404297	1636.263794
3590.834961	1639.471558
3588.264648	1612.526489
3585.692383	1711.012939
3583.120117	1694.748779
3580.545898	1738.721680
3577.971680	1777.802612
3575.395508	1770.264282
3572.818359	1821.909912
3570.240234	1808.540039
3567.661133	1830.076416
3565.081055	1870.972534
3562.500000	1928.298340
3559.917969	1882.956909
3557.333984	1966.356323
3554.750000	1968.432861
3552.164063	1970.507202
3549.577148	1983.210449
3546.989258	2015.223877
3544.400391	2053.003662
3541.810547	2055.036621
3539.219727	2121.712646
3536.626953	2111.176025
3534.034180	2145.957520
3531.439453	2220.218506
3528.844727	2203.872314
3526.248047	2225.089844
3523.650391	2280.935547
3521.051758	2283.822998
3518.451172	2307.862793
3515.850586	2325.153320
3513.249023	2372.213135
3510.645508	2410.589111
3508.041016	2439.332275
3505.436523	2510.272217
3502.830078	2497.702881
3500.222656	2563.762939
3497.613281	2599.098633
3495.003906	2610.454590
3492.393555	2592.115967
3489.781250	2630.264404
3487.167969	2619.585205
3484.553711	2736.108643
3481.938477	2737.819580
3479.322266	2800.682617
3476.705078	2807.138916
3474.086914	2847.959229
3471.466797	2882.063965
3468.845703	2896.106445
3466.224609	2902.508301
3463.601563	2938.450195
3460.977539	2950.543213
3458.351563	3010.240234
3455.725586	3121.288818
3453.098633	3129.480225
3450.469727	3125.299561
3447.839844	3157.248047
3445.208984	3220.527832
3442.577148	3252.406738
3439.944336	3281.409424
3437.310547	3324.622559
3434.674805	3353.567871
3432.039063	3416.625488
3429.401367	3453.088379
3426.762695	3491.414063
3424.123047	3494.664551
3421.481445	3585.951172
3418.839844	3663.911133
3416.197266	3633.976318
3413.552734	3705.229492
3410.907227	3754.684570
3408.260742	3806.930664
3405.613281	3884.625732
3402.963867	3882.970459
3400.314453	3920.940186
3397.663086	3975.851074
3395.011719	4014.689209
3392.358398	4094.009033
3389.704102	4090.378906
3387.047852	4171.479492
3384.391602	4261.919434
3381.733398	4374.856445
3379.075195	4318.455566
3376.415039	4426.570313
3373.753906	4517.681641
3371.090820	4520.446289
3368.427734	4525.083984
3365.762695	4630.106445
3363.097656	4715.343262
3360.430664	4712.388672
3357.762695	4786.270508
3355.092773	4832.925781
3352.422852	4917.924805
3349.750977	5015.014648
3347.079102	5079.281250
3344.405273	5179.956055
3341.729492	5149.698242
3339.053711	5217.556641
3336.376953	5292.825684
3333.698242	5377.363281
3331.018555	5479.553223
3328.337891	5526.630371
3325.656250	5656.632324
3322.973633	5694.271973
3320.289063	5790.556152
3317.604492	5769.449219
3314.917969	5974.496094
3312.230469	6009.137207
3309.541016	6157.183594
3306.851563	6149.889648
3304.160156	6228.068848
3301.467773	6265.320801
3298.774414	6326.671875
3296.080078	6471.471191
3293.384766	6497.435547
3290.687500	6538.208008
3287.990234	6674.384277
3285.291016	6690.033691
3282.589844	6777.881348
3279.888672	6820.305664
3277.186523	6936.693359
3274.482422	7174.103027
3271.777344	7172.857910
3269.071289	7246.440918
3266.364258	7383.674316
3263.655273	7377.719238
3260.945313	7538.761719
3258.234375	7646.173828
3255.522461	7674.213867
3252.809570	7791.606445
3250.095703	8020.339844
3247.379883	7955.191406
3244.663086	8164.326660
3241.945313	8192.071289
3239.226563	8194.044922
3236.505859	8292.514648
3233.784180	8433.153320
3231.061523	8406.547852
3228.337891	8547.010742
3225.613281	8619.458984
3222.886719	8714.767578
3220.160156	8852.157227
3217.431641	9069.140625
3214.702148	9221.822266
3211.970703	9196.769531
3209.239258	9362.069336
3206.505859	9469.598633
3203.771484	9566.975586
3201.035156	9598.465820
3198.298828	9691.128906
3195.560547	9884.148438
3192.821289	9920.927734
3190.081055	10047.076172
3187.339844	10233.297852
3184.596680	10256.196289
3181.853516	10521.425781
3179.108398	10535.976563
3176.361328	10637.901367
3173.614258	10770.671875
3170.865234	10797.819336
3168.115234	10928.580078
3165.364258	11049.228516
3162.612305	11022.618164
3159.858398	11264.777344
3157.104492	11342.458008
3154.347656	11397.387695
3151.590820	11591.907227
3148.833008	11734.590820
3146.073242	11966.836914
3143.312500	12071.191406
3140.550781	12139.246094
3137.787109	12273.285156
3135.023438	12345.706055
3132.257813	12545.523438
3129.491211	12388.242188
3126.722656	12775.723633
3123.954102	12751.184570
3121.183594	12897.218750
3118.412109	13177.521484
3115.638672	13314.217773
3112.865234	13308.397461
3110.089844	13367.437500
3107.313477	13654.233398
3104.536133	13728.364258
3101.756836	13833.913086
3098.976563	14037.384766
3096.195313	14184.045898
3093.413086	14279.362305
3090.628906	14390.755859
3087.844727	14607.076172
3085.058594	14684.123047
3082.270508	15162.010742
3079.482422	15200.189453
3076.692383	15451.603516
3073.901367	15433.181641
3071.109375	15606.371094
3068.315430	15842.944336
3065.520508	15886.979492
3062.724609	16035.585938
3059.927734	16209.975586
3057.128906	16591.466797
3054.329102	16515.419922
3051.528320	16676.859375
3048.726563	16831.908203
3045.922852	17166.062500
3043.118164	17271.722656
3040.312500	17488.660156
3037.505859	17561.121094
3034.697266	17607.697266
3031.887695	17991.472656
3029.077148	18044.923828
3026.264648	18188.117188
3023.452148	18295.630859
3020.637695	18611.787109
3017.821289	18772.281250
3015.004883	18892.693359
3012.186523	19074.201172
3009.367188	19209.437500
3006.545898	19590.052734
3003.724609	19780.742188
3000.901367	19643.613281
2998.077148	19973.064453
2995.250977	20134.119141
2992.423828	20376.384766
2989.595703	20458.433594
2986.766602	20695.912109
2983.935547	20806.880859
2981.104492	21064.289063
2978.270508	21235.869141
2975.436523	21206.193359
2972.600586	21414.574219
2969.763672	21554.029297
2966.925781	21624.648438
2964.085938	21868.648438
2961.245117	22303.398438
2958.403320	22433.392578
2955.560547	22805.064453
2952.715820	22661.371094
2949.870117	22911.367188
2947.023438	23176.062500
2944.174805	23186.855469
2941.325195	23193.244141
2938.474609	23491.642578
2935.622070	23852.882813
2932.768555	23959.705078
2929.914063	23936.810547
2927.058594	24174.796875
2924.201172	24290.937500
2921.342773	24559.152344
2918.483398	24706.478516
2915.622070	24911.337891
2912.759766	25179.769531
2909.896484	25306.521484
2907.032227	25230.691406
2904.166016	25812.623047
2901.298828	25958.082031
2898.429688	25960.478516
2895.559570	26203.291016
2892.688477	26414.535156
2889.816406	26668.228516
2886.942383	26862.533203
2884.067383	27014.916016
2881.191406	27022.869141
2878.314453	27377.458984
2875.435547	27531.988281
2872.554688	27846.089844
2869.673828	27929.978516
2866.791016	28582.697266
2863.907227	28379.236328
2861.021484	28546.796875
2858.134766	29018.195313
2855.247070	29026.882813
2852.358398	29284.761719
2849.467773	29437.746094
2846.576172	29788.564453
2843.682617	29937.712891
2840.789063	30162.730469
2837.893555	30389.265625
2834.996094	30473.193359
2832.097656	30742.498047
2829.198242	31044.316406
2826.297852	31091.613281
2823.395508	31504.113281
2820.492188	31411.652344
2817.587891	31679.886719
2814.681641	31530.630859
2811.774414	31853.587891
2808.866211	31809.228516
2805.956055	32231.412109
2803.044922	32525.253906
2800.131836	32646.289063
2797.218750	32873.593750
2794.303711	32971.191406
2791.386719	33285.562500
2788.468750	33214.070313
2785.549805	33325.914063
2782.629883	33728.703125
2779.708008	33552.683594
2776.785156	34148.285156
2773.860352	34581.765625
2770.935547	34369.679688
2768.007813	34374.726563
2765.080078	34426.710938
2762.150391	34537.523438
2759.219727	34902.414063
2756.287109	34839.816406
2753.353516	35127.519531
2750.418945	35031.632813
2747.482422	35176.777344
2744.544922	35125.187500
2741.606445	35685.273438
2738.666016	35670.039063
2735.724609	35687.957031
2732.782227	35533.390625
2729.837891	35952.128906
2726.892578	35823.023438
2723.945313	36120.761719
2720.997070	35975.562500
2718.047852	36271.246094
2715.097656	36161.671875
2712.145508	36184.296875
2709.191406	36371.101563
2706.237305	36327.589844
2703.281250	36218.992188
2700.323242	36361.539063
2697.364258	36345.093750
2694.404297	36535.574219
2691.443359	36535.082031
2688.480469	36438.390625
2685.515625	36481.777344
2682.550781	36356.511719
2679.583984	36687.218750
2676.615234	36533.312500
2673.646484	36357.644531
2670.674805	36395.023438
2667.703125	36215.347656
2664.729492	36326.722656
2661.754883	36303.523438
2658.778320	36199.699219
2655.800781	36153.890625
2652.821289	35907.535156
2649.840820	36006.156250
2646.859375	35710.605469
2643.876953	35684.328125
2640.892578	35689.062500
2637.906250	35975.953125
2634.918945	35868.375000
2631.930664	35630.382813
2628.941406	35652.648438
2625.950195	35056.394531
2622.957031	35388.812500
2619.963867	35404.437500
2616.967773	35277.316406
2613.971680	35123.601563
2610.973633	34898.300781
2607.974609	34479.820313
2604.973633	34547.421875
2601.971680	34465.890625
2598.967773	34360.285156
2595.962891	33985.199219
2592.957031	33738.511719
2589.949219	33913.476563
2586.940430	33500.855469
2583.929688	33405.839844
2580.917969	33351.574219
2577.905273	33148.000000
2574.890625	33083.101563
2571.875000	32887.273438
2568.857422	32984.105469
2565.838867	32426.558594
2562.819336	32549.980469
2559.797852	31937.681641
2556.775391	31976.832031
2553.750977	31818.359375
2550.725586	31303.054688
2547.698242	31164.011719
2544.669922	31004.445313
2541.640625	30931.658203
2538.609375	30717.888672
2535.577148	30569.433594
2532.542969	30399.679688
2529.507813	30135.351563
2526.471680	29895.953125
2523.433594	29644.419922
2520.393555	29292.759766
2517.353516	28989.099609
2514.310547	29260.949219
2511.267578	28743.998047
2508.222656	28836.708984
2505.175781	28340.103516
2502.127930	28218.806641
2499.079102	27868.044922
2496.028320	27645.437500
2492.976563	27246.093750
2489.922852	26942.904297
2486.868164	26742.281250
2483.812500	26651.445313
2480.754883	26379.990234
2477.695313	26161.080078
2474.634766	25873.746094
2471.573242	25561.355469
2468.509766	25547.945313
2465.445313	25149.505859
2462.378906	24947.931641
2459.311523	24634.064453
2456.242188	24418.232422
2453.171875	24121.167969
2450.100586	23726.705078
2447.027344	23663.689453
2443.953125	23386.875000
2440.876953	23079.423828
2437.799805	22807.992188
2434.720703	22576.591797
2431.640625	22407.892578
2428.558594	22285.582031
2425.475586	21972.013672
2422.390625	21717.082031
2419.304688	21518.277344
2416.217773	21246.773438
2413.128906	20968.228516
2410.038086	20712.587891
2406.946289	20636.687500
2403.853516	20193.910156
2400.758789	20161.125000
2397.663086	19714.925781
2394.565430	19542.748047
2391.466797	19370.722656
2388.366211	19148.855469
2385.264648	18769.212891
2382.161133	18770.974609
2379.056641	18374.130859
2375.950195	18182.087891
2372.842773	18045.726563
2369.734375	17763.134766
2366.624023	17684.953125
2363.511719	17351.365234
2360.398438	17326.433594
2357.284180	17014.980469
2354.167969	16954.917969
2351.049805	16791.460938
2347.930664	16368.462891
2344.810547	16146.937500
2341.688477	16092.171875
2338.564453	15790.130859
2335.439453	15716.372070
2332.313477	15454.758789
2329.185547	15500.305664
2326.056641	15046.491211
2322.925781	15075.406250
2319.792969	14860.851563
2316.660156	14601.815430
2313.524414	14358.167969
2310.387695	14236.689453
2307.250000	14124.082031
2304.110352	13890.539063
2300.969727	13655.618164
2297.827148	13469.439453
2294.682617	13479.043945
2291.537109	13129.383789
2288.390625	13106.557617
2285.242188	12885.232422
2282.092773	12684.746094
2278.941406	12643.107422
2275.788086	12407.230469
2272.633789	12307.893555
2269.478516	12115.957031
2266.321289	11970.915039
2263.162109	11733.403320
2260.001953	11500.066406
2256.840820	11335.736328
2253.676758	11330.416016
2250.512695	11081.784180
2247.346680	10892.602539
2244.178711	10851.181641
2241.009766	10769.563477
2237.838867	10610.746094
2234.666992	10365.379883
2231.493164	10262.825195
2228.318359	10114.694336
2225.141602	10083.176758
2221.963867	9832.212891
2218.784180	9686.841797
2215.602539	9517.241211
2212.419922	9451.487305
2209.236328	9366.947266
2206.050781	9131.804688
2202.863281	9106.320313
2199.674805	8938.160156
2196.485352	8856.359375
2193.292969	8719.017578
2190.100586	8681.236328
2186.905273	8605.141602
2183.709961	8297.583984
2180.511719	8328.064453
2177.312500	8177.214355
2174.112305	8075.712891
2170.910156	7951.663086
2167.706055	7813.681641
2164.500977	7601.729492
2161.294922	7598.911621
2158.085938	7536.871094
2154.876953	7406.345703
2151.665039	7339.000000
2148.452148	7178.338867
2145.238281	7180.381348
2142.022461	6979.517578
2138.804688	6944.349609
2135.585938	6823.002441
2132.365234	6743.687988
2129.143555	6693.932129
2125.919922	6614.749023
2122.695313	6403.856445
2119.468750	6341.928223
2116.240234	6186.347168
2113.010742	6105.223633
2109.780273	6054.350586
2106.546875	5981.096191
2103.312500	5955.061035
2100.077148	5896.599121
2096.839844	5788.766602
2093.600586	5690.296875
2090.360352	5537.913574
2087.119141	5493.633301
2083.875000	5361.524414
2080.629883	5404.422363
2077.383789	5283.258789
2074.135742	5175.292969
2070.885742	5091.276855
2067.634766	5142.672852
2064.381836	5099.482910
2061.127930	4911.909668
2057.871094	4808.976074
2054.614258	4780.583984
2051.355469	4630.247070
2048.094727	4600.430664
2044.832031	4597.463867
2041.568359	4523.259277
2038.303711	4498.891113
2035.037109	4394.190430
2031.768555	4311.770996
2028.498047	4253.129395
2025.226563	4137.993652
2021.954102	4149.758789
2018.678711	3998.897949
2015.403320	4002.321289
2012.125000	3973.706299
2008.845703	3886.416748
2005.564453	3831.212402
2002.282227	3725.793701
1998.998047	3675.284180
1995.712891	3605.799805
1992.424805	3597.221680
1989.136719	3511.875732
1985.845703	3476.756104
1982.553711	3452.300781
1979.260742	3358.794189
1975.964844	3323.794678
1972.667969	3249.395264
1969.370117	3264.504883
1966.070313	3175.808838
1962.768555	3149.289551
1959.465820	3069.057617
1956.161133	2969.232910
1952.854492	2970.068604
1949.546875	2916.487305
1946.237305	2841.050049
1942.925781	2807.211182
1939.613281	2839.814941
1936.298828	2738.120117
1932.982422	2683.266602
1929.665039	2689.504639
1926.346680	2680.671143
1923.025391	2596.561035
1919.703125	2624.650635
1916.378906	2511.314209
1913.053711	2492.807373
1909.726563	2497.610596
1906.397461	2423.550537
1903.067383	2383.341064
1899.735352	2359.676270
1896.401367	2301.536377
1893.066406	2245.700928
1889.729492	2222.134521
1886.390625	2222.552734
1883.050781	2136.146729
1879.708984	2114.909424
1876.365234	2081.728027
1873.020508	2032.883057
1869.673828	2062.521973
1866.326172	2030.905151
1862.975586	1937.376099
1859.624023	1916.292480
1856.271484	1926.542358
1852.916016	1906.973389
1849.559570	1849.435913
1846.202148	1834.388916
1842.841797	1800.009033
1839.480469	1787.974365
1836.118164	1736.551270
1832.752930	1753.535767
1829.386719	1700.692871
1826.018555	1652.354736
1822.649414	1642.643799
1819.278320	1598.087769
1815.905273	1611.389038
1812.531250	1566.149780
1809.154297	1549.832886
1805.777344	1489.864258
1802.397461	1453.626099
1799.016602	1434.428833
1795.633789	1495.065552
1792.249023	1441.148071
1788.863281	1403.525635
1785.475586	1311.331543
1782.085938	1340.928833
1778.694336	1317.416504
1775.301758	1304.979614
1771.907227	1279.297363
1768.510742	1300.752686
1765.113281	1272.889404
1761.713867	1245.052979
1758.312500	1223.858887
1754.910156	1192.399536
1751.505859	1141.878174
1748.099609	1135.443970
1744.691406	1143.687744
1741.282227	1134.325073
1737.871094	1077.333862
1734.458008	1054.826904
1731.042969	1050.645508
1727.626953	1042.077148
1724.208984	1030.591064
1720.790039	1024.233276
1717.368164	990.845154
1713.945313	998.389160
1710.520508	997.895386
1707.093750	936.842590
1703.666016	925.439941
1700.236328	933.728638
1696.804688	920.880920
1693.371094	908.773743
1689.936523	871.204346
1686.500000	865.680176
1683.061523	850.708801
1679.622070	838.658875
1676.179688	832.431519
1672.736328	819.675903
1669.291016	807.658203
1665.844727	792.750916
1662.396484	759.009705
1658.945313	749.937378
1655.494141	730.734680
1652.040039	712.998474
1648.584961	714.090576
1645.126953	706.503601
1641.668945	704.706055
1638.208008	681.959961
1634.745117	651.293640
1631.281250	674.063049
1627.815430	633.332031
1624.347656	603.455933
1620.878906	642.067810
1617.408203	605.014099
1613.935547	611.190857
1610.460938	592.177429
1606.984375	550.169128
1603.506836	586.553467
1600.027344	551.055603
1596.545898	523.492065
1593.062500	540.455566
1589.577148	535.880554
1586.090820	510.516327
1582.602539	514.560303
1579.112305	489.231750
1575.620117	499.009430
1572.126953	494.465454
1568.630859	494.217133
1565.133789	480.386505
1561.634766	434.416962
1558.133789	457.765259
1554.631836	444.686920
1551.127930	448.030304
1547.621094	418.569122
1544.114258	412.656708
1540.604492	406.037720
1537.092773	407.257080
1533.580078	396.377319
1530.065430	411.114075
1526.548828	382.470215
1523.030273	386.540466
1519.509766	370.010864
1515.988281	357.756744
1512.463867	338.420105
1508.938477	353.849609
1505.411133	348.000580
1501.882813	332.239716
1498.351563	327.823303
1494.818359	316.334381
1491.284180	321.832733
1487.748047	324.497528
1484.209961	313.027283
1480.669922	326.287262
1477.128906	303.533203
1473.584961	292.090607
1470.040039	292.647491
1466.493164	269.239868
1462.944336	278.965485
1459.393555	266.149841
1455.840820	259.680817
1452.287109	253.921600
1448.730469	257.307495
1445.172852	255.771118
1441.613281	247.213104
1438.051758	228.836365
1434.488281	232.929260
1430.922852	230.706741
1427.356445	238.298676
1423.787109	236.075470
1420.216797	224.752304
1416.644531	224.637466
1413.070313	211.932602
1409.494141	208.328781
1405.916016	197.042496
1402.336914	213.702652
1398.754883	201.028931
1395.171875	189.065765
1391.585938	205.704132
1387.999023	197.235352
1384.410156	178.326340
1380.819336	172.665024
1377.226563	173.968140
1373.632813	175.269836
1370.036133	161.276642
1366.438477	164.667770
1362.837891	181.944199
1359.236328	159.639847
1355.632813	165.107529
1352.027344	149.074982
1348.419922	148.998199
1344.810547	151.692062
1341.199219	154.383087
1337.585938	141.156540
1333.970703	135.551025
1330.354492	141.010895
1326.735352	124.357140
1323.115234	127.745483
1319.493164	122.848351
1315.869141	127.613449
1312.242188	116.516312
1308.614258	125.414177
1304.984375	122.594322
1301.353516	110.140068
1297.719727	119.027245
1294.083984	120.340866
1290.446289	124.402290
1286.807617	107.164024
1283.166016	108.481590
1279.523438	109.111488
1275.877930	109.054810
1272.231445	93.231102
1268.582031	93.182625
1264.931641	95.873390
1261.279297	91.716774
1257.625000	95.773605
1253.968750	84.100121
1250.310547	84.739677
1246.650391	82.646416
1242.988281	77.824600
1239.324219	86.654091
1235.658203	79.107300
1231.990234	86.563614
1228.320313	72.212196
1224.648438	77.621574
1220.975586	72.817230
1217.299805	73.459305
1213.622070	69.341919
1209.943359	72.023468
1206.261719	65.194626
1202.578125	65.160446
1198.893555	65.126274
1195.206055	63.736019
1191.517578	67.090996
1187.826172	59.605122
1184.133789	58.896832
1180.438477	58.189255
1176.742188	58.158653
1173.042969	55.424423
1169.342773	57.421906
1165.639648	60.092449
1161.935547	49.263344
1158.228516	64.750519
1154.520508	58.649216
1150.809570	59.292046
1147.097656	49.832901
1143.382813	45.768215
1139.666992	53.143803
1135.948242	50.426308
1132.227539	45.695675
1128.505859	49.029697
1124.781250	59.744289
1121.055664	46.294075
1117.327148	38.893246
1113.596680	43.564152
1109.865234	42.201324
1106.130859	46.865479
1102.394531	46.840599
1098.657227	38.790173
1094.916992	40.106441
1091.174805	45.429802
1087.430664	33.386501
1083.684570	39.375107
1079.936523	38.020107
1076.186523	31.333216
1072.434570	37.979607
1068.680664	35.961498
1064.924805	32.614323
1061.166992	35.257893
1057.406250	33.244404
1053.644531	29.239449
1049.880859	30.552177
1046.114258	35.182598
1042.346680	31.182974
1038.576172	28.513834
1034.803711	27.835808
1031.030273	29.808102
1027.253906	25.157795
1023.475586	30.437841
1019.695313	28.437498
1015.913086	24.456341
1012.128906	30.388851
1008.342773	27.071161
1004.553711	25.076857
