4046.277344	238.982513
4043.892578	232.693497
4041.505859	236.792801
4039.119141	236.699417
4036.731445	253.356918
4034.342773	240.698746
4031.952148	256.295258
4029.561523	248.874207
4027.169922	256.092834
4024.777344	249.722427
4022.383789	259.023743
4019.989258	268.317627
4017.593750	255.687973
4015.197266	244.111435
4012.799805	258.613953
4010.401367	271.020142
4008.001953	271.954712
4005.601563	276.013153
4003.201172	292.562012
4000.798828	295.568146
3998.395508	286.087982
3995.991211	298.453278
3993.585938	295.216278
3991.180664	321.076019
3988.773438	302.252380
3986.365234	289.673157
3983.957031	321.731049
3981.546875	312.266174
3979.135742	313.178894
3976.724609	340.005890
3974.311523	310.857117
3971.898438	329.377258
3969.483398	343.741058
3967.068359	331.184601
3964.651367	364.157715
3962.234375	340.227509
3959.815430	347.327698
3957.396484	363.721832
3954.975586	356.346313
3952.554688	362.398773
3950.131836	359.157715
3947.708984	380.678741
3945.284180	362.995422
3942.859375	375.220062
3940.432617	387.434814
3938.005859	392.429657
3935.577148	387.124512
3933.148438	418.873779
3930.718750	402.245697
3928.287109	406.197784
3925.855469	396.783417
3923.421875	427.449890
3920.988281	419.061432
3918.552734	422.999939
3916.117188	411.540863
3913.680664	422.660095
3911.242188	437.872131
3908.803711	444.871399
3906.363281	433.421448
3903.922852	453.731537
3901.480469	445.358398
3899.038086	457.459869
3896.593750	449.091705
3894.149414	467.317108
3891.703125	475.306030
3889.256836	456.722870
3886.808594	470.837402
3884.360352	469.626495
3881.910156	488.826721
3879.459961	498.830383
3877.007813	507.806152
3874.555664	514.735901
3872.101563	506.376953
3869.646484	505.153778
3867.191406	514.111877
3864.734375	510.850983
3862.277344	522.850891
3859.818359	535.857727
3857.358398	524.460327
3854.897461	525.263855
3852.436523	563.642761
3849.973633	525.853333
3847.509766	562.171082
3845.044922	579.186768
3842.579102	599.230286
3840.113281	566.554565
3837.645508	608.874878
3835.176758	591.411804
3832.707031	579.024170
3830.236328	599.026245
3827.764648	631.149292
3825.291992	632.914734
3822.818359	642.763611
3820.343750	631.389587
3817.868164	688.691833
3815.390625	682.354980
3812.913086	684.095032
3810.434570	649.524597
3807.955078	677.488525
3805.473633	693.336426
3802.992188	719.244629
3800.509766	734.055176
3798.025391	766.970886
3795.541016	736.474426
3793.054688	709.019714
3790.568359	735.872925
3788.080078	776.772278
3785.591797	754.356445
3783.101563	810.275330
3780.610352	799.907410
3778.119141	818.641663
3775.625977	813.292480
3773.131836	814.964355
3770.636719	807.616577
3768.140625	817.301697
3765.643555	852.008240
3763.145508	817.632690
3760.646484	875.318542
3758.146484	868.959839
3755.645508	869.602844
3753.143555	882.234680
3750.639648	899.849548
3748.135742	905.469910
3745.630859	898.112610
3743.124023	951.608215
3740.617188	983.123718
3738.108398	944.845947
3735.599609	955.416260
3733.088867	962.989990
3730.577148	936.712158
3728.064453	1029.859741
3725.551758	1003.575439
3723.037109	1027.023193
3720.521484	1027.593872
3718.004883	1038.097656
3715.487305	1079.375122
3712.967773	1057.093384
3710.448242	1052.688599
3707.927734	1106.800903
3705.406250	1089.491089
3702.882813	1112.823853
3700.359375	1055.904053
3697.833984	1087.151733
3695.308594	1134.208618
3692.781250	1150.557861
3690.252930	1167.882202
3687.723633	1157.514282
3685.193359	1219.284180
3682.662109	1196.063232
3680.129883	1214.325928
3677.596680	1199.020386
3675.062500	1210.361084
3672.527344	1187.180908
3669.990234	1258.639282
3667.453125	1255.161865
3664.915039	1305.851196
3662.375000	1322.044189
3659.833984	1327.399658
3657.292969	1330.782959
3654.750000	1341.045410
3652.206055	1351.298828
3649.661133	1368.419922
3647.115234	1363.923584
3644.568359	1340.781250
3642.019531	1364.752075
3639.470703	1420.085693
3636.920898	1490.077515
3634.369141	1437.522461
3631.817383	1454.555176
3629.263672	1445.137695
3626.708984	1504.235474
3624.153320	1510.456787
3621.596680	1556.765015
3619.039063	1549.273926
3616.480469	1593.572388
3613.920898	1599.744385
3611.360352	1592.243286
3608.797852	1634.515503
3606.235352	1650.415405
3603.670898	1687.751953
3601.105469	1711.412354
3598.540039	1700.955322
3595.972656	1741.143921
3593.404297	1753.070190
3590.834961	1800.013306
3588.264648	1828.437744
3585.692383	1856.837891
3583.120117	1860.919678
3580.545898	1809.630493
3577.971680	1865.187744
3575.395508	1918.756836
3572.818359	1973.250732
3570.240234	1928.786133
3567.661133	1990.983643
3565.081055	2051.190430
3562.500000	2044.519287
3559.917969	2011.714355
3557.333984	2114.413574
3554.750000	2114.493408
3552.164063	2103.937012
3549.577148	2166.841064
3546.989258	2160.134521
3544.400391	2246.136719
3541.810547	2254.845459
3539.219727	2252.932617
3536.626953	2295.385498
3534.034180	2295.384033
3531.439453	2332.963867
3528.844727	2279.004395
3526.248047	2390.695801
3523.650391	2432.998047
3521.051758	2405.036865
3518.451172	2460.758789
3515.850586	2456.838135
3513.249023	2485.587402
3510.645508	2536.400879
3508.041016	2547.811035
3505.436523	2518.908447
3502.830078	2598.416748
3500.222656	2633.753418
3497.613281	2693.977295
3495.003906	2732.116211
3492.393555	2727.132080
3489.781250	2701.093750
3487.167969	2775.535645
3484.553711	2829.830566
3481.938477	2856.356445
3479.322266	2879.036865
3476.705078	2924.620361
3474.086914	2958.708008
3471.466797	2955.547119
3468.845703	3061.135010
3466.224609	3075.094971
3463.601563	3129.072998
3460.977539	3231.592529
3458.351563	3215.938477
3455.725586	3220.286621
3453.098633	3269.350586
3450.469727	3287.937012
3447.839844	3329.323242
3445.208984	3404.883789
3442.577148	3444.283691
3439.944336	3515.931396
3437.310547	3528.674561
3434.674805	3573.660645
3432.039063	3619.555908
3429.401367	3697.638672
3426.762695	3716.910889
3424.123047	3810.036865
3421.481445	3854.802734
3418.839844	3891.959473
3416.197266	3873.277832
3413.552734	4050.319824
3410.907227	4043.870117
3408.260742	4130.000000
3405.613281	4173.564941
3402.963867	4181.225098
3400.314453	4184.160156
3397.663086	4281.395508
3395.011719	4372.891113
3392.358398	4335.221191
3389.704102	4472.762695
3387.047852	4523.574219
3384.391602	4556.461914
3381.733398	4645.757324
3379.075195	4718.051270
3376.415039	4744.230469
3373.753906	4728.112305
3371.090820	4795.579102
3368.427734	4844.214844
3365.762695	5008.208008
3363.097656	4978.869629
3360.430664	5068.606445
3357.762695	5021.460938
3355.092773	5205.698242
3352.422852	5239.981934
3349.750977	5360.329590
3347.079102	5364.581543
3344.405273	5462.329102
3341.729492	5429.146484
3339.053711	5596.845215
3336.376953	5587.909180
3333.698242	5641.517578
3331.018555	5683.881836
3328.337891	5819.469238
3325.656250	5858.921387
3322.973633	5889.951172
3320.289063	5978.700195
3317.604492	6122.300781
3314.917969	6249.955566
3312.230469	6258.432617
3309.541016	6237.146973
3306.851563	6451.947266
3304.160156	6332.117676
3301.467773	6368.395996
3298.774414	6493.749512
3296.080078	6537.345703
3293.384766	6613.361816
3290.687500	6765.325684
3287.990234	6822.642090
3285.291016	6874.350098
3282.589844	7038.034668
3279.888672	7057.211914
3277.186523	7132.796387
3274.482422	7248.997070
3271.777344	7258.810059
3269.071289	7406.261719
3266.364258	7603.448730
3263.655273	7547.555176
3260.945313	7742.661621
3258.234375	7874.885742
3255.522461	8006.993652
3252.809570	8080.013672
3250.095703	8026.787109
3247.379883	8193.635742
3244.663086	8246.227539
3241.945313	8403.633789
3239.226563	8409.194336
3236.505859	8642.668945
3233.784180	8699.560547
3231.061523	8736.198242
3228.337891	8854.490234
3225.613281	9046.073242
3222.886719	9231.069336
3220.160156	9309.569336
3217.431641	9174.510742
3214.702148	9417.817383
3211.970703	9514.435547
3209.239258	9630.184570
3206.505859	9906.812500
3203.771484	9861.372070
3201.035156	10043.524414
3198.298828	10123.206055
3195.560547	10282.252930
3192.821289	10424.731445
3190.081055	10508.696289
3187.339844	10600.791992
3184.596680	10782.131836
3181.853516	10894.066406
3179.108398	10876.581055
3176.361328	11074.850586
3173.614258	11010.889648
3170.865234	11217.108398
3168.115234	11313.139648
3165.364258	11415.446289
3162.612305	11433.184570
3159.858398	11561.672852
3157.104492	11746.313477
3154.347656	11998.826172
3151.590820	11979.089844
3148.833008	12116.166016
3146.073242	12216.881836
3143.312500	12464.207031
3140.550781	12453.339844
3137.787109	12667.767578
3135.023438	12651.387695
3132.257813	12747.112305
3129.491211	12834.617188
3126.722656	13038.554688
3123.954102	13148.417969
3121.183594	13148.088867
3118.412109	13550.053711
3115.638672	13487.329102
3112.865234	13697.726563
3110.089844	13730.472656
3107.313477	13882.944336
3104.536133	13947.974609
3101.756836	14056.126953
3098.976563	14313.456055
3096.195313	14297.302734
3093.413086	14502.182617
3090.628906	14700.591797
3087.844727	14785.714844
3085.058594	15010.736328
3082.270508	15371.884766
3079.482422	15552.514648
3076.692383	15564.512695
3073.901367	15772.658203
3071.109375	15946.593750
3068.315430	16093.524414
3065.520508	16234.954102
3062.724609	16403.078125
3059.927734	16660.427734
3057.128906	16823.740234
3054.329102	16904.753906
3051.528320	16998.187500
3048.726563	17151.308594
3045.922852	17483.541016
3043.118164	17523.097656
3040.312500	17796.056641
3037.505859	17811.382813
3034.697266	17990.492188
3031.887695	18217.490234
3029.077148	18421.156250
3026.264648	18518.841797
3023.452148	18472.472656
3020.637695	18527.402344
3017.821289	18830.880859
3015.004883	19174.025391
3012.186523	19350.974609
3009.367188	19432.884766
3006.545898	19684.001953
3003.724609	19842.755859
3000.901367	20067.779297
2998.077148	20237.720703
2995.250977	20389.810547
2992.423828	20528.494141
2989.595703	20535.337891
2986.766602	20868.208984
2983.935547	21048.873047
2981.104492	21182.582031
2978.270508	21385.876953
2975.436523	21396.707031
2972.600586	21528.304688
2969.763672	21645.677734
2966.925781	21703.044922
2964.085938	22094.044922
2961.245117	22240.914063
2958.403320	22389.408203
2955.560547	22537.763672
2952.715820	22722.015625
2949.870117	22993.947266
2947.023438	23018.880859
2944.174805	23255.318359
2941.325195	23380.994141
2938.474609	23710.878906
2935.622070	23688.966797
2932.768555	23706.492188
2929.914063	24157.507813
2927.058594	24229.945313
2924.201172	24448.439453
2921.342773	24827.658203
2918.483398	24863.837891
2915.622070	25201.451172
2912.759766	25345.726563
2909.896484	25516.927734
2907.032227	25859.888672
2904.166016	26053.375000
2901.298828	26027.833984
2898.429688	26108.634766
2895.559570	26432.396484
2892.688477	26733.222656
2889.816406	26981.552734
2886.942383	27193.115234
2884.067383	27176.654297
2881.191406	27563.501953
2878.314453	27648.523438
2875.435547	27909.746094
2872.554688	28179.408203
2869.673828	28122.593750
2866.791016	28698.908203
2863.907227	28882.880859
2861.021484	29019.890625
2858.134766	29326.523438
2855.247070	29410.386719
2852.358398	29707.900391
2849.467773	29751.714844
2846.576172	30155.130859
2843.682617	30156.343750
2840.789063	30441.728516
2837.893555	30652.595703
2834.996094	30802.857422
2832.097656	30973.675781
2829.198242	31101.222656
2826.297852	31168.316406
2823.395508	31442.089844
2820.492188	31411.652344
2817.587891	31728.945313
2814.681641	31766.351563
2811.774414	31899.162109
2808.866211	31953.628906
2805.956055	32054.429688
2803.044922	32478.021484
2800.131836	32549.292969
2797.218750	32891.613281
2794.303711	32801.386719
2791.386719	32865.531250
2788.468750	33104.398438
2785.549805	33214.574219
2782.629883	33364.023438
2779.708008	33454.281250
2776.785156	33684.718750
2773.860352	33902.113281
2770.935547	33917.636719
2768.007813	33909.222656
2765.080078	34189.371094
2762.150391	33861.656250
2759.219727	34526.250000
2756.287109	34539.699219
2753.353516	34573.578125
2750.418945	34802.488281
2747.482422	34763.824219
2744.544922	34802.632813
2741.606445	35310.121094
2738.666016	35169.214844
2735.724609	35179.707031
2732.782227	35477.320313
2729.837891	35677.003906
2726.892578	35741.542969
2723.945313	35839.949219
2720.997070	35676.218750
2718.047852	35828.789063
2715.097656	36043.058594
2712.145508	35938.707031
2709.191406	36196.730469
2706.237305	36063.613281
2703.281250	36235.906250
2700.323242	36143.445313
2697.364258	36239.476563
2694.404297	36540.640625
2691.443359	36475.144531
2688.480469	36490.703125
2685.515625	36282.734375
2682.550781	36412.152344
2679.583984	36747.890625
2676.615234	36719.453125
2673.646484	36514.234375
2670.674805	36491.796875
2667.703125	36311.238281
2664.729492	36522.613281
2661.754883	36291.761719
2658.778320	36431.535156
2655.800781	36320.128906
2652.821289	35963.765625
2649.840820	35939.890625
2646.859375	35969.687500
2643.876953	35820.933594
2640.892578	35885.917969
2637.906250	35852.867188
2634.918945	35736.140625
2631.930664	35533.343750
2628.941406	35679.402344
2625.950195	35450.886719
2622.957031	35357.066406
2619.963867	35197.351563
2616.967773	35142.937500
2613.971680	35084.390625
2610.973633	34998.367188
2607.974609	34793.218750
2604.973633	34552.421875
2601.971680	34162.769531
2598.967773	34295.359375
2595.962891	34093.359375
2592.957031	33841.632813
2589.949219	33711.484375
2586.940430	33397.828125
2583.929688	33248.878906
2580.917969	32984.671875
2577.905273	33141.363281
2574.890625	32965.335938
2571.875000	32608.744141
2568.857422	32689.960938
2565.838867	32192.177734
2562.819336	32338.058594
2559.797852	32001.394531
2556.775391	31669.992188
2553.750977	31557.126953
2550.725586	31236.951172
2547.698242	31074.810547
2544.669922	30907.855469
2541.640625	30848.316406
2538.609375	30557.054688
2535.577148	30388.886719
2532.542969	30091.488281
2529.507813	29928.611328
2526.471680	29609.449219
2523.433594	29444.453125
2520.393555	29236.005859
2517.353516	28939.769531
2514.310547	28936.347656
2511.267578	28573.968750
2508.222656	28589.582031
2505.175781	28395.908203
2502.127930	27890.701172
2499.079102	27540.908203
2496.028320	27362.707031
2492.976563	27132.234375
2489.922852	27014.134766
2486.868164	26597.427734
2483.812500	26463.304688
2480.754883	26071.744141
2477.695313	25996.812500
2474.634766	25475.925781
2471.573242	25371.925781
2468.509766	25402.675781
2465.445313	25042.642578
2462.378906	24752.242188
2459.311523	24509.369141
2456.242188	24158.369141
2453.171875	23883.408203
2450.100586	23644.503906
2447.027344	23444.046875
2443.953125	23176.277344
2440.876953	22851.855469
2437.799805	22682.888672
2434.720703	22445.861328
2431.640625	22146.552734
2428.558594	21918.902344
2425.475586	21686.587891
2422.390625	21345.068359
2419.304688	21195.042969
2416.217773	21084.826172
2413.128906	20769.935547
2410.038086	20492.541016
2406.946289	20297.876953
2403.853516	20075.097656
2400.758789	19803.240234
2397.663086	19591.378906
2394.565430	19398.273438
2391.466797	19189.205078
2388.366211	18838.402344
2385.264648	18506.458984
2382.161133	18642.074219
2379.056641	18217.912109
2375.950195	18120.111328
2372.842773	17863.105469
2369.734375	17542.804688
2366.624023	17402.033203
2363.511719	17212.380859
2360.398438	17036.548828
2357.284180	16793.453125
2354.167969	16711.833984
2351.049805	16562.923828
2347.930664	16301.135742
2344.810547	16166.165039
2341.688477	15846.336914
2338.564453	15801.336914
2335.439453	15578.768555
2332.313477	15437.166992
2329.185547	15432.367188
2326.056641	14974.589844
2322.925781	14869.385742
2319.792969	14551.964844
2316.660156	14415.134766
2313.524414	14279.223633
2310.387695	14002.360352
2307.250000	13850.029297
2304.110352	13776.668945
2300.969727	13552.148438
2297.827148	13375.564453
2294.682617	13297.744141
2291.537109	13115.872070
2288.390625	12860.283203
2285.242188	12720.067383
2282.092773	12563.311523
2278.941406	12454.297852
2275.788086	12247.848633
2272.633789	12103.409180
2269.478516	11966.231445
2266.321289	11787.209961
2263.162109	11473.012695
2260.001953	11357.669922
2256.840820	11342.852539
2253.676758	11152.587891
2250.512695	11039.916016
2247.346680	10794.691406
2244.178711	10703.594727
2241.009766	10477.683594
2237.838867	10497.991211
2234.666992	10264.500977
2231.493164	10139.148438
2228.318359	10049.341797
2225.141602	9827.398438
2221.963867	9634.766602
2218.784180	9548.458984
2215.602539	9456.727539
2212.419922	9370.578125
2209.236328	9160.451172
2206.050781	9172.614258
2202.863281	8947.083008
2199.674805	8830.745117
2196.485352	8644.765625
2193.292969	8521.624023
2190.100586	8521.516602
2186.905273	8411.063477
2183.709961	8246.740234
2180.511719	8133.388672
2177.312500	8036.551270
2174.112305	7935.897461
2170.910156	7822.062988
2167.706055	7715.356934
2164.500977	7529.970703
2161.294922	7471.834473
2158.085938	7407.516602
2154.876953	7313.659180
2151.665039	7252.585449
2148.452148	7139.432129
2145.238281	6943.938965
2142.022461	6888.561523
2138.804688	6804.483398
2135.585938	6748.442871
2132.365234	6693.229004
2129.143555	6608.580078
2125.919922	6498.415039
2122.695313	6373.624023
2119.468750	6280.717285
2116.240234	6204.934082
2113.010742	6098.256836
2109.780273	6111.605469
2106.546875	5914.587891
2103.312500	5790.416016
2100.077148	5864.921875
2096.839844	5649.762207
2093.600586	5622.371582
2090.360352	5521.711914
2087.119141	5500.573242
2083.875000	5398.521484
2080.629883	5355.116211
2077.383789	5263.237793
2074.135742	5211.467773
2070.885742	5150.513672
2067.634766	4945.824219
2064.381836	4958.065430
2061.127930	4884.254395
2057.871094	4787.476563
2054.614258	4721.488770
2051.355469	4650.958984
2048.094727	4637.233887
2044.832031	4536.920410
2041.568359	4379.250488
2038.303711	4470.562500
2035.037109	4337.560547
2031.768555	4305.651855
2028.498047	4217.196289
2025.226563	4095.200195
2021.954102	4061.920898
2018.678711	4016.457031
2015.403320	3956.536865
2012.125000	3926.418457
2008.845703	3827.716309
2005.564453	3781.684082
2002.282227	3734.932861
1998.998047	3657.775391
1995.712891	3577.647217
1992.424805	3591.898193
1989.136719	3495.912842
1985.845703	3476.756104
1982.553711	3370.283936
1979.260742	3346.649414
1975.964844	3265.376221
1972.667969	3222.095947
1969.370117	3184.161865
1966.070313	3158.384277
1962.768555	3125.815674
1959.465820	3038.783203
1956.161133	3003.275146
1952.854492	2936.042725
1949.546875	2911.196777
1946.237305	2825.942139
1942.925781	2791.355713
1939.613281	2768.121582
1936.298828	2727.559814
1932.982422	2674.973145
1929.665039	2648.057861
1926.346680	2588.026611
1923.025391	2589.785400
1919.703125	2555.422363
1916.378906	2527.108643
1913.053711	2537.912598
1909.726563	2481.080078
1906.397461	2381.493408
1903.067383	2315.781738
1899.735352	2347.671387
1896.401367	2294.037109
1893.066406	2271.935791
1889.729492	2264.839111
1886.390625	2147.668945
1883.050781	2142.134521
1879.708984	2126.879395
1876.365234	2087.710205
1873.020508	2083.705078
1869.673828	2058.039795
1866.326172	2016.718628
1862.975586	1972.451782
1859.624023	1884.217529
1856.271484	1869.133789
1852.916016	1854.063965
1849.559570	1874.760498
1846.202148	1831.411011
1842.841797	1788.847290
1839.480469	1757.480591
1836.118164	1772.977173
1832.752930	1712.669434
1829.386719	1684.354370
1826.018555	1648.643311
1822.649414	1604.063232
1819.278320	1579.548462
1815.905273	1572.104980
1812.531250	1546.887695
1809.154297	1540.206665
1805.777344	1501.706177
1802.397461	1500.230835
1799.016602	1443.301636
1795.633789	1435.942871
1792.249023	1391.657104
1788.863281	1397.619263
1785.475586	1344.539185
1782.085938	1347.567139
1778.694336	1324.051514
1775.301758	1283.610596
1771.907227	1241.735962
1768.510742	1290.446777
1765.113281	1239.043823
1761.713867	1208.282349
1758.312500	1195.927002
1754.910156	1185.787354
1751.505859	1166.110962
1748.099609	1166.270508
1744.691406	1140.019653
1741.282227	1110.128052
1737.871094	1075.135254
1734.458008	1072.407349
1731.042969	1049.181274
1727.626953	1026.709473
1724.208984	1018.888062
1720.790039	992.066101
1717.368164	1001.805786
1713.945313	956.759155
1710.520508	969.425842
1707.093750	952.164795
1703.666016	909.396057
1700.236328	897.283325
1696.804688	914.324036
1693.371094	902.220093
1689.936523	858.103516
1686.500000	838.764099
1683.061523	809.263977
1679.622070	856.100647
1676.179688	846.232788
1672.736328	785.552979
1669.291016	788.065430
1665.844727	793.476196
1662.396484	762.634399
1658.945313	754.284851
1655.494141	726.389404
1652.040039	694.178223
1648.584961	683.703735
1645.126953	717.350586
1641.668945	698.923828
1638.208008	682.682373
1634.745117	647.683411
1631.281250	655.299011
1627.815430	650.644043
1624.347656	614.270569
1620.878906	602.434021
1617.408203	597.811584
1613.935547	596.792969
1610.460938	592.177429
1606.984375	590.442932
1603.506836	570.739563
1600.027344	546.744873
1596.545898	544.316895
1593.062500	546.197449
1589.577148	516.511353
1586.090820	506.214233
1582.602539	524.593506
1579.112305	466.310211
1575.620117	487.554382
1572.126953	480.869446
1568.630859	489.925812
1565.133789	467.519012
1561.634766	478.716064
1558.133789	431.341980
1554.631836	445.400696
1551.127930	438.755798
1547.621094	426.412842
1544.114258	425.485413
1540.604492	418.147614
1537.092773	396.577240
1533.580078	404.916870
1530.065430	401.156311
1526.548828	386.735687
1523.030273	372.329437
1519.509766	365.749695
1515.988281	359.176422
1512.463867	355.447540
1508.938477	353.849609
1505.411133	333.825409
1501.882813	318.071716
1498.351563	327.823303
1494.818359	317.042053
1491.284180	325.369354
1487.748047	315.306946
1484.209961	298.188507
1480.669922	285.324799
1477.128906	293.650726
1473.584961	287.857422
1470.040039	303.225098
1466.493164	262.896515
1462.944336	269.103058
1459.393555	270.374451
1455.840820	259.680817
1452.287109	256.735138
1448.730469	249.574203
1445.172852	245.231110
1441.613281	240.892319
1438.051758	237.961731
1434.488281	246.961136
1430.922852	241.225281
1427.356445	237.597794
1423.787109	217.861938
1420.216797	219.151001
1416.644531	213.440598
1413.070313	200.741440
1409.494141	210.426056
1405.916016	201.234894
1402.336914	204.623779
1398.754883	198.934891
1395.171875	195.344696
1391.585938	194.547302
1387.999023	181.902573
1384.410156	172.057053
1380.819336	174.057480
1377.226563	165.617676
1373.632813	162.750565
1370.036133	166.142746
1366.438477	170.226166
1362.837891	157.638672
1359.236328	155.475327
1355.632813	160.251434
1352.027344	146.994873
1348.419922	148.305191
1344.810547	144.765488
1341.199219	146.075470
1337.585938	150.151810
1333.970703	137.625778
1330.354492	134.789825
1326.735352	134.720230
1323.115234	133.960129
1319.493164	127.679459
1315.869141	126.923645
1312.242188	133.752457
1308.614258	113.699661
1304.984375	114.329536
1301.353516	110.140068
1297.719727	110.083000
1294.083984	114.151909
1290.446289	112.030792
1286.807617	109.911827
1283.166016	92.689964
1279.523438	94.700539
1275.877930	95.337219
1272.231445	91.174530
1268.582031	89.756790
1264.931641	99.982246
1261.279297	93.770134
1257.625000	87.564438
1253.968750	88.202568
1250.310547	89.523369
1246.650391	90.842751
1242.988281	74.411240
1239.324219	83.242516
1235.658203	77.061424
1231.990234	79.065979
1228.320313	77.662170
1224.648438	83.749588
1220.975586	81.664185
1217.299805	72.098953
1213.622070	74.100677
1209.943359	75.420799
1206.261719	64.515511
1202.578125	64.481697
1198.893555	59.020687
1195.206055	63.736019
1191.517578	65.057938
1187.826172	63.669109
1184.133789	63.635658
1180.438477	62.925587
1176.742188	55.453598
1173.042969	54.072609
1169.342773	49.315281
1165.639648	55.366077
1161.935547	56.686588
1158.228516	58.005676
1154.520508	52.582054
1150.809570	54.575634
1147.097656	47.139233
1143.382813	46.441277
1139.666992	51.798389
1135.948242	43.030449
1132.227539	43.007694
1128.505859	51.044617
1124.781250	41.619617
1121.055664	46.294075
1117.327148	45.598976
1113.596680	44.234367
1109.865234	40.861599
1106.130859	40.839916
1102.394531	39.479935
1098.657227	50.159706
1094.916992	38.101120
1091.174805	38.080864
1087.430664	37.392879
1083.684570	37.372986
1079.936523	38.020107
1076.186523	29.333223
1072.434570	43.310078
1068.680664	36.627453
1064.924805	39.935905
1061.166992	30.601189
1057.406250	32.579517
1053.644531	34.555710
1049.880859	39.850666
1046.114258	29.872019
1042.346680	27.865635
1038.576172	29.840059
1034.803711	27.173050
1031.030273	33.120113
1027.253906	29.130077
1023.475586	27.129379
1019.695313	32.405521
1015.913086	21.151430
1012.128906	24.443207
1008.342773	26.410889
1004.553711	25.076857
