4046.277344	240.030670
4043.892578	263.090393
4041.505859	243.079330
4039.119141	249.267532
4036.731445	242.887619
4034.342773	257.442993
4031.952148	239.557617
4029.561523	280.244904
4027.169922	256.092834
4024.777344	283.158081
4022.383789	269.468262
4019.989258	274.581848
4017.593750	280.734955
4015.197266	296.272003
4012.799805	294.069092
4010.401367	294.994995
4008.001953	283.416412
4005.601563	281.220947
4003.201172	288.397430
4000.798828	304.934753
3998.395508	285.047668
3995.991211	305.732635
3993.585938	327.440582
3991.180664	304.450714
3988.773438	309.523041
3986.365234	296.940918
3983.957031	324.844574
3981.546875	319.528168
3979.135742	330.808167
3976.724609	346.225494
3974.311523	338.834259
3971.898438	328.341492
3969.483398	325.104492
3967.068359	345.673920
3964.651367	356.915955
3962.234375	364.012421
3959.815430	363.867126
3957.396484	379.221344
3954.975586	339.820099
3952.554688	368.593628
3950.131836	361.221832
3947.708984	385.837006
3945.284180	370.214081
3942.859375	381.405029
3940.432617	381.252350
3938.005859	388.309662
3935.577148	391.242859
3933.148438	414.757080
3930.718750	395.044373
3928.287109	392.829254
3925.855469	414.258331
3923.421875	434.642578
3920.988281	435.495209
3918.552734	412.732941
3916.117188	452.592316
3913.680664	425.737732
3911.242188	438.897583
3908.803711	454.096832
3906.363281	456.988098
3903.922852	484.458282
3901.480469	449.453644
3899.038086	484.068268
3896.593750	469.551453
3894.149414	518.445862
3891.703125	472.239563
3889.256836	492.484161
3886.808594	490.242859
3884.360352	512.505432
3881.910156	512.298584
3879.459961	534.533997
3877.007813	535.337769
3874.555664	540.217896
3872.101563	531.848633
3869.646484	493.950775
3867.191406	532.436646
3864.734375	568.855957
3862.277344	551.333008
3859.818359	567.378723
3857.358398	552.919434
3854.897461	592.318848
3852.436523	566.689514
3849.973633	572.550720
3847.509766	581.451294
3845.044922	601.502197
3842.579102	619.508789
3840.113281	614.189758
3837.645508	634.202454
3835.176758	615.716431
3832.707031	642.797852
3830.236328	629.382263
3827.764648	678.687805
3825.291992	679.422852
3822.818359	679.146423
3820.343750	677.859863
3817.868164	711.917480
3815.390625	716.674622
3812.913086	711.337769
3810.434570	690.876343
3807.955078	732.937744
3805.473633	726.592407
3802.992188	732.340088
3800.509766	765.270142
3798.025391	740.801270
3795.541016	730.437744
3793.054688	771.373230
3790.568359	776.084534
3788.080078	802.899170
3785.591797	809.602295
3783.101563	803.246887
3780.610352	821.987671
3778.119141	847.735535
3775.625977	851.399902
3773.131836	856.063416
3770.636719	891.785034
3768.140625	860.370300
3765.643555	860.017700
3763.145508	910.704712
3760.646484	903.328735
3758.146484	931.956909
3755.645508	960.561279
3753.143555	960.167114
3750.639648	971.757568
3748.135742	972.356873
3745.630859	998.900818
3743.124023	985.522949
3740.617188	1022.009949
3738.108398	1036.539795
3735.599609	1076.960327
3733.088867	1072.533813
3730.577148	1050.192749
3728.064453	1049.760376
3725.551758	1116.962524
3723.037109	1078.722412
3720.521484	1094.178833
3718.004883	1127.503296
3715.487305	1189.596558
3712.967773	1166.276733
3710.448242	1144.960083
3707.927734	1176.223877
3705.406250	1173.755737
3702.882813	1187.144165
3700.359375	1217.360352
3697.833984	1250.521484
3695.308594	1259.901855
3692.781250	1253.445190
3690.252930	1260.838135
3687.723633	1275.143921
3685.193359	1299.318237
3682.662109	1325.447388
3680.129883	1295.281006
3677.596680	1312.507935
3675.062500	1306.045654
3672.527344	1395.233276
3669.990234	1398.597534
3667.453125	1407.869873
3664.915039	1379.711548
3662.375000	1424.421387
3659.833984	1473.029785
3657.292969	1414.387207
3654.750000	1475.739868
3652.206055	1485.937378
3649.661133	1519.702515
3647.115234	1539.691895
3644.568359	1546.904297
3642.019531	1576.676147
3639.470703	1581.904785
3636.920898	1617.518433
3634.369141	1598.227051
3631.817383	1616.172363
3629.263672	1625.290405
3626.708984	1623.634766
3624.153320	1659.154663
3621.596680	1696.600098
3619.039063	1712.509766
3616.480469	1730.359741
3613.920898	1761.867432
3611.360352	1780.657104
3608.797852	1774.059204
3606.235352	1807.458496
3603.670898	1865.204712
3601.105469	1898.537109
3598.540039	1900.666626
3595.972656	1922.269653
3593.404297	1903.945190
3590.834961	1983.906616
3588.264648	1990.857544
3585.692383	1987.108154
3583.120117	2087.339600
3580.545898	2056.354004
3577.971680	2072.970215
3575.395508	2120.629150
3572.818359	2109.069336
3570.240234	2134.368164
3567.661133	2211.019287
3565.081055	2197.496338
3562.500000	2240.157715
3559.917969	2281.814453
3557.333984	2338.918945
3554.750000	2342.773682
3552.164063	2319.552002
3549.577148	2379.465820
3546.989258	2390.059326
3544.400391	2467.273926
3541.810547	2453.688721
3539.219727	2526.950928
3536.626953	2527.817383
3534.034180	2558.567627
3531.439453	2539.182129
3528.844727	2578.569336
3526.248047	2629.476563
3523.650391	2657.241943
3521.051758	2733.083984
3518.451172	2708.854004
3515.850586	2761.540039
3513.249023	2791.121582
3510.645508	2841.806152
3508.041016	2848.287598
3505.436523	2875.873779
3502.830078	2911.109131
3500.222656	2930.973633
3497.613281	2969.987793
3495.003906	2977.355225
3492.393555	3083.344482
3489.781250	3075.341797
3487.167969	3177.371338
3484.553711	3151.163086
3481.938477	3176.597168
3479.322266	3326.228760
3476.705078	3303.808594
3474.086914	3346.328369
3471.466797	3395.491211
3468.845703	3343.495850
3466.224609	3459.362549
3463.601563	3450.272461
3460.977539	3520.263672
3458.351563	3564.482666
3455.725586	3636.268066
3453.098633	3626.162598
3450.469727	3741.609375
3447.839844	3770.444336
3445.208984	3807.806152
3442.577148	3816.638672
3439.944336	3853.947021
3437.310547	3895.968018
3434.674805	3911.389160
3432.039063	4088.002441
3429.401367	4112.805176
3426.762695	4144.218262
3424.123047	4141.509277
3421.481445	4269.439941
3418.839844	4295.065430
3416.197266	4384.985352
3413.552734	4471.046387
3410.907227	4491.823730
3408.260742	4498.412598
3405.613281	4606.029297
3402.963867	4660.697266
3400.314453	4687.957520
3397.663086	4714.250488
3395.011719	4792.364258
3392.358398	4874.179199
3389.704102	4956.864746
3387.047852	4977.343750
3384.391602	4986.511719
3381.733398	5138.645996
3379.075195	5176.881348
3376.415039	5233.878906
3373.753906	5334.979004
3371.090820	5443.503418
3368.427734	5456.194824
3365.762695	5529.857422
3363.097656	5591.264160
3360.430664	5718.235840
3357.762695	5770.135742
3355.092773	5784.525391
3352.422852	5808.262695
3349.750977	5899.356934
3347.079102	5989.436035
3344.405273	6044.840820
3341.729492	6174.030273
3339.053711	6208.752441
3336.376953	6203.289063
3333.698242	6410.645508
3331.018555	6439.618164
3328.337891	6445.248535
3325.656250	6632.652832
3322.973633	6754.667969
3320.289063	6807.652344
3317.604492	6897.829590
3314.917969	6907.895020
3312.230469	7090.038086
3309.541016	7101.867676
3306.851563	7219.637695
3304.160156	7298.286133
3301.467773	7379.650391
3298.774414	7470.225098
3296.080078	7552.369141
3293.384766	7586.214844
3290.687500	7722.000977
3287.990234	7837.281738
3285.291016	7851.504395
3282.589844	7955.516113
3279.888672	7941.908203
3277.186523	8080.937500
3274.482422	8259.603516
3271.777344	8268.056641
3269.071289	8423.386719
3266.364258	8542.568359
3263.655273	8593.339844
3260.945313	8894.096680
3258.234375	8863.511719
3255.522461	9094.750000
3252.809570	9007.892578
3250.095703	9189.127930
3247.379883	9262.490234
3244.663086	9306.338867
3241.945313	9461.447266
3239.226563	9552.057617
3236.505859	9673.833984
3233.784180	9847.865234
3231.061523	9869.314453
3228.337891	10008.226563
3225.613281	10149.768555
3222.886719	10284.764648
3220.160156	10429.724609
3217.431641	10487.510742
3214.702148	10692.698242
3211.970703	10732.920898
3209.239258	10755.718750
3206.505859	10960.514648
3203.771484	11047.187500
3201.035156	11207.805664
3198.298828	11240.393555
3195.560547	11294.865234
3192.821289	11648.647461
3190.081055	11645.413086
3187.339844	11788.993164
3184.596680	11978.930664
3181.853516	11909.036133
3179.108398	12218.053711
3176.361328	12430.304688
3173.614258	12368.484375
3170.865234	12532.273438
3168.115234	12602.278320
3165.364258	12749.458984
3162.612305	12899.233398
3159.858398	12997.122070
3157.104492	13039.560547
3154.347656	13334.145508
3151.590820	13263.956055
3148.833008	13505.610352
3146.073242	13581.258789
3143.312500	13817.122070
3140.550781	13932.388672
3137.787109	13989.645508
3135.023438	14142.711914
3132.257813	14311.008789
3129.491211	14508.069336
3126.722656	14573.989258
3123.954102	14708.460938
3121.183594	14673.158203
3118.412109	14956.292969
3115.638672	15189.586914
3112.865234	15341.562500
3110.089844	15371.788086
3107.313477	15409.185547
3104.536133	15596.854492
3101.756836	15763.662109
3098.976563	15682.124023
3096.195313	15924.243164
3093.413086	16163.451172
3090.628906	16167.148438
3087.844727	16382.690430
3085.058594	16476.906250
3082.270508	16805.123047
3079.482422	17094.498047
3076.692383	17102.236328
3073.901367	17152.955078
3071.109375	17354.935547
3068.315430	17417.125000
3065.520508	17624.169922
3062.724609	17873.947266
3059.927734	18172.654297
3057.128906	18021.736328
3054.329102	18322.785156
3051.528320	18453.974609
3048.726563	18486.013672
3045.922852	18601.845703
3043.118164	18974.292969
3040.312500	19054.156250
3037.505859	19056.460938
3034.697266	19169.146484
3031.887695	19569.142578
3029.077148	19582.763672
3026.264648	19698.607422
3023.452148	19793.015625
3020.637695	19980.601563
3017.821289	20286.103516
3015.004883	20442.234375
3012.186523	20358.707031
3009.367188	20721.257813
3006.545898	20785.681641
3003.724609	20938.634766
3000.901367	21031.232422
2998.077148	21426.457031
2995.250977	21527.589844
2992.423828	21551.691406
2989.595703	21739.296875
2986.766602	22007.134766
2983.935547	21913.507813
2981.104492	22181.902344
2978.270508	22297.398438
2975.436523	22508.041016
2972.600586	22637.382813
2969.763672	22848.558594
2966.925781	22989.072266
2964.085938	22991.224609
2961.245117	23248.585938
2958.403320	23479.322266
2955.560547	23650.935547
2952.715820	23738.015625
2949.870117	23950.636719
2947.023438	24071.740234
2944.174805	24104.078125
2941.325195	24438.183594
2938.474609	24526.439453
2935.622070	24512.052734
2932.768555	24726.353516
2929.914063	24938.703125
2927.058594	25098.333984
2924.201172	25370.691406
2921.342773	25369.919922
2918.483398	25582.451172
2915.622070	25675.070313
2912.759766	25826.123047
2909.896484	26037.271484
2907.032227	26253.462891
2904.166016	26597.679688
2901.298828	26604.158203
2898.429688	26364.857422
2895.559570	26516.894531
2892.688477	26848.160156
2889.816406	27032.033203
2886.942383	27164.408203
2884.067383	27404.482422
2881.191406	27443.554688
2878.314453	27572.068359
2875.435547	27727.380859
2872.554688	27930.287109
2869.673828	28223.238281
2866.791016	28397.974609
2863.907227	28390.505859
2861.021484	28487.876953
2858.134766	28846.710938
2855.247070	29005.240234
2852.358398	29022.572266
2849.467773	29213.730469
2846.576172	29166.097656
2843.682617	29312.931641
2840.789063	29402.617188
2837.893555	29279.820313
2834.996094	29776.755859
2832.097656	30074.837891
2829.198242	29890.662109
2826.297852	30025.521484
2823.395508	30175.757813
2820.492188	30281.074219
2817.587891	30387.146484
2814.681641	30516.343750
2811.774414	30271.355469
2808.866211	30415.941406
2805.956055	30494.236328
2803.044922	30935.701172
2800.131836	30674.619141
2797.218750	31101.861328
2794.303711	30954.123047
2791.386719	31094.529297
2788.468750	31263.931641
2785.549805	31222.488281
2782.629883	31296.640625
2779.708008	31462.273438
2776.785156	31412.214844
2773.860352	31454.521484
2770.935547	31697.593750
2768.007813	31604.759766
2765.080078	31655.431641
2762.150391	31525.988281
2759.219727	31705.429688
2756.287109	31736.349609
2753.353516	31851.599609
2750.418945	31827.888672
2747.482422	31791.416016
2744.544922	31881.775391
2741.606445	31903.138672
2738.666016	31849.646484
2735.724609	32055.417969
2732.782227	32014.626953
2729.837891	32008.679688
2726.892578	32013.761719
2723.945313	32096.033203
2720.997070	31765.242188
2718.047852	31923.816406
2715.097656	31954.304688
2712.145508	31934.791016
2709.191406	32038.871094
2706.237305	31905.095703
2703.281250	31836.548828
2700.323242	31443.453125
2697.364258	31945.492188
2694.404297	31665.851563
2691.443359	31528.275391
2688.480469	31594.169922
2685.515625	31552.880859
2682.550781	31327.837891
2679.583984	31861.373047
2676.615234	31541.197266
2673.646484	31102.597656
2670.674805	31167.603516
2667.703125	31171.140625
2664.729492	31019.966797
2661.754883	31124.390625
2658.778320	30783.521484
2655.800781	30771.232422
2652.821289	30544.947266
2649.840820	30503.398438
2646.859375	30616.156250
2643.876953	30139.634766
2640.892578	30098.298828
2637.906250	30199.335938
2634.918945	30091.037109
2631.930664	29743.574219
2628.941406	29643.087891
2625.950195	29267.708984
2622.957031	29390.566406
2619.963867	29383.871094
2616.967773	29418.072266
2613.971680	29212.798828
2610.973633	29007.701172
2607.974609	28647.748047
2604.973633	28405.585938
2601.971680	28226.923828
2598.967773	28152.460938
2595.962891	28080.554688
2592.957031	27734.271484
2589.949219	27728.271484
2586.940430	27228.738281
2583.929688	27401.507813
2580.917969	27007.986328
2577.905273	27101.027344
2574.890625	26749.451172
2571.875000	26525.017578
2568.857422	26496.326172
2565.838867	26184.406250
2562.819336	25988.660156
2559.797852	25774.050781
2556.775391	25411.585938
2553.750977	25290.837891
2550.725586	25157.796875
2547.698242	25001.744141
2544.669922	24567.613281
2541.640625	24433.412109
2538.609375	24295.201172
2535.577148	24056.529297
2532.542969	23759.560547
2529.507813	23625.943359
2526.471680	23499.849609
2523.433594	23332.718750
2520.393555	23004.519531
2517.353516	22901.880859
2514.310547	22806.726563
2511.267578	22500.552734
2508.222656	22183.978516
2505.175781	22066.283203
2502.127930	21905.216797
2499.079102	21579.492188
2496.028320	21305.689453
2492.976563	21310.636719
2489.922852	20842.330078
2486.868164	20672.337891
2483.812500	20634.195313
2480.754883	20318.904297
2477.695313	20006.349609
2474.634766	19949.757813
2471.573242	19440.869141
2468.509766	19416.406250
2465.445313	19283.462891
2462.378906	19038.115234
2459.311523	18961.693359
2456.242188	18567.632813
2453.171875	18406.802734
2450.100586	18219.257813
2447.027344	17812.236328
2443.953125	17727.580078
2440.876953	17345.531250
2437.799805	17312.335938
2434.720703	17198.777344
2431.640625	16999.287109
2428.558594	16821.878906
2425.475586	16578.138672
2422.390625	16473.210938
2419.304688	16265.491211
2416.217773	15942.975586
2413.128906	15799.622070
2410.038086	15790.688477
2406.946289	15542.407227
2403.853516	15182.005859
2400.758789	15084.489258
2397.663086	14746.425781
2394.565430	14656.455078
2391.466797	14494.763672
2388.366211	14250.967773
2385.264648	14195.189453
2382.161133	14038.754883
2379.056641	13816.431641
2375.950195	13509.797852
2372.842773	13629.024414
2369.734375	13423.269531
2366.624023	13224.130859
2363.511719	13076.588867
2360.398438	12765.366211
2357.284180	12709.666016
2354.167969	12501.583984
2351.049805	12370.671875
2347.930664	12197.398438
2344.810547	12128.428711
2341.688477	11960.225586
2338.564453	11740.948242
2335.439453	11706.676758
2332.313477	11431.739258
2329.185547	11473.566406
2326.056641	11104.715820
2322.925781	11123.492188
2319.792969	10933.129883
2316.660156	10834.685547
2313.524414	10713.206055
2310.387695	10471.482422
2307.250000	10323.988281
2304.110352	10162.293945
2300.969727	10117.749023
2297.827148	10086.765625
2294.682617	9850.652344
2291.537109	9726.028320
2288.390625	9600.723633
2285.242188	9494.590820
2282.092773	9331.408203
2278.941406	9276.265625
2275.788086	9127.604492
2272.633789	8906.955078
2269.478516	8783.950195
2266.321289	8754.494141
2263.162109	8624.545898
2260.001953	8522.406250
2256.840820	8331.006836
2253.676758	8252.013672
2250.512695	8148.603027
2247.346680	7981.328613
2244.178711	7990.207520
2241.009766	7704.829102
2237.838867	7750.882813
2234.666992	7577.004883
2231.493164	7534.841797
2228.318359	7419.489746
2225.141602	7282.207031
2221.963867	7215.062012
2218.784180	7190.436035
2215.602539	7005.507324
2212.419922	6918.940918
2209.236328	6801.047852
2206.050781	6749.185547
2202.863281	6605.592773
2199.674805	6598.557129
2196.485352	6485.729492
2193.292969	6311.124512
2190.100586	6321.455566
2186.905273	6211.259277
2183.709961	6121.501465
2180.511719	6068.572754
2177.312500	5957.863281
2174.112305	5919.117188
2170.910156	5854.641602
2167.706055	5647.419922
2164.500977	5573.769531
2161.294922	5517.338379
2158.085938	5439.140137
2154.876953	5407.746094
2151.665039	5364.702637
2148.452148	5290.571777
2145.238281	5227.398438
2142.022461	5019.686523
2138.804688	5073.252441
2135.585938	4949.686523
2132.365234	4917.838867
2129.143555	4800.667480
2125.919922	4762.712402
2122.695313	4717.040039
2119.468750	4626.469238
2116.240234	4554.570313
2113.010742	4467.255859
2109.780273	4488.343262
2106.546875	4325.351563
2103.312500	4338.753906
2100.077148	4280.288086
2096.839844	4163.185547
2093.600586	4111.031250
2090.360352	4042.723145
2087.119141	3950.572998
2083.875000	3994.166016
2080.629883	3922.925049
2077.383789	3921.054443
2074.135742	3876.082031
2070.885742	3753.451416
2067.634766	3695.527100
2064.381836	3601.533936
2061.127930	3598.277344
2057.871094	3569.683838
2054.614258	3504.277832
2051.355469	3435.864502
2048.094727	3361.381348
2044.832031	3332.184082
2041.568359	3275.437256
2038.303711	3250.900391
2035.037109	3204.958252
2031.768555	3157.529053
2028.498047	3070.387939
2025.226563	2997.848389
2021.954102	3002.521973
2018.678711	3015.587402
2015.403320	2945.464355
2012.125000	2845.661865
2008.845703	2813.040039
2005.564453	2770.542725
2002.282227	2717.422607
1998.998047	2652.172607
1995.712891	2620.462891
1992.424805	2610.077148
1989.136719	2563.213135
1985.845703	2524.750977
1982.553711	2491.640869
1979.260742	2453.248047
1975.964844	2364.059570
1972.667969	2352.304443
1969.370117	2328.432373
1966.070313	2307.613037
1962.768555	2238.350586
1959.465820	2197.914551
1956.161133	2216.522949
1952.854492	2140.596680
1949.546875	2169.793945
1946.237305	2085.652588
1942.925781	2005.366699
1939.613281	1995.341675
1936.298828	1991.359985
1932.982422	1964.763306
1929.665039	1942.713013
1926.346680	1913.151123
1923.025391	1906.955322
1919.703125	1837.556396
1916.378906	1865.999023
1913.053711	1819.238281
1909.726563	1720.676392
1906.397461	1779.924072
1903.067383	1755.790527
1899.735352	1694.164917
1896.401367	1646.097290
1893.066406	1677.529663
1889.729492	1652.740601
1886.390625	1605.509888
1883.050781	1577.784668
1879.708984	1563.551758
1876.365234	1521.665527
1873.020508	1491.777466
1869.673828	1500.015869
1866.326172	1470.166260
1862.975586	1423.180298
1859.624023	1427.708740
1856.271484	1407.628418
1852.916016	1394.274048
1849.559570	1352.628174
1846.202148	1308.044434
1842.841797	1324.520874
1839.480469	1308.255737
1836.118164	1286.058960
1832.752930	1290.632080
1829.386719	1236.530029
1826.018555	1172.830444
1822.649414	1201.934448
1819.278320	1173.908569
1815.905273	1166.663452
1812.531250	1103.120605
1809.154297	1118.130737
1805.777344	1082.057373
1802.397461	1108.158691
1799.016602	1069.906494
1795.633789	1047.210938
1792.249023	1048.913452
1788.863281	1000.408875
1785.475586	988.848816
1782.085938	938.945251
1778.694336	988.615295
1775.301758	924.022827
1771.907227	911.048279
1768.510742	924.587036
1765.113281	912.360046
1761.713867	866.315674
1758.312500	895.291382
1754.910156	880.891602
1751.505859	843.741516
1748.099609	833.050354
1744.691406	807.697327
1741.282227	803.632996
1737.871094	806.168213
1734.458008	783.062439
1731.042969	765.836426
1727.626953	780.094238
1724.208984	761.423157
1720.790039	736.921631
1717.368164	708.059692
1713.945313	701.136475
1710.520508	701.519714
1707.093750	698.254150
1703.666016	683.323242
1700.236328	665.491211
1696.804688	649.862183
1693.371094	647.355652
1689.936523	628.839233
1686.500000	613.250732
1683.061523	620.944702
1679.622070	622.090088
1676.179688	599.263550
1672.736328	577.185425
1669.291016	580.527039
1665.844727	578.787964
1662.396484	541.528442
1658.945313	528.216736
1655.494141	535.196167
1652.040039	527.691284
1648.584961	527.428589
1645.126953	515.595764
1641.668945	504.497253
1638.208008	501.356171
1634.745117	490.997437
1631.281250	466.936615
1627.815430	458.768982
1624.347656	443.399506
1620.878906	453.266724
1617.408203	453.040314
1613.935547	444.895111
1610.460938	436.038300
1606.984375	419.279205
1603.506836	429.132874
1600.027344	395.869141
1596.545898	395.670959
1593.062500	396.908264
1589.577148	383.796631
1586.090820	375.717072
1582.602539	361.912201
1579.112305	359.581757
1575.620117	370.856354
1572.126953	352.065125
1568.630859	351.173096
1565.133789	368.153351
1561.634766	330.814240
1558.133789	327.077209
1554.631836	319.061096
1551.127930	331.028748
1547.621094	318.740021
1544.114258	317.866821
1540.604492	296.336304
1537.092773	290.491058
1533.580078	281.093445
1530.065430	285.930542
1526.548828	268.724426
1523.030273	270.009888
1519.509766	278.395874
1515.988281	274.706085
1512.463867	246.188217
1508.938477	252.445816
1505.411133	238.851730
1501.882813	257.149292
1498.351563	252.770889
1494.818359	228.581665
1491.284180	248.270966
1487.748047	241.075500
1484.209961	216.928619
1480.669922	218.231094
1477.128906	228.708740
1473.584961	216.598602
1470.040039	213.667923
1466.493164	216.378647
1462.944336	202.883972
1459.393555	198.556229
1455.840820	200.566467
1452.287109	189.913666
1448.730469	194.738174
1445.172852	182.693665
1441.613281	181.898285
1438.051758	191.632904
1434.488281	175.398529
1430.922852	176.711548
1427.356445	164.706436
1423.787109	164.622360
1420.216797	152.635513
1416.644531	156.756363
1413.070313	159.474030
1409.494141	148.207062
1405.916016	146.035049
1402.336914	154.340805
1398.754883	147.281616
1395.171875	145.810867
1391.585938	142.249634
1387.999023	132.419495
1384.410156	140.710632
1380.819336	125.321381
1377.226563	124.561188
1373.632813	129.365829
1370.036133	136.946121
1366.438477	132.706940
1362.837891	120.138725
1359.236328	113.830154
1355.632813	121.402596
1352.027344	118.566612
1348.419922	110.882385
1344.810547	113.595886
1341.199219	104.537422
1337.585938	109.327126
1333.970703	109.270721
1330.354492	105.066948
1326.735352	87.740868
1323.115234	91.838646
1319.493164	87.650223
1315.869141	93.123329
1312.242188	94.454056
1308.614258	90.959732
1304.984375	72.316872
1301.353516	83.293427
1297.719727	83.250267
1294.083984	94.209709
1290.446289	88.662407
1286.807617	71.442688
1283.166016	77.584930
1279.523438	67.937347
1275.877930	82.305511
1272.231445	71.294373
1268.582031	69.886971
1264.931641	68.480995
1261.279297	62.969727
1257.625000	53.359577
1253.968750	69.057823
1250.310547	62.871372
1246.650391	63.521622
1242.988281	64.853836
1239.324219	64.819992
1235.658203	54.556759
1231.990234	65.433914
1228.320313	58.587254
1224.648438	63.322861
1220.975586	63.289742
1217.299805	53.053944
1213.622070	53.026173
1209.943359	45.524269
1206.261719	53.649742
1202.578125	52.264111
1198.893555	44.774315
1195.206055	52.209293
1191.517578	42.694271
1187.826172	49.445160
1184.133789	45.357330
1180.438477	43.303631
1176.742188	49.367229
1173.042969	50.693069
1169.342773	45.937523
1165.639648	43.212547
1161.935547	40.490417
1158.228516	36.422169
1154.520508	38.425346
1150.809570	33.688663
1147.097656	37.037968
1143.382813	30.960850
1139.666992	34.980732
1135.948242	38.996346
1132.227539	38.975723
1128.505859	42.313301
1124.781250	38.934483
1121.055664	36.230148
1117.327148	31.516939
1113.596680	36.861973
1109.865234	30.813663
1106.130859	32.805836
1102.394531	33.457573
1098.657227	36.783783
1094.916992	32.753593
1091.174805	28.727671
1087.430664	28.044661
1083.684570	40.042484
1079.936523	33.350971
1076.186523	25.333239
1072.434570	29.983900
1068.680664	27.304100
1064.924805	26.623938
1061.166992	23.948757
1057.406250	26.595522
1053.644531	23.923185
1049.880859	23.910398
1046.114258	26.552906
1042.346680	23.884830
1038.576172	21.219597
1034.803711	23.196507
1031.030273	21.196873
1027.253906	26.481890
1023.475586	19.850765
1019.695313	23.146801
1015.913086	21.151430
1012.128906	21.140070
1008.342773	25.750616
1004.553711	21.777269
