4046.277344	252.608704
4043.892578	237.934341
4041.505859	252.509125
4039.119141	241.936127
4036.731445	256.497711
4034.342773	232.326614
4031.952148	253.156952
4029.561523	254.102661
4027.169922	242.504227
4024.777344	251.812149
4022.383789	259.023743
4019.989258	273.537811
4017.593750	274.473206
4015.197266	274.364563
4012.799805	263.827942
4010.401367	275.189667
4008.001953	275.080627
4005.601563	296.844330
4003.201172	292.562012
4000.798828	298.690369
3998.395508	280.886383
3995.991211	296.373474
3993.585938	306.650696
3991.180664	316.919678
3988.773438	298.097717
3986.365234	310.438232
3983.957031	304.087708
3981.546875	286.330444
3979.135742	327.697113
3976.724609	328.603241
3974.311523	300.495209
3971.898438	333.520355
3969.483398	324.069153
3967.068359	322.904968
3964.651367	338.294250
3962.234375	332.988647
3959.815430	340.091705
3957.396484	314.123383
3954.975586	344.984558
3952.554688	340.716797
3950.131836	366.382172
3947.708984	367.267303
3945.284180	361.964203
3942.859375	340.172028
3940.432617	355.492035
3938.005859	375.949677
3935.577148	371.680725
3933.148438	383.881866
3930.718750	376.526642
3928.287109	403.112732
3925.855469	406.034851
3923.421875	404.844391
3920.988281	405.708984
3918.552734	418.893158
3916.117188	392.041412
3913.680664	400.090881
3911.242188	434.795746
3908.803711	425.395477
3906.363281	444.692444
3903.922852	445.537750
3901.480469	449.453644
3899.038086	457.459869
3896.593750	434.769867
3894.149414	456.068756
3891.703125	439.530304
3889.256836	489.418915
3886.808594	496.370880
3884.360352	476.772980
3881.910156	477.601074
3879.459961	481.488647
3877.007813	475.176025
3874.555664	499.446747
3872.101563	480.905273
3869.646484	495.987671
3867.191406	500.877289
3864.734375	484.392548
3862.277344	513.695862
3859.818359	537.891296
3857.358398	569.181763
3854.897461	537.455688
3852.436523	561.611633
3849.973633	568.490112
3847.509766	548.979309
3845.044922	584.258484
3842.579102	575.909973
3840.113281	611.149231
3837.645508	593.678345
3835.176758	628.881409
3832.707031	632.675049
3830.236328	656.702759
3827.764648	656.435730
3825.291992	678.411804
3822.818359	634.678528
3820.343750	636.440674
3817.868164	702.829224
3815.390625	651.063538
3812.913086	683.085999
3810.434570	681.799133
3807.955078	667.406860
3805.473633	655.041687
3802.992188	690.031616
3800.509766	712.909546
3798.025391	709.599060
3795.541016	711.321594
3793.054688	718.071045
3790.568359	744.920532
3788.080078	753.660034
3785.591797	800.562073
3783.101563	778.145447
3780.610352	788.867310
3778.119141	818.641663
3775.625977	801.258545
3773.131836	791.908813
3770.636719	832.666687
3768.140625	853.359131
3765.643555	844.999939
3763.145508	817.632690
3760.646484	853.310547
3758.146484	866.959900
3755.645508	882.596924
3753.143555	858.255493
3750.639648	918.825256
3748.135742	868.532288
3745.630859	875.160828
3743.124023	887.768677
3740.617188	911.333740
3738.108398	902.985657
3735.599609	972.352722
3733.088867	951.039734
3730.577148	976.529907
3728.064453	984.088196
3725.551758	968.763611
3723.037109	1023.046387
3720.521484	1025.606323
3718.004883	1067.899536
3715.487305	1059.515381
3712.967773	1071.981934
3710.448242	1027.884399
3707.927734	1042.336670
3705.406250	1075.612305
3702.882813	1100.932617
3700.359375	1101.468384
3697.833984	1069.329590
3695.308594	1107.486328
3692.781250	1106.039307
3690.252930	1174.804443
3687.723633	1154.548828
3685.193359	1185.689575
3682.662109	1201.001587
3680.129883	1219.262207
3677.596680	1199.020386
3675.062500	1238.967773
3672.527344	1281.839844
3669.990234	1259.624878
3667.453125	1278.806885
3664.915039	1260.550171
3662.375000	1260.027222
3659.833984	1287.056152
3657.292969	1317.012939
3654.750000	1337.112671
3652.206055	1373.902466
3649.661133	1336.984619
3647.115234	1338.392944
3644.568359	1407.525879
3642.019531	1427.544434
3639.470703	1408.317017
3636.920898	1468.510620
3634.369141	1442.421997
3631.817383	1460.432129
3629.263672	1470.594116
3626.708984	1513.043701
3624.153320	1512.413330
3621.596680	1524.495483
3619.039063	1597.169434
3616.480469	1585.755981
3613.920898	1615.370605
3611.360352	1663.508667
3608.797852	1662.814575
3606.235352	1653.341675
3603.670898	1711.152344
3601.105469	1686.072510
3598.540039	1743.820190
3595.972656	1760.619873
3593.404297	1809.526733
3590.834961	1807.797119
3588.264648	1835.245728
3585.692383	1846.144043
3583.120117	1918.253540
3580.545898	1880.539185
3577.971680	1956.456665
3575.395508	1905.169312
3572.818359	1938.325928
3570.240234	1953.029297
3567.661133	2000.676758
3565.081055	1994.993408
3562.500000	2079.385498
3559.917969	2062.055664
3557.333984	2084.415039
3554.750000	2094.180420
3552.164063	2120.374023
3549.577148	2143.645508
3546.989258	2203.607666
3544.400391	2180.471436
3541.810547	2292.490479
3539.219727	2211.443848
3536.626953	2220.158447
3534.034180	2301.168457
3531.439453	2308.873047
3528.844727	2316.570557
3526.248047	2451.353760
3523.650391	2419.524170
3521.051758	2450.251709
3518.451172	2505.954346
3515.850586	2522.200195
3513.249023	2555.725830
3510.645508	2600.747314
3508.041016	2603.490479
3505.436523	2604.311523
3502.830078	2640.620605
3500.222656	2729.630859
3497.613281	2721.770020
3495.003906	2727.326416
3492.393555	2785.543213
3489.781250	2867.638916
3487.167969	2871.210938
3484.553711	2881.473389
3481.938477	2990.188477
3479.322266	2958.346436
3476.705078	2992.435059
3474.086914	2983.531006
3471.466797	3053.842529
3468.845703	3113.600586
3466.224609	3119.910156
3463.601563	3211.993896
3460.977539	3259.221191
3458.351563	3283.552246
3455.725586	3339.274414
3453.098633	3308.362061
3450.469727	3429.650146
3447.839844	3462.420166
3445.208984	3513.216797
3442.577148	3526.923584
3439.944336	3523.527344
3437.310547	3615.989746
3434.674805	3655.246826
3432.039063	3713.434814
3429.401367	3808.539307
3426.762695	3844.818848
3424.123047	3847.919434
3421.481445	3886.989258
3418.839844	4071.748291
3416.197266	4000.968262
3413.552734	4069.228760
3410.907227	4097.737793
3408.260742	4210.295410
3405.613281	4305.759277
3402.963867	4346.397461
3400.314453	4367.187500
3397.663086	4455.857910
3395.011719	4472.810547
3392.358398	4543.455078
3389.704102	4536.807617
3387.047852	4647.843262
3384.391602	4716.436523
3381.733398	4798.138672
3379.075195	4852.503418
3376.415039	4849.490723
3373.753906	4935.724609
3371.090820	5058.504883
3368.427734	5046.956543
3365.762695	5164.890625
3363.097656	5204.883301
3360.430664	5294.523926
3357.762695	5398.141113
3355.092773	5391.147461
3352.422852	5470.290039
3349.750977	5474.498535
3347.079102	5503.957520
3344.405273	5682.991699
3341.729492	5727.287109
3339.053711	5766.871582
3336.376953	5826.030273
3333.698242	5988.745117
3331.018555	5971.248535
3328.337891	6032.103516
3325.656250	6089.176270
3322.973633	6175.083984
3320.289063	6255.328125
3317.604492	6279.640625
3314.917969	6441.660645
3312.230469	6426.800293
3309.541016	6607.210449
3306.851563	6706.604980
3304.160156	6604.317383
3301.467773	6833.628906
3298.774414	6784.278809
3296.080078	6939.086914
3293.384766	7001.019043
3290.687500	7088.852539
3287.990234	7277.608398
3285.291016	7194.819824
3282.589844	7295.411133
3279.888672	7384.808594
3277.186523	7457.477051
3274.482422	7574.462402
3271.777344	7669.163086
3269.071289	7792.418457
3266.364258	7922.028809
3263.655273	7949.069824
3260.945313	8079.419434
3258.234375	8218.875977
3255.522461	8169.235352
3252.809570	8317.742188
3250.095703	8380.462891
3247.379883	8554.523438
3244.663086	8565.549805
3241.945313	8698.901367
3239.226563	8763.178711
3236.505859	8949.628906
3233.784180	8967.804688
3231.061523	9192.566406
3228.337891	9247.330078
3225.613281	9360.759766
3222.886719	9493.346680
3220.160156	9649.649414
3217.431641	9770.996094
3214.702148	9835.451172
3211.970703	9938.296875
3209.239258	10065.756836
3206.505859	10291.888672
3203.771484	10380.680664
3201.035156	10585.454102
3198.298828	10612.832031
3195.560547	10701.359375
3192.821289	11034.407227
3190.081055	11068.843750
3187.339844	11116.013672
3184.596680	11273.430664
3181.853516	11328.663086
3179.108398	11617.897461
3176.361328	11735.737305
3173.614258	11737.001953
3170.865234	12007.480469
3168.115234	12114.987305
3165.364258	12315.996094
3162.612305	12444.159180
3159.858398	12384.264648
3157.104492	12593.958008
3154.347656	12740.872070
3151.590820	12944.779297
3148.833008	13001.675781
3146.073242	13046.742188
3143.312500	13256.577148
3140.550781	13483.423828
3137.787109	13487.494141
3135.023438	13649.824219
3132.257813	13868.958984
3129.491211	13938.805664
3126.722656	14094.391602
3123.954102	14262.476563
3121.183594	14109.153320
3118.412109	14554.897461
3115.638672	14715.334961
3112.865234	14735.938477
3110.089844	14792.553711
3107.313477	14982.378906
3104.536133	15180.133789
3101.756836	15334.529297
3098.976563	15352.996094
3096.195313	15497.284180
3093.413086	15666.597656
3090.628906	15637.284180
3087.844727	15903.329102
3085.058594	16074.023438
3082.270508	16371.921875
3079.482422	16416.742188
3076.692383	16693.609375
3073.901367	16934.400391
3071.109375	16911.751953
3068.315430	17168.335938
3065.520508	17210.894531
3062.724609	17403.626953
3059.927734	17665.003906
3057.128906	17826.089844
3054.329102	17978.099609
3051.528320	17962.167969
3048.726563	18179.101563
3045.922852	18405.650391
3043.118164	18644.474609
3040.312500	18825.167969
3037.505859	18909.509766
3034.697266	19105.941406
3031.887695	19500.625000
3029.077148	19499.156250
3026.264648	19789.289063
3023.452148	19801.011719
3020.637695	20080.087891
3017.821289	20307.414063
3015.004883	20513.234375
3012.186523	20585.802734
3009.367188	20885.296875
3006.545898	21091.458984
3003.724609	21375.392578
3000.901367	21559.005859
2998.077148	21678.720703
2995.250977	21817.787109
2992.423828	21864.751953
2989.595703	22168.017578
2986.766602	22554.066406
2983.935547	22725.152344
2981.104492	22855.472656
2978.270508	23101.265625
2975.436523	23412.984375
2972.600586	23562.203125
2969.763672	23705.996094
2966.925781	23615.349609
2964.085938	24007.265625
2961.245117	24222.814453
2958.403320	24330.843750
2955.560547	24716.625000
2952.715820	24717.980469
2949.870117	25060.187500
2947.023438	25506.578125
2944.174805	25240.730469
2941.325195	25588.369141
2938.474609	25864.660156
2935.622070	25968.892578
2932.768555	25987.160156
2929.914063	26233.105469
2927.058594	26545.355469
2924.201172	26492.443359
2921.342773	26945.972656
2918.483398	27085.244141
2915.622070	27272.445313
2912.759766	27550.308594
2909.896484	27864.587891
2907.032227	27823.400391
2904.166016	28320.439453
2901.298828	28510.123047
2898.429688	28527.068359
2895.559570	28343.632813
2892.688477	28768.994141
2889.816406	28883.255859
2886.942383	29120.070313
2884.067383	29292.318359
2881.191406	29520.898438
2878.314453	29705.828125
2875.435547	29934.873047
2872.554688	30346.855469
2869.673828	30391.453125
2866.791016	30595.576172
2863.907227	30862.787109
2861.021484	31034.439453
2858.134766	31287.339844
2855.247070	31357.343750
2852.358398	31777.726563
2849.467773	31770.451172
2846.576172	31979.308594
2843.682617	32537.085938
2840.789063	32201.220703
2837.893555	32555.486328
2834.996094	32630.679688
2832.097656	32825.695313
2829.198242	33220.566406
2826.297852	33452.183594
2823.395508	33709.429688
2820.492188	33493.707031
2817.587891	33795.437500
2814.681641	33837.078125
2811.774414	33933.707031
2808.866211	34217.613281
2805.956055	34590.605469
2803.044922	34802.664063
2800.131836	34921.820313
2797.218750	35181.566406
2794.303711	35158.921875
2791.386719	35330.875000
2788.468750	35698.015625
2785.549805	35567.222656
2782.629883	35875.699219
2779.708008	36023.015625
2776.785156	36297.628906
2773.860352	36138.546875
2770.935547	36740.121094
2768.007813	36726.164063
2765.080078	36676.351563
2762.150391	36447.363281
2759.219727	37095.437500
2756.287109	36938.917969
2753.353516	37092.730469
2750.418945	37486.613281
2747.482422	37370.964844
2744.544922	37438.382813
2741.606445	37836.648438
2738.666016	37796.636719
2735.724609	37545.871094
2732.782227	37514.500000
2729.837891	37838.089844
2726.892578	37837.148438
2723.945313	37975.328125
2720.997070	37866.605469
2718.047852	38367.406250
2715.097656	37968.824219
2712.145508	38193.875000
2709.191406	38252.804688
2706.237305	38407.273438
2703.281250	38059.242188
2700.323242	38277.882813
2697.364258	38298.597656
2694.404297	38315.054688
2691.443359	38247.914063
2688.480469	38225.542969
2685.515625	38211.617188
2682.550781	38265.972656
2679.583984	38245.273438
2676.615234	38187.523438
2673.646484	38025.417969
2670.674805	37966.109375
2667.703125	37968.246094
2664.729492	38068.738281
2661.754883	37838.863281
2658.778320	37810.777344
2655.800781	37976.656250
2652.821289	37525.546875
2649.840820	37407.851563
2646.859375	37529.210938
2643.876953	37419.140625
2640.892578	37248.843750
2637.906250	37515.769531
2634.918945	37277.769531
2631.930664	36845.894531
2628.941406	36830.812500
2625.950195	36514.847656
2622.957031	36686.203125
2619.963867	36991.832031
2616.967773	36545.148438
2613.971680	36670.335938
2610.973633	36584.425781
2607.974609	36261.863281
2604.973633	35892.929688
2601.971680	35793.296875
2598.967773	35801.121094
2595.962891	35617.566406
2592.957031	35331.882813
2589.949219	35247.605469
2586.940430	35067.011719
2583.929688	35023.601563
2580.917969	34556.042969
2577.905273	34477.207031
2574.890625	34565.957031
2571.875000	34092.582031
2568.857422	34001.601563
2565.838867	33590.179688
2562.819336	33838.074219
2559.797852	33280.621094
2556.775391	33057.808594
2553.750977	32945.132813
2550.725586	32793.714844
2547.698242	32383.910156
2544.669922	32237.820313
2541.640625	32201.601563
2538.609375	31710.119141
2535.577148	31496.904297
2532.542969	31502.246094
2529.507813	31192.933594
2526.471680	30960.460938
2523.433594	30455.806641
2520.393555	30347.244141
2517.353516	30346.472656
2514.310547	30140.248047
2511.267578	29848.777344
2508.222656	29556.744141
2505.175781	29374.935547
2502.127930	28961.968750
2499.079102	28589.546875
2496.028320	28431.351563
2492.976563	28162.707031
2489.922852	27791.138672
2486.868164	27626.132813
2483.812500	27391.742188
2480.754883	27197.619141
2477.695313	26942.373047
2474.634766	26744.535156
2471.573242	26360.708984
2468.509766	26057.207031
2465.445313	25989.726563
2462.378906	25755.148438
2459.311523	25466.990234
2456.242188	25061.781250
2453.171875	24953.324219
2450.100586	24489.298828
2447.027344	24336.447266
2443.953125	23943.046875
2440.876953	23691.417969
2437.799805	23418.080078
2434.720703	23339.050781
2431.640625	23242.232422
2428.558594	22964.589844
2425.475586	22590.703125
2422.390625	22300.634766
2419.304688	22172.851563
2416.217773	21724.519531
2413.128906	21729.841797
2410.038086	21337.937500
2406.946289	21040.996094
2403.853516	20739.472656
2400.758789	20844.580078
2397.663086	20227.683594
2394.565430	19998.769531
2391.466797	19945.123047
2388.366211	19745.568359
2385.264648	19322.125000
2382.161133	19156.060547
2379.056641	19030.408203
2375.950195	18649.718750
2372.842773	18649.101563
2369.734375	18502.126953
2366.624023	18110.943359
2363.511719	17965.949219
2360.398438	18003.367188
2357.284180	17677.150391
2354.167969	17359.255859
2351.049805	17214.054688
2347.930664	16984.824219
2344.810547	16876.773438
2341.688477	16559.818359
2338.564453	16365.613281
2335.439453	16227.583984
2332.313477	15847.384766
2329.185547	15827.208008
2326.056641	15553.792969
2322.925781	15536.156250
2319.792969	15223.213867
2316.660156	14955.233398
2313.524414	14802.325195
2310.387695	14578.618164
2307.250000	14539.144531
2304.110352	14283.908203
2300.969727	14140.333984
2297.827148	13951.541992
2294.682617	13877.427734
2291.537109	13651.570313
2288.390625	13428.302734
2285.242188	13279.880859
2282.092773	12976.824219
2278.941406	12904.108398
2275.788086	12805.290039
2272.633789	12525.058594
2269.478516	12358.372070
2266.321289	12281.313477
2263.162109	12057.111328
2260.001953	11938.330078
2256.840820	11671.791016
2253.676758	11636.280273
2250.512695	11432.534180
2247.346680	11285.826172
2244.178711	11199.233398
2241.009766	11010.166992
2237.838867	10843.351563
2234.666992	10698.755859
2231.493164	10380.200195
2228.318359	10362.718750
2225.141602	10209.885742
2221.963867	10190.920898
2218.784180	10010.785156
2215.602539	9817.455078
2212.419922	9732.707031
2209.236328	9558.526367
2206.050781	9408.050781
2202.863281	9174.565430
2199.674805	9155.341797
2196.485352	9080.491211
2193.292969	8926.594727
2190.100586	8891.846680
2186.905273	8774.958984
2183.709961	8565.877930
2180.511719	8464.884766
2177.312500	8291.307617
2174.112305	8345.970703
2170.910156	8055.499512
2167.706055	8036.862793
2164.500977	7907.483398
2161.294922	7795.375000
2158.085938	7709.864258
2154.876953	7593.276367
2151.665039	7454.219238
2148.452148	7323.851074
2145.238281	7340.602051
2142.022461	7202.631836
2138.804688	7158.810547
2135.585938	7064.545410
2132.365234	6934.657227
2129.143555	6780.835938
2125.919922	6707.816406
2122.695313	6648.817383
2119.468750	6460.476074
2116.240234	6343.561523
2113.010742	6361.446777
2109.780273	6266.349609
2106.546875	6138.859863
2103.312500	6140.577148
2100.077148	6024.080566
2096.839844	5912.326172
2093.600586	5794.500977
2090.360352	5831.087891
2087.119141	5699.528809
2083.875000	5613.568359
2080.629883	5602.417969
2077.383789	5379.514160
2074.135742	5337.694336
2070.885742	5337.455566
2067.634766	5218.028809
2064.381836	5126.382813
2061.127930	5103.192871
2057.871094	4946.419434
2054.614258	4891.100098
2051.355469	4892.597168
2048.094727	4859.588379
2044.832031	4681.764648
2041.568359	4542.409668
2038.303711	4599.955078
2035.037109	4516.634277
2031.768555	4416.562988
2028.498047	4340.287109
2025.226563	4215.175293
2021.954102	4153.577637
2018.678711	4148.532227
2015.403320	4071.760986
2012.125000	4065.231201
2008.845703	4009.916016
2005.564453	3887.598633
2002.282227	3819.471680
1998.998047	3765.872070
1995.712891	3668.952637
1992.424805	3665.667725
1989.136719	3581.809326
1985.845703	3578.566650
1982.553711	3464.451416
1979.260742	3443.048584
1975.964844	3370.833252
1972.667969	3319.160645
1969.370117	3281.937744
1966.070313	3258.385986
1962.768555	3172.006104
1959.465820	3099.331787
1956.161133	3096.323730
1952.854492	3005.606445
1949.546875	3018.515137
1946.237305	2936.985352
1942.925781	2884.224609
1939.613281	2848.870850
1936.298828	2818.076172
1932.982422	2739.058105
1929.665039	2708.343750
1926.346680	2768.043457
1923.025391	2616.135010
1919.703125	2629.917969
1916.378906	2506.801514
1913.053711	2581.514160
1909.726563	2460.792480
1906.397461	2507.665039
1903.067383	2471.918945
1899.735352	2464.717285
1896.401367	2354.781494
1893.066406	2367.880371
1889.729492	2302.299072
1886.390625	2248.013428
1883.050781	2217.730469
1879.708984	2210.667725
1876.365234	2143.043457
1873.020508	2133.779785
1869.673828	2076.715332
1866.326172	2029.411865
1862.975586	2041.857056
1859.624023	1982.680176
1856.271484	1963.075073
1852.916016	1919.641846
1849.559570	1872.526001
1846.202148	1848.534058
1842.841797	1813.403076
1839.480469	1842.268066
1836.118164	1810.146484
1832.752930	1758.736938
1829.386719	1743.767212
1826.018555	1710.254028
1822.649414	1674.546997
1819.278320	1652.222534
1815.905273	1648.449463
1812.531250	1630.603394
1809.154297	1577.230835
1805.777344	1563.876465
1802.397461	1503.929688
1799.016602	1464.744141
1795.633789	1455.896729
1792.249023	1457.398804
1788.863281	1408.693848
1785.475586	1360.036011
1782.085938	1408.049072
1778.694336	1355.752075
1775.301758	1309.400757
1771.907227	1333.061768
1768.510742	1307.377930
1765.113281	1280.247192
1761.713867	1282.559082
1758.312500	1206.217773
1754.910156	1211.501465
1751.505859	1200.624268
1748.099609	1186.087524
1744.691406	1124.614014
1741.282227	1135.791504
1737.871094	1123.505371
1734.458008	1142.729126
1731.042969	1079.199707
1727.626953	1065.494629
1724.208984	1072.282837
1720.790039	1005.225403
1717.368164	1024.457886
1713.945313	1012.996155
1710.520508	1011.035217
1707.093750	987.916565
1703.666016	956.069153
1700.236328	943.933350
1696.804688	920.880920
1693.371094	922.609253
1689.936523	922.151978
1686.500000	900.598389
1683.061523	915.420837
1679.622070	845.199524
1676.179688	828.799622
1672.736328	839.278381
1669.291016	811.286499
1665.844727	806.531555
1662.396484	788.732178
1658.945313	772.399292
1655.494141	744.494812
1652.040039	716.617798
1648.584961	737.242432
1645.126953	720.243164
1641.668945	733.617065
1638.208008	715.191101
1634.745117	683.064087
1631.281250	654.577332
1627.815430	692.481445
1624.347656	627.248108
1620.878906	631.979187
1617.408203	607.895142
1613.935547	623.429077
1610.460938	618.800232
1606.984375	586.127869
1603.506836	580.084167
1600.027344	581.949219
1596.545898	590.275024
1593.062500	546.915222
1589.577148	537.315308
1586.090820	529.158813
1582.602539	520.293579
1579.112305	526.479248
1575.620117	516.907898
1572.126953	479.438263
1568.630859	479.197510
1565.133789	481.816223
1561.634766	475.143555
1558.133789	442.054138
1554.631836	446.828278
1551.127930	445.890015
1547.621094	439.248016
1544.114258	430.474365
1540.604492	440.230347
1537.092773	454.960266
1533.580078	402.781982
1530.065430	405.423920
1526.548828	386.024780
1523.030273	392.224915
1519.509766	382.084137
1515.988281	388.279663
1512.463867	355.447540
1508.938477	346.049316
1505.411133	359.340729
1501.882813	344.282532
1498.351563	334.195679
1494.818359	333.318787
1491.284180	335.979248
1487.748047	330.860199
1484.209961	298.188507
1480.669922	326.287262
1477.128906	291.533051
1473.584961	312.551086
1470.040039	295.468170
1466.493164	270.649506
1462.944336	286.010040
1459.393555	285.864655
1455.840820	278.681824
1452.287109	277.133270
1448.730469	248.871170
1445.172852	255.068451
1441.613281	254.236206
1438.051758	244.981262
1434.488281	232.929260
1430.922852	227.901794
1427.356445	232.691650
1423.787109	240.979111
1420.216797	226.852783
1416.644531	233.035141
1413.070313	202.839783
1409.494141	209.027878
1405.916016	199.837433
1402.336914	199.735168
1398.754883	203.122986
1395.171875	216.274490
1391.585938	184.785065
1387.999023	188.872009
1384.410156	182.505875
1380.819336	176.146164
1377.226563	165.617676
1373.632813	169.705719
1370.036133	176.570114
1366.438477	174.394974
1362.837891	149.999786
1359.236328	158.251678
1355.632813	165.107529
1352.027344	164.329163
1348.419922	158.007401
1344.810547	165.545227
1341.199219	131.537155
1337.585938	141.156540
1333.970703	146.616409
1330.354492	132.716141
1326.735352	136.101974
1323.115234	136.722183
1319.493164	138.031845
1315.869141	121.405228
1312.242188	118.584648
1308.614258	132.305069
1304.984375	123.283051
1301.353516	117.712196
1297.719727	114.899132
1294.083984	113.464249
1290.446289	112.718102
1286.807617	109.224876
1283.166016	107.794998
1279.523438	107.052788
1275.877930	100.824257
1272.231445	93.231102
1268.582031	106.200783
1264.931641	112.993637
1261.279297	93.085678
1257.625000	88.932632
1253.968750	88.202568
1250.310547	84.056290
1246.650391	94.257889
1242.988281	87.382004
1239.324219	88.701042
1235.658203	83.199059
1231.990234	84.518806
1228.320313	79.024666
1224.648438	81.706917
1220.975586	64.650810
1217.299805	76.180023
1213.622070	81.578728
1209.943359	78.138664
1206.261719	69.948395
1202.578125	68.554222
1198.893555	72.588661
1195.206055	66.448189
1191.517578	67.768684
1187.826172	68.410423
1184.133789	69.728432
1180.438477	66.308685
1176.742188	52.748547
1173.042969	62.183498
1169.342773	57.421906
1165.639648	47.938919
1161.935547	64.109833
1158.228516	54.633255
1154.520508	52.582054
1150.809570	51.206768
1147.097656	45.118980
1143.382813	48.460461
1139.666992	47.089447
1135.948242	41.685749
1132.227539	47.711662
1128.505859	55.746094
1124.781250	48.332458
1121.055664	42.268505
1117.327148	42.246109
1113.596680	46.245022
1109.865234	44.210911
1106.130859	40.170410
1102.394531	42.825691
1098.657227	43.471745
1094.916992	35.427357
1091.174805	44.093632
1087.430664	35.389690
1083.684570	37.372986
1079.936523	42.689243
1076.186523	37.333191
1072.434570	40.644844
1068.680664	35.295544
1064.924805	28.620733
1061.166992	33.927406
1057.406250	29.919964
1053.644531	27.910381
1049.880859	34.537243
1046.114258	29.872019
1042.346680	27.865635
1038.576172	27.187609
1034.803711	33.800625
1031.030273	30.470505
1027.253906	29.130077
1023.475586	28.452765
1019.695313	31.744184
1015.913086	20.490448
1012.128906	31.049479
1008.342773	29.712250
1004.553711	27.056608
