4046.277344	285.101929
4043.892578	298.728119
4041.505859	305.944672
4039.119141	300.587311
4036.731445	278.483215
4034.342773	300.350159
4031.952148	292.908875
4029.561523	305.341461
4027.169922	320.899994
4024.777344	325.997467
4022.383789	323.779694
4019.989258	345.576416
4017.593750	319.349060
4015.197266	343.216522
4012.799805	348.294617
4010.401367	315.842682
4008.001953	348.018677
4005.601563	371.836578
4003.201172	351.907349
4000.798828	343.441864
3998.395508	359.950684
3995.991211	357.727966
3993.585938	364.862366
3991.180664	376.147308
3988.773438	373.920471
3986.365234	378.963074
3983.957031	406.834076
3981.546875	392.148193
3979.135742	414.806488
3976.724609	383.543213
3974.311523	394.788544
3971.898438	406.024780
3969.483398	406.898315
3967.068359	423.295288
3964.651367	420.022827
3962.234375	418.821106
3959.815430	428.991058
3957.396484	432.952972
3954.975586	432.780029
3952.554688	450.159149
3950.131836	458.235718
3947.708984	467.337311
3945.284180	448.588104
3942.859375	459.747681
3940.432617	488.415161
3938.005859	467.619598
3935.577148	480.816895
3933.148438	478.565857
3930.718750	503.064301
3928.287109	480.238892
3925.855469	500.604980
3923.421875	498.349030
3920.988281	509.447205
3918.552734	523.616455
3916.117188	533.668945
3913.680664	557.049622
3911.242188	565.029358
3908.803711	523.800171
3906.363281	552.279358
3903.922852	573.565796
3901.480469	568.215881
3899.038086	594.595459
3896.593750	599.470947
3894.149414	599.229370
3891.703125	598.987854
3889.256836	598.746338
3886.808594	638.337036
3884.360352	610.514465
3881.910156	618.432129
3879.459961	636.544312
3877.007813	639.346313
3874.555664	627.875916
3872.101563	663.282471
3869.646484	658.940491
3867.191406	683.107056
3864.734375	696.059875
3862.277344	703.915955
3859.818359	685.328430
3857.358398	694.198486
3854.897461	717.284912
3852.436523	718.009766
3849.973633	763.401001
3847.509766	748.884949
3845.044922	715.108032
3842.579102	741.179932
3840.113281	778.379150
3837.645508	782.115479
3835.176758	796.988220
3832.707031	800.713501
3830.236328	813.542358
3827.764648	803.097046
3825.291992	854.333801
3822.818359	846.911804
3820.343750	857.679565
3817.868164	813.908508
3815.390625	881.206970
3812.913086	878.830017
3810.434570	866.369019
3807.955078	887.187378
3805.473633	910.004028
3802.992188	936.831238
3800.509766	890.130005
3798.025391	950.158142
3795.541016	951.782471
3793.054688	994.638977
3790.568359	973.121582
3788.080078	976.743469
3785.591797	1005.473816
3783.101563	982.973389
3780.610352	1007.662537
3778.119141	1069.450928
3775.625977	1055.976563
3773.131836	1062.561157
3770.636719	1092.186157
3768.140625	1118.781860
3765.643555	1126.332886
3763.145508	1136.879761
3760.646484	1126.409912
3758.146484	1159.946411
3755.645508	1143.477783
3753.143555	1166.987671
3750.639648	1171.502197
3748.135742	1256.876099
3745.630859	1254.364014
3743.124023	1240.881104
3740.617188	1266.295288
3738.108398	1316.604980
3735.599609	1272.227905
3733.088867	1304.567627
3730.577148	1293.080933
3728.064453	1348.270508
3725.551758	1398.441162
3723.037109	1374.998169
3720.521484	1396.295410
3718.004883	1396.713257
3715.487305	1409.046265
3712.967773	1416.405884
3710.448242	1469.398560
3707.927734	1414.245605
3705.406250	1446.376343
3702.882813	1504.244507
3700.359375	1510.557007
3697.833984	1521.814331
3695.308594	1534.051758
3692.781250	1533.417603
3690.252930	1634.639526
3687.723633	1585.527710
3685.193359	1616.490112
3682.662109	1619.771851
3680.129883	1618.114014
3677.596680	1668.760132
3675.062500	1666.096069
3672.527344	1692.028564
3669.990234	1710.054077
3667.453125	1718.212036
3664.915039	1740.150024
3662.375000	1771.913330
3659.833984	1884.336792
3657.292969	1822.572754
3654.750000	1792.320923
3652.206055	1858.404541
3649.661133	1875.314941
3647.115234	1894.174561
3644.568359	1918.907349
3642.019531	1932.826416
3639.470703	1938.887695
3636.920898	1978.274048
3634.369141	1972.551270
3631.817383	2021.684692
3629.263672	2083.504883
3626.708984	2070.892822
3624.153320	2073.943359
3621.596680	2069.167725
3619.039063	2121.087891
3616.480469	2174.918701
3613.920898	2214.053955
3611.360352	2225.821533
3608.797852	2202.448486
3606.235352	2299.071533
3603.670898	2263.011230
3601.105469	2354.653809
3598.540039	2314.702148
3595.972656	2372.162598
3593.404297	2395.505859
3590.834961	2455.802002
3588.264648	2474.226318
3585.692383	2580.129639
3583.120117	2516.857422
3580.545898	2571.171143
3577.971680	2644.857666
3575.395508	2659.278564
3572.818359	2654.284180
3570.240234	2678.384766
3567.661133	2737.360107
3565.081055	2749.777344
3562.500000	2790.270020
3559.917969	2827.823730
3557.333984	2853.732666
3554.750000	2868.978760
3552.164063	2938.356934
3549.577148	2977.715088
3546.989258	3029.598145
3544.400391	3024.462646
3541.810547	3025.122070
3539.219727	3074.987793
3536.626953	3167.246094
3534.034180	3148.561279
3531.439453	3202.164063
3528.844727	3303.882080
3526.248047	3246.647705
3523.650391	3316.499756
3521.051758	3414.190430
3518.451172	3432.946045
3515.850586	3439.188965
3513.249023	3481.936279
3510.645508	3506.398926
3508.041016	3566.359619
3505.436523	3629.147217
3502.830078	3663.105713
3500.222656	3721.962402
3497.613281	3698.348633
3495.003906	3813.658691
3492.393555	3845.562500
3489.781250	3908.067383
3487.167969	3922.680664
3484.553711	4001.355469
3481.938477	4039.813232
3479.322266	4126.969727
3476.705078	4095.614746
3474.086914	4172.169434
3471.466797	4157.997559
3468.845703	4225.873535
3466.224609	4375.693359
3463.601563	4413.870605
3460.977539	4414.858398
3458.351563	4445.365723
3455.725586	4572.940430
3453.098633	4653.781738
3450.469727	4659.416504
3447.839844	4742.051270
3445.208984	4784.702637
3442.577148	4814.967773
3439.944336	4884.134766
3437.310547	4898.194824
3434.674805	4989.084473
3432.039063	5096.964355
3429.401367	5032.238770
3426.762695	5161.797363
3424.123047	5198.432129
3421.481445	5269.113770
3418.839844	5399.348633
3416.197266	5346.920410
3413.552734	5535.625977
3410.907227	5466.170898
3408.260742	5673.554688
3405.613281	5726.848633
3402.963867	5744.229004
3400.314453	5840.842285
3397.663086	5876.073730
3395.011719	5986.685059
3392.358398	6078.354980
3389.704102	5999.473633
3387.047852	6081.642090
3384.391602	6221.141602
3381.733398	6337.945313
3379.075195	6359.684570
3376.415039	6456.589355
3373.753906	6472.619629
3371.090820	6621.974609
3368.427734	6648.241211
3365.762695	6867.756348
3363.097656	6839.498047
3360.430664	6909.690918
3357.762695	6963.892090
3355.092773	7002.123047
3352.422852	7136.748535
3349.750977	7126.206055
3347.079102	7341.104492
3344.405273	7508.131348
3341.729492	7524.541016
3339.053711	7591.381348
3336.376953	7618.942383
3333.698242	7742.618652
3331.018555	7782.215820
3328.337891	7995.242188
3325.656250	7983.420898
3322.973633	8041.493164
3320.289063	8127.455566
3317.604492	8223.583008
3314.917969	8268.442383
3312.230469	8513.254883
3309.541016	8517.034180
3306.851563	8637.914063
3304.160156	8735.460938
3301.467773	8837.565430
3298.774414	8809.630859
3296.080078	8976.556641
3293.384766	9083.982422
3290.687500	9154.232422
3287.990234	9173.456055
3285.291016	9347.337891
3282.589844	9467.370117
3279.888672	9520.666016
3277.186523	9702.490234
3274.482422	9786.145508
3271.777344	10015.752930
3269.071289	9990.185547
3266.364258	10125.311523
3263.655273	10255.703125
3260.945313	10409.044922
3258.234375	10461.729492
3255.522461	10687.667969
3252.809570	10680.287109
3250.095703	10888.430664
3247.379883	10961.979492
3244.663086	11031.780273
3241.945313	11057.364258
3239.226563	11282.442383
3236.505859	11293.185547
3233.784180	11521.634766
3231.061523	11610.309570
3228.337891	11778.757813
3225.613281	11770.905273
3222.886719	12001.490234
3220.160156	12076.957031
3217.431641	12275.133789
3214.702148	12333.924805
3211.970703	12390.829102
3209.239258	12673.703125
3206.505859	12670.951172
3203.771484	12926.022461
3201.035156	13134.261719
3198.298828	13261.929688
3195.560547	13212.343750
3192.821289	13451.208008
3190.081055	13688.035156
3187.339844	13629.199219
3184.596680	13708.958008
3181.853516	13846.954102
3179.108398	14105.039063
3176.361328	14194.489258
3173.614258	14388.497070
3170.865234	14604.160156
3168.115234	14535.076172
3165.364258	14742.300781
3162.612305	14893.024414
3159.858398	14960.990234
3157.104492	14933.600586
3154.347656	15337.125000
3151.590820	15461.013672
3148.833008	15643.704102
3146.073242	15712.078125
3143.312500	15728.771484
3140.550781	15827.816406
3137.787109	16152.964844
3135.023438	16350.305664
3132.257813	16512.214844
3129.491211	16726.386719
3126.722656	16674.826172
3123.954102	16731.642578
3121.183594	17195.388672
3118.412109	17097.673828
3115.638672	17210.117188
3112.865234	17422.492188
3110.089844	17360.824219
3107.313477	17640.470703
3104.536133	17715.556641
3101.756836	17720.400391
3098.976563	17996.808594
3096.195313	18183.083984
3093.413086	18350.324219
3090.628906	18446.462891
3087.844727	18487.753906
3085.058594	18677.953125
3082.270508	18985.474609
3079.482422	19247.894531
3076.692383	19366.703125
3073.901367	19527.498047
3071.109375	19627.265625
3068.315430	19728.730469
3065.520508	19890.033203
3062.724609	19993.068359
3059.927734	20130.865234
3057.128906	20507.060547
3054.329102	20391.789063
3051.528320	20616.683594
3048.726563	20973.416016
3045.922852	20820.619141
3043.118164	21210.808594
3040.312500	21270.087891
3037.505859	21389.869141
3034.697266	21469.480469
3031.887695	21825.750000
3029.077148	21970.015625
3026.264648	21988.791016
3023.452148	21975.550781
3020.637695	22360.259766
3017.821289	22556.392578
3015.004883	22684.011719
3012.186523	22643.851563
3009.367188	23078.988281
3006.545898	23194.666016
3003.724609	23296.945313
3000.901367	23505.390625
2998.077148	23735.773438
2995.250977	23842.080078
2992.423828	23765.226563
2989.595703	23848.431641
2986.766602	24385.710938
2983.935547	24353.740234
2981.104492	24576.033203
2978.270508	24624.289063
2975.436523	24797.742188
2972.600586	24988.666016
2969.763672	24849.833984
2966.925781	25259.000000
2964.085938	25381.650391
2961.245117	25545.546875
2958.403320	25727.763672
2955.560547	25851.777344
2952.715820	26032.804688
2949.870117	26128.447266
2947.023438	26383.814453
2944.174805	26433.558594
2941.325195	26656.087891
2938.474609	26767.914063
2935.622070	26835.806641
2932.768555	27083.246094
2929.914063	27217.482422
2927.058594	27538.048828
2924.201172	27337.695313
2921.342773	27814.464844
2918.483398	27920.128906
2915.622070	28037.052734
2912.759766	28310.208984
2909.896484	28558.669922
2907.032227	28479.648438
2904.166016	28697.267578
2901.298828	28856.265625
2898.429688	28870.443359
2895.559570	29400.302734
2892.688477	29306.236328
2889.816406	29693.546875
2886.942383	29642.916016
2884.067383	29995.798828
2881.191406	30084.998047
2878.314453	29816.166016
2875.435547	30427.259766
2872.554688	30582.089844
2869.673828	30817.460938
2866.791016	31189.638672
2863.907227	31265.876953
2861.021484	31511.865234
2858.134766	31606.925781
2855.247070	31868.105469
2852.358398	32001.843750
2849.467773	32260.000000
2846.576172	32294.000000
2843.682617	32409.191406
2840.789063	32803.265625
2837.893555	32889.613281
2834.996094	32855.921875
2832.097656	32941.285156
2829.198242	33372.316406
2826.297852	33521.992188
2823.395508	33584.515625
2820.492188	33803.691406
2817.587891	33960.687500
2814.681641	34085.703125
2811.774414	34168.460938
2808.866211	34218.472656
2805.956055	34411.042969
2803.044922	34748.562500
2800.131836	34793.925781
2797.218750	35070.031250
2794.303711	35004.554688
2791.386719	35232.292969
2788.468750	35355.285156
2785.549805	35438.757813
2782.629883	35534.128906
2779.708008	35588.332031
2776.785156	35813.535156
2773.860352	36023.988281
2770.935547	36122.300781
2768.007813	36206.847656
2765.080078	36203.371094
2762.150391	36505.390625
2759.219727	36793.480469
2756.287109	36964.496094
2753.353516	36785.082031
2750.418945	36866.480469
2747.482422	36831.996094
2744.544922	37062.214844
2741.606445	37319.433594
2738.666016	37409.750000
2735.724609	37471.929688
2732.782227	37143.253906
2729.837891	37497.582031
2726.892578	37734.445313
2723.945313	38016.898438
2720.997070	37695.308594
2718.047852	37715.585938
2715.097656	37680.765625
2712.145508	37834.808594
2709.191406	38025.949219
2706.237305	37886.929688
2703.281250	38123.515625
2700.323242	37886.500000
2697.364258	38020.609375
2694.404297	38434.984375
2691.443359	38214.992188
2688.480469	38175.761719
2685.515625	37803.406250
2682.550781	37951.523438
2679.583984	38413.804688
2676.615234	37901.996094
2673.646484	38322.601563
2670.674805	38033.429688
2667.703125	37938.808594
2664.729492	37984.664063
2661.754883	37955.671875
2658.778320	37751.140625
2655.800781	37689.511719
2652.821289	37604.433594
2649.840820	37470.761719
2646.859375	37562.750000
2643.876953	37476.128906
2640.892578	37309.160156
2637.906250	37536.703125
2634.918945	37323.800781
2631.930664	36980.578125
2628.941406	36984.667969
2625.950195	36967.843750
2622.957031	36859.968750
2619.963867	36854.050781
2616.967773	36485.890625
2613.971680	36518.500000
2610.973633	36243.363281
2607.974609	35895.121094
2604.973633	36017.898438
2601.971680	35758.320313
2598.967773	35526.437500
2595.962891	35595.937500
2592.957031	35313.585938
2589.949219	35241.785156
2586.940430	34756.273438
2583.929688	34742.074219
2580.917969	34382.554688
2577.905273	34275.585938
2574.890625	34322.132813
2571.875000	34056.105469
2568.857422	33687.570313
2565.838867	33287.886719
2562.819336	33379.457031
2559.797852	33015.011719
2556.775391	32621.943359
2553.750977	32186.234375
2550.725586	32269.009766
2547.698242	31982.507813
2544.669922	31608.750000
2541.640625	31569.519531
2538.609375	31196.271484
2535.577148	31034.406250
2532.542969	30989.693359
2529.507813	30594.130859
2526.471680	30313.357422
2523.433594	29934.906250
2520.393555	29780.521484
2517.353516	29476.634766
2514.310547	29478.718750
2511.267578	29078.306641
2508.222656	29002.554688
2505.175781	28680.671875
2502.127930	28423.054688
2499.079102	28241.093750
2496.028320	27865.068359
2492.976563	27535.250000
2489.922852	27037.060547
2486.868164	27154.746094
2483.812500	26846.949219
2480.754883	26445.400391
2477.695313	26282.033203
2474.634766	25942.363281
2471.573242	25780.177734
2468.509766	25532.439453
2465.445313	25211.503906
2462.378906	25034.361328
2459.311523	24859.001953
2456.242188	24411.714844
2453.171875	24133.380859
2450.100586	23754.376953
2447.027344	23767.001953
2443.953125	23377.929688
2440.876953	22957.511719
2437.799805	22717.007813
2434.720703	22676.466797
2431.640625	22483.373047
2428.558594	22452.697266
2425.475586	21882.818359
2422.390625	21504.734375
2419.304688	21445.367188
2416.217773	21160.941406
2413.128906	21028.123047
2410.038086	20600.136719
2406.946289	20259.064453
2403.853516	20052.468750
2400.758789	20069.835938
2397.663086	19709.273438
2394.565430	19433.787109
2391.466797	19090.783203
2388.366211	18913.394531
2385.264648	18672.492188
2382.161133	18532.509766
2379.056641	18319.375000
2375.950195	18045.259766
2372.842773	17993.433594
2369.734375	17648.146484
2366.624023	17447.847656
2363.511719	17246.925781
2360.398438	16954.642578
2357.284180	16912.244141
2354.167969	16694.183594
2351.049805	16435.425781
2347.930664	16229.800781
2344.810547	15970.687500
2341.688477	15981.666992
2338.564453	15712.493164
2335.439453	15513.166992
2332.313477	15436.367188
2329.185547	15178.198242
2326.056641	15074.453125
2322.925781	14874.975586
2319.792969	14576.708008
2316.660156	14386.414063
2313.524414	14096.617188
2310.387695	13990.404297
2307.250000	13849.232422
2304.110352	13677.132813
2300.969727	13416.841797
2297.827148	13319.081055
2294.682617	13288.202148
2291.537109	13053.082031
2288.390625	12998.514648
2285.242188	12635.103516
2282.092773	12526.008789
2278.941406	12332.126953
2275.788086	12197.099609
2272.633789	12043.965820
2269.478516	11839.478516
2266.321289	11716.737305
2263.162109	11461.141602
2260.001953	11337.892578
2256.840820	11170.476563
2253.676758	11146.265625
2250.512695	11058.084961
2247.346680	10734.681641
2244.178711	10657.819336
2241.009766	10443.762695
2237.838867	10374.198242
2234.666992	10116.333984
2231.493164	10035.952148
2228.318359	9972.178711
2225.141602	9720.365234
2221.963867	9565.541992
2218.784180	9517.793945
2215.602539	9382.066406
2212.419922	9189.906250
2209.236328	9104.704102
2206.050781	9045.478516
2202.863281	8860.012695
2199.674805	8750.772461
2196.485352	8585.990234
2193.292969	8436.243164
2190.100586	8358.665039
2186.905273	8364.109375
2183.709961	8264.731445
2180.511719	8030.187012
2177.312500	7945.901855
2174.112305	7868.723145
2170.910156	7661.234375
2167.706055	7680.241211
2164.500977	7545.570313
2161.294922	7544.338867
2158.085938	7303.097168
2154.876953	7290.292969
2151.665039	7132.695313
2148.452148	7065.508789
2145.238281	6989.049805
2142.022461	6883.119629
2138.804688	6815.361816
2135.585938	6677.766113
2132.365234	6641.993164
2129.143555	6482.879395
2125.919922	6404.572266
2122.695313	6374.399414
2119.468750	6200.135254
2116.240234	6074.050781
2113.010742	6044.070801
2109.780273	5971.562500
2106.546875	5809.412109
2103.312500	5779.594238
2100.077148	5814.701660
2096.839844	5626.594727
2093.600586	5558.305664
2090.360352	5460.762207
2087.119141	5410.349609
2083.875000	5378.481445
2080.629883	5254.192871
2077.383789	5191.624023
2074.135742	5159.899414
2070.885742	5057.427734
2067.634766	4971.199219
2064.381836	4949.611328
2061.127930	4798.215332
2057.871094	4797.458496
2054.614258	4673.137695
2051.355469	4615.672363
2048.094727	4525.290039
2044.832031	4552.247559
2041.568359	4426.742676
2038.303711	4361.841797
2035.037109	4332.203613
2031.768555	4232.220703
2028.498047	4181.262695
2025.226563	4071.510742
2021.954102	4004.635498
2018.678711	3972.177490
2015.403320	3924.487793
2012.125000	3885.232178
2008.845703	3810.182617
2005.564453	3681.103271
2002.282227	3670.196045
1998.998047	3598.398438
1995.712891	3578.408203
1992.424805	3564.519775
1989.136719	3439.661865
1985.845703	3381.023926
1982.553711	3404.457520
1979.260742	3292.756836
1975.964844	3264.617432
1972.667969	3137.164307
1969.370117	3188.709473
1966.070313	3100.050049
1962.768555	3053.122070
1959.465820	2988.830566
1956.161133	2944.268799
1952.854492	2933.774414
1949.546875	2943.694580
1946.237305	2883.352295
1942.925781	2766.439453
1939.613281	2768.876221
1936.298828	2745.663086
1932.982422	2659.894531
1929.665039	2640.522217
1926.346680	2597.064941
1923.025391	2538.592041
1919.703125	2565.204590
1916.378906	2522.595947
1913.053711	2457.475098
1909.726563	2427.731445
1906.397461	2384.497314
1903.067383	2316.532471
1899.735352	2288.398193
1896.401367	2260.290283
1893.066406	2238.205322
1889.729492	2252.851807
1886.390625	2123.706055
1883.050781	2151.116211
1879.708984	2101.443604
1876.365234	2060.791260
1873.020508	2027.651367
1869.673828	2025.917847
1866.326172	1982.372437
1862.975586	1949.316772
1859.624023	1891.676758
1856.271484	1872.116089
1852.916016	1823.510742
1849.559570	1807.724976
1846.202148	1841.089233
1842.841797	1764.291626
1839.480469	1751.530640
1836.118164	1743.241699
1832.752930	1727.529907
1829.386719	1662.817261
1826.018555	1656.808594
1822.649414	1589.966431
1819.278320	1578.806885
1815.905273	1572.846191
1812.531250	1515.031250
1809.154297	1503.182373
1805.777344	1493.564941
1802.397461	1442.529663
1799.016602	1442.562256
1795.633789	1399.730103
1792.249023	1396.089111
1788.863281	1372.516724
1785.475586	1323.876709
1782.085938	1290.773071
1778.694336	1322.577026
1775.301758	1282.136963
1771.907227	1288.871948
1768.510742	1251.431519
1765.113281	1239.043823
1761.713867	1178.865845
1758.312500	1189.311523
1754.910156	1182.113892
1751.505859	1159.502075
1748.099609	1123.700562
1744.691406	1126.081177
1741.282227	1091.063721
1737.871094	1093.457275
1734.458008	1050.431763
1731.042969	1042.591797
1727.626953	1028.904785
1724.208984	1019.619507
1720.790039	1002.301147
1717.368164	988.653015
1713.945313	957.489502
1710.520508	940.226257
1707.093750	928.087036
1703.666016	918.876526
1700.236328	934.457520
1696.804688	912.138367
1693.371094	890.569153
1689.936523	869.020874
1686.500000	822.759888
1683.061523	818.716309
1679.622070	843.019287
1676.179688	807.734619
1672.736328	822.579956
1669.291016	772.100952
1665.844727	745.606567
1662.396484	745.235901
1658.945313	736.170410
1655.494141	709.008179
1652.040039	719.513184
1648.584961	709.749573
1645.126953	708.672974
1641.668945	688.082214
1638.208008	660.287537
1634.745117	668.622986
1631.281250	640.865112
1627.815430	629.725342
1624.347656	626.527100
1620.878906	613.243225
1617.408203	577.644409
1613.935547	577.355774
1610.460938	572.030457
1606.984375	577.497803
1603.506836	569.301880
1600.027344	548.181763
1596.545898	542.880676
1593.062500	535.431396
1589.577148	510.772339
1586.090820	516.252502
1582.602539	504.527100
1579.112305	497.111053
1575.620117	486.838470
1572.126953	475.144806
1568.630859	472.045319
1565.133789	440.354279
1561.634766	483.717590
1558.133789	427.057129
1554.631836	429.697479
1551.127930	406.651703
1547.621094	411.438477
1544.114258	422.634583
1540.604492	414.585876
1537.092773	408.681030
1533.580078	399.935455
1530.065430	379.818207
1526.548828	368.251984
1523.030273	365.934448
1519.509766	358.647766
1515.988281	361.305939
1512.463867	348.352783
1508.938477	359.522552
1505.411133	329.572845
1501.882813	330.822906
1498.351563	337.027832
1494.818359	317.749756
1491.284180	293.539764
1487.748047	306.116394
1484.209961	295.362091
1480.669922	309.337280
1477.128906	280.944702
1473.584961	291.385101
1470.040039	273.607758
1466.493164	274.878418
1462.944336	276.147644
1459.393555	254.180145
1455.840820	247.013443
1452.287109	253.921600
1448.730469	238.325790
1445.172852	241.717758
1441.613281	246.510788
1438.051758	235.855881
1434.488281	241.348389
1430.922852	232.810440
1427.356445	224.981995
1423.787109	210.156204
1420.216797	213.549698
1416.644531	216.939621
1413.070313	205.637573
1409.494141	204.134247
1405.916016	198.439972
1402.336914	214.401031
1398.754883	187.766617
1395.171875	196.042358
1391.585938	188.271576
1387.999023	174.933121
1384.410156	180.416107
1380.819336	165.702713
1377.226563	172.576401
1373.632813	157.186447
1370.036133	168.228226
1366.438477	169.531372
1362.837891	161.110886
1359.236328	170.745224
1355.632813	156.782791
1352.027344	147.688232
1348.419922	146.919159
1344.810547	147.536118
1341.199219	139.844772
1337.585938	148.075974
1333.970703	127.251976
1330.354492	128.568756
1326.735352	132.647614
1323.115234	129.817032
1319.493164	122.848351
1315.869141	118.646019
1312.242188	121.342430
1308.614258	124.725090
1304.984375	117.773193
1301.353516	104.633064
1297.719727	105.954887
1294.083984	106.587624
1290.446289	103.095825
1286.807617	111.285721
1283.166016	107.794998
1279.523438	104.994080
1275.877930	97.394859
1272.231445	93.231102
1268.582031	88.386459
1264.931641	86.286049
1261.279297	93.085678
1257.625000	88.932632
1253.968750	77.946449
1250.310547	80.639374
1246.650391	84.695496
1242.988281	81.920631
1239.324219	75.737045
1235.658203	83.881012
1231.990234	79.065979
1228.320313	90.605865
1224.648438	71.493553
1220.975586	76.900444
1217.299805	67.337700
1213.622070	67.302452
1209.943359	74.741333
1206.261719	69.269287
1202.578125	63.802940
1198.893555	64.447876
1195.206055	53.565380
1191.517578	65.735626
1187.826172	61.637115
1184.133789	62.958683
1180.438477	60.895729
1176.742188	54.101070
1173.042969	60.155777
1169.342773	62.150768
1165.639648	63.468430
1161.935547	54.662067
1158.228516	56.656708
1154.520508	47.863152
1150.809570	47.164127
1147.097656	51.853153
1143.382813	48.460461
1139.666992	49.107563
1135.948242	49.753960
1132.227539	49.727646
1128.505859	48.358055
1124.781250	42.962185
1121.055664	47.635933
1117.327148	38.893246
1113.596680	48.925892
1109.865234	37.512287
1106.130859	40.839916
1102.394531	42.825691
1098.657227	36.114986
1094.916992	38.769562
1091.174805	40.753208
1087.430664	28.712391
1083.684570	32.701363
1079.936523	34.685009
1076.186523	37.333191
1072.434570	45.975315
1068.680664	34.629589
1064.924805	39.270309
1061.166992	40.579838
1057.406250	35.239067
1053.644531	32.562111
1049.880859	30.552177
1046.114258	27.880550
1042.346680	27.865635
1038.576172	31.829395
1034.803711	31.812351
1031.030273	33.120113
1027.253906	35.750549
1023.475586	27.129379
1019.695313	30.421511
1015.913086	28.422234
1012.128906	31.049479
1008.342773	20.468439
1004.553711	31.676029
