4046.277344	212.778290
4043.892578	229.548981
4041.505859	191.739304
4039.119141	227.273331
4036.731445	229.277542
4034.342773	226.047516
4031.952148	245.834229
4029.561523	227.960419
4027.169922	234.142014
4024.777344	239.273788
4022.383789	262.157104
4019.989258	242.216690
4017.593750	242.120850
4015.197266	240.981812
4012.799805	242.971985
4010.401367	256.426758
4008.001953	265.702881
4005.601563	252.057281
4003.201172	252.998474
4000.798828	261.223969
3998.395508	256.959015
3995.991211	267.256073
3993.585938	268.189423
3991.180664	270.161041
3988.773438	269.015015
3986.365234	288.634888
3983.957031	289.557922
3981.546875	298.779572
3979.135742	298.660675
3976.724609	271.590057
3974.311523	304.639984
3971.898438	293.125031
3969.483398	296.114288
3967.068359	290.821472
3964.651367	292.774536
3962.234375	300.930725
3959.815430	296.675751
3957.396484	294.490692
3954.975586	306.767700
3952.554688	329.359558
3950.131836	329.227905
3947.708984	332.191193
3945.284180	336.183258
3942.859375	340.172028
3940.432617	325.610107
3938.005859	334.749695
3935.577148	357.266510
3933.148438	362.269226
3930.718750	346.692566
3928.287109	357.865387
3925.855469	350.526276
3923.421875	384.293915
3920.988281	346.136505
3918.552734	388.092163
3916.117188	368.436829
3913.680664	386.754517
3911.242188	365.064362
3908.803711	391.568848
3906.363281	409.854797
3903.922852	392.278046
3901.480469	373.691528
3899.038086	408.336670
3896.593750	422.494019
3894.149414	420.278625
3891.703125	436.463837
3889.256836	424.026825
3886.808594	489.221497
3884.360352	418.580139
3881.910156	424.534271
3879.459961	441.704620
3877.007813	439.486847
3874.555664	454.598450
3872.101563	466.641144
3869.646484	485.803131
3867.191406	514.111877
3864.734375	514.921509
3862.277344	518.781982
3859.818359	488.067749
3857.358398	485.837280
3854.897461	494.784332
3852.436523	481.381378
3849.973633	525.853333
3847.509766	540.861328
3845.044922	560.928711
3842.579102	562.728943
3840.113281	544.257263
3837.645508	564.298340
3835.176758	592.424500
3832.707031	591.171570
3830.236328	583.848206
3827.764648	596.759766
3825.291992	600.561279
3822.818359	592.231873
3820.343750	623.307800
3817.868164	644.260071
3815.390625	613.715698
3812.913086	649.789368
3810.434570	613.215759
3807.955078	630.104675
3805.473633	642.948608
3802.992188	621.532104
3800.509766	661.555908
3798.025391	674.370728
3795.541016	684.156555
3793.054688	703.991211
3790.568359	683.597778
3788.080078	723.513672
3785.591797	727.235779
3783.101563	736.979004
3780.610352	728.648438
3778.119141	749.418274
3775.625977	749.111572
3773.131836	786.896729
3770.636719	788.578491
3768.140625	770.226746
3765.643555	782.926514
3763.145508	769.595520
3760.646484	807.293823
3758.146484	824.961853
3755.645508	841.615601
3753.143555	837.273682
3750.639648	857.903137
3748.135742	819.614990
3745.630859	860.192322
3743.124023	854.851379
3740.617188	915.322083
3738.108398	895.012268
3735.599609	906.599365
3733.088867	934.110229
3730.577148	914.812439
3728.064453	961.202454
3725.551758	949.865784
3723.037109	978.306763
3720.521484	958.027588
3718.004883	1000.348694
3715.487305	1022.774963
3712.967773	1011.434875
3710.448242	1022.923645
3707.927734	1042.336670
3705.406250	1074.620972
3702.882813	1042.467163
3700.359375	1082.648315
3697.833984	1055.467896
3695.308594	1108.476074
3692.781250	1112.964355
3690.252930	1112.504150
3687.723633	1133.790771
3685.193359	1109.607788
3682.662109	1153.593628
3680.129883	1178.784790
3677.596680	1173.362427
3675.062500	1191.618652
3672.527344	1167.460205
3669.990234	1205.415649
3667.453125	1197.034180
3664.915039	1222.142700
3662.375000	1236.401733
3659.833984	1321.495728
3657.292969	1294.390503
3654.750000	1308.600708
3652.206055	1365.057495
3649.661133	1359.578735
3647.115234	1351.158203
3644.568359	1371.208984
3642.019531	1379.468994
3639.470703	1405.374878
3636.920898	1389.105225
3634.369141	1445.361694
3631.817383	1484.919556
3629.263672	1467.656738
3626.708984	1473.896362
3624.153320	1484.043335
3621.596680	1514.716797
3619.039063	1527.769775
3616.480469	1570.123169
3613.920898	1579.234863
3611.360352	1582.480957
3608.797852	1636.467163
3606.235352	1650.415405
3603.670898	1692.627075
3601.105469	1729.929810
3598.540039	1787.659302
3595.972656	1716.799072
3593.404297	1774.484741
3590.834961	1819.472900
3588.264648	1830.382935
3585.692383	1849.060547
3583.120117	1866.750244
3580.545898	1883.453247
3577.971680	1890.432373
3575.395508	1950.784668
3572.818359	1966.459717
3570.240234	1966.605469
3567.661133	2001.646118
3565.081055	2029.874390
3562.500000	2084.228027
3559.917969	2068.832275
3557.333984	2115.381348
3554.750000	2171.563477
3552.164063	2164.850586
3549.577148	2171.673340
3546.989258	2182.354004
3544.400391	2226.823486
3541.810547	2259.671631
3539.219727	2324.331787
3536.626953	2346.501221
3534.034180	2343.586182
3531.439453	2392.709229
3528.844727	2383.033447
3526.248047	2438.836914
3523.650391	2448.396729
3521.051758	2525.288818
3518.451172	2498.261475
3515.850586	2578.911133
3513.249023	2663.335449
3510.645508	2701.588623
3508.041016	2670.689697
3505.436523	2676.280273
3502.830078	2716.395752
3500.222656	2781.404785
3497.613281	2738.062256
3495.003906	2847.072021
3492.393555	2862.147949
3489.781250	2862.853271
3487.167969	2929.572754
3484.553711	2927.377930
3481.938477	3038.941406
3479.322266	2973.635254
3476.705078	3103.230469
3474.086914	3110.510010
3471.466797	3145.457764
3468.845703	3189.914307
3466.224609	3167.586182
3463.601563	3294.914795
3460.977539	3272.559082
3458.351563	3301.645996
3455.725586	3350.697266
3453.098633	3385.433350
3450.469727	3471.498291
3447.839844	3610.728027
3445.208984	3533.172852
3442.577148	3582.017090
3439.944336	3646.010498
3437.310547	3721.337402
3434.674805	3726.397461
3432.039063	3890.761719
3429.401367	3849.297607
3426.762695	3871.347900
3424.123047	3931.260986
3421.481445	3989.228516
3418.839844	4045.253174
3416.197266	4134.333984
3413.552734	4224.283203
3410.907227	4168.616699
3408.260742	4344.435059
3405.613281	4377.521973
3402.963867	4405.859375
3400.314453	4442.663086
3397.663086	4444.541504
3395.011719	4615.148438
3392.358398	4650.869629
3389.704102	4678.082520
3387.047852	4852.133789
3384.391602	4877.352539
3381.733398	4947.698730
3379.075195	5057.472656
3376.415039	5113.581543
3373.753906	5151.791992
3371.090820	5274.479980
3368.427734	5320.094727
3365.762695	5347.843262
3363.097656	5477.788086
3360.430664	5542.938965
3357.762695	5571.488770
3355.092773	5673.068359
3352.422852	5721.195313
3349.750977	5828.235352
3347.079102	5915.538574
3344.405273	5956.014648
3341.729492	5988.042969
3339.053711	6046.199707
3336.376953	6100.569824
3333.698242	6200.628906
3331.018555	6256.748535
3328.337891	6314.683594
3325.656250	6525.449219
3322.973633	6513.330078
3320.289063	6635.342285
3317.604492	6828.935059
3314.917969	6804.597656
3312.230469	6923.530762
3309.541016	6864.767090
3306.851563	7055.132813
3304.160156	7246.261719
3301.467773	7165.142090
3298.774414	7332.850098
3296.080078	7390.930176
3293.384766	7340.451172
3290.687500	7546.795898
3287.990234	7546.325684
3285.291016	7693.122070
3282.589844	7703.694824
3279.888672	7871.576660
3277.186523	7943.110352
3274.482422	8155.121582
3271.777344	8073.970703
3269.071289	8082.497559
3266.364258	8346.802734
3263.655273	8433.657227
3260.945313	8492.754883
3258.234375	8712.266602
3255.522461	8729.706055
3252.809570	8730.542969
3250.095703	9030.710938
3247.379883	9074.681641
3244.663086	9153.580078
3241.945313	9265.521484
3239.226563	9284.500977
3236.505859	9369.630859
3233.784180	9690.777344
3231.061523	9665.463867
3228.337891	9709.925781
3225.613281	9861.688477
3222.886719	10040.828125
3220.160156	10072.228516
3217.431641	10306.091797
3214.702148	10387.715820
3211.970703	10500.392578
3209.239258	10654.146484
3206.505859	10809.593750
3203.771484	10854.275391
3201.035156	10978.421875
3198.298828	11226.691406
3195.560547	11361.520508
3192.821289	11416.824219
3190.081055	11550.534180
3187.339844	11660.415039
3184.596680	11790.250977
3181.853516	11910.858398
3179.108398	12111.500977
3176.361328	12233.677734
3173.614258	12421.258789
3170.865234	12709.629883
3168.115234	12665.916992
3165.364258	12862.141602
3162.612305	12844.734375
3159.858398	13040.703125
3157.104492	13143.927734
3154.347656	13360.453125
3151.590820	13495.177734
3148.833008	13691.413086
3146.073242	13878.414063
3143.312500	14096.037109
3140.550781	14067.259766
3137.787109	14227.601563
3135.023438	14406.791016
3132.257813	14562.316406
3129.491211	14598.427734
3126.722656	14835.013672
3123.954102	14919.716797
3121.183594	15199.262695
3118.412109	15268.389648
3115.638672	15544.825195
3112.865234	15747.113281
3110.089844	15660.955078
3107.313477	15904.426758
3104.536133	15964.072266
3101.756836	16139.714844
3098.976563	16281.028320
3096.195313	16136.375000
3093.413086	16687.257813
3090.628906	16575.773438
3087.844727	16872.824219
3085.058594	17183.072266
3082.270508	17516.361328
3079.482422	17704.119141
3076.692383	17701.732422
3073.901367	17893.712891
3071.109375	17859.898438
3068.315430	18085.638672
3065.520508	18342.482422
3062.724609	18360.361328
3059.927734	18617.744141
3057.128906	18890.974609
3054.329102	18954.113281
3051.528320	19237.656250
3048.726563	19389.792969
3045.922852	19416.048828
3043.118164	19564.398438
3040.312500	19766.960938
3037.505859	19898.091797
3034.697266	20049.576172
3031.887695	20250.751953
3029.077148	20417.945313
3026.264648	20545.867188
3023.452148	20449.730469
3020.637695	20745.396484
3017.821289	20928.923828
3015.004883	21225.880859
3012.186523	21270.636719
3009.367188	21709.039063
3006.545898	21604.630859
3003.724609	21880.365234
3000.901367	21929.154297
2998.077148	22080.570313
2995.250977	22166.375000
2992.423828	22340.533203
2989.595703	22572.873047
2986.766602	22842.994141
2983.935547	23189.705078
2981.104492	22985.242188
2978.270508	23118.914063
2975.436523	23510.005859
2972.600586	23705.908203
2969.763672	23808.218750
2966.925781	23945.666016
2964.085938	23958.839844
2961.245117	24193.771484
2958.403320	24511.175781
2955.560547	24777.294922
2952.715820	24833.115234
2949.870117	24983.755859
2947.023438	25229.972656
2944.174805	25239.853516
2941.325195	25641.886719
2938.474609	25762.933594
2935.622070	25862.828125
2932.768555	25816.306641
2929.914063	26226.974609
2927.058594	26289.740234
2924.201172	26455.693359
2921.342773	26836.646484
2918.483398	26843.958984
2915.622070	27178.943359
2912.759766	27250.716797
2909.896484	27566.873047
2907.032227	27640.138672
2904.166016	27936.634766
2901.298828	27987.857422
2898.429688	27951.001953
2895.559570	28269.587891
2892.688477	28386.744141
2889.816406	28448.955078
2886.942383	28756.429688
2884.067383	28836.664063
2881.191406	29013.296875
2878.314453	29285.332031
2875.435547	29380.828125
2872.554688	29665.458984
2869.673828	29824.021484
2866.791016	30027.529297
2863.907227	30204.841797
2861.021484	30208.691406
2858.134766	30282.681641
2855.247070	30313.310547
2852.358398	30565.423828
2849.467773	30987.693359
2846.576172	31113.904297
2843.682617	31305.667969
2840.789063	31322.769531
2837.893555	31206.886719
2834.996094	31617.523438
2832.097656	31576.640625
2829.198242	31678.912109
2826.297852	32074.107422
2823.395508	31878.845703
2820.492188	32002.341797
2817.587891	32258.263672
2814.681641	32109.607422
2811.774414	32426.287109
2808.866211	32365.339844
2805.956055	32596.544922
2803.044922	32805.207031
2800.131836	32824.828125
2797.218750	33011.730469
2794.303711	32839.980469
2791.386719	32879.246094
2788.468750	33171.230469
2785.549805	33074.117188
2782.629883	33346.902344
2779.708008	33154.796875
2776.785156	33332.339844
2773.860352	33452.433594
2770.935547	33521.996094
2768.007813	33810.996094
2765.080078	33694.191406
2762.150391	33793.386719
2759.219727	33915.511719
2756.287109	33640.207031
2753.353516	33956.574219
2750.418945	34174.687500
2747.482422	34155.039063
2744.544922	33924.332031
2741.606445	34363.312500
2738.666016	34038.316406
2735.724609	34181.054688
2732.782227	34125.714844
2729.837891	34332.800781
2726.892578	34470.089844
2723.945313	34549.558594
2720.997070	34293.980469
2718.047852	34564.992188
2715.097656	34424.839844
2712.145508	34562.574219
2709.191406	34618.062500
2706.237305	34361.285156
2703.281250	34876.011719
2700.323242	34590.585938
2697.364258	34625.640625
2694.404297	34691.058594
2691.443359	34601.074219
2688.480469	34440.285156
2685.515625	34600.128906
2682.550781	34558.328125
2679.583984	34679.187500
2676.615234	34704.750000
2673.646484	34415.414063
2670.674805	34679.199219
2667.703125	34406.093750
2664.729492	34201.328125
2661.754883	34311.031250
2658.778320	34242.550781
2655.800781	34095.199219
2652.821289	34022.656250
2649.840820	34129.683594
2646.859375	33748.621094
2643.876953	33803.691406
2640.892578	33821.007813
2637.906250	33737.816406
2634.918945	33789.437500
2631.930664	33345.761719
2628.941406	33481.109375
2625.950195	33181.714844
2622.957031	33043.812500
2619.963867	33298.492188
2616.967773	32987.871094
2613.971680	32846.042969
2610.973633	32798.566406
2607.974609	32582.750000
2604.973633	32532.914063
2601.971680	32129.193359
2598.967773	32140.351563
2595.962891	31843.652344
2592.957031	31490.664063
2589.949219	31648.365234
2586.940430	31317.369141
2583.929688	31220.029297
2580.917969	31053.871094
2577.905273	30873.748047
2574.890625	30900.285156
2571.875000	30581.941406
2568.857422	30450.308594
2565.838867	30234.310547
2562.819336	30128.599609
2559.797852	29624.976563
2556.775391	29646.162109
2553.750977	29244.882813
2550.725586	29177.789063
2547.698242	29133.048828
2544.669922	28722.619141
2541.640625	28483.367188
2538.609375	28204.734375
2535.577148	28079.691406
2532.542969	27918.494141
2529.507813	27638.005859
2526.471680	27652.500000
2523.433594	27109.042969
2520.393555	27170.632813
2517.353516	26731.468750
2514.310547	26750.425781
2511.267578	26575.507813
2508.222656	26294.828125
2505.175781	26094.822266
2502.127930	25804.763672
2499.079102	25662.541016
2496.028320	25240.167969
2492.976563	24962.343750
2489.922852	24710.148438
2486.868164	24585.025391
2483.812500	24521.359375
2480.754883	24167.486328
2477.695313	24037.041016
2474.634766	23630.601563
2471.573242	23738.109375
2468.509766	23341.962891
2465.445313	23373.623047
2462.378906	23047.298828
2459.311523	22666.664063
2456.242188	22476.992188
2453.171875	22404.740234
2450.100586	21954.912109
2447.027344	21712.121094
2443.953125	21448.402344
2440.876953	21266.197266
2437.799805	21056.531250
2434.720703	21016.757813
2431.640625	20615.033203
2428.558594	20517.888672
2425.475586	20285.414063
2422.390625	20074.218750
2419.304688	19866.453125
2416.217773	19661.302734
2413.128906	19355.164063
2410.038086	19236.179688
2406.946289	19009.751953
2403.853516	18631.580078
2400.758789	18391.896484
2397.663086	18141.931641
2394.565430	17972.095703
2391.466797	17816.126953
2388.366211	17529.666016
2385.264648	17466.724609
2382.161133	17215.320313
2379.056641	17002.794922
2375.950195	16807.363281
2372.842773	16686.123047
2369.734375	16556.947266
2366.624023	16199.620117
2363.511719	15975.177734
2360.398438	15776.633789
2357.284180	15731.572266
2354.167969	15564.604492
2351.049805	15346.465820
2347.930664	15171.806641
2344.810547	14977.276367
2341.688477	14792.530273
2338.564453	14693.594727
2335.439453	14605.945313
2332.313477	14321.660156
2329.185547	14095.182617
2326.056641	13782.630859
2322.925781	13862.442383
2319.792969	13530.326172
2316.660156	13363.657227
2313.524414	13294.422852
2310.387695	13095.331055
2307.250000	12896.420898
2304.110352	12693.709961
2300.969727	12519.041992
2297.827148	12556.945313
2294.682617	12213.123047
2291.537109	12175.617188
2288.390625	11952.246094
2285.242188	11856.922852
2282.092773	11664.061523
2278.941406	11476.929688
2275.788086	11476.311523
2272.633789	11197.496094
2269.478516	11094.807617
2266.321289	10931.240234
2263.162109	10664.931641
2260.001953	10678.915039
2256.840820	10534.738281
2253.676758	10414.404297
2250.512695	10155.142578
2247.346680	10107.735352
2244.178711	10008.279297
2241.009766	9815.827148
2237.838867	9692.151367
2234.666992	9630.850586
2231.493164	9342.731445
2228.318359	9372.981445
2225.141602	9226.909180
2221.963867	9056.585938
2218.784180	8921.015625
2215.602539	8674.757813
2212.419922	8600.758789
2209.236328	8613.980469
2206.050781	8563.618164
2202.863281	8343.081055
2199.674805	8154.110840
2196.485352	8055.438965
2193.292969	7991.323242
2190.100586	7955.451172
2186.905273	7842.917969
2183.709961	7712.497559
2180.511719	7607.216309
2177.312500	7509.064941
2174.112305	7418.813965
2170.910156	7276.337891
2167.706055	7193.300293
2164.500977	7012.061035
2161.294922	6985.354492
2158.085938	6846.458984
2154.876953	6782.464844
2151.665039	6640.677734
2148.452148	6711.455078
2145.238281	6597.831055
2142.022461	6471.874023
2138.804688	6384.108398
2135.585938	6304.966797
2132.365234	6215.806641
2129.143555	6132.160156
2125.919922	6029.201660
2122.695313	5927.113770
2119.468750	5802.651367
2116.240234	5727.095215
2113.010742	5671.734863
2109.780273	5559.944336
2106.546875	5548.019531
2103.312500	5495.136230
2100.077148	5330.271973
2096.839844	5282.172363
2093.600586	5234.888184
2090.360352	5179.160156
2087.119141	5064.876953
2083.875000	4973.052734
2080.629883	4910.589844
2077.383789	4873.596191
2074.135742	4750.432617
2070.885742	4683.543945
2067.634766	4609.028320
2064.381836	4513.830078
2061.127930	4489.396484
2057.871094	4450.395508
2054.614258	4360.776855
2051.355469	4329.541992
2048.094727	4259.231934
2044.832031	4260.260254
2041.568359	4129.532715
2038.303711	4038.742188
2035.037109	4010.024170
2031.768555	3923.199219
2028.498047	3912.145264
2025.226563	3853.721680
2021.954102	3811.392578
2018.678711	3737.801514
2015.403320	3645.202881
2012.125000	3605.318359
2008.845703	3530.403320
2005.564453	3457.082520
2002.282227	3411.248779
1998.998047	3325.873291
1995.712891	3296.883301
1992.424805	3285.411865
1989.136719	3283.832031
1985.845703	3197.916748
1982.553711	3102.969971
1979.260742	3104.512451
1975.964844	3059.772705
1972.667969	2952.134521
1969.370117	2902.203125
1966.070313	2928.077637
1962.768555	2869.874268
1959.465820	2817.780762
1956.161133	2758.927979
1952.854492	2744.742676
1949.546875	2699.583496
1946.237305	2679.395020
1942.925781	2625.248535
1939.613281	2577.190430
1936.298828	2553.315918
1932.982422	2524.939453
1929.665039	2444.593018
1926.346680	2413.281982
1923.025391	2427.923828
1919.703125	2389.876953
1916.378906	2356.378418
1913.053711	2258.260986
1909.726563	2246.647217
1906.397461	2186.227295
1903.067383	2195.676514
1899.735352	2136.838623
1896.401367	2105.804688
1893.066406	2086.792969
1889.729492	2028.091064
1886.390625	2057.059570
1883.050781	1971.482300
1879.708984	1986.982544
1876.365234	1959.845337
1873.020508	1899.848877
1869.673828	1860.826538
1866.326172	1845.734375
1862.975586	1852.298706
1859.624023	1808.132690
1856.271484	1759.535645
1852.916016	1726.634399
1849.559570	1707.916504
1846.202148	1685.493774
1842.841797	1630.351318
1839.480469	1633.274414
1836.118164	1646.601440
1832.752930	1584.869385
1829.386719	1564.043335
1826.018555	1531.360229
1822.649414	1533.579346
1819.278320	1459.413818
1815.905273	1484.642212
1812.531250	1403.163452
1809.154297	1431.355469
1805.777344	1405.490479
1802.397461	1396.664673
1799.016602	1359.749878
1795.633789	1357.605225
1792.249023	1314.835205
1788.863281	1263.246948
1785.475586	1251.557861
1782.085938	1236.191772
1778.694336	1225.263672
1775.301758	1202.556030
1771.907227	1201.965088
1768.510742	1137.330444
1765.113281	1155.901245
1761.713867	1125.916260
1758.312500	1105.515869
1754.910156	1089.543213
1751.505859	1099.287231
1748.099609	1056.175781
1744.691406	1049.786499
1741.282227	1061.734131
1737.871094	1011.374634
1734.458008	1013.805847
1731.042969	979.626282
1727.626953	941.821106
1724.208984	983.779236
1720.790039	940.159912
1717.368164	928.003906
1713.945313	923.163025
1710.520508	878.177124
1707.093750	908.387085
1703.666016	847.408325
1700.236328	851.362244
1696.804688	859.683167
1693.371094	836.683533
1689.936523	831.901917
1686.500000	823.487366
1683.061523	789.632263
1679.622070	784.153259
1676.179688	772.141968
1672.736328	730.375488
1669.291016	732.915344
1665.844727	712.968140
1662.396484	700.289795
1658.945313	681.827148
1655.494141	692.351196
1652.040039	657.985413
1648.584961	644.634949
1645.126953	640.698242
1641.668945	638.933472
1638.208008	648.006470
1634.745117	607.970337
1631.281250	612.718994
1627.815430	597.265259
1624.347656	573.174988
1620.878906	593.065979
1617.408203	554.596252
1613.935547	544.240601
1610.460938	538.931824
1606.984375	531.470581
1603.506836	514.671936
1600.027344	517.288208
1596.545898	522.773987
1593.062500	508.157440
1589.577148	494.272675
1586.090820	451.720917
1582.602539	467.977539
1579.112305	456.998352
1575.620117	461.064667
1572.126953	445.090454
1568.630859	434.138641
1565.133789	423.197632
1561.634766	415.839935
1558.133789	410.631866
1554.631836	416.849396
1551.127930	390.956390
1547.621094	415.003784
1544.114258	396.264465
1540.604492	376.831482
1537.092773	395.153259
1533.580078	386.414520
1530.065430	363.458984
1526.548828	356.877411
1523.030273	353.855072
1519.509766	347.284668
1515.988281	349.948578
1512.463867	329.906403
1508.938477	322.648438
1505.411133	317.523956
1501.882813	315.238098
1498.351563	309.414215
1494.818359	290.150116
1491.284180	302.734985
1487.748047	277.837738
1484.209961	300.308350
1480.669922	283.912292
1477.128906	280.238800
1473.584961	266.691437
1470.040039	260.914612
1466.493164	263.601349
1462.944336	269.807526
1459.393555	253.476044
1455.840820	247.717194
1452.287109	253.218216
1448.730469	246.059067
1445.172852	221.340393
1441.613281	243.701553
1438.051758	226.730499
1434.488281	244.154755
1430.922852	215.279541
1427.356445	197.647720
1423.787109	205.953079
1420.216797	198.846268
1416.644531	193.146240
1413.070313	200.741440
1409.494141	190.851532
1405.916016	193.548843
1402.336914	183.672546
1398.754883	181.484451
1395.171875	186.275116
1391.585938	161.076797
1387.999023	159.600342
1384.410156	172.753647
1380.819336	162.917801
1377.226563	151.004349
1373.632813	163.446075
1370.036133	155.020218
1366.438477	157.719757
1362.837891	155.555344
1359.236328	152.004898
1355.632813	152.620407
1352.027344	129.660568
1348.419922	142.068054
1344.810547	129.527023
1341.199219	135.690964
1337.585938	134.237106
1333.970703	130.709915
1330.354492	125.112610
1326.735352	125.048012
1323.115234	130.507538
1319.493164	109.735321
1315.869141	110.368393
1312.242188	127.547440
1308.614258	115.766930
1304.984375	110.197144
1301.353516	117.023827
1297.719727	102.514793
1294.083984	110.025940
1290.446289	96.222771
1286.807617	92.738098
1283.166016	95.436333
1279.523438	98.131721
1275.877930	99.452499
1272.231445	90.489014
1268.582031	77.423798
1264.931641	86.286049
1261.279297	84.872238
1257.625000	90.984924
1253.968750	83.416382
1250.310547	84.056290
1246.650391	86.744583
1242.988281	87.382004
1239.324219	83.924828
1235.658203	73.651627
1231.990234	77.702774
1228.320313	70.168457
1224.648438	72.174446
1220.975586	74.858833
1217.299805	72.779129
1213.622070	70.021736
1209.943359	65.228798
1206.261719	65.194626
1202.578125	57.015392
1198.893555	63.091080
1195.206055	63.057976
1191.517578	53.537262
1187.826172	61.637115
1184.133789	53.481030
1180.438477	56.836014
1176.742188	56.129864
1173.042969	54.748516
1169.342773	53.368595
1165.639648	49.289310
1161.935547	45.214302
1158.228516	55.982224
1154.520508	43.818378
1150.809570	51.880539
1147.097656	41.751892
1143.382813	47.114338
1139.666992	47.762154
1135.948242	50.426308
1132.227539	47.711662
1128.505859	44.328220
1124.781250	43.633469
1121.055664	44.281292
1117.327148	42.916683
1113.596680	39.542843
1109.865234	43.541046
1106.130859	35.483864
1102.394531	43.494843
1098.657227	36.114986
1094.916992	35.427357
1091.174805	38.080864
1087.430664	36.725151
1083.684570	35.370861
1079.936523	38.020107
1076.186523	42.666508
1072.434570	32.649136
1068.680664	27.970055
1064.924805	33.945522
1061.166992	34.592648
1057.406250	29.919964
1053.644531	27.245850
1049.880859	33.208889
1046.114258	29.208195
1042.346680	28.529102
1038.576172	31.829395
1034.803711	30.486837
1031.030273	31.132906
1027.253906	28.468031
1023.475586	23.159227
1019.695313	28.437498
1015.913086	19.829466
1012.128906	25.103832
1008.342773	24.430073
1004.553711	23.097105
