4046.277344	223.259979
4043.892578	206.489273
4041.505859	220.028702
4039.119141	222.036621
4036.731445	242.887619
4034.342773	234.419647
4031.952148	230.142685
4029.561523	230.051788
4027.169922	215.327026
4024.777344	234.049469
4022.383789	230.823578
4019.989258	246.392853
4017.593750	229.597366
4015.197266	248.284286
4012.799805	233.586792
4010.401367	252.257202
4008.001953	270.912750
4005.601563	254.140396
4003.201172	261.327637
4000.798828	269.549835
3998.395508	259.039673
3995.991211	277.655151
3993.585938	271.307922
3991.180664	267.043793
3988.773438	278.363007
3986.365234	280.328857
3983.957031	266.725403
3981.546875	288.405304
3979.135742	282.068420
3976.724609	293.358734
3974.311523	284.952362
3971.898438	286.910370
3969.483398	313.715485
3967.068359	292.891357
3964.651367	307.258087
3962.234375	284.384705
3959.815430	304.945465
3957.396484	313.090088
3954.975586	292.307281
3952.554688	331.424530
3950.131836	333.356171
3947.708984	321.874695
3945.284180	335.152039
3942.859375	356.665222
3940.432617	360.644104
3938.005859	344.019714
3935.577148	360.355286
3933.148438	351.977478
3930.718750	354.922668
3928.287109	366.092163
3925.855469	356.693909
3923.421875	387.376465
3920.988281	389.275208
3918.552734	376.798492
3916.117188	372.541992
3913.680664	373.418152
3911.242188	392.751831
3908.803711	394.643982
3906.363281	402.682343
3903.922852	419.932129
3901.480469	384.953461
3899.038086	401.172852
3896.593750	423.516998
3894.149414	417.210876
3891.703125	436.463837
3889.256836	434.244324
3886.808594	439.175873
3884.360352	440.019592
3881.910156	451.067657
3879.459961	436.604095
3877.007813	432.348999
3874.555664	460.714142
3872.101563	447.282654
3869.646484	474.600128
3867.191406	470.335999
3864.734375	455.898865
3862.277344	488.265411
3859.818359	480.950073
3857.358398	473.640533
3854.897461	475.480621
3852.436523	493.568268
3849.973633	514.686584
3847.509766	511.433624
3845.044922	501.082794
3842.579102	548.533997
3840.113281	551.351868
3837.645508	562.272156
3835.176758	530.650330
3832.707031	535.496155
3830.236328	545.397156
3827.764648	554.278564
3825.291992	550.008972
3822.818359	564.944763
3820.343750	562.694397
3817.868164	589.730225
3815.390625	594.537109
3812.913086	589.250000
3810.434570	589.009888
3807.955078	602.884155
3805.473633	626.824463
3802.992188	618.510071
3800.509766	629.333984
3798.025391	619.011963
3795.541016	632.844788
3793.054688	643.649109
3790.568359	656.454956
3788.080078	675.279419
3785.591797	670.985535
3783.101563	678.743652
3780.610352	695.528015
3778.119141	709.288757
3775.625977	678.913696
3773.131836	708.708252
3770.636719	725.452087
3768.140625	768.223511
3765.643555	746.883850
3763.145508	758.586975
3760.646484	765.278503
3758.146484	778.963989
3755.645508	792.638000
3753.143555	816.291870
3750.639648	774.010437
3748.135742	826.603149
3745.630859	809.299255
3743.124023	808.966736
3740.617188	834.558350
3738.108398	826.241821
3735.599609	838.853455
3733.088867	877.346619
3730.577148	897.889893
3728.064453	858.713989
3725.551758	885.215210
3723.037109	910.700195
3720.521484	918.275391
3718.004883	935.778015
3715.487305	939.364197
3712.967773	946.917419
3710.448242	948.511169
3707.927734	920.350586
3705.406250	966.564026
3702.882813	994.902161
3700.359375	974.680664
3697.833984	988.139709
3695.308594	976.844543
3692.781250	1068.445801
3690.252930	1016.581604
3687.723633	1051.746582
3685.193359	1025.621460
3682.662109	1090.382935
3680.129883	1096.842407
3677.596680	1087.506592
3675.062500	1101.852783
3672.527344	1132.949219
3669.990234	1103.896606
3667.453125	1103.438965
3664.915039	1127.601440
3662.375000	1163.556396
3659.833984	1181.769409
3657.292969	1186.196777
3654.750000	1177.838989
3652.206055	1202.901733
3649.661133	1201.419678
3647.115234	1203.866211
3644.568359	1229.867432
3642.019531	1253.884399
3639.470703	1255.324341
3636.920898	1236.176147
3634.369141	1275.837891
3631.817383	1272.368408
3629.263672	1312.960449
3626.708984	1308.498901
3624.153320	1335.345581
3621.596680	1309.364624
3619.039063	1335.210205
3616.480469	1405.001343
3613.920898	1425.901611
3611.360352	1454.593872
3608.797852	1413.977783
3606.235352	1479.716431
3603.670898	1435.222900
3601.105469	1497.973022
3598.540039	1460.327637
3595.972656	1473.350586
3593.404297	1521.404053
3590.834961	1561.633179
3588.264648	1553.199463
3585.692383	1625.462280
3583.120117	1619.923340
3580.545898	1609.531738
3577.971680	1599.148438
3575.395508	1646.035156
3572.818359	1707.434204
3570.240234	1718.355469
3567.661133	1749.622925
3565.081055	1684.941040
3562.500000	1801.423828
3559.917969	1827.775146
3557.333984	1811.525024
3554.750000	1872.671265
3552.164063	1839.011108
3549.577148	1836.305908
3546.989258	1918.616699
3544.400391	1892.703369
3541.810547	1966.232910
3539.219727	1950.933594
3536.626953	1994.477783
3534.034180	2028.344482
3531.439453	2008.218384
3528.844727	2073.836182
3526.248047	2125.918701
3523.650391	2066.315918
3521.051758	2137.596924
3518.451172	2183.815186
3515.850586	2181.933838
3513.249023	2155.072510
3510.645508	2243.480713
3508.041016	2267.494385
3505.436523	2278.052734
3502.830078	2264.622314
3500.222656	2338.450928
3497.613281	2433.300781
3495.003906	2394.912598
3492.393555	2413.052246
3489.781250	2484.776611
3487.167969	2481.812988
3484.553711	2539.101074
3481.938477	2578.177246
3479.322266	2589.508789
3476.705078	2624.708496
3474.086914	2622.643066
3471.466797	2669.249268
3468.845703	2735.847656
3466.224609	2708.944092
3463.601563	2725.905762
3460.977539	2793.345947
3458.351563	2807.398926
3455.725586	2903.302979
3453.098633	2889.702393
3450.469727	2922.716309
3447.839844	2983.271240
3445.208984	2949.695557
3442.577148	2944.644043
3439.944336	3085.816162
3437.310547	3082.607422
3434.674805	3196.087891
3432.039063	3194.729736
3429.401367	3186.737061
3426.762695	3299.078369
3424.123047	3319.458008
3421.481445	3340.765869
3418.839844	3363.947266
3416.197266	3417.375488
3413.552734	3463.193604
3410.907227	3482.510254
3408.260742	3553.765137
3405.613281	3535.254883
3402.963867	3641.346680
3400.314453	3682.249512
3397.663086	3753.293945
3395.011719	3811.079590
3392.358398	3807.569824
3389.704102	3801.236328
3387.047852	3825.032715
3384.391602	3914.679932
3381.733398	4011.774658
3379.075195	4047.670410
3376.415039	4100.451172
3373.753906	4157.882813
3371.090820	4265.032715
3368.427734	4311.079102
3365.762695	4324.247070
3363.097656	4470.572754
3360.430664	4381.480957
3357.762695	4522.032227
3355.092773	4583.786621
3352.422852	4702.595703
3349.750977	4761.409668
3347.079102	4719.147949
3344.405273	4834.002441
3341.729492	4856.230957
3339.053711	4968.123047
3336.376953	4966.926758
3333.698242	5043.203125
3331.018555	5154.866699
3328.337891	5291.613770
3325.656250	5204.511719
3322.973633	5299.185547
3320.289063	5373.285645
3317.604492	5478.043945
3314.917969	5514.776367
3312.230469	5543.103516
3309.541016	5589.071289
3306.851563	5669.385742
3304.160156	5773.784180
3301.467773	5778.729980
3298.774414	5922.900879
3296.080078	5946.331055
3293.384766	5917.804199
3290.687500	6095.096680
3287.990234	6175.867188
3285.291016	6147.272949
3282.589844	6305.716309
3279.888672	6278.938477
3277.186523	6301.207520
3274.482422	6391.876953
3271.777344	6524.980957
3269.071289	6674.596680
3266.364258	6703.113281
3263.655273	6702.989746
3260.945313	6829.263672
3258.234375	6795.881836
3255.522461	7021.560059
3252.809570	7092.241699
3250.095703	7235.621094
3247.379883	7257.351563
3244.663086	7355.439941
3241.945313	7371.576660
3239.226563	7466.768555
3236.505859	7544.414063
3233.784180	7609.129883
3231.061523	7764.693359
3228.337891	7740.221680
3225.613281	7763.476074
3222.886719	8122.350586
3220.160156	8130.748535
3217.431641	8201.442383
3214.702148	8378.313477
3211.970703	8475.381836
3209.239258	8449.746094
3206.505859	8666.516602
3203.771484	8668.243164
3201.035156	8866.449219
3198.298828	9037.076172
3195.560547	8919.929688
3192.821289	9114.110352
3190.081055	9288.960938
3187.339844	9401.648438
3184.596680	9465.925781
3181.853516	9632.188477
3179.108398	9781.000000
3176.361328	9895.997070
3173.614258	10006.342773
3170.865234	10048.375000
3168.115234	10280.375000
3165.364258	10330.424805
3162.612305	10486.702148
3159.858398	10566.574219
3157.104492	10556.526367
3154.347656	10836.771484
3151.590820	10903.682617
3148.833008	11174.462891
3146.073242	11119.762695
3143.312500	11287.876953
3140.550781	11427.781250
3137.787109	11568.464844
3135.023438	11677.369141
3132.257813	11826.853516
3129.491211	11967.168945
3126.722656	12079.358398
3123.954102	12222.142578
3121.183594	12266.435547
3118.412109	12496.500977
3115.638672	12693.001953
3112.865234	12764.958008
3110.089844	12630.557617
3107.313477	12748.393555
3104.536133	13014.628906
3101.756836	13013.432617
3098.976563	13306.290039
3096.195313	13389.452148
3093.413086	13499.491211
3090.628906	13513.335938
3087.844727	13817.116211
3085.058594	13883.742188
3082.270508	14171.838867
3079.482422	14265.137695
3076.692383	14416.597656
3073.901367	14450.582031
3071.109375	14739.698242
3068.315430	14820.933594
3065.520508	14992.442383
3062.724609	15189.724609
3059.927734	15151.773438
3057.128906	15391.686523
3054.329102	15613.524414
3051.528320	15674.499023
3048.726563	15821.065430
3045.922852	15937.176758
3043.118164	16129.841797
3040.312500	16352.626953
3037.505859	16522.666016
3034.697266	16617.771484
3031.887695	16773.294922
3029.077148	16964.255859
3026.264648	17113.259766
3023.452148	17301.226563
3020.637695	17274.951172
3017.821289	17467.998047
3015.004883	17817.066406
3012.186523	17788.808594
3009.367188	18140.078125
3006.545898	18129.417969
3003.724609	18440.351563
3000.901367	18573.898438
2998.077148	18874.613281
2995.250977	18906.978516
2992.423828	19091.419922
2989.595703	19259.781250
2986.766602	19652.414063
2983.935547	19573.958984
2981.104492	19930.783203
2978.270508	20131.103516
2975.436523	20315.361328
2972.600586	20320.482422
2969.763672	20610.230469
2966.925781	20624.894531
2964.085938	20849.085938
2961.245117	21257.005859
2958.403320	21297.736328
2955.560547	21572.310547
2952.715820	21836.091797
2949.870117	21859.798828
2947.023438	22009.927734
2944.174805	22120.419922
2941.325195	22476.460938
2938.474609	22716.421875
2935.622070	22847.470703
2932.768555	22750.593750
2929.914063	23188.894531
2927.058594	23331.794922
2924.201172	23552.435547
2921.342773	23705.529297
2918.483398	23940.656250
2915.622070	24177.314453
2912.759766	24189.279297
2909.896484	24663.076172
2907.032227	24769.048828
2904.166016	24853.984375
2901.298828	25019.050781
2898.429688	25066.310547
2895.559570	25163.173828
2892.688477	25480.238281
2889.816406	25676.037109
2886.942383	25820.324219
2884.067383	26234.041016
2881.191406	26165.857422
2878.314453	26358.363281
2875.435547	26580.214844
2872.554688	26643.013672
2869.673828	26865.392578
2866.791016	27235.865234
2863.907227	27279.191406
2861.021484	27479.302734
2858.134766	27812.605469
2855.247070	28007.955078
2852.358398	28271.482422
2849.467773	28199.173828
2846.576172	28488.298828
2843.682617	28692.468750
2840.789063	28671.005859
2837.893555	28958.644531
2834.996094	29127.785156
2832.097656	29252.773438
2829.198242	29390.574219
2826.297852	29609.253906
2823.395508	29715.742188
2820.492188	30018.449219
2817.587891	30177.140625
2814.681641	30221.263672
2811.774414	30235.240234
2808.866211	30384.140625
2805.956055	30747.681641
2803.044922	31123.769531
2800.131836	31193.072266
2797.218750	31423.605469
2794.303711	31519.279297
2791.386719	31761.439453
2788.468750	31958.818359
2785.549805	31859.681641
2782.629883	32183.517578
2779.708008	32150.236328
2776.785156	32447.115234
2773.860352	32577.011719
2770.935547	32693.964844
2768.007813	32857.777344
2765.080078	32879.714844
2762.150391	33030.476563
2759.219727	33349.984375
2756.287109	33194.296875
2753.353516	33458.027344
2750.418945	33831.398438
2747.482422	33384.476563
2744.544922	33657.097656
2741.606445	33867.363281
2738.666016	33763.667969
2735.724609	33668.558594
2732.782227	34101.929688
2729.837891	34027.109375
2726.892578	34079.660156
2723.945313	34277.226563
2720.997070	33935.277344
2718.047852	34248.832031
2715.097656	34117.296875
2712.145508	34233.996094
2709.191406	34260.851563
2706.237305	34601.574219
2703.281250	34448.929688
2700.323242	34224.562500
2697.364258	34488.761719
2694.404297	34596.468750
2691.443359	34516.660156
2688.480469	34551.667969
2685.515625	34528.437500
2682.550781	34434.402344
2679.583984	34613.460938
2676.615234	34447.859375
2673.646484	34247.039063
2670.674805	34313.144531
2667.703125	34062.078125
2664.729492	34250.933594
2661.754883	34216.914063
2658.778320	34136.714844
2655.800781	34008.718750
2652.821289	33937.058594
2649.840820	33963.593750
2646.859375	33899.542969
2643.876953	33752.570313
2640.892578	33653.468750
2637.906250	33814.011719
2634.918945	33689.843750
2631.930664	33555.738281
2628.941406	33689.316406
2625.950195	33384.812500
2622.957031	33272.714844
2619.963867	33361.121094
2616.967773	33039.617188
2613.971680	32951.160156
2610.973633	32884.457031
2607.974609	32556.078125
2604.973633	32533.746094
2601.971680	32360.699219
2598.967773	32376.746094
2595.962891	32203.906250
2592.957031	31854.910156
2589.949219	31981.689453
2586.940430	31520.097656
2583.929688	31474.154297
2580.917969	31277.996094
2577.905273	31251.269531
2574.890625	31212.945313
2571.875000	31200.343750
2568.857422	30988.884766
2565.838867	30674.914063
2562.819336	30556.583984
2559.797852	30235.628906
2556.775391	30096.912109
2553.750977	29664.013672
2550.725586	29544.669922
2547.698242	29374.220703
2544.669922	29350.863281
2541.640625	29057.687500
2538.609375	28973.445313
2535.577148	28514.160156
2532.542969	28486.257813
2529.507813	28186.564453
2526.471680	27711.777344
2523.433594	27493.339844
2520.393555	27477.437500
2517.353516	27318.484375
2514.310547	27156.382813
2511.267578	27016.597656
2508.222656	26679.888672
2505.175781	26368.917969
2502.127930	26173.882813
2499.079102	25933.925781
2496.028320	25679.427734
2492.976563	25412.869141
2489.922852	25352.054688
2486.868164	25098.150391
2483.812500	24883.736328
2480.754883	24584.476563
2477.695313	24310.820313
2474.634766	24098.671875
2471.573242	23882.630859
2468.509766	23443.976563
2465.445313	23296.126953
2462.378906	23344.093750
2459.311523	22911.978516
2456.242188	22582.080078
2453.171875	22523.621094
2450.100586	22203.142578
2447.027344	22004.164063
2443.953125	21688.273438
2440.876953	21268.634766
2437.799805	21161.326172
2434.720703	20887.650391
2431.640625	20974.580078
2428.558594	20757.205078
2425.475586	20355.958984
2422.390625	20254.148438
2419.304688	20142.703125
2416.217773	19741.466797
2413.128906	19401.296875
2410.038086	19333.257813
2406.946289	19207.054688
2403.853516	18720.486328
2400.758789	18736.046875
2397.663086	18364.798828
2394.565430	18194.861328
2391.466797	18055.730469
2388.366211	17737.708984
2385.264648	17556.189453
2382.161133	17406.251953
2379.056641	17237.121094
2375.950195	17064.119141
2372.842773	16917.013672
2369.734375	16629.318359
2366.624023	16365.997070
2363.511719	16293.315430
2360.398438	16018.338867
2357.284180	15920.993164
2354.167969	15683.338867
2351.049805	15392.172852
2347.930664	15438.709961
2344.810547	15120.679688
2341.688477	14895.829102
2338.564453	14740.817383
2335.439453	14653.146484
2332.313477	14478.390625
2329.185547	14405.300781
2326.056641	14075.028320
2322.925781	13884.800781
2319.792969	13780.149414
2316.660156	13493.695313
2313.524414	13343.064453
2310.387695	13161.485352
2307.250000	13123.470703
2304.110352	12804.395508
2300.969727	12612.165039
2297.827148	12629.339844
2294.682617	12445.314453
2291.537109	12179.591797
2288.390625	12050.755859
2285.242188	11891.067383
2282.092773	11886.294922
2278.941406	11658.599609
2275.788086	11521.509766
2272.633789	11329.856445
2269.478516	11203.338867
2266.321289	11102.275391
2263.162109	10987.056641
2260.001953	10711.350586
2256.840820	10587.716797
2253.676758	10536.907227
2250.512695	10446.643555
2247.346680	10223.017578
2244.178711	10174.807617
2241.009766	9920.746094
2237.838867	9875.082031
2234.666992	9652.129883
2231.493164	9586.146484
2228.318359	9407.625977
2225.141602	9238.714844
2221.963867	9049.505859
2218.784180	9079.841797
2215.602539	8921.529297
2212.419922	8802.639648
2209.236328	8617.121094
2206.050781	8624.831055
2202.863281	8384.655273
2199.674805	8401.870117
2196.485352	8216.876953
2193.292969	8134.668945
2190.100586	8014.171387
2186.905273	7875.003418
2183.709961	7818.876953
2180.511719	7716.672363
2177.312500	7631.754395
2174.112305	7504.734375
2170.910156	7347.383789
2167.706055	7265.873535
2164.500977	7090.839355
2161.294922	7045.384766
2158.085938	6970.359375
2154.876953	6829.197266
2151.665039	6798.715332
2148.452148	6708.342285
2145.238281	6665.497070
2142.022461	6527.846680
2138.804688	6453.264160
2135.585938	6299.530273
2132.365234	6135.848145
2129.143555	6188.026855
2125.919922	6042.386230
2122.695313	5994.555664
2119.468750	5997.131836
2116.240234	5809.187500
2113.010742	5719.728516
2109.780273	5662.848633
2106.546875	5548.792969
2103.312500	5476.584961
2100.077148	5390.536133
2096.839844	5384.881348
2093.600586	5308.988770
2090.360352	5226.222656
2087.119141	5145.075684
2083.875000	5071.712402
2080.629883	4982.238281
2077.383789	4899.007813
2074.135742	4846.642090
2070.885742	4756.628418
2067.634766	4659.778320
2064.381836	4573.778809
2061.127930	4576.203613
2057.871094	4431.967285
2054.614258	4390.708008
2051.355469	4319.569824
2048.094727	4311.370117
2044.832031	4261.792969
2041.568359	4118.042969
2038.303711	4119.899902
2035.037109	4111.805176
2031.768555	4034.110352
2028.498047	3932.023193
2025.226563	3894.986816
2021.954102	3837.362061
2018.678711	3817.962646
2015.403320	3729.140869
2012.125000	3597.691406
2008.845703	3558.609863
2005.564453	3496.705322
2002.282227	3582.611084
1998.998047	3485.734375
1995.712891	3371.449463
1992.424805	3289.974854
1989.136719	3253.426025
1985.845703	3207.033936
1982.553711	3178.151855
1979.260742	3103.753418
1975.964844	3073.428955
1972.667969	3022.657959
1969.370117	2940.100830
1966.070313	2961.411377
1962.768555	2883.504395
1959.465820	2860.921631
1956.161133	2804.317627
1952.854492	2723.571045
1949.546875	2713.187256
1946.237305	2655.222168
1942.925781	2614.677979
1939.613281	2604.358643
1936.298828	2563.121826
1932.982422	2583.746582
1929.665039	2492.821777
1926.346680	2459.980957
1923.025391	2421.901123
1919.703125	2383.104492
1916.378906	2371.420898
1913.053711	2349.974609
1909.726563	2339.067871
1906.397461	2237.296875
1903.067383	2217.445557
1899.735352	2157.846924
1896.401367	2195.796387
1893.066406	2101.034668
1889.729492	2093.271729
1886.390625	2042.831543
1883.050781	2008.906128
1879.708984	2010.922119
1876.365234	1971.809326
1873.020508	1929.744141
1869.673828	1876.513916
1866.326172	1864.400757
1862.975586	1794.834106
1859.624023	1816.337891
1856.271484	1764.754517
1852.916016	1754.952026
1849.559570	1723.558105
1846.202148	1701.872192
1842.841797	1678.718628
1839.480469	1641.455688
1836.118164	1658.495605
1832.752930	1579.668213
1829.386719	1536.564941
1826.018555	1538.783203
1822.649414	1509.837524
1819.278320	1451.998047
1815.905273	1437.204834
1812.531250	1454.281860
1809.154297	1415.805298
1805.777344	1397.349121
1802.397461	1384.088745
1799.016602	1376.755981
1795.633789	1373.864014
1792.249023	1283.072388
1788.863281	1279.489746
1785.475586	1281.075684
1782.085938	1233.979126
1778.694336	1228.949829
1775.301758	1211.398315
1771.907227	1197.546143
1768.510742	1138.066528
1765.113281	1160.315918
1761.713867	1120.032959
1758.312500	1117.276611
1754.910156	1095.420654
1751.505859	1062.570923
1748.099609	1026.083130
1744.691406	1076.196167
1741.282227	1011.140381
1737.871094	1034.093994
1734.458008	980.109985
1731.042969	997.198059
1727.626953	971.824768
1724.208984	930.384521
1720.790039	916.765564
1717.368164	925.811768
1713.945313	918.780945
1710.520508	892.776917
1707.093750	919.331482
1703.666016	893.352173
1700.236328	852.820068
1696.804688	855.311890
1693.371094	804.643433
1689.936523	811.522888
1686.500000	806.755737
1683.061523	772.908936
1679.622070	751.449951
1676.179688	731.464722
1672.736328	752.882080
1669.291016	715.499512
1665.844727	728.199402
1662.396484	717.688293
1658.945313	696.318665
1655.494141	682.936401
1652.040039	678.253418
1648.584961	646.081909
1645.126953	655.884094
1641.668945	649.775146
1638.208008	625.611572
1634.745117	628.909973
1631.281250	636.534912
1627.815430	577.067871
1624.347656	585.431580
1620.878906	575.771240
1617.408203	574.043152
1613.935547	556.478821
1610.460938	539.651367
1606.984375	541.539001
1603.506836	529.048218
1600.027344	499.326782
1596.545898	490.459656
1593.062500	478.012512
1589.577148	497.859558
1586.090820	475.382477
1582.602539	483.744019
1579.112305	470.608002
1575.620117	452.473389
1572.126953	449.383942
1568.630859	429.132111
1565.133789	453.936646
1561.634766	421.555939
1558.133789	412.774292
1554.631836	420.418304
1551.127930	411.645660
1547.621094	398.603302
1544.114258	384.861176
1540.604492	381.105560
1537.092773	377.353577
1533.580078	390.684296
1530.065430	367.726624
1526.548828	354.744690
1523.030273	357.407837
1519.509766	340.892914
1515.988281	351.368225
1512.463867	325.649536
1508.938477	315.557281
1505.411133	323.902771
1501.882813	296.111298
1498.351563	320.034851
1494.818359	297.226929
1491.284180	289.295807
1487.748047	299.046722
1484.209961	296.775299
1480.669922	278.968567
1477.128906	278.121124
1473.584961	266.691437
1470.040039	276.428467
1466.493164	252.324280
1462.944336	251.491592
1459.393555	245.730942
1455.840820	257.569580
1452.287109	225.786240
1448.730469	233.404602
1445.172852	243.123093
1441.613281	226.143799
1438.051758	219.710983
1434.488281	228.018097
1430.922852	225.096848
1427.356445	219.374954
1423.787109	213.658813
1420.216797	210.048874
1416.644531	208.541946
1413.070313	200.741440
1409.494141	193.647903
1405.916016	189.356445
1402.336914	182.275787
1398.754883	184.276520
1395.171875	189.065765
1391.585938	180.601257
1387.999023	165.872833
1384.410156	164.394592
1380.819336	169.880096
1377.226563	155.875458
1373.632813	153.013351
1370.036133	154.325073
1366.438477	148.687347
1362.837891	150.694229
1359.236328	160.333939
1355.632813	138.052094
1352.027344	150.461731
1348.419922	146.919159
1344.810547	137.838913
1341.199219	119.768044
1337.585938	128.009613
1333.970703	129.326736
1330.354492	126.495071
1326.735352	122.284515
1323.115234	116.697220
1319.493164	115.256599
1315.869141	113.817398
1312.242188	108.242966
1308.614258	113.010574
1304.984375	107.442215
1301.353516	112.205193
1297.719727	114.211113
1294.083984	112.776588
1290.446289	105.845047
1286.807617	92.738098
1283.166016	95.436333
1279.523438	98.817955
1275.877930	102.196014
1272.231445	87.061394
1268.582031	91.127129
1264.931641	89.710098
1261.279297	78.027702
1257.625000	88.248535
1253.968750	88.202568
1250.310547	80.639374
1246.650391	80.597328
1242.988281	77.141930
1239.324219	77.101677
1235.658203	70.923782
1231.990234	73.613152
1228.320313	66.762215
1224.648438	67.408211
1220.975586	59.206535
1217.299805	59.855732
1213.622070	65.262978
1209.943359	65.228798
1206.261719	71.306618
1202.578125	61.766674
1198.893555	66.483070
1195.206055	55.599506
1191.517578	58.958755
1187.826172	54.863808
1184.133789	55.511955
1180.438477	56.159397
1176.742188	57.482388
1173.042969	54.748516
1169.342773	56.746353
1165.639648	51.314899
1161.935547	45.214302
1158.228516	49.237377
1154.520508	41.121864
1150.809570	48.511673
1147.097656	42.425308
1143.382813	49.133526
1139.666992	46.416740
1135.948242	44.375153
1132.227539	43.679688
1128.505859	38.283463
1124.781250	45.647324
1121.055664	40.926647
1117.327148	37.552097
1113.596680	42.893932
1109.865234	44.210911
1106.130859	38.161892
1102.394531	43.494843
1098.657227	36.783783
1094.916992	42.111763
1091.174805	37.412781
1087.430664	34.721962
1083.684570	32.701363
1079.936523	34.685009
1076.186523	33.999870
1072.434570	37.979607
1068.680664	26.638147
1064.924805	26.623938
1061.166992	38.584110
1057.406250	31.249739
1053.644531	31.897579
1049.880859	31.216354
1046.114258	29.872019
1042.346680	29.856039
1038.576172	29.176947
1034.803711	17.894447
1031.030273	28.483297
1027.253906	23.171654
1023.475586	30.437841
1019.695313	27.776161
1015.913086	26.439287
1012.128906	23.782579
1008.342773	17.167078
1004.553711	20.457436
