4046.277344	243.175186
4043.892578	236.886169
4041.505859	243.079330
4039.119141	260.788300
4036.731445	255.450775
4034.342773	249.070862
4031.952148	247.926437
4029.561523	242.600067
4027.169922	245.640060
4024.777344	263.305664
4022.383789	255.890396
4019.989258	240.128616
4017.593750	246.295349
4015.197266	262.889252
4012.799805	264.870758
4010.401367	255.384354
4008.001953	250.073303
4005.601563	265.597534
4003.201172	272.780243
4000.798828	304.934753
3998.395508	295.450867
3995.991211	283.894592
3993.585938	302.492737
3991.180664	293.020813
3988.773438	296.020355
3986.365234	274.099304
3983.957031	295.784973
3981.546875	294.629883
3979.135742	307.993805
3976.724609	288.175720
3974.311523	289.097137
3971.898438	311.769043
3969.483398	308.538666
3967.068359	315.660309
3964.651367	341.397858
3962.234375	344.364014
3959.815430	332.855713
3957.396484	336.856018
3954.975586	344.984558
3952.554688	339.684326
3950.131836	342.644714
3947.708984	336.317810
3945.284180	360.932953
3942.859375	385.528320
3940.432617	379.191528
3938.005859	380.069672
3935.577148	367.562378
3933.148438	373.590118
3930.718750	356.980194
3928.287109	372.262268
3925.855469	370.057068
3923.421875	396.624176
3920.988281	395.437866
3918.552734	408.626160
3916.117188	410.514587
3913.680664	421.634247
3911.242188	416.337433
3908.803711	425.395477
3906.363281	450.840271
3903.922852	437.343933
3901.480469	437.167908
3899.038086	424.711060
3896.593750	434.769867
3894.149414	451.978455
3891.703125	439.530304
3889.256836	462.853363
3886.808594	486.157501
3884.360352	492.086884
3881.910156	485.765198
3879.459961	491.689667
3877.007813	479.254791
3874.555664	479.061157
3872.101563	494.150543
3869.646484	519.412170
3867.191406	492.732941
3864.734375	503.727539
3862.277344	496.403168
3859.818359	534.840881
3857.358398	547.837463
3854.897461	514.088013
3852.436523	516.926453
3849.973633	566.459778
3847.509766	541.876099
3845.044922	557.885681
3842.579102	568.812500
3840.113281	581.757324
3837.645508	577.468689
3835.176758	608.627563
3832.707031	586.110168
3830.236328	603.073669
3827.764648	587.656677
3825.291992	632.914734
3822.818359	624.572144
3820.343750	622.297546
3817.868164	641.230652
3815.390625	642.988342
3812.913086	624.564636
3810.434570	653.558899
3807.955078	661.357849
3805.473633	674.189026
3802.992188	686.002197
3800.509766	683.708496
3798.025391	715.638184
3795.541016	717.358276
3793.054688	718.071045
3790.568359	725.820007
3788.080078	756.674683
3785.591797	756.365417
3783.101563	756.056152
3780.610352	776.823486
3778.119141	749.418274
3775.625977	770.170959
3773.131836	786.896729
3770.636719	771.544373
3768.140625	807.285767
3765.643555	796.943115
3763.145508	840.650513
3760.646484	824.299988
3758.146484	847.960815
3755.645508	862.606018
3753.143555	875.240784
3750.639648	889.862305
3748.135742	858.549194
3745.630859	881.148254
3743.124023	901.733582
3740.617188	903.357056
3738.108398	904.979004
3735.599609	882.689026
3733.088867	932.118530
3730.577148	900.876221
3728.064453	958.217346
3725.551758	961.801270
3723.037109	938.538147
3720.521484	954.052368
3718.004883	1001.342102
3715.487305	982.062561
3712.967773	1024.338379
3710.448242	1032.845337
3707.927734	1042.336670
3705.406250	999.278503
3702.882813	1026.612183
3700.359375	1077.695679
3697.833984	1042.596313
3695.308594	1121.342285
3692.781250	1072.403076
3690.252930	1104.593018
3687.723633	1106.113159
3685.193359	1070.084839
3682.662109	1150.630615
3680.129883	1123.498291
3677.596680	1135.862183
3675.062500	1195.564453
3672.527344	1207.887451
3669.990234	1193.588135
3667.453125	1206.886353
3664.915039	1187.674561
3662.375000	1193.088257
3659.833984	1227.032837
3657.292969	1257.014526
3654.750000	1225.031250
3652.206055	1256.953613
3649.661133	1277.060913
3647.115234	1298.133179
3644.568359	1329.984375
3642.019531	1316.676636
3639.470703	1338.685791
3636.920898	1360.676025
3634.369141	1379.708008
3631.817383	1389.908203
3629.263672	1394.224976
3626.708984	1417.132690
3624.153320	1463.499634
3621.596680	1465.823364
3619.039063	1469.122192
3616.480469	1486.096680
3613.920898	1474.733765
3611.360352	1500.477051
3608.797852	1566.207397
3606.235352	1575.307861
3603.670898	1596.100464
3601.105469	1617.849854
3598.540039	1606.457886
3595.972656	1658.371460
3593.404297	1646.971069
3590.834961	1716.337036
3588.264648	1706.866089
3585.692383	1701.291260
3583.120117	1726.816895
3580.545898	1733.864990
3577.971680	1800.134277
3575.395508	1831.408325
3572.818359	1826.760620
3570.240234	1811.449219
3567.661133	1836.861694
3565.081055	1894.226440
3562.500000	1931.203857
3559.917969	1965.245483
3557.333984	1943.131592
3554.750000	1938.446899
3552.164063	1986.944214
3549.577148	2028.634766
3546.989258	1994.936279
3544.400391	2081.973633
3541.810547	2091.716553
3539.219727	2139.080078
3536.626953	2131.429443
3534.034180	2138.245361
3531.439453	2186.491211
3528.844727	2249.144287
3526.248047	2319.446533
3523.650391	2302.108887
3521.051758	2325.189697
3518.451172	2330.941406
3515.850586	2352.066895
3513.249023	2472.136230
3510.645508	2434.599121
3508.041016	2470.052002
3505.436523	2519.867920
3502.830078	2474.682617
3500.222656	2484.184570
3497.613281	2532.012695
3495.003906	2585.547607
3492.393555	2643.824219
3489.781250	2682.907959
3487.167969	2658.812012
3484.553711	2757.148193
3481.938477	2734.951660
3479.322266	2757.683594
3476.705078	2795.677490
3474.086914	2833.638428
3471.466797	2876.337891
3468.845703	2898.014404
3466.224609	2895.833496
3463.601563	2936.543945
3460.977539	3002.942139
3458.351563	3070.235596
3455.725586	3073.693604
3453.098633	3101.886719
3450.469727	3189.974121
3447.839844	3217.141602
3445.208984	3217.677002
3442.577148	3217.260986
3439.944336	3314.641357
3437.310547	3330.317139
3434.674805	3371.592773
3432.039063	3343.608643
3429.401367	3437.922363
3426.762695	3461.094971
3424.123047	3531.600098
3421.481445	3560.391113
3418.839844	3659.179932
3416.197266	3611.275879
3413.552734	3750.611328
3410.907227	3671.520264
3408.260742	3704.908691
3405.613281	3869.517822
3402.963867	3832.946777
3400.314453	3902.071289
3397.663086	3938.129395
3395.011719	4019.402344
3392.358398	3986.594238
3389.704102	4128.052246
3387.047852	4171.479492
3384.391602	4206.398926
3381.733398	4233.762695
3379.075195	4322.216309
3376.415039	4353.263672
3373.753906	4373.010742
3371.090820	4527.019531
3368.427734	4497.864258
3365.762695	4559.739746
3363.097656	4643.131348
3360.430664	4588.649902
3357.762695	4666.332520
3355.092773	4842.291992
3352.422852	4853.326172
3349.750977	4880.257813
3347.079102	4928.680176
3344.405273	5001.369141
3341.729492	5111.379395
3339.053711	5039.122559
3336.376953	5182.636230
3333.698242	5273.754883
3331.018555	5337.736328
3328.337891	5445.493652
3325.656250	5417.055176
3322.973633	5538.660156
3320.289063	5593.097656
3317.604492	5670.762207
3314.917969	5672.048828
3312.230469	5841.700195
3309.541016	5853.136719
3306.851563	5991.890625
3304.160156	6047.841309
3301.467773	6052.669434
3298.774414	6186.512207
3296.080078	6239.518555
3293.384766	6316.590332
3290.687500	6380.616211
3287.990234	6529.832520
3285.291016	6477.004883
3282.589844	6584.386230
3279.888672	6560.264160
3277.186523	6686.938965
3274.482422	6871.753418
3271.777344	6835.518066
3269.071289	6986.847656
3266.364258	7102.031250
3263.655273	7099.889160
3260.945313	7242.599121
3258.234375	7276.361328
3255.522461	7396.744141
3252.809570	7414.741699
3250.095703	7524.825195
3247.379883	7642.175781
3244.663086	7778.748535
3241.945313	7773.545410
3239.226563	7842.819336
3236.505859	7875.269531
3233.784180	8047.322754
3231.061523	8014.456543
3228.337891	8139.485840
3225.613281	8299.267578
3222.886719	8322.268555
3220.160156	8599.160156
3217.431641	8648.577148
3214.702148	8642.081055
3211.970703	8661.221680
3209.239258	8847.800781
3206.505859	8925.369141
3203.771484	8960.811523
3201.035156	9066.587891
3198.298828	9281.888672
3195.560547	9303.425781
3192.821289	9431.726563
3190.081055	9435.840820
3187.339844	9587.675781
3184.596680	9747.579102
3181.853516	9730.587891
3179.108398	9840.195313
3176.361328	10139.050781
3173.614258	10138.280273
3170.865234	10263.021484
3168.115234	10375.833008
3165.364258	10509.443359
3162.612305	10513.043945
3159.858398	10569.297852
3157.104492	10548.358398
3154.347656	10867.614258
3151.590820	10995.264648
3148.833008	10977.783203
3146.073242	11167.779297
3143.312500	11171.059570
3140.550781	11321.875977
3137.787109	11384.794922
3135.023438	11528.145508
3132.257813	11698.487305
3129.491211	11782.835938
3126.722656	12001.683594
3123.954102	11986.510742
3121.183594	12085.051758
3118.412109	12161.854492
3115.638672	12215.143555
3112.865234	12299.024414
3110.089844	12521.557617
3107.313477	12588.115234
3104.536133	12615.910156
3101.756836	12731.842773
3098.976563	12963.672852
3096.195313	12934.627930
3093.413086	13325.188477
3090.628906	13288.817383
3087.844727	13344.935547
3085.058594	13570.588867
3082.270508	13867.791016
3079.482422	13858.125977
3076.692383	14096.686523
3073.901367	14077.963867
3071.109375	14347.546875
3068.315430	14463.857422
3065.520508	14693.666992
3062.724609	14660.391602
3059.927734	14847.004883
3057.128906	15018.261719
3054.329102	14950.049805
3051.528320	15230.889648
3048.726563	15390.140625
3045.922852	15483.255859
3043.118164	15809.830078
3040.312500	15830.498047
3037.505859	15886.767578
3034.697266	16082.747070
3031.887695	16397.787109
3029.077148	16406.578125
3026.264648	16600.279297
3023.452148	16618.738281
3020.637695	16797.953125
3017.821289	16904.199219
3015.004883	17052.945313
3012.186523	17106.636719
3009.367188	17422.738281
3006.545898	17587.884766
3003.724609	17651.000000
3000.901367	18002.734375
2998.077148	18104.544922
2995.250977	18093.013672
2992.423828	18115.978516
2989.595703	18548.191406
2986.766602	18705.224609
2983.935547	18709.324219
2981.104492	18957.064453
2978.270508	19058.984375
2975.436523	19432.468750
2972.600586	19423.875000
2969.763672	19401.181641
2966.925781	19574.931641
2964.085938	19752.923828
2961.245117	20153.408203
2958.403320	20201.664063
2955.560547	20362.417969
2952.715820	20520.388672
2949.870117	20729.164063
2947.023438	21026.439453
2944.174805	21054.861328
2941.325195	21103.429688
2938.474609	21379.078125
2935.622070	21408.164063
2932.768555	21550.242188
2929.914063	21947.039063
2927.058594	22089.615234
2924.201172	22030.806641
2921.342773	22218.685547
2918.483398	22443.109375
2915.622070	22607.031250
2912.759766	22708.785156
2909.896484	22919.574219
2907.032227	23140.642578
2904.166016	23352.783203
2901.298828	23518.517578
2898.429688	23559.472656
2895.559570	23710.146484
2892.688477	24021.761719
2889.816406	24267.818359
2886.942383	24271.800781
2884.067383	24499.250000
2881.191406	24673.470703
2878.314453	24809.300781
2875.435547	24999.712891
2872.554688	25354.003906
2869.673828	25471.105469
2866.791016	25620.185547
2863.907227	25955.498047
2861.021484	25797.480469
2858.134766	26250.187500
2855.247070	26207.300781
2852.358398	26650.751953
2849.467773	26532.460938
2846.576172	26815.414063
2843.682617	26975.398438
2840.789063	26977.160156
2837.893555	27519.388672
2834.996094	27583.025391
2832.097656	27698.353516
2829.198242	27739.417969
2826.297852	27984.693359
2823.395508	28259.890625
2820.492188	28338.509766
2817.587891	28460.947266
2814.681641	28608.212891
2811.774414	28769.955078
2808.866211	28677.986328
2805.956055	29141.093750
2803.044922	29402.828125
2800.131836	29458.312500
2797.218750	29749.681641
2794.303711	29774.068359
2791.386719	29936.433594
2788.468750	30088.365234
2785.549805	30093.697266
2782.629883	30283.068359
2779.708008	30450.011719
2776.785156	30521.859375
2773.860352	30791.970703
2770.935547	31096.865234
2768.007813	30861.662109
2765.080078	31103.054688
2762.150391	31086.501953
2759.219727	31408.591797
2756.287109	31653.646484
2753.353516	31916.367188
2750.418945	31828.740234
2747.482422	31960.001953
2744.544922	31981.349609
2741.606445	32216.189453
2738.666016	32244.185547
2735.724609	32472.726563
2732.782227	32455.535156
2729.837891	32721.966797
2726.892578	32836.218750
2723.945313	32918.117188
2720.997070	32664.123047
2718.047852	32922.308594
2715.097656	33084.515625
2712.145508	33049.250000
2709.191406	33237.472656
2706.237305	33268.140625
2703.281250	33292.851563
2700.323242	33383.464844
2697.364258	33505.250000
2694.404297	33675.054688
2691.443359	33665.730469
2688.480469	33496.082031
2685.515625	33713.703125
2682.550781	33378.085938
2679.583984	33786.824219
2676.615234	33810.265625
2673.646484	33667.820313
2670.674805	33845.269531
2667.703125	33774.414063
2664.729492	33727.152344
2661.754883	33786.648438
2658.778320	33728.484375
2655.800781	33672.039063
2652.821289	33484.718750
2649.840820	33305.949219
2646.859375	33248.062500
2643.876953	33316.769531
2640.892578	33242.160156
2637.906250	33315.812500
2634.918945	33538.359375
2631.930664	33050.460938
2628.941406	33248.656250
2625.950195	32855.757813
2622.957031	32992.855469
2619.963867	33096.414063
2616.967773	32916.925781
2613.971680	32737.587891
2610.973633	32478.351563
2607.974609	32328.529297
2604.973633	32347.958984
2601.971680	32182.490234
2598.967773	32111.218750
2595.962891	31936.003906
2592.957031	31486.505859
2589.949219	31733.150391
2586.940430	31095.531250
2583.929688	31140.304688
2580.917969	31009.875000
2577.905273	30825.625000
2574.890625	31118.400391
2571.875000	30637.482422
2568.857422	30592.824219
2565.838867	30260.812500
2562.819336	30182.408203
2559.797852	29762.332031
2556.775391	29635.410156
2553.750977	29425.927734
2550.725586	29305.867188
2547.698242	28926.564453
2544.669922	28779.582031
2541.640625	28740.822266
2538.609375	28294.636719
2535.577148	28153.064453
2532.542969	28154.994141
2529.507813	27797.794922
2526.471680	27770.230469
2523.433594	27308.185547
2520.393555	27265.224609
2517.353516	26790.662109
2514.310547	26999.423828
2511.267578	26631.361328
2508.222656	26472.169922
2505.175781	26167.861328
2502.127930	25858.900391
2499.079102	25532.179688
2496.028320	25358.177734
2492.976563	25247.402344
2489.922852	25013.087891
2486.868164	24821.537109
2483.812500	24551.625000
2480.754883	24336.734375
2477.695313	24246.255859
2474.634766	23967.972656
2471.573242	23732.394531
2468.509766	23372.158203
2465.445313	23278.181641
2462.378906	23111.712891
2459.311523	22910.347656
2456.242188	22623.625000
2453.171875	22474.765625
2450.100586	22072.923828
2447.027344	21869.937500
2443.953125	21684.207031
2440.876953	21293.830078
2437.799805	21050.843750
2434.720703	21005.390625
2431.640625	20895.041016
2428.558594	20587.656250
2425.475586	20364.068359
2422.390625	20075.029297
2419.304688	19840.529297
2416.217773	19746.324219
2413.128906	19512.990234
2410.038086	19163.369141
2406.946289	18969.322266
2403.853516	18924.162109
2400.758789	18676.265625
2397.663086	18410.826172
2394.565430	18128.677734
2391.466797	17774.984375
2388.366211	17645.783203
2385.264648	17544.099609
2382.161133	17383.695313
2379.056641	17156.597656
2375.950195	17057.679688
2372.842773	16659.574219
2369.734375	16622.884766
2366.624023	16382.875977
2363.511719	16020.166992
2360.398438	15901.903320
2357.284180	15731.572266
2354.167969	15690.558594
2351.049805	15550.144531
2347.930664	15143.753906
2344.810547	15151.923828
2341.688477	14799.737305
2338.564453	14663.179688
2335.439453	14549.944336
2332.313477	14380.034180
2329.185547	14228.661133
2326.056641	14030.290039
2322.925781	13818.523438
2319.792969	13693.948242
2316.660156	13506.459961
2313.524414	13259.336914
2310.387695	13084.969727
2307.250000	13052.567383
2304.110352	12843.414063
2300.969727	12677.430664
2297.827148	12578.424805
2294.682617	12359.435547
2291.537109	12243.970703
2288.390625	12078.560547
2285.242188	11965.709961
2282.092773	11809.306641
2278.941406	11701.438477
2275.788086	11575.429688
2272.633789	11305.286133
2269.478516	11198.585938
2266.321289	11110.193359
2263.162109	10861.213867
2260.001953	10563.416016
2256.840820	10659.671875
2253.676758	10424.678711
2250.512695	10330.517578
2247.346680	10159.059570
2244.178711	9980.656250
2241.009766	9808.727539
2237.838867	9737.884766
2234.666992	9588.291992
2231.493164	9531.003906
2228.318359	9450.932617
2225.141602	9226.123047
2221.963867	9026.693359
2218.784180	9002.787109
2215.602539	8813.075195
2212.419922	8763.363281
2209.236328	8690.925781
2206.050781	8588.731445
2202.863281	8391.714844
2199.674805	8195.665039
2196.485352	8197.285156
2193.292969	8037.538574
2190.100586	7883.420410
2186.905273	7896.915039
2183.709961	7790.717773
2180.511719	7628.325684
2177.312500	7638.005859
2174.112305	7434.436035
2170.910156	7231.056152
2167.706055	7232.318359
2164.500977	7162.598145
2161.294922	7046.943848
2158.085938	6913.474121
2154.876953	6844.774902
2151.665039	6754.340332
2148.452148	6749.583984
2145.238281	6551.942383
2142.022461	6458.657715
2138.804688	6472.689941
2135.585938	6402.826660
2132.365234	6169.229004
2129.143555	6198.113770
2125.919922	6185.864746
2122.695313	6003.082520
2119.468750	5929.722168
2116.240234	5841.714355
2113.010742	5765.399414
2109.780273	5671.359863
2106.546875	5590.553711
2103.312500	5526.055664
2100.077148	5450.027344
2096.839844	5316.923340
2093.600586	5282.744629
2090.360352	5250.139648
2087.119141	5063.334473
2083.875000	4993.093262
2080.629883	4984.549316
2077.383789	4971.391602
2074.135742	4828.169922
2070.885742	4851.252930
2067.634766	4756.664551
2064.381836	4626.041992
2061.127930	4539.329590
2057.871094	4560.964355
2054.614258	4436.756348
2051.355469	4376.335449
2048.094727	4239.296875
2044.832031	4258.727539
2041.568359	4154.811035
2038.303711	4104.587402
2035.037109	4120.988281
2031.768555	4008.103516
2028.498047	3977.130859
2025.226563	3838.438232
2021.954102	3860.276123
2018.678711	3820.253174
2015.403320	3686.408936
2012.125000	3684.640137
2008.845703	3595.202393
2005.564453	3498.991211
2002.282227	3464.561523
1998.998047	3393.624023
1995.712891	3354.709961
1992.424805	3369.068115
1989.136719	3238.983398
1985.845703	3241.983887
1982.553711	3194.099609
1979.260742	3102.994385
1975.964844	3064.324951
1972.667969	3028.724609
1969.370117	2956.775879
1966.070313	2914.440918
1962.768555	2957.712158
1959.465820	2845.784668
1956.161133	2803.561035
1952.854492	2799.183838
1949.546875	2710.919922
1946.237305	2662.776123
1942.925781	2659.979980
1939.613281	2630.017334
1936.298828	2608.379883
1932.982422	2553.589111
1929.665039	2453.635986
1926.346680	2453.955322
1923.025391	2421.901123
1919.703125	2377.837158
1916.378906	2381.950439
1913.053711	2304.869629
1909.726563	2288.724854
1906.397461	2239.550049
1903.067383	2210.689697
1899.735352	2180.355713
1896.401367	2198.046143
1893.066406	2125.020752
1889.729492	2094.020752
1886.390625	2079.524658
1883.050781	2010.403076
1879.708984	1954.813843
1876.365234	1962.836304
1873.020508	1969.355469
1869.673828	1916.105957
1866.326172	1861.414185
1862.975586	1828.417358
1859.624023	1814.100098
1856.271484	1796.813843
1852.916016	1743.028809
1849.559570	1723.558105
1846.202148	1736.862549
1842.841797	1677.230347
1839.480469	1685.336914
1836.118164	1671.133179
1832.752930	1620.534546
1829.386719	1593.749756
1826.018555	1502.410645
1822.649414	1519.482666
1819.278320	1500.941895
1815.905273	1516.514282
1812.531250	1457.986084
1809.154297	1444.684204
1805.777344	1404.010254
1802.397461	1401.103149
1799.016602	1353.095215
1795.633789	1421.162109
1792.249023	1331.824707
1788.863281	1332.647949
1785.475586	1253.033813
1782.085938	1262.744873
1778.694336	1223.789307
1775.301758	1233.504150
1771.907227	1158.511719
1768.510742	1169.720459
1765.113281	1155.901245
1761.713867	1150.184814
1758.312500	1104.780762
1754.910156	1117.461304
1751.505859	1077.257446
1748.099609	1078.928711
1744.691406	1074.729004
1741.282227	1055.134888
1737.871094	1036.292603
1734.458008	1002.085510
1731.042969	989.144348
1727.626953	962.311401
1724.208984	974.270569
1720.790039	935.773499
1717.368164	906.082581
1713.945313	913.668457
1710.520508	898.616882
1707.093750	903.279663
1703.666016	884.600952
1700.236328	855.735718
1696.804688	872.068420
1693.371094	835.227173
1689.936523	824.623657
1686.500000	793.661438
1683.061523	804.174316
1679.622070	788.513733
1676.179688	764.878174
1672.736328	756.512207
1669.291016	762.667358
1665.844727	738.353577
1662.396484	711.163818
1658.945313	671.683044
1655.494141	702.490234
1652.040039	705.759949
1648.584961	678.639221
1645.126953	639.251953
1641.668945	646.161255
1638.208008	653.063354
1634.745117	620.245300
1631.281250	629.317993
1627.815430	594.379944
1624.347656	588.315430
1620.878906	595.227844
1617.408203	580.525452
1613.935547	568.717041
1610.460938	531.016907
1606.984375	516.367859
1603.506836	521.141296
1600.027344	512.977478
1596.545898	529.236816
1593.062500	521.076660
1589.577148	502.163818
1586.090820	483.269684
1582.602539	480.877380
1579.112305	475.622101
1575.620117	473.951569
1572.126953	451.530670
1568.630859	459.886566
1565.133789	428.916504
1561.634766	417.268921
1558.133789	409.917725
1554.631836	432.552612
1551.127930	414.499359
1547.621094	421.421387
1544.114258	398.402588
1540.604492	384.667297
1537.092773	386.609406
1533.580078	356.526093
1530.065430	374.839325
1526.548828	368.962891
1523.030273	353.855072
1519.509766	338.762329
1515.988281	344.269897
1512.463867	339.839050
1508.938477	312.011688
1505.411133	318.941467
1501.882813	305.320496
1498.351563	311.538330
1494.818359	313.503662
1491.284180	301.320313
1487.748047	282.079529
1484.209961	296.068695
1480.669922	290.268555
1477.128906	282.356476
1473.584961	273.041229
1470.040039	267.966370
1466.493164	281.926575
1462.944336	238.811356
1459.393555	253.476044
1455.840820	229.419891
1452.287109	243.370850
1448.730469	259.416565
1445.172852	221.340393
1441.613281	235.976151
1438.051758	224.624649
1434.488281	237.840408
1430.922852	219.486954
1427.356445	208.160904
1423.787109	205.252563
1420.216797	203.047256
1416.644531	209.241760
1413.070313	179.058563
1409.494141	198.541534
1405.916016	195.645035
1402.336914	186.466049
1398.754883	186.370575
1395.171875	189.763412
1391.585938	189.666183
1387.999023	182.599518
1384.410156	163.698013
1380.819336	161.525345
1377.226563	155.179581
1373.632813	159.968506
1370.036133	150.849274
1366.438477	145.908142
1362.837891	143.749802
1359.236328	132.570480
1355.632813	140.133286
1352.027344	131.740677
1348.419922	154.542328
1344.810547	137.146255
1341.199219	146.075470
1337.585938	123.166000
1333.970703	133.476257
1330.354492	127.186302
1326.735352	124.357140
1323.115234	120.149803
1319.493164	120.777870
1315.869141	109.678589
1312.242188	127.547440
1308.614258	115.077843
1304.984375	99.177429
1301.353516	112.205193
1297.719727	113.523094
1294.083984	100.398666
1290.446289	99.659294
1286.807617	101.668434
1283.166016	98.869293
1279.523438	82.348297
1275.877930	89.850189
1272.231445	105.570511
1268.582031	97.293625
1264.931641	87.655670
1261.279297	75.974342
1257.625000	80.039368
1253.968750	69.741562
1250.310547	88.839981
1246.650391	88.793663
1242.988281	72.363228
1239.324219	79.148621
1235.658203	75.015541
1231.990234	77.702774
1228.320313	64.718475
1224.648438	68.769989
1220.975586	76.219902
1217.299805	55.774662
1213.622070	72.741028
1209.943359	59.113602
1206.261719	64.515511
1202.578125	61.087921
1198.893555	63.091080
1195.206055	52.887337
1191.517578	60.991817
1187.826172	52.831814
1184.133789	50.773132
1180.438477	58.189255
1176.742188	58.158653
1173.042969	55.424423
1169.342773	58.097458
1165.639648	48.614117
1161.935547	46.563984
1158.228516	49.911861
1154.520508	56.626827
1150.809570	50.532993
1147.097656	52.526573
1143.382813	45.768215
1139.666992	52.471096
1135.948242	43.030449
1132.227539	49.055653
1128.505859	37.611820
1124.781250	40.948334
1121.055664	46.965004
1117.327148	37.552097
1113.596680	34.851322
1109.865234	28.134214
1106.130859	42.178932
1102.394531	46.171448
1098.657227	34.108601
1094.916992	36.095798
1091.174805	37.412781
1087.430664	33.386501
1083.684570	40.042484
1079.936523	34.685009
1076.186523	38.666519
1072.434570	34.648064
1068.680664	31.965776
1064.924805	24.627142
1061.166992	27.274973
1057.406250	26.595522
1053.644531	29.903980
1049.880859	26.567110
1046.114258	24.561438
1042.346680	28.529102
1038.576172	28.513834
1034.803711	28.498566
1031.030273	25.171286
1027.253906	20.523464
1023.475586	20.512459
1019.695313	29.098835
1015.913086	25.117323
1012.128906	20.479443
1008.342773	24.430073
1004.553711	21.777269
