4046.277344	243.175186
4043.892578	227.452652
4041.505859	229.458496
4039.119141	247.172852
4036.731445	230.324463
4034.342773	260.582550
4031.952148	253.156952
4029.561523	243.645767
4027.169922	241.458954
4024.777344	260.171051
4022.383789	275.734955
4019.989258	267.273590
4017.593750	238.989990
4015.197266	263.932465
4012.799805	266.956329
4010.401367	253.299591
4008.001953	254.241180
4005.601563	273.930023
4003.201172	279.027130
4000.798828	287.242279
3998.395508	266.321899
3995.991211	302.612915
3993.585938	283.781830
3991.180664	299.255310
3988.773438	306.407043
3986.365234	315.629517
3983.957031	308.239075
3981.546875	314.341034
3979.135742	315.252930
3976.724609	297.505157
3974.311523	284.952362
3971.898438	313.840607
3969.483398	325.104492
3967.068359	321.870026
3964.651367	321.741638
3962.234375	307.135468
3959.815430	327.687134
3957.396484	320.323181
3954.975586	326.392578
3952.554688	354.138977
3950.131836	343.676788
3947.708984	327.032959
3945.284180	380.526459
3942.859375	370.065948
3940.432617	352.400818
3938.005859	375.949677
3935.577148	362.414459
3933.148438	360.210876
3930.718750	350.807617
3928.287109	350.666931
3925.855469	388.559906
3923.421875	406.899414
3920.988281	393.383636
3918.552734	391.172272
3916.117188	403.330566
3913.680664	393.935638
3911.242188	411.210144
3908.803711	407.969635
3906.363281	402.682343
3903.922852	437.343933
3901.480469	425.905945
3899.038086	435.968475
3896.593750	417.379059
3894.149414	423.346344
3891.703125	444.641144
3889.256836	446.505341
3886.808594	469.816071
3884.360352	468.605560
3881.910156	451.067657
3879.459961	482.508759
3877.007813	467.018494
3874.555664	487.215393
3872.101563	496.188293
3869.646484	516.356750
3867.191406	502.913391
3864.734375	500.674652
3862.277344	510.644226
3859.818359	511.454315
3857.358398	511.247192
3854.897461	544.567566
3852.436523	551.455872
3849.973633	525.853333
3847.509766	537.817078
3845.044922	540.641968
3842.579102	551.575745
3840.113281	572.635681
3837.645508	584.560425
3835.176758	581.284912
3832.707031	579.024170
3830.236328	565.634583
3827.764648	590.691040
3825.291992	599.550232
3822.818359	614.465820
3820.343750	617.246460
3817.868164	630.122742
3815.390625	637.941345
3812.913086	649.789368
3810.434570	653.558899
3807.955078	605.908630
3805.473633	671.165771
3802.992188	647.723083
3800.509766	693.777832
3798.025391	671.351135
3795.541016	676.107666
3793.054688	703.991211
3790.568359	736.878235
3788.080078	722.508789
3785.591797	704.132996
3783.101563	745.011475
3780.610352	722.626526
3778.119141	768.479797
3775.625977	731.060669
3773.131836	798.925720
3770.636719	768.538330
3768.140625	775.234680
3765.643555	781.925293
3763.145508	797.617188
3760.646484	794.289063
3758.146484	802.962891
3755.645508	834.618835
3753.143555	803.303162
3750.639648	819.951660
3748.135742	829.598083
3745.630859	855.202820
3743.124023	855.848877
3740.617188	867.462097
3738.108398	881.058838
3735.599609	889.662842
3733.088867	917.180725
3730.577148	906.848877
3728.064453	894.535156
3725.551758	940.914124
3723.037109	929.590271
3720.521484	944.114319
3718.004883	934.784668
3715.487305	949.294067
3712.967773	1009.449707
3710.448242	969.346619
3707.927734	959.029114
3705.406250	1021.088135
3702.882813	1021.657532
3700.359375	1027.178711
3697.833984	1032.695068
3695.308594	1045.134644
3692.781250	1062.510010
3690.252930	1078.881836
3687.723633	1085.354980
3685.193359	1083.917847
3682.662109	1085.444702
3680.129883	1086.969849
3677.596680	1087.506592
3675.062500	1142.296753
3672.527344	1135.907227
3669.990234	1170.918945
3667.453125	1184.226440
3664.915039	1152.221558
3662.375000	1213.760620
3659.833984	1210.305054
3657.292969	1240.293701
3654.750000	1226.997559
3652.206055	1213.712036
3649.661133	1281.972778
3647.115234	1251.981689
3644.568359	1270.110474
3642.019531	1261.733398
3639.470703	1346.531494
3636.920898	1355.774536
3634.369141	1355.210327
3631.817383	1344.851318
3629.263672	1391.287720
3626.708984	1406.367188
3624.153320	1380.346191
3621.596680	1438.443115
3619.039063	1394.835327
3616.480469	1419.657104
3613.920898	1430.784790
3611.360352	1504.381958
3608.797852	1485.213379
3606.235352	1521.659546
3603.670898	1558.074829
3601.105469	1523.312866
3598.540039	1601.586792
3595.972656	1585.336914
3593.404297	1578.833984
3590.834961	1600.552368
3588.264648	1663.100342
3585.692383	1676.987061
3583.120117	1683.087646
3580.545898	1705.695679
3577.971680	1750.616089
3575.395508	1754.735596
3572.818359	1783.104614
3570.240234	1732.901367
3567.661133	1818.444580
3565.081055	1818.651123
3562.500000	1867.282349
3559.917969	1867.467285
3557.333984	1882.166870
3554.750000	1919.101196
3552.164063	1867.050781
3549.577148	1983.210449
3546.989258	1945.666748
3544.400391	1971.887817
3541.810547	1988.433838
3539.219727	2044.524292
3536.626953	2005.086792
3534.034180	2069.798340
3531.439453	2109.400146
3528.844727	2077.689209
3526.248047	2155.766357
3523.650391	2200.092285
3521.051758	2175.115479
3518.451172	2215.548340
3515.850586	2223.265625
3513.249023	2275.172363
3510.645508	2270.371582
3508.041016	2294.374023
3505.436523	2374.970703
3502.830078	2319.295410
3500.222656	2383.513428
3497.613281	2454.384766
3495.003906	2430.357178
3492.393555	2388.155762
3489.781250	2453.190430
3487.167969	2463.634766
3484.553711	2536.232178
3481.938477	2588.692383
3479.322266	2585.686523
3476.705078	2634.259766
3474.086914	2649.375488
3471.466797	2641.573730
3468.845703	2728.216309
3466.224609	2701.315918
3463.601563	2780.233398
3460.977539	2742.852295
3458.351563	2871.203613
3455.725586	2903.302979
3453.098633	2921.102051
3450.469727	2925.569580
3447.839844	3015.594971
3445.208984	3020.016846
3442.577148	3055.780518
3439.944336	3106.704834
3437.310547	3128.163330
3434.674805	3158.140869
3432.039063	3170.074707
3429.401367	3265.410156
3426.762695	3244.125244
3424.123047	3327.034424
3421.481445	3336.032715
3418.839844	3442.486816
3416.197266	3440.075928
3413.552734	3448.066406
3410.907227	3495.740967
3408.260742	3546.207764
3405.613281	3655.174072
3402.963867	3693.258057
3400.314453	3734.138916
3397.663086	3827.793945
3395.011719	3721.529053
3392.358398	3837.721191
3389.704102	3897.303223
3387.047852	3936.121582
3384.391602	3972.082764
3381.733398	4023.062012
3379.075195	4068.355469
3376.415039	4141.803711
3373.753906	4143.791504
3371.090820	4202.118164
3368.427734	4265.086426
3365.762695	4361.775879
3363.097656	4405.863770
3360.430664	4445.225098
3357.762695	4479.866699
3355.092773	4511.667480
3352.422852	4607.102051
3349.750977	4637.882813
3347.079102	4655.540039
3344.405273	4716.191406
3341.729492	4795.481445
3339.053711	4886.846680
3336.376953	4901.560059
3333.698242	4999.333008
3331.018555	5000.920410
3328.337891	5109.755371
3325.656250	5142.054199
3322.973633	5111.892578
3320.289063	5348.137695
3317.604492	5349.564941
3314.917969	5423.576660
3312.230469	5513.336914
3309.541016	5595.580078
3306.851563	5619.197754
3304.160156	5614.923828
3301.467773	5735.085449
3298.774414	5705.700195
3296.080078	5787.675293
3293.384766	5814.861816
3290.687500	5968.096191
3287.990234	6035.948730
3285.291016	6067.618652
3282.589844	6080.743652
3279.888672	6105.885742
3277.186523	6192.980469
3274.482422	6342.872559
3271.777344	6226.458496
3269.071289	6431.631836
3266.364258	6414.082520
3263.655273	6499.001465
3260.945313	6701.941406
3258.234375	6661.236816
3255.522461	6749.621094
3252.809570	6896.898438
3250.095703	6857.998535
3247.379883	6957.225098
3244.663086	7015.873535
3241.945313	7084.587402
3239.226563	7226.794922
3236.505859	7279.730469
3233.784180	7289.441406
3231.061523	7466.263184
3228.337891	7453.852539
3225.613281	7557.967285
3222.886719	7617.970703
3220.160156	7796.168457
3217.431641	7680.090820
3214.702148	7840.701660
3211.970703	7959.975098
3209.239258	7951.948242
3206.505859	8096.676270
3203.771484	8304.361328
3201.035156	8207.542969
3198.298828	8427.783203
3195.560547	8420.472656
3192.821289	8456.974609
3190.081055	8612.040039
3187.339844	8651.158203
3184.596680	8711.204102
3181.853516	8870.505859
3179.108398	9028.754883
3176.361328	8996.609375
3173.614258	9127.364258
3170.865234	9261.640625
3168.115234	9337.613281
3165.364258	9417.152344
3162.612305	9417.594727
3159.858398	9497.023438
3157.104492	9777.855469
3154.347656	9805.345703
3151.590820	9908.070313
3148.833008	9920.065430
3146.073242	10124.112305
3143.312500	10279.077148
3140.550781	10290.886719
3137.787109	10491.781250
3135.023438	10456.454102
3132.257813	10647.151367
3129.491211	10781.656250
3126.722656	10902.493164
3123.954102	11051.208008
3121.183594	11064.427734
3118.412109	11124.538086
3115.638672	11258.525391
3112.865234	11374.367188
3110.089844	11463.981445
3107.313477	11576.923828
3104.536133	11573.659180
3101.756836	11623.473633
3098.976563	11787.446289
3096.195313	11900.037109
3093.413086	12052.058594
3090.628906	12109.644531
3087.844727	12463.412109
3085.058594	12400.524414
3082.270508	12769.094727
3079.482422	12724.947266
3076.692383	12777.614258
3073.901367	12983.399414
3071.109375	13098.572266
3068.315430	13144.730469
3065.520508	13207.840820
3062.724609	13476.543945
3059.927734	13628.821289
3057.128906	13763.985352
3054.329102	13818.661133
3051.528320	13845.614258
3048.726563	14183.911133
3045.922852	14100.089844
3043.118164	14308.716797
3040.312500	14358.556641
3037.505859	14459.113281
3034.697266	14613.881836
3031.887695	14733.805664
3029.077148	15043.070313
3026.264648	14957.321289
3023.452148	14999.609375
3020.637695	15129.793945
3017.821289	15273.177734
3015.004883	15453.705078
3012.186523	15527.617188
3009.367188	15800.967773
3006.545898	15871.994141
3003.724609	15880.938477
3000.901367	16098.854492
2998.077148	16178.492188
2995.250977	16344.760742
2992.423828	16378.223633
2989.595703	16491.208984
2986.766602	16694.214844
2983.935547	16789.287109
2981.104492	16956.660156
2978.270508	17083.289063
2975.436523	17101.312500
2972.600586	17396.146484
2969.763672	17389.332031
2966.925781	17558.687500
2964.085938	17727.005859
2961.245117	17896.050781
2958.403320	17957.621094
2955.560547	18051.666016
2952.715820	18325.792969
2949.870117	18484.589844
2947.023438	18667.826172
2944.174805	18562.123047
2941.325195	18759.189453
2938.474609	18919.244141
2935.622070	18971.333984
2932.768555	18997.962891
2929.914063	19072.730469
2927.058594	19445.058594
2924.201172	19621.925781
2921.342773	19653.443359
2918.483398	19711.154297
2915.622070	19932.216797
2912.759766	20109.402344
2909.896484	20391.193359
2907.032227	20359.437500
2904.166016	20805.714844
2901.298828	20785.996094
2898.429688	20853.441406
2895.559570	21042.775391
2892.688477	21242.384766
2889.816406	21440.068359
2886.942383	21600.162109
2884.067383	21694.888672
2881.191406	22110.253906
2878.314453	21967.474609
2875.435547	22252.072266
2872.554688	22277.740234
2869.673828	22784.914063
2866.791016	22851.935547
2863.907227	22957.898438
2861.021484	23187.666016
2858.134766	23558.392578
2855.247070	23476.021484
2852.358398	23803.009766
2849.467773	23940.279297
2846.576172	24035.056641
2843.682617	24209.244141
2840.789063	24468.781250
2837.893555	24555.402344
2834.996094	24887.894531
2832.097656	24873.310547
2829.198242	24966.509766
2826.297852	25296.625000
2823.395508	25499.802734
2820.492188	25548.660156
2817.587891	25705.912109
2814.681641	25748.595703
2811.774414	25924.519531
2808.866211	26212.875000
2805.956055	26360.923828
2803.044922	26688.312500
2800.131836	26609.390625
2797.218750	26913.191406
2794.303711	27026.326172
2791.386719	27254.216797
2788.468750	27393.640625
2785.549805	27406.177734
2782.629883	27608.740234
2779.708008	27671.638672
2776.785156	27852.500000
2773.860352	27884.437500
2770.935547	28147.058594
2768.007813	28310.355469
2765.080078	28309.576172
2762.150391	28183.343750
2759.219727	28737.044922
2756.287109	28814.486328
2753.353516	28885.884766
2750.418945	29113.947266
2747.482422	28978.226563
2744.544922	29111.556641
2741.606445	29335.779297
2738.666016	29429.695313
2735.724609	29535.417969
2732.782227	29518.701172
2729.837891	29772.871094
2726.892578	30050.566406
2723.945313	30004.767578
2720.997070	29982.746094
2718.047852	30213.324219
2715.097656	30289.488281
2712.145508	30381.664063
2709.191406	30414.496094
2706.237305	30497.207031
2703.281250	30426.759766
2700.323242	30488.238281
2697.364258	30642.593750
2694.404297	30717.414063
2691.443359	30985.470703
2688.480469	30710.716797
2685.515625	31074.666016
2682.550781	30960.277344
2679.583984	31118.156250
2676.615234	30981.089844
2673.646484	31098.388672
2670.674805	31034.646484
2667.703125	31109.738281
2664.729492	31328.519531
2661.754883	31213.468750
2658.778320	31083.392578
2655.800781	31302.697266
2652.821289	31306.115234
2649.840820	31101.488281
2646.859375	31106.652344
2643.876953	31279.414063
2640.892578	31152.955078
2637.906250	31330.544922
2634.918945	31239.306641
2631.930664	31135.595703
2628.941406	31475.138672
2625.950195	31059.642578
2622.957031	31277.757813
2619.963867	31373.748047
2616.967773	31045.640625
2613.971680	31066.544922
2610.973633	31063.240234
2607.974609	30865.718750
2604.973633	30815.832031
2601.971680	30689.367188
2598.967773	30762.777344
2595.962891	30509.138672
2592.957031	30560.089844
2589.949219	30352.472656
2586.940430	30223.134766
2583.929688	30267.476563
2580.917969	30022.892578
2577.905273	29870.621094
2574.890625	29842.880859
2571.875000	29618.691406
2568.857422	29681.386719
2565.838867	29652.083984
2562.819336	29867.835938
2559.797852	29397.427734
2556.775391	29000.224609
2553.750977	28918.341797
2550.725586	28722.492188
2547.698242	28654.007813
2544.669922	28501.371094
2541.640625	28617.871094
2538.609375	27945.748047
2535.577148	28279.199219
2532.542969	27885.533203
2529.507813	27675.070313
2526.471680	27484.550781
2523.433594	27232.478516
2520.393555	27057.947266
2517.353516	26858.902344
2514.310547	27092.283203
2511.267578	26656.826172
2508.222656	26542.777344
2505.175781	26314.755859
2502.127930	26123.027344
2499.079102	26001.976563
2496.028320	25497.496094
2492.976563	25371.912109
2489.922852	25220.234375
2486.868164	25081.783203
2483.812500	24730.769531
2480.754883	24649.068359
2477.695313	24421.966797
2474.634766	24151.769531
2471.573242	23977.343750
2468.509766	23640.664063
2465.445313	23577.560547
2462.378906	23309.849609
2459.311523	23212.710938
2456.242188	22989.388672
2453.171875	22636.800781
2450.100586	22475.789063
2447.027344	22501.208984
2443.953125	21954.974609
2440.876953	21634.369141
2437.799805	21448.904297
2434.720703	21454.419922
2431.640625	21285.427734
2428.558594	20985.164063
2425.475586	20865.181641
2422.390625	20639.130859
2419.304688	20519.406250
2416.217773	20003.011719
2413.128906	19912.816406
2410.038086	19732.089844
2406.946289	19516.753906
2403.853516	19272.515625
2400.758789	19063.232422
2397.663086	18855.753906
2394.565430	18616.175781
2391.466797	18421.992188
2388.366211	18247.333984
2385.264648	17968.859375
2382.161133	17824.369141
2379.056641	17716.244141
2375.950195	17365.140625
2372.842773	17406.953125
2369.734375	17184.968750
2366.624023	16658.562500
2363.511719	16601.009766
2360.398438	16541.898438
2357.284180	16398.558594
2354.167969	16220.048828
2351.049805	15953.492188
2347.930664	15739.276367
2344.810547	15766.396484
2341.688477	15374.686523
2338.564453	15221.853516
2335.439453	15037.155273
2332.313477	14926.192383
2329.185547	14934.419922
2326.056641	14489.657227
2322.925781	14335.170898
2319.792969	14162.465820
2316.660156	14031.401367
2313.524414	13821.510742
2310.387695	13617.390625
2307.250000	13539.330078
2304.110352	13437.448242
2300.969727	13240.146484
2297.827148	13073.255859
2294.682617	12917.649414
2291.537109	12750.261719
2288.390625	12600.503906
2285.242188	12394.502930
2282.092773	12240.280273
2278.941406	12044.152344
2275.788086	11979.833008
2272.633789	11788.756836
2269.478516	11669.154297
2266.321289	11469.685547
2263.162109	11397.033203
2260.001953	11221.602539
2256.840820	11064.519531
2253.676758	10918.645508
2250.512695	10821.881836
2247.346680	10733.891602
2244.178711	10545.748047
2241.009766	10370.398438
2237.838867	10262.232422
2234.666992	9990.234375
2231.493164	9867.374023
2228.318359	9801.316406
2225.141602	9645.598633
2221.963867	9550.595703
2218.784180	9388.059570
2215.602539	9327.053711
2212.419922	9210.330078
2209.236328	9046.602539
2206.050781	8914.417969
2202.863281	8776.080078
2199.674805	8672.367188
2196.485352	8555.426758
2193.292969	8502.824219
2190.100586	8319.518555
2186.905273	8270.983398
2183.709961	8106.726563
2180.511719	8030.968750
2177.312500	7982.630371
2174.112305	7918.713379
2170.910156	7765.851074
2167.706055	7623.275391
2164.500977	7396.593262
2161.294922	7273.812012
2158.085938	7367.774902
2154.876953	7180.471191
2151.665039	7044.724121
2148.452148	7063.174316
2145.238281	6882.495117
2142.022461	6803.824707
2138.804688	6725.226074
2135.585938	6643.592773
2132.365234	6498.378418
2129.143555	6447.962891
2125.919922	6372.774414
2122.695313	6224.787598
2119.468750	6228.029297
2116.240234	6145.300781
2113.010742	5953.502930
2109.780273	5936.745117
2106.546875	5827.199219
2103.312500	5841.432617
2100.077148	5718.897461
2096.839844	5564.042480
2093.600586	5640.125000
2090.360352	5447.646484
2087.119141	5364.852051
2083.875000	5315.277832
2080.629883	5201.804688
2077.383789	5153.121582
2074.135742	5045.987793
2070.885742	4972.034180
2067.634766	4975.043945
2064.381836	4875.059570
2061.127930	4811.274902
2057.871094	4706.853516
2054.614258	4607.135254
2051.355469	4659.397461
2048.094727	4529.890625
2044.832031	4498.601563
2041.568359	4409.124512
2038.303711	4333.513184
2035.037109	4327.611816
2031.768555	4236.810059
2028.498047	4120.864258
2025.226563	4111.247559
2021.954102	4026.021973
2018.678711	4046.994629
2015.403320	3945.090820
2012.125000	3904.299805
2008.845703	3785.025391
2005.564453	3756.538818
2002.282227	3699.898926
1998.998047	3634.938232
1995.712891	3520.581299
1992.424805	3480.102783
1989.136719	3473.108398
1985.845703	3384.062988
1982.553711	3305.733643
1979.260742	3295.792969
1975.964844	3266.134766
1972.667969	3178.871826
1969.370117	3132.620850
1966.070313	3071.261719
1962.768555	2996.330566
1959.465820	3006.238281
1956.161133	2929.138916
1952.854492	2926.969238
1949.546875	2924.800537
1946.237305	2856.157959
1942.925781	2786.825439
1939.613281	2796.798828
1936.298828	2643.077881
1932.982422	2642.553955
1929.665039	2600.582764
1926.346680	2588.026611
1923.025391	2577.739746
1919.703125	2539.620361
1916.378906	2482.733887
1913.053711	2491.303955
1909.726563	2437.499512
1906.397461	2355.958496
1903.067383	2318.784424
1899.735352	2328.914063
1896.401367	2296.286865
1893.066406	2237.455811
1889.729492	2229.626465
1886.390625	2172.380615
1883.050781	2145.876953
1879.708984	2103.687988
1876.365234	2054.061523
1873.020508	2070.252197
1869.673828	2029.652954
1866.326172	1992.825684
1862.975586	1947.824219
1859.624023	1947.621460
1856.271484	1875.843872
1852.916016	1848.847534
1849.559570	1831.559814
1846.202148	1788.975952
1842.841797	1816.379517
1839.480469	1758.224365
1836.118164	1688.974487
1832.752930	1700.038086
1829.386719	1658.361206
1826.018555	1627.858887
1822.649414	1636.708374
1819.278320	1598.829346
1815.905273	1570.622559
1812.531250	1516.512939
1809.154297	1532.801758
1805.777344	1469.140869
1802.397461	1493.572998
1799.016602	1453.653198
1795.633789	1440.377075
1792.249023	1421.203979
1788.863281	1413.862061
1785.475586	1401.361084
1782.085938	1350.517456
1778.694336	1350.591553
1775.301758	1284.347534
1771.907227	1280.033936
1768.510742	1250.695435
1765.113281	1239.779541
1761.713867	1193.574097
1758.312500	1227.534180
1754.910156	1182.113892
1751.505859	1133.800537
1748.099609	1161.866699
1744.691406	1117.277954
1741.282227	1105.728638
1737.871094	1109.580566
1734.458008	1084.127563
1731.042969	1046.252563
1727.626953	1015.000671
1724.208984	1015.962341
1720.790039	986.948608
1717.368164	1024.457886
1713.945313	986.703552
1710.520508	1000.815369
1707.093750	940.490723
1703.666016	921.064331
1700.236328	906.759094
1696.804688	896.838928
1693.371094	915.327393
1689.936523	901.772949
1686.500000	879.501953
1683.061523	841.983582
1679.622070	855.373901
1676.179688	808.460999
1672.736328	816.771790
1669.291016	800.401611
1665.844727	774.618469
1662.396484	747.410706
1658.945313	736.894958
1655.494141	734.355774
1652.040039	733.266479
1648.584961	704.685120
1645.126953	723.135681
1641.668945	695.309998
1638.208008	697.130676
1634.745117	659.236267
1631.281250	640.143433
1627.815430	628.282654
1624.347656	643.830505
1620.878906	619.728760
1617.408203	602.853333
1613.935547	584.554749
1610.460938	595.775085
1606.984375	575.340271
1603.506836	578.646484
1600.027344	561.832458
1596.545898	559.396912
1593.062500	547.632935
1589.577148	533.728394
1586.090820	502.629150
1582.602539	533.910095
1579.112305	504.990326
1575.620117	498.293488
1572.126953	485.162903
1568.630859	489.925812
1565.133789	489.679688
1561.634766	472.285553
1558.133789	469.191528
1554.631836	441.118011
1551.127930	440.896057
1547.621094	426.412842
1544.114258	432.612457
1540.604492	411.024139
1537.092773	390.169373
1533.580078	412.744781
1530.065430	397.599945
1526.548828	395.977539
1523.030273	370.197784
1519.509766	385.635101
1515.988281	369.823944
1512.463867	354.028595
1508.938477	352.431366
1505.411133	348.709351
1501.882813	340.032104
1498.351563	332.779602
1494.818359	321.995850
1491.284180	319.710754
1487.748047	308.944244
1484.209961	303.841370
1480.669922	302.981049
1477.128906	311.298004
1473.584961	303.379150
1470.040039	297.583710
1466.493164	280.516937
1462.944336	274.034271
1459.393555	290.089233
1455.840820	261.088287
1452.287109	248.997910
1448.730469	255.901428
1445.172852	264.905792
1441.613281	243.701553
1438.051758	254.808594
1434.488281	228.018097
1430.922852	239.822815
1427.356445	227.084625
1423.787109	226.968704
1420.216797	220.551315
1416.644531	211.341171
1413.070313	204.238678
1409.494141	216.018768
1405.916016	213.113342
1402.336914	185.767670
1398.754883	190.558685
1395.171875	198.832993
1391.585938	191.060791
1387.999023	181.205627
1384.410156	187.381973
1380.819336	172.665024
1377.226563	183.014481
1373.632813	176.660873
1370.036133	164.752441
1366.438477	166.752167
1362.837891	161.805328
1359.236328	159.639847
1355.632813	149.151764
1352.027344	142.834641
1348.419922	144.840118
1344.810547	155.155365
1341.199219	148.152374
1337.585938	137.696823
1333.970703	148.691177
1330.354492	142.393356
1326.735352	141.628967
1323.115234	129.817032
1319.493164	129.749939
1315.869141	127.613449
1312.242188	121.342430
1308.614258	126.792351
1304.984375	120.528122
1301.353516	117.712196
1297.719727	123.155357
1294.083984	118.277885
1290.446289	112.030792
1286.807617	100.981491
1283.166016	104.362038
1279.523438	102.249130
1275.877930	98.766617
1272.231445	100.086327
1268.582031	104.830452
1264.931641	104.091110
1261.279297	86.241142
1257.625000	97.825897
1253.968750	88.886307
1250.310547	86.789833
1246.650391	75.133102
1242.988281	77.141930
1239.324219	80.513252
1235.658203	85.926895
1231.990234	83.837204
1228.320313	79.024666
1224.648438	78.983353
1220.975586	65.331345
1217.299805	76.180023
1213.622070	75.460320
1209.943359	66.587738
1206.261719	76.739502
1202.578125	68.554222
1198.893555	64.447876
1195.206055	64.414063
1191.517578	65.057938
1187.826172	65.023773
1184.133789	58.219856
1180.438477	54.129539
1176.742188	61.539970
1173.042969	53.396702
1169.342773	57.421906
1165.639648	62.118038
1161.935547	63.434990
1158.228516	53.284283
1154.520508	58.649216
1150.809570	53.228088
1147.097656	48.486069
1143.382813	49.806587
1139.666992	60.543571
1135.948242	50.426308
1132.227539	48.383656
1128.505859	48.358055
1124.781250	42.962185
1121.055664	43.610363
1117.327148	36.210953
1113.596680	39.542843
1109.865234	36.842426
1106.130859	42.178932
1102.394531	40.818237
1098.657227	44.809338
1094.916992	36.095798
1091.174805	29.395756
1087.430664	34.721962
1083.684570	33.368736
1079.936523	37.353088
1076.186523	34.666534
1072.434570	37.979607
1068.680664	29.301962
1064.924805	31.283127
1061.166992	35.257893
1057.406250	29.255075
1053.644531	35.884777
1049.880859	29.223822
1046.114258	27.880550
1042.346680	29.856039
1038.576172	34.481846
1034.803711	18.557205
1031.030273	25.833689
1027.253906	25.819841
1023.475586	25.805996
1019.695313	25.130812
1015.913086	23.134377
1012.128906	27.746342
1008.342773	27.071161
1004.553711	23.757021
