4046.277344	215.922791
4043.892578	201.248428
4041.505859	185.452759
4039.119141	207.373825
4036.731445	185.306503
4034.342773	187.326416
4031.952148	217.589447
4029.561523	209.138000
4027.169922	229.960907
4024.777344	222.555969
4022.383789	201.578964
4019.989258	226.556137
4017.593750	237.946365
4015.197266	237.852173
4012.799805	237.757996
4010.401367	215.773727
4008.001953	224.024002
4005.601563	238.517014
4003.201172	236.340134
4000.798828	241.450043
3998.395508	224.709106
3995.991211	247.497849
3993.585938	257.794495
3991.180664	244.184021
3988.773438	254.473648
3986.365234	270.984558
3983.957031	265.687561
3981.546875	245.870697
3979.135742	267.550171
3976.724609	287.139099
3974.311523	282.879974
3971.898438	252.729721
3969.483398	276.442352
3967.068359	283.576813
3964.651367	284.498230
3962.234375	276.111694
3959.815430	270.832916
3957.396484	281.057770
3954.975586	288.175720
3952.554688	284.963135
3950.131836	291.041595
3947.708984	302.273376
3945.284180	321.745941
3942.859375	340.172028
3940.432617	313.245178
3938.005859	325.479706
3935.577148	324.319733
3933.148438	337.569031
3930.718750	331.261169
3928.287109	350.666931
3925.855469	328.939606
3923.421875	346.275513
3920.988281	370.787201
3918.552734	349.077606
3916.117188	345.858521
3913.680664	383.676880
3911.242188	363.013428
3908.803711	369.017761
3906.363281	385.263519
3903.922852	401.496063
3901.480469	382.905823
3899.038086	385.821869
3896.593750	406.126190
3894.149414	405.962555
3891.703125	387.399994
3889.256836	382.135010
3886.808594	410.578369
3884.360352	412.454559
3881.910156	409.226563
3879.459961	430.483490
3877.007813	441.526215
3874.555664	434.212891
3872.101563	447.282654
3869.646484	416.548157
3867.191406	424.524048
3864.734375	450.810730
3862.277344	449.611053
3859.818359	457.563507
3857.358398	472.624146
3854.897461	457.192932
3852.436523	462.085510
3849.973633	472.049805
3847.509766	497.227112
3845.044922	480.796021
3842.579102	519.130127
3840.113281	462.162598
3837.645508	502.499084
3835.176758	507.358429
3832.707031	520.311951
3830.236328	494.803741
3827.764648	539.106689
3825.291992	525.743835
3822.818359	544.732056
3820.343750	565.725037
3817.868164	538.229858
3815.390625	519.841431
3812.913086	558.980286
3810.434570	568.838318
3807.955078	566.590149
3805.473633	558.297058
3802.992188	608.436646
3800.509766	595.098267
3798.025391	609.953247
3795.541016	597.630859
3793.054688	635.603455
3790.568359	607.195679
3788.080078	612.976868
3785.591797	634.824646
3783.101563	615.487915
3780.610352	627.279968
3778.119141	658.123657
3775.625977	667.882629
3773.131836	686.655090
3770.636719	676.353821
3768.140625	724.153320
3765.643555	717.849487
3763.145508	707.547485
3760.646484	691.251587
3758.146484	762.964722
3755.645508	691.684082
3753.143555	771.330872
3750.639648	741.052551
3748.135742	775.689209
3745.630859	778.364258
3743.124023	791.011841
3740.617188	800.657532
3738.108398	807.305054
3735.599609	817.931946
3733.088867	795.686646
3730.577148	832.190613
3728.064453	825.877869
3725.551758	812.607666
3723.037109	840.110962
3720.521484	885.479858
3718.004883	872.200745
3715.487305	868.862244
3712.967773	865.526184
3710.448242	888.981140
3707.927734	910.432983
3705.406250	874.368713
3702.882813	945.355225
3700.359375	1010.339722
3697.833984	927.742371
3695.308594	987.731384
3692.781250	1013.044922
3690.252930	1007.681580
3687.723633	990.460571
3685.193359	1026.609619
3682.662109	1024.209351
3680.129883	1078.084473
3677.596680	1044.085327
3675.062500	1056.476563
3672.527344	1102.382202
3669.990234	1064.471680
3667.453125	1101.468506
3664.915039	1098.057373
3662.375000	1092.679932
3659.833984	1161.105713
3657.292969	1166.525269
3654.750000	1183.738037
3652.206055	1188.160278
3649.661133	1191.596069
3647.115234	1137.093872
3644.568359	1189.624390
3642.019531	1226.412720
3639.470703	1245.517090
3636.920898	1228.333618
3634.369141	1270.938477
3631.817383	1308.609863
3629.263672	1301.211426
3626.708984	1312.413696
3624.153320	1291.323242
3621.596680	1327.944092
3619.039063	1344.007324
3616.480469	1383.506104
3613.920898	1378.045898
3611.360352	1418.473022
3608.797852	1434.470215
3606.235352	1485.568970
3603.670898	1420.597656
3601.105469	1440.471191
3598.540039	1482.734253
3595.972656	1515.223755
3593.404297	1539.898438
3590.834961	1541.200562
3588.264648	1575.568726
3585.692383	1553.521973
3583.120117	1605.346924
3580.545898	1645.471802
3577.971680	1651.579590
3575.395508	1659.622803
3572.818359	1686.091309
3570.240234	1685.384766
3567.661133	1681.770508
3565.081055	1697.536987
3562.500000	1755.904053
3559.917969	1787.114868
3557.333984	1802.815796
3554.750000	1810.764771
3552.164063	1860.282593
3549.577148	1852.736084
3546.989258	1895.431030
3544.400391	1912.016602
3541.810547	1917.969971
3539.219727	1937.425659
3536.626953	1947.219849
3534.034180	1989.782837
3531.439453	1999.545654
3528.844727	2039.159912
3526.248047	2100.885254
3523.650391	2052.842041
3521.051758	2123.166748
3518.451172	2138.619629
3515.850586	2177.127686
3513.249023	2169.484619
3510.645508	2232.916260
3508.041016	2229.094727
3505.436523	2282.850830
3502.830078	2267.499756
3500.222656	2311.605225
3497.613281	2303.920898
3495.003906	2344.140381
3492.393555	2373.792236
3489.781250	2434.047363
3487.167969	2484.683350
3484.553711	2529.537598
3481.938477	2571.485596
3479.322266	2561.798096
3476.705078	2584.592773
3474.086914	2576.815918
3471.466797	2697.879150
3468.845703	2724.400635
3466.224609	2728.014404
3463.601563	2756.405518
3460.977539	2758.095703
3458.351563	2859.775879
3455.725586	2885.216797
3453.098633	2994.367432
3450.469727	2921.765137
3447.839844	3116.368164
3445.208984	3024.768311
3442.577148	3171.666504
3439.944336	3148.481934
3437.310547	3203.140381
3434.674805	3218.855957
3432.039063	3196.626465
3429.401367	3270.149414
3426.762695	3338.871826
3424.123047	3423.635010
3421.481445	3432.592041
3418.839844	3468.035645
3416.197266	3544.120117
3413.552734	3594.611572
3410.907227	3630.883057
3408.260742	3703.964111
3405.613281	3715.605713
3402.963867	3773.484619
3400.314453	3858.673096
3397.663086	3918.325684
3395.011719	3881.777344
3392.358398	4030.879395
3389.704102	4007.497559
3387.047852	4136.646484
3384.391602	4195.106445
3381.733398	4218.712402
3379.075195	4246.998047
3376.415039	4217.929199
3373.753906	4389.920410
3371.090820	4396.495605
3368.427734	4504.434570
3365.762695	4543.790039
3363.097656	4631.877441
3360.430664	4685.203613
3357.762695	4633.537109
3355.092773	4769.236328
3352.422852	4799.961914
3349.750977	4871.835449
3347.079102	4902.488281
3344.405273	4965.838867
3341.729492	5061.844727
3339.053711	5163.372559
3336.376953	5126.607910
3333.698242	5220.550293
3331.018555	5299.482910
3328.337891	5375.548340
3325.656250	5398.411133
3322.973633	5488.342285
3320.289063	5646.187988
3317.604492	5659.590332
3314.917969	5720.440430
3312.230469	5739.377441
3309.541016	5917.293457
3306.851563	5972.373047
3304.160156	6012.539063
3301.467773	5958.879883
3298.774414	6046.352539
3296.080078	6207.045410
3293.384766	6270.220215
3290.687500	6255.469727
3287.990234	6446.437500
3285.291016	6454.775879
3282.589844	6535.317871
3279.888672	6590.803223
3277.186523	6571.312012
3274.482422	6754.327148
3271.777344	6921.470215
3269.071289	6910.170410
3266.364258	7016.152832
3263.655273	7065.737305
3260.945313	7078.372070
3258.234375	7197.972168
3255.522461	7322.075684
3252.809570	7326.284668
3250.095703	7434.563965
3247.379883	7654.144043
3244.663086	7674.761719
3241.945313	7622.691895
3239.226563	7755.472656
3236.505859	7922.140625
3233.784180	8032.624512
3231.061523	8075.060547
3228.337891	8307.452148
3225.613281	8270.827148
3222.886719	8477.250000
3220.160156	8523.078125
3217.431641	8674.232422
3214.702148	8679.631836
3211.970703	8841.568359
3209.239258	8818.518555
3206.505859	8955.553711
3203.771484	9148.237305
3201.035156	9208.239258
3198.298828	9400.641602
3195.560547	9480.564453
3192.821289	9527.558594
3190.081055	9697.667969
3187.339844	9827.503906
3184.596680	9969.074219
3181.853516	10050.384766
3179.108398	10223.603516
3176.361328	10318.381836
3173.614258	10378.498047
3170.865234	10645.020508
3168.115234	10741.300781
3165.364258	10821.137695
3162.612305	10967.209961
3159.858398	10864.376953
3157.104492	11047.506836
3154.347656	11245.894531
3151.590820	11369.752930
3148.833008	11498.031250
3146.073242	11655.185547
3143.312500	11884.645508
3140.550781	11868.599609
3137.787109	12037.138672
3135.023438	12165.734375
3132.257813	12214.664063
3129.491211	12343.966797
3126.722656	12459.604492
3123.954102	12653.682617
3121.183594	12791.637695
3118.412109	12779.733398
3115.638672	12922.915039
3112.865234	13164.201172
3110.089844	13182.767578
3107.313477	13375.097656
3104.536133	13401.648438
3101.756836	13471.354492
3098.976563	13698.365234
3096.195313	13719.333984
3093.413086	13981.070313
3090.628906	14088.104492
3087.844727	14257.877930
3085.058594	14396.991211
3082.270508	14468.710938
3079.482422	14772.557617
3076.692383	14853.898438
3073.901367	14870.671875
3071.109375	15253.614258
3068.315430	15294.351563
3065.520508	15430.764648
3062.724609	15628.750000
3059.927734	15813.150391
3057.128906	15916.087891
3054.329102	15891.236328
3051.528320	16146.670898
3048.726563	16214.517578
3045.922852	16358.993164
3043.118164	16479.269531
3040.312500	16568.250000
3037.505859	16840.615234
3034.697266	16809.167969
3031.887695	17165.710938
3029.077148	17283.564453
3026.264648	17419.980469
3023.452148	17494.953125
3020.637695	17627.591797
3017.821289	17798.287109
3015.004883	17775.355469
3012.186523	17934.291016
3009.367188	18209.240234
3006.545898	18439.626953
3003.724609	18498.822266
3000.901367	18815.646484
2998.077148	18930.376953
2995.250977	19065.347656
2992.423828	19007.406250
2989.595703	19182.875000
2986.766602	19323.724609
2983.935547	19611.052734
2981.104492	19793.951172
2978.270508	19849.617188
2975.436523	19974.023438
2972.600586	20190.884766
2969.763672	20214.558594
2966.925781	20454.011719
2964.085938	20414.142578
2961.245117	20754.490234
2958.403320	20896.605469
2955.560547	21133.548828
2952.715820	21287.662109
2949.870117	21392.435547
2947.023438	21741.224609
2944.174805	21721.931641
2941.325195	21851.796875
2938.474609	22085.896484
2935.622070	22163.755859
2932.768555	22231.025391
2929.914063	22447.109375
2927.058594	22650.740234
2924.201172	22911.060547
2921.342773	22927.998047
2918.483398	23215.923828
2915.622070	23392.609375
2912.759766	23690.541016
2909.896484	23787.396484
2907.032227	23923.429688
2904.166016	24179.708984
2901.298828	24414.828125
2898.429688	24586.109375
2895.559570	24460.179688
2892.688477	24574.677734
2889.816406	25029.371094
2886.942383	24993.865234
2884.067383	25297.515625
2881.191406	25344.478516
2878.314453	25460.029297
2875.435547	25792.568359
2872.554688	25847.906250
2869.673828	26214.667969
2866.791016	26568.951172
2863.907227	26513.753906
2861.021484	26670.017578
2858.134766	26855.580078
2855.247070	26997.683594
2852.358398	27315.312500
2849.467773	27393.062500
2846.576172	27622.894531
2843.682617	27626.968750
2840.789063	27624.984375
2837.893555	27899.275391
2834.996094	27948.072266
2832.097656	28247.833984
2829.198242	28256.751953
2826.297852	28525.925781
2823.395508	28651.851563
2820.492188	28756.126953
2817.587891	28972.189453
2814.681641	28952.330078
2811.774414	29119.078125
2808.866211	29133.533203
2805.956055	29275.978516
2803.044922	29726.578125
2800.131836	29425.693359
2797.218750	29534.328125
2794.303711	29723.470703
2791.386719	29664.697266
2788.468750	29960.697266
2785.549805	30037.171875
2782.629883	30157.226563
2779.708008	30110.308594
2776.785156	30346.525391
2773.860352	30508.996094
2770.935547	30594.406250
2768.007813	30616.525391
2765.080078	30663.371094
2762.150391	30618.857422
2759.219727	31054.603516
2756.287109	30958.777344
2753.353516	30907.343750
2750.418945	31343.195313
2747.482422	31065.980469
2744.544922	30978.794922
2741.606445	31408.892578
2738.666016	31231.480469
2735.724609	31287.093750
2732.782227	31256.845703
2729.837891	31337.003906
2726.892578	31525.722656
2723.945313	31583.609375
2720.997070	31548.154297
2718.047852	31715.302734
2715.097656	31686.578125
2712.145508	31691.744141
2709.191406	31817.941406
2706.237305	31732.492188
2703.281250	31798.492188
2700.323242	31898.236328
2697.364258	31721.582031
2694.404297	31876.992188
2691.443359	31927.572266
2688.480469	31669.267578
2685.515625	31781.445313
2682.550781	31894.353516
2679.583984	32052.654297
2676.615234	31869.681641
2673.646484	32004.255859
2670.674805	31961.142578
2667.703125	31667.402344
2664.729492	32115.451172
2661.754883	31770.626953
2658.778320	31612.578125
2655.800781	31474.814453
2652.821289	31583.056641
2649.840820	31730.615234
2646.859375	31317.103516
2643.876953	31297.851563
2640.892578	31441.121094
2637.906250	31642.023438
2634.918945	31329.695313
2631.930664	31079.546875
2628.941406	31256.060547
2625.950195	30859.888672
2622.957031	31006.248047
2619.963867	30912.812500
2616.967773	30943.812500
2613.971680	30881.337891
2610.973633	30512.039063
2607.974609	30595.662109
2604.973633	30377.605469
2601.971680	30187.218750
2598.967773	30293.320313
2595.962891	29769.498047
2592.957031	29900.621094
2589.949219	29684.162109
2586.940430	29350.738281
2583.929688	29358.935547
2580.917969	29204.417969
2577.905273	29241.695313
2574.890625	28955.488281
2571.875000	28874.287109
2568.857422	28746.748047
2565.838867	28464.445313
2562.819336	28578.916016
2559.797852	28146.333984
2556.775391	27779.474609
2553.750977	27756.019531
2550.725586	27583.839844
2547.698242	27237.537109
2544.669922	27219.287109
2541.640625	27129.255859
2538.609375	26626.074219
2535.577148	26626.240234
2532.542969	26303.375000
2529.507813	26666.083984
2526.471680	26117.896484
2523.433594	25568.558594
2520.393555	25509.123047
2517.353516	25536.880859
2514.310547	25329.576172
2511.267578	25242.378906
2508.222656	24927.830078
2505.175781	24776.869141
2502.127930	24480.853516
2499.079102	24196.578125
2496.028320	24114.158203
2492.976563	23750.841797
2489.922852	23486.103516
2486.868164	23404.917969
2483.812500	23215.822266
2480.754883	22931.230469
2477.695313	22765.394531
2474.634766	22615.224609
2471.573242	22305.152344
2468.509766	22218.160156
2465.445313	21933.828125
2462.378906	21682.367188
2459.311523	21511.000000
2456.242188	21470.123047
2453.171875	21225.714844
2450.100586	20894.443359
2447.027344	20580.552734
2443.953125	20418.183594
2440.876953	20100.724609
2437.799805	19994.767578
2434.720703	19797.958984
2431.640625	19572.919922
2428.558594	19379.718750
2425.475586	19285.617188
2422.390625	19103.251953
2419.304688	18890.263672
2416.217773	18664.511719
2413.128906	18499.664063
2410.038086	18155.367188
2406.946289	18014.345703
2403.853516	17729.582031
2400.758789	17689.052734
2397.663086	17374.812500
2394.565430	17074.580078
2391.466797	16930.322266
2388.366211	16786.193359
2385.264648	16772.761719
2382.161133	16388.751953
2379.056641	16277.267578
2375.950195	16135.294922
2372.842773	15739.226563
2369.734375	15797.852539
2366.624023	15441.682617
2363.511719	15467.442383
2360.398438	15135.835938
2357.284180	15097.494141
2354.167969	14735.070313
2351.049805	14638.401367
2347.930664	14615.557617
2344.810547	14305.121094
2341.688477	14203.167969
2338.564453	13923.617188
2335.439453	13863.528320
2332.313477	13733.920898
2329.185547	13658.780273
2326.056641	13435.109375
2322.925781	13218.829102
2319.792969	12997.159180
2316.660156	12902.539063
2313.524414	12745.006836
2310.387695	12536.607422
2307.250000	12389.741211
2304.110352	12226.286133
2300.969727	12030.346680
2297.827148	12026.313477
2294.682617	11800.425781
2291.537109	11737.679688
2288.390625	11423.153320
2285.242188	11220.879883
2282.092773	11132.290039
2278.941406	11147.703125
2275.788086	10900.632813
2272.633789	10778.224609
2269.478516	10676.524414
2266.321289	10435.552734
2263.162109	10256.538086
2260.001953	10193.977539
2256.840820	10077.703125
2253.676758	10090.361328
2250.512695	9931.579102
2247.346680	9701.877930
2244.178711	9625.500977
2241.009766	9364.597656
2237.838867	9326.291016
2234.666992	9161.917969
2231.493164	8992.969727
2228.318359	8856.459961
2225.141602	8766.508789
2221.963867	8662.479492
2218.784180	8622.232422
2215.602539	8418.553711
2212.419922	8361.172852
2209.236328	8153.876953
2206.050781	8095.098633
2202.863281	8023.037598
2199.674805	7896.158691
2196.485352	7828.956055
2193.292969	7607.501953
2190.100586	7629.748047
2186.905273	7589.365234
2183.709961	7361.289551
2180.511719	7257.737793
2177.312500	7206.639160
2174.112305	7137.621094
2170.910156	6978.882324
2167.706055	6866.332520
2164.500977	6648.588379
2161.294922	6704.692871
2158.085938	6587.749023
2154.876953	6502.068848
2151.665039	6361.193359
2148.452148	6370.629883
2145.238281	6317.055664
2142.022461	6182.680176
2138.804688	6074.071777
2135.585938	5975.661133
2132.365234	5960.404785
2129.143555	5874.551758
2125.919922	5764.735840
2122.695313	5695.331543
2119.468750	5673.255859
2116.240234	5534.255859
2113.010742	5420.931152
2109.780273	5402.879395
2106.546875	5315.241211
2103.312500	5256.284668
2100.077148	5185.792969
2096.839844	5068.259766
2093.600586	5013.358398
2090.360352	4968.537598
2087.119141	4919.130371
2083.875000	4835.854492
2080.629883	4746.492676
2077.383789	4731.908691
2074.135742	4654.223145
2070.885742	4448.905273
2067.634766	4522.906738
2064.381836	4366.264160
2061.127930	4380.311035
2057.871094	4336.755371
2054.614258	4245.655762
2051.355469	4207.572266
2048.094727	4110.484863
2044.832031	4001.226563
2041.568359	4016.164063
2038.303711	3913.943115
2035.037109	3904.416504
2031.768555	3858.182129
2028.498047	3760.001953
2025.226563	3617.592285
2021.954102	3585.305908
2018.678711	3638.554443
2015.403320	3554.397217
2012.125000	3459.641357
2008.845703	3429.011963
2005.564453	3359.549805
2002.282227	3325.948730
1998.998047	3317.499512
1995.712891	3207.099854
1992.424805	3183.503174
1989.136719	3077.072021
1985.845703	3017.848633
1982.553711	3005.764648
1979.260742	2963.329346
1975.964844	2925.485596
1972.667969	2883.127441
1969.370117	2868.095215
1966.070313	2818.984863
1962.768555	2750.233154
1959.465820	2695.169922
1956.161133	2659.827637
1952.854492	2640.396973
1949.546875	2614.182373
1946.237305	2570.617676
1942.925781	2570.885986
1939.613281	2511.534424
1936.298828	2442.433350
1932.982422	2424.665771
1929.665039	2397.117920
1926.346680	2344.739990
1923.025391	2308.974365
1919.703125	2301.084229
1916.378906	2262.364014
1913.053711	2235.708496
1909.726563	2201.563965
1906.397461	2158.439453
1903.067383	2074.069824
1899.735352	2024.294556
1896.401367	2069.058105
1893.066406	2038.071045
1889.729492	1983.888062
1886.390625	1927.510376
1883.050781	1909.359009
1879.708984	1903.942261
1876.365234	1839.458008
1873.020508	1829.594849
1869.673828	1798.823853
1866.326172	1833.787842
1862.975586	1785.878662
1859.624023	1724.588623
1856.271484	1715.547241
1852.916016	1643.171631
1849.559570	1637.901611
1846.202148	1611.046143
1842.841797	1608.027832
1839.480469	1587.161865
1836.118164	1512.048462
1832.752930	1524.684448
1829.386719	1451.901611
1826.018555	1487.564697
1822.649414	1466.063354
1819.278320	1442.357666
1815.905273	1403.850464
1812.531250	1373.529663
1809.154297	1356.566650
1805.777344	1317.416016
1802.397461	1316.030884
1799.016602	1315.385986
1795.633789	1271.138306
1792.249023	1251.309448
1788.863281	1253.648926
1785.475586	1206.543091
1782.085938	1181.610596
1778.694336	1210.519287
1775.301758	1135.501709
1771.907227	1139.362793
1768.510742	1113.037964
1765.113281	1095.567749
1761.713867	1087.674805
1758.312500	1074.643677
1754.910156	1049.135254
1751.505859	1045.681396
1748.099609	1005.532166
1744.691406	1020.442322
1741.282227	1011.873657
1737.871094	941.751038
1734.458008	976.447388
1731.042969	953.268616
1727.626953	932.307800
1724.208984	911.367249
1720.790039	913.110229
1717.368164	881.969055
1713.945313	850.127991
1710.520508	882.557068
1707.093750	844.179810
1703.666016	843.032776
1700.236328	796.694275
1696.804688	825.441528
1693.371094	813.381653
1689.936523	763.486511
1686.500000	771.837524
1683.061523	717.649231
1679.622070	719.473389
1676.179688	733.643860
1672.736328	715.129089
1669.291016	698.083740
1665.844727	696.286255
1662.396484	680.716492
1658.945313	648.496582
1655.494141	658.312988
1652.040039	629.755005
1648.584961	639.570435
1645.126953	645.037048
1641.668945	603.517517
1638.208008	600.327026
1634.745117	580.532288
1631.281250	584.572876
1627.815430	557.591858
1624.347656	555.871582
1620.878906	570.726929
1617.408203	522.184814
1613.935547	536.321777
1610.460938	520.223877
1606.984375	509.176117
1603.506836	513.234314
1600.027344	492.860687
1596.545898	514.156799
1593.062500	463.657776
1589.577148	473.468750
1586.090820	445.267761
1582.602539	440.744568
1579.112305	436.941986
1575.620117	434.574921
1572.126953	420.045166
1568.630859	421.979889
1565.133789	423.197632
1561.634766	424.413940
1558.133789	389.921722
1554.631836	386.156708
1551.127930	363.846252
1547.621094	385.768127
1544.114258	386.999298
1540.604492	361.872192
1537.092773	360.265869
1533.580078	351.544708
1530.065430	358.480103
1526.548828	340.526459
1523.030273	322.590759
1519.509766	324.558472
1515.988281	323.684692
1512.463867	325.649536
1508.938477	310.593445
1505.411133	306.183807
1501.882813	312.404510
1498.351563	293.837311
1494.818359	290.857788
1491.284180	271.612701
1487.748047	267.233246
1484.209961	254.378830
1480.669922	277.556061
1477.128906	242.120682
1473.584961	256.813965
1470.040039	273.607758
1466.493164	250.914658
1462.944336	234.584595
1459.393555	223.199738
1455.840820	233.642349
1452.287109	225.786240
1448.730469	230.592499
1445.172852	232.583084
1441.613281	204.372192
1438.051758	216.903183
1434.488281	224.510132
1430.922852	215.980774
1427.356445	201.152115
1423.787109	180.033813
1420.216797	184.843018
1416.644531	180.549744
1413.070313	188.850830
1409.494141	178.267914
1405.916016	178.875458
1402.336914	186.466049
1398.754883	180.088425
1395.171875	177.205551
1391.585938	160.379501
1387.999023	159.600342
1384.410156	151.159439
1380.819336	154.563034
1377.226563	139.174515
1373.632813	147.449234
1370.036133	141.812225
1366.438477	151.466553
1362.837891	141.666473
1359.236328	126.323708
1355.632813	131.808533
1352.027344	133.127426
1348.419922	135.830917
1344.810547	137.146255
1341.199219	130.844849
1337.585938	122.474052
1333.970703	118.261353
1330.354492	120.965233
1326.735352	122.284515
1323.115234	109.792061
1319.493164	111.805801
1315.869141	106.919380
1312.242188	109.621857
1308.614258	95.783356
1304.984375	104.687286
1301.353516	108.074944
1297.719727	101.138756
1294.083984	100.398666
1290.446289	85.913185
1286.807617	96.859795
1283.166016	89.943596
1279.523438	102.249130
1275.877930	89.164307
1272.231445	82.262733
1268.582031	82.219963
1264.931641	85.601242
1261.279297	86.925598
1257.625000	76.618881
1253.968750	76.578972
1250.310547	84.739677
1246.650391	76.499161
1242.988281	74.411240
1239.324219	80.513252
1235.658203	74.333580
1231.990234	74.294762
1228.320313	69.487206
1224.648438	70.131775
1220.975586	69.414558
1217.299805	71.418770
1213.622070	67.982269
1209.943359	68.626137
1206.261719	63.836403
1202.578125	58.372902
1198.893555	56.307091
1195.206055	50.175163
1191.517578	63.702564
1187.826172	58.927792
1184.133789	50.096157
1180.438477	54.806156
1176.742188	48.690964
1173.042969	51.368977
1169.342773	47.288628
1165.639648	42.537354
1161.935547	48.588505
1158.228516	44.515984
1154.520508	41.795994
1150.809570	37.731300
1147.097656	49.832901
1143.382813	47.114338
1139.666992	52.471096
1135.948242	45.719852
1132.227539	39.647717
1128.505859	38.283463
1124.781250	41.619617
1121.055664	34.217361
1117.327148	40.904964
1113.596680	32.170448
1109.865234	34.162975
1106.130859	44.187450
1102.394531	38.810783
1098.657227	40.127762
1094.916992	34.090477
1091.174805	42.757462
1087.430664	30.047852
1083.684570	36.038235
1079.936523	30.015875
1076.186523	31.999880
1072.434570	27.984974
1068.680664	35.295544
1064.924805	29.286331
1061.166992	31.931677
1057.406250	31.249739
1053.644531	33.226646
1049.880859	31.880533
1046.114258	29.208195
1042.346680	31.182974
1038.576172	34.481846
1034.803711	27.173050
1031.030273	20.534470
1027.253906	25.157795
1023.475586	19.850765
1019.695313	20.501451
1015.913086	20.490448
1012.128906	25.103832
1008.342773	25.750616
1004.553711	19.797518
