4046.277344	222.211807
4043.892578	231.645325
4041.505859	223.171967
4039.119141	230.415359
4036.731445	227.183685
4034.342773	249.070862
4031.952148	210.266724
4029.561523	244.691452
4027.169922	248.775894
4024.777344	241.363510
4022.383789	249.623688
4019.989258	251.613037
4017.593750	264.036957
4015.197266	254.543549
4012.799805	255.485565
4010.401367	276.232056
4008.001953	262.576965
4005.601563	258.306641
4003.201172	283.191711
4000.798828	288.283020
3998.395508	289.208923
3995.991211	277.655151
3993.585938	280.663361
3991.180664	283.669098
3988.773438	308.484375
3986.365234	297.979187
3983.957031	292.671448
3981.546875	298.779572
3979.135742	322.512024
3976.724609	312.017578
3974.311523	315.001892
3971.898438	314.876373
3969.483398	298.185028
3967.068359	333.254486
3964.651367	339.328796
3962.234375	328.852142
3959.815430	343.192841
3957.396484	306.890289
3954.975586	339.820099
3952.554688	345.879181
3950.131836	346.772980
3947.708984	347.665955
3945.284180	342.370697
3942.859375	361.819366
3940.432617	347.248749
3938.005859	366.679688
3935.577148	357.266510
3933.148438	355.065002
3930.718750	375.497894
3928.287109	377.404022
3925.855469	361.833588
3923.421875	393.541626
3920.988281	382.085419
3918.552734	392.198975
3916.117188	385.883698
3913.680664	392.909760
3911.242188	400.955505
3908.803711	397.719147
3906.363281	398.583801
3903.922852	415.835205
3901.480469	422.834534
3899.038086	411.406860
3896.593750	413.287109
3894.149414	450.955902
3891.703125	414.998383
3889.256836	437.309601
3886.808594	450.410614
3884.360352	470.647430
3881.910156	453.108704
3879.459961	453.945862
3877.007813	504.747070
3874.555664	469.887634
3872.101563	479.886414
3869.646484	483.766205
3867.191406	488.660767
3864.734375	513.903870
3862.277344	494.368713
3859.818359	521.622375
3857.358398	513.279968
3854.897461	506.976135
3852.436523	510.833008
3849.973633	550.217224
3847.509766	525.640076
3845.044922	544.699280
3842.579102	565.770752
3840.113281	542.230225
3837.645508	532.892151
3835.176758	576.221436
3832.707031	576.999634
3830.236328	587.895691
3827.764648	576.530640
3825.291992	585.395569
3822.818359	589.199951
3820.343750	588.960205
3817.868164	598.818542
3815.390625	606.649902
3812.913086	628.600586
3810.434570	639.438843
3807.955078	637.161865
3805.473633	642.948608
3802.992188	660.818604
3800.509766	649.472717
3798.025391	654.240234
3795.541016	665.040405
3793.054688	706.002625
3790.568359	716.772400
3788.080078	691.357483
3785.591797	707.146423
3783.101563	703.845093
3780.610352	695.528015
3778.119141	737.379456
3775.625977	700.975891
3773.131836	737.778320
3770.636719	759.520325
3768.140625	777.237854
3765.643555	776.919373
3763.145508	778.602478
3760.646484	774.281799
3758.146484	815.962280
3755.645508	809.630249
3753.143555	799.306641
3750.639648	834.932556
3748.135742	817.618347
3745.630859	853.206970
3743.124023	861.833862
3740.617188	842.535034
3738.108398	870.095459
3735.599609	883.685303
3733.088867	910.209778
3730.577148	902.867126
3728.064453	908.465637
3725.551758	878.252869
3723.037109	901.752258
3720.521484	941.132874
3718.004883	945.711975
3715.487305	943.336121
3712.967773	930.043640
3710.448242	988.197815
3707.927734	974.897217
3705.406250	989.365051
3702.882813	993.911255
3700.359375	1029.159790
3697.833984	976.258301
3695.308594	1035.237549
3692.781250	1017.991455
3690.252930	1044.270630
3687.723633	1076.458618
3685.193359	1081.941772
3682.662109	1132.852661
3680.129883	1094.867920
3677.596680	1103.296143
3675.062500	1130.459473
3672.527344	1135.907227
3669.990234	1198.516357
3667.453125	1185.211670
3664.915039	1160.100098
3662.375000	1201.947876
3659.833984	1212.273071
3657.292969	1191.114746
3654.750000	1202.418213
3652.206055	1262.850220
3649.661133	1307.513916
3647.115234	1240.198242
3644.568359	1289.741211
3642.019531	1293.129517
3639.470703	1290.630371
3636.920898	1289.113159
3634.369141	1315.034180
3631.817383	1347.789795
3629.263672	1362.894043
3626.708984	1394.623047
3624.153320	1420.455444
3621.596680	1453.111084
3619.039063	1392.880371
3616.480469	1465.578613
3613.920898	1459.107422
3611.360352	1512.191895
3608.797852	1499.850830
3606.235352	1497.274048
3603.670898	1496.648926
3601.105469	1522.338257
3598.540039	1566.515625
3595.972656	1545.411377
3593.404297	1564.233154
3590.834961	1631.687744
3588.264648	1645.593994
3585.692383	1658.515869
3583.120117	1645.189087
3580.545898	1677.526489
3577.971680	1708.865356
3575.395508	1781.910767
3572.818359	1715.195313
3570.240234	1779.448242
3567.661133	1792.272949
3565.081055	1806.055298
3562.500000	1809.171997
3559.917969	1794.859619
3557.333984	1874.425293
3554.750000	1839.783447
3552.164063	1867.050781
3549.577148	1936.819580
3546.989258	1966.920288
3544.400391	1968.025269
3541.810547	2033.801025
3539.219727	2005.930176
3536.626953	2045.593506
3534.034180	2091.971191
3531.439453	2051.582031
3528.844727	2107.549316
3526.248047	2187.539551
3523.650391	2156.783447
3521.051758	2207.823975
3518.451172	2240.550293
3515.850586	2204.041504
3513.249023	2257.878174
3510.645508	2331.836914
3508.041016	2342.373535
3505.436523	2351.940674
3502.830078	2349.989258
3500.222656	2376.802002
3497.613281	2443.842773
3495.003906	2476.339600
3492.393555	2438.906250
3489.781250	2534.548584
3487.167969	2618.628418
3484.553711	2649.081055
3481.938477	2634.577637
3479.322266	2669.773926
3476.705078	2664.823975
3474.086914	2761.078857
3471.466797	2763.727539
3468.845703	2749.202637
3466.224609	2862.460449
3463.601563	2919.387939
3460.977539	2957.212158
3458.351563	2997.860352
3455.725586	3021.338867
3453.098633	3086.662842
3450.469727	3062.527344
3447.839844	3072.636475
3445.208984	3152.106934
3442.577148	3130.821533
3439.944336	3188.360107
3437.310547	3235.409180
3434.674805	3197.985107
3432.039063	3334.125977
3429.401367	3357.353516
3426.762695	3334.134521
3424.123047	3441.629150
3421.481445	3531.044678
3418.839844	3481.283447
3416.197266	3513.852783
3413.552734	3633.375000
3410.907227	3632.773193
3408.260742	3709.631836
3405.613281	3710.884521
3402.963867	3714.022705
3400.314453	3818.105225
3397.663086	3797.616699
3395.011719	3875.178955
3392.358398	3963.980713
3389.704102	3957.580322
3387.047852	4011.436035
3384.391602	4054.893311
3381.733398	4066.331055
3379.075195	4182.122559
3376.415039	4247.063965
3373.753906	4205.793457
3371.090820	4348.605469
3368.427734	4384.291504
3365.762695	4335.505859
3363.097656	4428.371094
3360.430664	4554.902832
3357.762695	4547.331543
3355.092773	4571.610840
3352.422852	4720.383789
3349.750977	4804.457031
3347.079102	4855.717773
3344.405273	4842.417480
3341.729492	4934.738281
3339.053711	4992.412109
3336.376953	4985.603027
3333.698242	5169.212891
3331.018555	5125.943359
3328.337891	5260.837402
3325.656250	5308.918945
3322.973633	5316.890137
3320.289063	5393.776855
3317.604492	5451.044922
3314.917969	5470.107422
3312.230469	5623.101563
3309.541016	5685.771484
3306.851563	5809.726563
3304.160156	5882.478027
3301.467773	5838.160645
3298.774414	5996.229492
3296.080078	6056.740234
3293.384766	6169.132324
3290.687500	6149.790039
3287.990234	6264.821777
3285.291016	6396.424316
3282.589844	6437.181641
3279.888672	6530.650879
3277.186523	6610.162598
3274.482422	6666.488281
3271.777344	6675.628418
3269.071289	6735.568848
3266.364258	6884.103516
3263.655273	6956.820801
3260.945313	7155.872559
3258.234375	7159.238770
3255.522461	7316.544922
3252.809570	7287.584473
3250.095703	7406.012207
3247.379883	7541.827148
3244.663086	7576.296387
3241.945313	7665.004395
3239.226563	7817.994629
3236.505859	7798.988770
3233.784180	7910.444824
3231.061523	8040.166992
3228.337891	8065.140137
3225.613281	8220.367188
3222.886719	8301.175781
3220.160156	8434.162109
3217.431641	8412.182617
3214.702148	8434.180664
3211.970703	8567.844727
3209.239258	8702.304688
3206.505859	8711.335938
3203.771484	8902.297852
3201.035156	8904.832031
3198.298828	9045.296875
3195.560547	9133.591797
3192.821289	9332.243164
3190.081055	9468.682617
3187.339844	9538.433594
3184.596680	9679.216797
3181.853516	9718.743164
3179.108398	9814.696289
3176.361328	9983.387695
3173.614258	10106.433594
3170.865234	10194.807617
3168.115234	10222.191406
3165.364258	10307.706055
3162.612305	10473.985352
3159.858398	10661.907227
3157.104492	10638.205078
3154.347656	10925.671875
3151.590820	11030.627930
3148.833008	11043.947266
3146.073242	11407.858398
3143.312500	11346.739258
3140.550781	11482.091797
3137.787109	11693.324219
3135.023438	11813.930664
3132.257813	11885.613281
3129.491211	12077.407227
3126.722656	12189.548828
3123.954102	12370.202148
3121.183594	12477.599609
3118.412109	12668.786133
3115.638672	12738.984375
3112.865234	12877.611328
3110.089844	12987.287109
3107.313477	13083.356445
3104.536133	13277.442383
3101.756836	13297.721680
3098.976563	13421.394531
3096.195313	13653.717773
3093.413086	13648.636719
3090.628906	13902.203125
3087.844727	14003.833984
3085.058594	14111.653320
3082.270508	14541.359375
3079.482422	14663.184570
3076.692383	14748.158203
3073.901367	14771.248047
3071.109375	15074.549805
3068.315430	15042.876953
3065.520508	15231.283203
3062.724609	15395.377930
3059.927734	15593.287109
3057.128906	15782.977539
3054.329102	15718.894531
3051.528320	15889.609375
3048.726563	16060.169922
3045.922852	16286.758789
3043.118164	16432.917969
3040.312500	16593.199219
3037.505859	16656.257813
3034.697266	16781.572266
3031.887695	16932.576172
3029.077148	17054.089844
3026.264648	17397.753906
3023.452148	17366.986328
3020.637695	17656.904297
3017.821289	17732.583984
3015.004883	18135.671875
3012.186523	18145.419922
3009.367188	18215.447266
3006.545898	18488.373047
3003.724609	18685.750000
3000.901367	18952.904297
2998.077148	18933.916016
2995.250977	19108.701172
2992.423828	19180.740234
2989.595703	19446.296875
2986.766602	19783.183594
2983.935547	19942.246094
2981.104492	20227.402344
2978.270508	20235.226563
2975.436523	20465.304688
2972.600586	20542.652344
2969.763672	20628.736328
2966.925781	20806.347656
2964.085938	21111.460938
2961.245117	21372.294922
2958.403320	21473.669922
2955.560547	21603.964844
2952.715820	21893.218750
2949.870117	22145.312500
2947.023438	22342.732422
2944.174805	22466.242188
2941.325195	22705.445313
2938.474609	22878.656250
2935.622070	23050.832031
2932.768555	23211.457031
2929.914063	23524.318359
2927.058594	23695.957031
2924.201172	23647.812500
2921.342773	24098.230469
2918.483398	24223.906250
2915.622070	24518.984375
2912.759766	24572.724609
2909.896484	24764.351563
2907.032227	24969.761719
2904.166016	25345.080078
2901.298828	25424.482422
2898.429688	25767.875000
2895.559570	25759.890625
2892.688477	26127.193359
2889.816406	26157.335938
2886.942383	26438.863281
2884.067383	26683.609375
2881.191406	26789.929688
2878.314453	27197.617188
2875.435547	27259.308594
2872.554688	27368.677734
2869.673828	27666.218750
2866.791016	27914.050781
2863.907227	27952.740234
2861.021484	28088.433594
2858.134766	28436.187500
2855.247070	28583.644531
2852.358398	28676.447266
2849.467773	28983.660156
2846.576172	29038.144531
2843.682617	29407.123047
2840.789063	29468.263672
2837.893555	29708.921875
2834.996094	30115.050781
2832.097656	30210.267578
2829.198242	30361.435547
2826.297852	30288.380859
2823.395508	30466.066406
2820.492188	30745.187500
2817.587891	30852.775391
2814.681641	30908.638672
2811.774414	31213.816406
2808.866211	31399.236328
2805.956055	31370.556641
2803.044922	31976.509766
2800.131836	32153.585938
2797.218750	32134.015625
2794.303711	32394.886719
2791.386719	32449.781250
2788.468750	32580.876953
2785.549805	32785.496094
2782.629883	32926.574219
2779.708008	33070.085938
2776.785156	33271.613281
2773.860352	33687.535156
2770.935547	33858.675781
2768.007813	33782.808594
2765.080078	33952.027344
2762.150391	33926.511719
2759.219727	34301.062500
2756.287109	34427.156250
2753.353516	34564.207031
2750.418945	34598.046875
2747.482422	35056.722656
2744.544922	34947.316406
2741.606445	35121.269531
2738.666016	35091.835938
2735.724609	35027.570313
2732.782227	35098.429688
2729.837891	35377.253906
2726.892578	35247.562500
2723.945313	35857.765625
2720.997070	35433.691406
2718.047852	35625.363281
2715.097656	35645.707031
2712.145508	35903.140625
2709.191406	35883.535156
2706.237305	35560.191406
2703.281250	35632.917969
2700.323242	35751.214844
2697.364258	35835.597656
2694.404297	36030.527344
2691.443359	35852.988281
2688.480469	36005.523438
2685.515625	35653.546875
2682.550781	35950.171875
2679.583984	36254.097656
2676.615234	35915.089844
2673.646484	35993.949219
2670.674805	35854.777344
2667.703125	35614.789063
2664.729492	35672.625000
2661.754883	35486.695313
2658.778320	35678.074219
2655.800781	35353.753906
2652.821289	35487.089844
2649.840820	35250.367188
2646.859375	35428.042969
2643.876953	35080.917969
2640.892578	35245.082031
2637.906250	35071.656250
2634.918945	35101.746094
2631.930664	34841.515625
2628.941406	34833.199219
2625.950195	34809.000000
2622.957031	34744.710938
2619.963867	34779.835938
2616.967773	34647.156250
2613.971680	34396.953125
2610.973633	34436.324219
2607.974609	34146.414063
2604.973633	34111.695313
2601.971680	33808.851563
2598.967773	33759.312500
2595.962891	33652.402344
2592.957031	33508.988281
2589.949219	33332.445313
2586.940430	33126.136719
2583.929688	33203.203125
2580.917969	32831.105469
2577.905273	32855.941406
2574.890625	32667.603516
2571.875000	32380.781250
2568.857422	32486.957031
2565.838867	31904.791016
2562.819336	32161.732422
2559.797852	31541.335938
2556.775391	31479.765625
2553.750977	31080.126953
2550.725586	31024.589844
2547.698242	30627.982422
2544.669922	30403.443359
2541.640625	30265.744141
2538.609375	30095.167969
2535.577148	30011.302734
2532.542969	29913.496094
2529.507813	29606.558594
2526.471680	29192.042969
2523.433594	28837.148438
2520.393555	28762.228516
2517.353516	28347.820313
2514.310547	28588.736328
2511.267578	28151.769531
2508.222656	28121.599609
2505.175781	27696.718750
2502.127930	27402.642578
2499.079102	27199.833984
2496.028320	26793.144531
2492.976563	26378.628906
2489.922852	26525.335938
2486.868164	26153.044922
2483.812500	25888.246094
2480.754883	25682.552734
2477.695313	25334.019531
2474.634766	25239.031250
2471.573242	24863.248047
2468.509766	24618.378906
2465.445313	24480.593750
2462.378906	24414.677734
2459.311523	23969.027344
2456.242188	23610.128906
2453.171875	23560.966797
2450.100586	23256.289063
2447.027344	23077.160156
2443.953125	22747.763672
2440.876953	22282.935547
2437.799805	22099.609375
2434.720703	22023.626953
2431.640625	21885.212891
2428.558594	21735.560547
2425.475586	21530.902344
2422.390625	21095.435547
2419.304688	20946.335938
2416.217773	20824.089844
2413.128906	20445.378906
2410.038086	20166.517578
2406.946289	20025.375000
2403.853516	19868.996094
2400.758789	19644.089844
2397.663086	19383.046875
2394.565430	19063.320313
2391.466797	18897.970703
2388.366211	18592.460938
2385.264648	18522.578125
2382.161133	18156.285156
2379.056641	18035.927734
2375.950195	17995.357422
2372.842773	17623.365234
2369.734375	17434.248047
2366.624023	16955.146484
2363.511719	17116.777344
2360.398438	16793.238281
2357.284180	16647.375000
2354.167969	16460.726563
2351.049805	16189.246094
2347.930664	15977.325195
2344.810547	15824.879883
2341.688477	15582.885742
2338.564453	15396.338867
2335.439453	15246.760742
2332.313477	14979.769531
2329.185547	15155.019531
2326.056641	14737.316406
2322.925781	14545.183594
2319.792969	14287.775391
2316.660156	14129.528320
2313.524414	14038.406250
2310.387695	13713.832031
2307.250000	13628.556641
2304.110352	13377.726563
2300.969727	13267.208008
2297.827148	13132.921875
2294.682617	12845.288086
2291.537109	12671.576172
2288.390625	12664.057617
2285.242188	12334.154297
2282.092773	12226.787109
2278.941406	12182.189453
2275.788086	11977.454102
2272.633789	11860.881836
2269.478516	11686.583008
2266.321289	11627.259766
2263.162109	11378.829102
2260.001953	11243.752930
2256.840820	11006.797852
2253.676758	11004.792969
2250.512695	10817.142578
2247.346680	10715.731445
2244.178711	10626.250000
2241.009766	10286.779297
2237.838867	10102.956055
2234.666992	10167.561523
2231.493164	9946.936523
2228.318359	9805.253906
2225.141602	9697.541992
2221.963867	9490.024414
2218.784180	9443.098633
2215.602539	9357.704102
2212.419922	9255.890625
2209.236328	9001.063477
2206.050781	8906.570313
2202.863281	8776.864258
2199.674805	8708.433594
2196.485352	8640.063477
2193.292969	8516.923828
2190.100586	8292.898438
2186.905273	8233.420898
2183.709961	8158.352051
2180.511719	8047.387207
2177.312500	7805.238770
2174.112305	7930.429688
2170.910156	7674.506348
2167.706055	7599.864746
2164.500977	7381.773926
2161.294922	7347.875488
2158.085938	7282.836914
2154.876953	7122.834473
2151.665039	7147.486816
2148.452148	6962.016113
2145.238281	6884.050781
2142.022461	6847.358887
2138.804688	6687.151367
2135.585938	6669.999512
2132.365234	6576.784668
2129.143555	6380.457031
2125.919922	6328.567871
2122.695313	6216.260254
2119.468750	6142.798340
2116.240234	6008.996582
2113.010742	5987.562500
2109.780273	5939.839844
2106.546875	5837.252930
2103.312500	5763.361328
2100.077148	5694.946777
2096.839844	5559.409180
2093.600586	5464.908203
2090.360352	5382.839355
2087.119141	5301.618164
2083.875000	5247.449219
2080.629883	5189.478516
2077.383789	5117.699707
2074.135742	5075.235352
2070.885742	5036.656250
2067.634766	4867.392090
2064.381836	4854.308105
2061.127930	4818.188477
2057.871094	4727.585449
2054.614258	4657.020996
2051.355469	4608.768555
2048.094727	4465.484863
2044.832031	4465.647949
2041.568359	4362.398438
2038.303711	4357.248047
2035.037109	4275.573242
2031.768555	4189.386230
2028.498047	4105.573730
2025.226563	4053.934814
2021.954102	3994.706055
2018.678711	3944.693848
2015.403320	3835.208252
2012.125000	3890.571045
2008.845703	3728.612061
2005.564453	3704.724609
2002.282227	3686.951416
1998.998047	3563.381348
1995.712891	3550.255615
1992.424805	3544.746338
1989.136719	3413.056885
1985.845703	3333.157715
1982.553711	3277.635254
1979.260742	3222.165283
1975.964844	3222.889893
1972.667969	3187.971436
1969.370117	3085.627930
1966.070313	3047.776611
1962.768555	3054.636719
1959.465820	3003.967773
1956.161133	2907.200684
1952.854492	2911.846680
1949.546875	2851.491699
1946.237305	2763.999512
1942.925781	2758.134277
1939.613281	2744.726807
1936.298828	2661.181152
1932.982422	2661.402344
1929.665039	2561.396973
1926.346680	2568.443115
1923.025391	2533.322021
1919.703125	2498.986572
1916.378906	2454.153564
1913.053711	2428.156738
1909.726563	2398.427490
1906.397461	2319.909424
1903.067383	2300.018066
1899.735352	2271.891602
1896.401367	2240.791992
1893.066406	2207.473145
1889.729492	2160.699951
1886.390625	2170.134033
1883.050781	2071.029541
1879.708984	2050.572021
1876.365234	2080.232666
1873.020508	2028.398804
1869.673828	2003.507324
1866.326172	1949.519653
1862.975586	1917.226196
1859.624023	1906.595337
1856.271484	1825.890991
1852.916016	1846.611938
1849.559570	1818.152710
1846.202148	1780.786743
1842.841797	1774.709106
1839.480469	1724.755615
1836.118164	1735.807861
1832.752930	1691.121826
1829.386719	1650.934692
1826.018555	1632.312744
1822.649414	1552.127808
1819.278320	1576.582153
1815.905273	1558.763184
1812.531250	1488.360840
1809.154297	1503.182373
1805.777344	1452.118042
1802.397461	1440.310425
1799.016602	1436.647095
1795.633789	1379.776245
1792.249023	1351.030151
1788.863281	1373.993286
1785.475586	1338.635620
1782.085938	1332.077881
1778.694336	1284.978760
1775.301758	1295.400391
1771.907227	1242.472534
1768.510742	1230.083618
1765.113281	1220.649414
1761.713867	1195.780396
1758.312500	1184.901245
1754.910156	1174.767090
1751.505859	1183.000488
1748.099609	1133.976074
1744.691406	1118.745239
1741.282227	1079.331909
1737.871094	1116.176514
1734.458008	1054.826904
1731.042969	1009.644775
1727.626953	1014.268921
1724.208984	1002.065063
1720.790039	985.486450
1717.368164	997.421509
1713.945313	951.646729
1710.520508	965.045898
1707.093750	933.924072
1703.666016	912.313110
1700.236328	889.265381
1696.804688	877.896790
1693.371094	855.616333
1689.936523	860.286987
1686.500000	832.944397
1683.061523	832.531250
1679.622070	807.408997
1676.179688	801.923584
1672.736328	762.320374
1669.291016	768.472656
1665.844727	756.486023
1662.396484	731.462097
1658.945313	716.606812
1655.494141	713.353516
1652.040039	705.759949
1648.584961	679.362732
1645.126953	694.933411
1641.668945	647.606812
1638.208008	674.013428
1634.745117	630.354065
1631.281250	613.440674
1627.815430	627.561340
1624.347656	622.922241
1620.878906	582.256775
1617.408203	603.573608
1613.935547	578.075684
1610.460938	566.993652
1606.984375	558.799194
1603.506836	569.301880
1600.027344	573.327759
1596.545898	508.412048
1593.062500	536.149170
1589.577148	496.424805
1586.090820	498.327026
1582.602539	496.643860
1579.112305	462.728729
1575.620117	477.531250
1572.126953	494.465454
1568.630859	474.190979
1565.133789	446.788025
1561.634766	447.277985
1558.133789	454.194550
1554.631836	429.697479
1551.127930	403.084595
1547.621094	403.594757
1544.114258	390.562836
1540.604492	401.763641
1537.092773	402.985138
1533.580078	387.126129
1530.065430	391.909790
1526.548828	379.626556
1523.030273	376.592743
1519.509766	370.721039
1515.988281	358.466583
1512.463867	337.001160
1508.938477	340.376373
1505.411133	324.611542
1501.882813	330.822906
1498.351563	306.582062
1494.818359	297.934631
1491.284180	297.076385
1487.748047	303.288544
1484.209961	301.721558
1480.669922	293.093536
1477.128906	288.003601
1473.584961	289.268494
1470.040039	276.428467
1466.493164	282.631378
1462.944336	274.034271
1459.393555	274.599060
1455.840820	265.310730
1452.287109	251.108063
1448.730469	244.653015
1445.172852	245.231110
1441.613281	229.655350
1438.051758	224.624649
1434.488281	235.034042
1430.922852	234.914154
1427.356445	227.084625
1423.787109	216.460892
1420.216797	216.350342
1416.644531	205.742737
1413.070313	200.041992
1409.494141	197.143341
1405.916016	199.138702
1402.336914	205.322159
1398.754883	185.672562
1395.171875	200.228317
1391.585938	184.785065
1387.999023	168.660614
1384.410156	169.967300
1380.819336	178.931091
1377.226563	166.313538
1373.632813	171.096756
1370.036133	164.057281
1366.438477	166.752167
1362.837891	157.638672
1359.236328	168.662964
1355.632813	150.539215
1352.027344	142.141266
1348.419922	146.919159
1344.810547	140.609543
1341.199219	140.537064
1337.585938	146.692093
1333.970703	123.794044
1330.354492	138.937210
1326.735352	118.139282
1323.115234	122.221352
1319.493164	130.440094
1315.869141	124.854240
1312.242188	129.615784
1308.614258	118.523285
1304.984375	116.395729
1301.353516	106.009819
1297.719727	103.202812
1294.083984	109.338272
1290.446289	103.783127
1286.807617	98.920639
1283.166016	97.496109
1279.523438	99.504189
1275.877930	93.965462
1272.231445	87.746918
1268.582031	84.960625
1264.931641	95.188583
1261.279297	92.401230
1257.625000	82.775757
1253.968750	84.100121
1250.310547	84.739677
1246.650391	90.159721
1242.988281	83.968651
1239.324219	79.830933
1235.658203	81.835136
1231.990234	73.613152
1228.320313	79.024666
1224.648438	70.812660
1220.975586	67.372955
1217.299805	63.936806
1213.622070	65.262978
1209.943359	65.228798
1206.261719	55.007965
1202.578125	67.196716
1198.893555	65.126274
1195.206055	62.379932
1191.517578	58.958755
1187.826172	63.669109
1184.133789	52.804054
1180.438477	54.129539
1176.742188	60.187443
1173.042969	62.183498
1169.342773	54.719696
1165.639648	58.066860
1161.935547	53.987225
1158.228516	51.260830
1154.520508	51.233799
1150.809570	50.532993
1147.097656	52.526573
1143.382813	47.114338
1139.666992	45.744034
1135.948242	47.064556
1132.227539	47.711662
1128.505859	51.044617
1124.781250	40.277050
1121.055664	43.610363
1117.327148	43.587257
1113.596680	39.542843
1109.865234	36.842426
1106.130859	39.500904
1102.394531	41.487389
1098.657227	39.458969
1094.916992	42.111763
1091.174805	41.421291
1087.430664	32.051041
1083.684570	39.375107
1079.936523	32.683952
1076.186523	39.333183
1072.434570	37.313297
1068.680664	32.631729
1064.924805	33.945522
1061.166992	33.927406
1057.406250	27.260410
1053.644531	31.233047
1049.880859	31.216354
1046.114258	35.846420
1042.346680	29.856039
1038.576172	30.503172
1034.803711	33.137867
1031.030273	31.132906
1027.253906	31.778267
1023.475586	25.144302
1019.695313	23.146801
1015.913086	29.744198
1012.128906	23.121952
1008.342773	26.410889
1004.553711	18.477684
