4046.277344	290.342773
4043.892578	272.523926
4041.505859	274.511993
4039.119141	300.587311
4036.731445	302.562592
4034.342773	304.536224
4031.952148	308.600403
4029.561523	310.569916
4027.169922	295.813354
4024.777344	329.132080
4022.383789	313.335175
4019.989258	343.488342
4017.593750	329.785309
4015.197266	331.741180
4012.799805	353.508606
4010.401367	352.326172
4008.001953	342.808807
4005.601563	360.379425
4003.201172	348.783905
4000.798828	362.175049
3998.395508	355.789398
3995.991211	387.885284
3993.585938	388.770721
3991.180664	371.990967
3988.773438	380.152466
3986.365234	382.077850
3983.957031	367.396088
3981.546875	413.934204
3979.135742	433.472778
3976.724609	415.677917
3974.311523	404.114258
3971.898438	423.632996
3969.483398	414.145874
3967.068359	461.588531
3964.651367	445.886322
3962.234375	452.947266
3959.815430	433.125916
3957.396484	453.618988
3954.975586	429.681366
3952.554688	460.483917
3950.131836	462.363953
3947.708984	482.812073
3945.284180	480.556458
3942.859375	487.579926
3940.432617	483.263092
3938.005859	482.039581
3935.577148	499.349457
3933.148438	515.616150
3930.718750	521.582031
3928.287109	517.259460
3925.855469	565.364990
3923.421875	542.532593
3920.988281	558.748535
3918.552734	559.550903
3916.117188	550.089539
3913.680664	534.480408
3911.242188	567.080322
3908.803711	565.827209
3906.363281	621.954651
3903.922852	599.171448
3901.480469	612.239807
3899.038086	622.227295
3896.593750	621.976624
3894.149414	592.071350
3891.703125	614.320313
3889.256836	623.268372
3886.808594	652.635803
3884.360352	632.974854
3881.910156	648.027100
3879.459961	674.288147
3877.007813	707.665588
3874.555664	706.360413
3872.101563	720.339050
3869.646484	680.328064
3867.191406	724.846802
3864.734375	710.306702
3862.277344	742.570313
3859.818359	758.538635
3857.358398	756.198608
3854.897461	765.036133
3852.436523	770.819580
3849.973633	796.901306
3847.509766	788.460144
3845.044922	806.398376
3842.579102	814.182617
3840.113281	804.730469
3837.645508	835.809937
3835.176758	832.432373
3832.707031	849.302979
3830.236328	912.705505
3827.764648	894.128174
3825.291992	913.985474
3822.818359	928.773193
3820.343750	920.313416
3817.868164	932.056519
3815.390625	950.855591
3812.913086	983.764954
3810.434570	968.235413
3807.955078	957.759094
3805.473633	974.500427
3802.992188	1031.521729
3800.509766	1040.163208
3798.025391	1046.784424
3795.541016	1037.302002
3793.054688	1063.026733
3790.568359	1050.528931
3788.080078	1101.348511
3785.591797	1099.893921
3783.101563	1141.614624
3780.610352	1159.213379
3778.119141	1132.654907
3775.625977	1142.219604
3773.131836	1166.812378
3770.636719	1234.470947
3768.140625	1290.054688
3765.643555	1192.411133
3763.145508	1228.950928
3760.646484	1245.453247
3758.146484	1272.941162
3755.645508	1324.395142
3753.143555	1332.843750
3750.639648	1357.264771
3748.135742	1351.715820
3745.630859	1363.135376
3743.124023	1368.560181
3740.617188	1383.951050
3738.108398	1412.285522
3735.599609	1412.700928
3733.088867	1417.098999
3730.577148	1433.438354
3728.064453	1468.669556
3725.551758	1486.962646
3723.037109	1472.431152
3720.521484	1531.452759
3718.004883	1534.795166
3715.487305	1553.029175
3712.967773	1556.359009
3710.448242	1570.599487
3707.927734	1620.531006
3705.406250	1625.810303
3702.882813	1569.646484
3700.359375	1618.524658
3697.833984	1635.678223
3695.308594	1638.961060
3692.781250	1713.470581
3690.252930	1706.828735
3687.723633	1705.134277
3685.193359	1752.844482
3682.662109	1744.217773
3680.129883	1765.215332
3677.596680	1811.853027
3675.062500	1853.519531
3672.527344	1849.793457
3669.990234	1855.926147
3667.453125	1877.816650
3664.915039	1865.220337
3662.375000	1892.994141
3659.833984	1885.320679
3657.292969	1977.978271
3654.750000	1954.544189
3652.206055	1997.956787
3649.661133	1959.797363
3647.115234	1995.315063
3644.568359	1987.614990
3642.019531	2004.448975
3639.470703	2000.673218
3636.920898	2030.230713
3634.369141	2046.044312
3631.817383	2078.495605
3629.263672	2141.271240
3626.708984	2133.528564
3624.153320	2155.140137
3621.596680	2187.489502
3619.039063	2154.321533
3616.480469	2254.059814
3613.920898	2234.563477
3611.360352	2255.108643
3608.797852	2285.394043
3606.235352	2330.285156
3603.670898	2296.161621
3601.105469	2324.440918
3598.540039	2399.457520
3595.972656	2390.664551
3593.404297	2457.802490
3590.834961	2380.882568
3588.264648	2475.198975
3585.692383	2516.938965
3583.120117	2516.857422
3580.545898	2484.720703
3577.971680	2565.239990
3575.395508	2614.633789
3572.818359	2621.299561
3570.240234	2571.714844
3567.661133	2591.962158
3565.081055	2646.103516
3562.500000	2614.970215
3559.917969	2654.533447
3557.333984	2729.867676
3554.750000	2747.100342
3552.164063	2756.583008
3549.577148	2817.279785
3546.989258	2801.605469
3544.400391	2833.260986
3541.810547	2830.139893
3539.219727	2887.806152
3536.626953	2909.738770
3534.034180	2941.292236
3531.439453	3021.000244
3528.844727	3015.876221
3526.248047	3046.379883
3523.650391	3000.825928
3521.051758	3048.624756
3518.451172	3067.534424
3515.850586	3105.651123
3513.249023	3159.107666
3510.645508	3199.072754
3508.041016	3166.044189
3505.436523	3218.445313
3502.830078	3261.209473
3500.222656	3260.791992
3497.613281	3205.746582
3495.003906	3327.012451
3492.393555	3316.989258
3489.781250	3363.445557
3487.167969	3401.250977
3484.553711	3328.087402
3481.938477	3388.816406
3479.322266	3429.427002
3476.705078	3386.905273
3474.086914	3451.348633
3471.466797	3437.481445
3468.845703	3440.795898
3466.224609	3492.735840
3463.601563	3577.036621
3460.977539	3565.041016
3458.351563	3568.291748
3455.725586	3678.151855
3453.098633	3629.017090
3450.469727	3617.967041
3447.839844	3637.347412
3445.208984	3667.163330
3442.577148	3704.552246
3439.944336	3710.575195
3437.310547	3709.948486
3434.674805	3754.857666
3432.039063	3721.020996
3429.401367	3805.695801
3426.762695	3837.239258
3424.123047	3849.813477
3421.481445	3862.375977
3418.839844	3828.560059
3416.197266	3895.032471
3413.552734	3893.374512
3410.907227	3891.717041
3408.260742	3978.856445
3405.613281	4007.377441
3402.963867	4045.311523
3400.314453	4000.189209
3397.663086	3997.541016
3395.011719	3992.065918
3392.358398	4016.745850
3389.704102	4034.810791
3387.047852	4078.277588
3384.391602	4114.178223
3381.733398	4134.996582
3379.075195	4095.621826
3376.415039	4081.654785
3373.753906	4088.365723
3371.090820	4234.044922
3368.427734	4236.928223
3365.762695	4170.379395
3363.097656	4167.658203
3360.430664	4235.244141
3357.762695	4207.195313
3355.092773	4196.028809
3352.422852	4244.788086
3349.750977	4256.071777
3347.079102	4244.894531
3344.405273	4226.246094
3341.729492	4224.435059
3339.053711	4293.624023
3336.376953	4260.033691
3333.698242	4219.003906
3331.018555	4234.921387
3328.337891	4264.812988
3325.656250	4334.762695
3322.973633	4298.425293
3320.289063	4312.413574
3317.604492	4342.215820
3314.917969	4282.652832
3312.230469	4398.949219
3309.541016	4339.410156
3306.851563	4374.721191
3304.160156	4383.988281
3301.467773	4324.529297
3298.774414	4317.099609
3296.080078	4397.816895
3293.384766	4437.657715
3290.687500	4381.053711
3287.990234	4419.937988
3285.291016	4373.576172
3282.589844	4404.095215
3279.888672	4388.316406
3277.186523	4439.150879
3274.482422	4427.065918
3271.777344	4403.899902
3269.071289	4448.191406
3266.364258	4413.029297
3263.655273	4342.820801
3260.945313	4463.655273
3258.234375	4405.472656
3255.522461	4501.283691
3252.809570	4445.896484
3250.095703	4423.712891
3247.379883	4548.848633
3244.663086	4516.514648
3241.945313	4493.405273
3239.226563	4451.006836
3236.505859	4460.109863
3233.784180	4504.112305
3231.061523	4444.313477
3228.337891	4414.854004
3225.613281	4435.878906
3222.886719	4411.031250
3220.160156	4549.369141
3217.431641	4482.343750
3214.702148	4484.064453
3211.970703	4474.796875
3209.239258	4482.007324
3206.505859	4519.394043
3203.771484	4488.176758
3201.035156	4507.248535
3198.298828	4525.389160
3195.560547	4467.726074
3192.821289	4543.364746
3190.081055	4506.724609
3187.339844	4533.947266
3184.596680	4497.340332
3181.853516	4480.808105
3179.108398	4446.985352
3176.361328	4374.047363
3173.614258	4476.785156
3170.865234	4464.833008
3168.115234	4372.886719
3165.364258	4445.499512
3162.612305	4482.622070
3159.858398	4354.467285
3157.104492	4386.149414
3154.347656	4331.624023
3151.590820	4380.514648
3148.833008	4349.602051
3146.073242	4294.254395
3143.312500	4385.655273
3140.550781	4380.121582
3137.787109	4270.542480
3135.023438	4299.427734
3132.257813	4202.632813
3129.491211	4256.820801
3126.722656	4306.443848
3123.954102	4226.019531
3121.183594	4209.734375
3118.412109	4199.776855
3115.638672	4210.563965
3112.865234	4142.032715
3110.089844	4142.022949
3107.313477	4120.401855
3104.536133	4041.195313
3101.756836	4180.671875
3098.976563	4123.088379
3096.195313	4096.115234
3093.413086	4035.921143
3090.628906	3953.326660
3087.844727	3978.525146
3085.058594	3998.316895
3082.270508	3995.667480
3079.482422	4077.290527
3076.692383	3982.307373
3073.901367	3921.443359
3071.109375	3945.687500
3068.315430	3982.437988
3065.520508	3924.334229
3062.724609	3878.798340
3059.927734	3838.663818
3057.128906	3807.497070
3054.329102	3849.579834
3051.528320	3786.300537
3048.726563	3752.517822
3045.922852	3718.763672
3043.118164	3713.562988
3040.312500	3689.654541
3037.505859	3694.265625
3034.697266	3651.689941
3031.887695	3701.692871
3029.077148	3621.792725
3026.264648	3618.419922
3023.452148	3564.395508
3020.637695	3528.183105
3017.821289	3535.507080
3015.004883	3545.486084
3012.186523	3539.487793
3009.367188	3482.064941
3006.545898	3459.258057
3003.724609	3401.033203
3000.901367	3401.303711
2998.077148	3396.261963
2995.250977	3336.369629
2992.423828	3313.671875
2989.595703	3298.948975
2986.766602	3257.730957
2983.935547	3252.758789
2981.104492	3272.508057
2978.270508	3211.058350
2975.436523	3242.272949
2972.600586	3172.954102
2969.763672	3151.282227
2966.925781	3114.654297
2964.085938	3060.448730
2961.245117	3084.615723
2958.403320	3017.274414
2955.560547	2973.732666
2952.715820	2928.470703
2949.870117	2900.818115
2947.023438	2934.656982
2944.174805	2845.583740
2941.325195	2888.188721
2938.474609	2879.015381
2935.622070	2835.663574
2932.768555	2786.216064
2929.914063	2749.948242
2927.058594	2727.718262
2924.201172	2648.631836
2921.342773	2750.660156
2918.483398	2633.166260
2915.622070	2674.814209
2912.759766	2659.650391
2909.896484	2615.688232
2907.032227	2576.127686
2904.166016	2513.049805
2901.298828	2544.192139
2898.429688	2473.339355
2895.559570	2435.651611
2892.688477	2475.491943
2889.816406	2437.835205
2886.942383	2423.700195
2884.067383	2391.316162
2881.191406	2351.137451
2878.314453	2347.483398
2875.435547	2303.885010
2872.554688	2267.268799
2869.673828	2281.007568
2866.791016	2263.512451
2863.907227	2245.165283
2861.021484	2192.175049
2858.134766	2237.098877
2855.247070	2226.577393
2852.358398	2100.978027
2849.467773	2120.797852
2846.576172	2132.818359
2843.682617	2043.721680
2840.789063	2062.674805
2837.893555	2053.982178
2834.996094	2041.844604
2832.097656	1973.647827
2829.198242	2002.942505
2826.297852	1988.256836
2823.395508	1927.065308
2820.492188	1916.730713
2817.587891	1893.494629
2814.681641	1835.867065
2811.774414	1853.102661
2808.866211	1827.345947
2805.956055	1808.484985
2803.044922	1787.922852
2800.131836	1808.580200
2797.218750	1718.538696
2794.303711	1734.062012
2791.386719	1690.423218
2788.468750	1690.521240
2785.549805	1640.944946
2782.629883	1629.079224
2779.708008	1626.636108
2776.785156	1617.352295
2773.860352	1595.252808
2770.935547	1565.482056
2768.007813	1549.403687
2765.080078	1519.679321
2762.150391	1510.462036
2759.219727	1518.312256
2756.287109	1476.704102
2753.353516	1493.083618
2750.418945	1469.411865
2747.482422	1427.029053
2744.544922	1375.322266
2741.606445	1409.580566
2738.666016	1374.933350
2735.724609	1345.416382
2732.782227	1352.455566
2729.837891	1311.935547
2726.892578	1302.856079
2723.945313	1340.445435
2720.997070	1265.216431
2718.047852	1284.988037
2715.097656	1245.435059
2712.145508	1241.485107
2709.191406	1202.833130
2706.237305	1185.367920
2703.281250	1149.312500
2700.323242	1163.163452
2697.364258	1170.241943
2694.404297	1118.194580
2691.443359	1104.181885
2688.480469	1098.619507
2685.515625	1132.702148
2682.550781	1097.625000
2679.583984	1083.645630
2676.615234	1053.675415
2673.646484	1063.300659
2670.674805	1061.977295
2667.703125	1017.757629
2664.729492	1021.499878
2661.754883	1021.877014
2658.778320	1029.813232
2655.800781	1017.591675
2652.821289	1005.380798
2649.840820	942.011841
2646.859375	920.622742
2643.876953	914.338135
2640.892578	911.409668
2637.906250	878.340393
2634.918945	907.233826
2631.930664	890.926941
2628.941406	866.272827
2625.950195	869.222046
2622.957031	866.320374
2619.963867	855.905762
2616.967773	863.862732
2613.971680	819.253113
2610.973633	810.541138
2607.974609	829.342712
2604.973633	798.972168
2601.971680	781.120300
2598.967773	750.798889
2595.962891	785.400208
2592.957031	761.756897
2589.949219	745.616028
2586.940430	735.305542
2583.929688	727.495728
2580.917969	719.692749
2577.905273	705.258972
2574.890625	723.182312
2571.875000	682.232971
2568.857422	683.578369
2565.838867	665.045471
2562.819336	671.364014
2559.797852	638.786743
2556.775391	655.035828
2553.750977	657.216248
2550.725586	656.915466
2547.698242	633.488708
2544.669922	615.036499
2541.640625	618.880737
2538.609375	602.101318
2535.577148	599.352173
2532.542969	576.828369
2529.507813	589.742554
2526.471680	567.243469
2523.433594	528.306641
2520.393555	553.562683
2517.353516	533.577026
2514.310547	554.698242
2511.267578	530.623047
2508.222656	539.410583
2505.175781	529.315063
2502.127930	502.823364
2499.079102	517.350281
2496.028320	497.444153
2492.976563	481.651825
2489.922852	476.517761
2486.868164	468.114716
2483.812500	454.811218
2480.754883	457.054749
2477.695313	462.565094
2474.634766	446.831421
2471.573242	465.405090
2468.509766	445.603699
2465.445313	420.925903
2462.378906	429.700928
2459.311523	434.392761
2456.242188	417.085419
2453.171875	412.821777
2450.100586	380.076538
2447.027344	388.036011
2443.953125	413.876617
2440.876953	395.805145
2437.799805	386.686279
2434.720703	401.123444
2431.640625	351.429504
2428.558594	364.246887
2425.475586	356.780670
2422.390625	368.773010
2419.304688	354.830414
2416.217773	329.564270
2413.128906	358.548859
2410.038086	330.877167
2406.946289	327.489471
2403.853516	320.871826
2400.758789	337.688324
2397.663086	327.841888
2394.565430	340.603790
2391.466797	306.562592
2388.366211	304.001282
2385.264648	295.800262
2382.161133	313.386658
2379.056641	285.862762
2375.950195	320.339569
2372.842773	306.514282
2369.734375	279.835724
2366.624023	272.471893
2363.511719	284.395905
2360.398438	279.445648
2357.284180	273.697266
2354.167969	267.151855
2351.049805	263.018127
2347.930664	286.941040
2344.810547	264.375549
2341.688477	266.654724
2338.564453	256.925812
2335.439453	254.406021
2332.313477	232.696991
2329.185547	254.168884
2326.056641	250.055847
2322.925781	254.730362
2319.792969	231.464996
2316.660156	232.154755
2313.524414	240.817871
2310.387695	224.764664
2307.250000	227.049667
2304.110352	222.165817
2300.969727	210.919083
2297.827148	216.389313
2294.682617	217.878479
2291.537109	201.880463
2288.390625	205.758179
2285.242188	201.691574
2282.092773	211.121414
2278.941406	197.536148
2275.788086	196.650681
2272.633789	202.899139
2269.478516	179.830154
2266.321289	190.831497
2263.162109	179.661560
2260.001953	187.488174
2256.840820	174.748718
2253.676758	175.457062
2250.512695	179.324570
2247.346680	182.398788
2244.178711	173.631531
2241.009766	179.071991
2237.838867	160.852509
2234.666992	146.590683
2231.493164	178.819565
2228.318359	159.050934
2225.141602	175.503311
2221.963867	152.608154
2218.784180	154.895126
2215.602539	154.036285
2212.419922	150.821609
2209.236328	138.973160
2206.050781	141.262024
2202.863281	142.764267
2199.674805	154.457672
2196.485352	134.009155
2193.292969	133.162613
2190.100586	144.843857
2186.905273	134.602066
2183.709961	118.894485
2180.511719	123.529305
2177.312500	120.345093
2174.112305	124.974762
2170.910156	132.722900
2167.706055	132.660126
2164.500977	115.437714
2161.294922	126.297699
2158.085938	105.198265
2154.876953	116.052742
2151.665039	116.776283
2148.452148	120.611656
2145.238281	111.221245
2142.022461	115.832939
2138.804688	108.007675
2135.585938	100.966461
2132.365234	100.918556
2129.143555	112.509575
2125.919922	102.373886
2122.695313	89.147018
2119.468750	103.051491
2116.240234	99.130249
2113.010742	88.245911
2109.780273	92.072548
2106.546875	95.122162
2103.312500	91.211998
2100.077148	97.349510
2096.839844	94.986435
2093.600586	83.363007
2090.360352	92.581444
2087.119141	97.164200
2083.875000	98.659447
2080.629883	82.433815
2077.383789	90.864967
2074.135742	79.276505
2070.885742	91.547592
2067.634766	82.276611
2064.381836	85.311623
2061.127930	75.284195
2057.871094	76.016068
2054.614258	85.956879
2051.355469	72.875000
2048.094727	78.974060
2044.832031	72.805305
2041.568359	72.004471
2038.303711	68.907448
2035.037109	75.761909
2031.768555	68.076569
2028.498047	70.337570
2025.226563	64.190483
2021.954102	78.672028
2018.678711	56.494549
2015.403320	60.282818
2012.125000	67.880966
2008.845703	59.462635
2005.564453	64.005936
2002.282227	57.882320
1998.998047	57.854511
1995.712891	66.196365
1992.424805	60.840958
1989.136719	51.689945
1985.845703	51.665081
1982.553711	52.399639
1979.260742	56.928715
1975.964844	57.659988
1972.667969	53.840622
1969.370117	54.572636
1966.070313	56.061512
1962.768555	51.491146
1959.465820	53.736889
1956.161133	43.876564
1952.854492	45.367645
1949.546875	64.239807
1946.237305	56.654812
1942.925781	38.506664
1939.613281	49.053406
1936.298828	55.064121
1932.982422	44.482361
1929.665039	41.446552
1926.346680	48.958591
1923.025391	45.170673
1919.703125	45.901287
1916.378906	39.862133
1913.053711	42.098076
1909.726563	36.817966
1906.397461	42.057278
1903.067383	40.535564
1899.735352	43.517082
1896.401367	35.996658
1893.066406	36.728752
1889.729492	42.704540
1886.390625	35.195412
1883.050781	30.687462
1879.708984	36.657433
1876.365234	35.891865
1873.020508	38.863941
1869.673828	30.627815
1866.326172	39.572784
1862.975586	33.583176
1859.624023	32.074963
1856.271484	33.550468
1852.916016	37.260128
1849.559570	34.262608
1846.202148	40.201706
1842.841797	33.485077
1839.480469	34.212486
1836.118164	28.992079
1832.752930	26.005827
1829.386719	31.191748
1826.018555	25.980421
1822.649414	30.419331
1819.278320	32.629169
1815.905273	28.907164
1812.531250	25.188784
1809.154297	24.435970
1805.777344	31.085096
1802.397461	28.850594
1799.016602	25.878872
1795.633789	23.649084
1792.249023	14.034759
1788.863281	33.223911
1785.475586	25.828140
1782.085938	23.602709
1778.694336	25.802786
1775.301758	28.000692
1771.907227	25.777437
1768.510742	18.403404
1765.113281	19.130129
1761.713867	22.062368
1758.312500	24.256664
1754.910156	21.305969
1751.505859	16.889517
1748.099609	24.954813
1744.691406	25.676119
1741.282227	23.463737
1737.871094	23.452166
1734.458008	19.778004
1731.042969	21.964716
1727.626953	22.685669
1724.208984	20.480162
1720.790039	21.201118
1717.368164	23.382776
1713.945313	16.798061
1710.520508	21.899679
1707.093750	18.970333
1703.666016	21.878012
1700.236328	21.867182
1696.804688	19.670715
1693.371094	18.932787
1689.936523	18.923403
1686.500000	23.278795
1683.061523	18.904640
1679.622070	14.534816
1676.179688	15.980361
1672.736328	14.520388
1669.291016	14.513175
1665.844727	22.484243
1662.396484	18.848379
1658.945313	13.042389
1655.494141	18.105419
1652.040039	16.648695
1648.584961	13.022928
1645.126953	12.293306
1641.668945	13.009958
1638.208008	11.558643
1634.745117	20.217541
1631.281250	14.433899
1627.815430	15.148032
1624.347656	12.256572
1620.878906	18.015371
1617.408203	12.964588
1613.935547	10.078529
1610.460938	17.988379
1606.984375	17.260208
1603.506836	15.813942
1600.027344	10.058381
1596.545898	14.361922
1593.062500	12.201520
1589.577148	14.347538
1586.090820	10.038242
1582.602539	12.183183
1579.112305	7.162983
1575.620117	14.318778
1572.126953	12.164852
1568.630859	10.728303
1565.133789	12.152635
1561.634766	10.717524
1558.133789	10.712135
1554.631836	12.848098
1551.127930	7.134241
1547.621094	11.409039
1544.114258	7.839765
1540.604492	12.109897
1537.092773	7.831867
1533.580078	9.962805
1530.065430	8.535240
1526.548828	7.109112
1523.030273	9.947733
1519.509766	8.522323
1515.988281	7.098348
1512.463867	6.385285
1508.938477	9.218527
1505.411133	11.340141
1501.882813	4.958802
1498.351563	9.204542
1494.818359	7.784515
1491.284180	7.780572
1487.748047	10.604494
1484.209961	5.652863
1480.669922	10.593742
1477.128906	4.235347
1473.584961	10.582994
1470.040039	7.051746
1466.493164	6.343348
1462.944336	9.862415
1459.393555	6.336901
1455.840820	7.741162
1452.287109	3.516920
1448.730469	8.436311
1445.172852	8.432015
1441.613281	8.427719
1438.051758	8.423425
1434.488281	2.806376
1430.922852	5.609890
1427.356445	2.803514
1423.787109	7.005207
1420.216797	7.001629
1416.644531	5.598442
1413.070313	5.595580
1409.494141	6.990899
1405.916016	5.589858
1402.336914	13.269119
1398.754883	6.980171
1395.171875	6.278937
1391.585938	6.275719
1387.999023	6.272502
1384.410156	10.448810
1380.819336	5.569839
1377.226563	8.350471
1373.632813	6.955153
1370.036133	9.037053
1366.438477	6.253206
1362.837891	6.249991
1359.236328	5.552691
1355.632813	5.549833
1352.027344	8.320464
1348.419922	8.316179
1344.810547	4.155947
1341.199219	1.384602
1337.585938	8.303326
1333.970703	3.457934
1330.354492	7.603529
1326.735352	1.381746
1323.115234	5.524129
1319.493164	4.831115
1315.869141	1.379605
1312.242188	4.136674
1308.614258	6.890889
1304.984375	2.754929
1301.353516	3.441877
1297.719727	10.320281
1294.083984	6.876621
1290.446289	-2.061916
1286.807617	3.434745
1283.166016	2.059777
1279.523438	4.803650
1275.877930	2.057638
1272.231445	6.855228
1268.582031	4.110998
1264.931641	0.684810
1261.279297	4.106721
1257.625000	4.104583
1253.968750	6.837408
1250.310547	1.366769
1246.650391	2.732113
1242.988281	4.778704
1239.324219	8.187788
1235.658203	6.819595
1231.990234	2.044810
1228.320313	6.812471
1224.648438	3.404455
1220.975586	6.805349
1217.299805	2.720715
1213.622070	2.719291
1209.943359	2.717867
1206.261719	2.716443
1202.578125	6.108792
1198.893555	8.140784
1195.206055	2.712171
1191.517578	6.099182
1187.826172	4.063986
1184.133789	6.092776
1180.438477	4.736335
1176.742188	2.028790
1173.042969	4.055446
1169.342773	1.351104
1165.639648	4.726372
1161.935547	4.049042
1158.228516	2.697938
1154.520508	6.067160
1150.809570	4.716413
1147.097656	2.693671
1143.382813	2.692248
1139.666992	5.381651
1135.948242	2.017052
1132.227539	2.015986
1128.505859	1.343279
1124.781250	1.342568
1121.055664	3.354643
1117.327148	4.023439
1113.596680	4.691524
1109.865234	5.358898
1106.130859	3.347534
1102.394531	2.676606
1098.657227	1.337592
1094.916992	6.015966
1091.174805	5.344683
1087.430664	4.674110
1083.684570	8.008496
1079.936523	5.336155
1076.186523	3.333321
1072.434570	2.665236
1068.680664	4.661675
1064.924805	2.662394
1061.166992	5.321946
1057.406250	5.319105
1053.644531	2.658132
1049.880859	7.970133
1046.114258	3.982936
1042.346680	5.971208
1038.576172	1.326225
1034.803711	3.313787
1031.030273	3.312011
1027.253906	0.662047
1023.475586	2.646769
1019.695313	5.952034
1015.913086	0.000000
1012.128906	3.303136
1008.342773	3.961633
1004.553711	3.299586
